idx D_km lam beta x1 y1 z1 x2 y2 z2 flux5 flux6 flux7 flux8 flux9 flux10 flux11 flux12 flux13 flux14 flux15 flux16 flux17 flux18 flux19 flux20
0 1.0 197.5728614138369 73.17998985981222 -0.4385011917807675 0.9780067955069001 0.4096275821509369 -0.16881301539634938 0.08852095106716111 0.02393220426730936 47773.0 108993.0 184229.0 260324.0 328324.0 383989.0 426399.0 456468.0 475912.0 486646.0 490477.0 488982.0 483473.0 475009.0 464432.0 452396.0
1 1.0 257.468171894071 49.328519885754986 -0.4385011917807675 0.9780067955069001 0.4096275821509369 -0.16881301539634938 0.08852095106716111 0.02393220426730936 47708.0 108878.0 184076.0 260162.99999999997 328186.0 383905.0 426390.0 456551.0 476095.0 486930.0 490861.0 489461.0 484038.0 475651.0 465141.0 453164.0
2 1.0 216.99481538579178 -30.033872634844457 -0.4385011917807675 0.9780067955069001 0.4096275821509369 -0.16881301539634938 0.08852095106716111 0.02393220426730936 47648.0 108733.0 183832.0 259832.0 327792.0 383472.0 425936.0 456085.0 475622.0 486451.0 490374.0 488963.0 483529.0 475129.0 464605.0 452613.0
3 1.0 196.15794587888288 -75.40174980216058 -0.4385011917807675 0.9780067955069001 0.4096275821509369 -0.16881301539634938 0.08852095106716111 0.02393220426730936 47696.0 108857.0 184060.0 260166.0 328211.0 383943.0 426423.0 456557.0 476052.0 486821.0 490674.0 489187.0 483674.0 475199.0 464603.0 452545.0
4 1.0 152.5157277620057 -16.69658914551468 -0.4385011917807675 0.9780067955069001 0.4096275821509369 -0.16881301539634938 0.08852095106716111 0.02393220426730936 47809.0 109044.0 184280.0 260371.00000000003 328371.0 384049.0 426486.0 456596.0 476089.0 486878.0 490766.0 489326.0 483869.0 475453.0 464918.0 452919.0
5 1.0 232.5218807039962 -48.19785440923031 -0.4385011917807675 0.9780067955069001 0.4096275821509369 -0.16881301539634938 0.08852095106716111 0.02393220426730936 47742.0 108910.0 184080.0 260116.0 328072.0 383710.0 426103.0 456164.0 475605.0 486338.0 490170.0 488678.0 483173.0 474714.0 464141.0 452112.0
6 1.0 157.5313960545693 -66.15222574356306 -0.4385011917807675 0.9780067955069001 0.4096275821509369 -0.16881301539634938 0.08852095106716111 0.02393220426730936 47705.0 108874.0 184068.0 260141.99999999997 328138.0 383812.0 426238.0 456329.0 475797.0 486556.0 490414.0 488946.0 483463.0 475026.0 464473.0 452461.0
7 1.0 321.03828028154874 -80.38310727837145 -0.4385011917807675 0.9780067955069001 0.4096275821509369 -0.16881301539634938 0.08852095106716111 0.02393220426730936 47759.0 108944.0 184126.0 260166.0 328119.0 383756.0 426155.0 456230.0 475694.0 486457.0 490325.0 488871.0 483404.0 474982.0 464446.0 452449.0
8 1.0 346.91859378037054 40.60698555790418 -0.4385011917807675 0.9780067955069001 0.4096275821509369 -0.16881301539634938 0.08852095106716111 0.02393220426730936 47728.0 108908.0 184109.0 260189.0 328194.0 383884.0 426329.0 456438.0 475923.0 486694.0 490558.0 489089.0 483601.0 475152.0 464585.0 452555.0
9 1.0 138.03894677727996 -87.94305744749441 -0.4385011917807675 0.9780067955069001 0.4096275821509369 -0.16881301539634938 0.08852095106716111 0.02393220426730936 47759.0 108974.0 184215.0 260336.99999999997 328387.0 384120.0 426609.0 456761.0 476287.0 487097.0 490995.0 489557.0 484095.0 475668.0 465117.0 453100.0
10 1.0 285.02101370975925 48.70453473049972 -0.4385011917807675 0.9780067955069001 0.4096275821509369 -0.16881301539634938 0.08852095106716111 0.02393220426730936 47755.0 108948.0 184147.0 260214.0 328199.0 383865.0 426289.0 456382.0 475856.0 486620.0 490482.0 489015.0 483530.0 475087.0 464526.0 452504.0
11 1.0 190.40217111104562 -63.549603827932486 -0.4385011917807675 0.9780067955069001 0.4096275821509369 -0.16881301539634938 0.08852095106716111 0.02393220426730936 47683.0 108833.0 184021.0 260118.00000000003 328174.0 383944.0 426492.0 456716.0 476319.0 487204.0 491173.0 489800.0 484393.0 476014.0 465504.0 453520.0
12 1.0 204.49604199381562 -75.68602513438397 -0.4385011917807675 0.9780067955069001 0.4096275821509369 -0.16881301539634938 0.08852095106716111 0.02393220426730936 47676.0 108781.0 183885.0 259863.0 327775.0 383388.0 425778.0 455854.0 475326.0 486102.0 489983.0 488543.0 483090.0 474683.0 464159.0 452174.0
13 1.0 333.214789785358 -73.87145383705104 -0.4385011917807675 0.9780067955069001 0.4096275821509369 -0.16881301539634938 0.08852095106716111 0.02393220426730936 47777.0 108986.0 184200.0 260274.99999999997 328262.0 383927.0 426346.0 456434.0 475904.0 486666.0 490527.0 489062.0 483581.0 475143.0 464588.0 452573.0
14 1.0 25.5729809512393 30.968605323704594 -0.4385011917807675 0.9780067955069001 0.4096275821509369 -0.16881301539634938 0.08852095106716111 0.02393220426730936 47685.0 108822.0 183982.0 260039.00000000003 328046.0 383762.0 426254.0 456425.0 475980.0 486823.0 490757.0 489355.0 483925.0 475529.0 465006.0 453013.0
15 1.0 31.366547892554657 -45.83390222648794 -0.4385011917807675 0.9780067955069001 0.4096275821509369 -0.16881301539634938 0.08852095106716111 0.02393220426730936 47732.0 108912.0 184107.0 260176.00000000003 328170.0 383848.0 426285.0 456391.0 475876.0 486652.0 490525.0 489068.0 483592.0 475158.0 464605.0 452590.0
16 1.0 7.278623078517259 -14.302895997582283 -0.4385011917807675 0.9780067955069001 0.4096275821509369 -0.16881301539634938 0.08852095106716111 0.02393220426730936 47796.0 109024.0 184246.0 260305.99999999997 328256.0 383871.0 426236.0 456275.0 475703.0 486436.0 490278.0 488805.0 483324.0 474894.0 464353.0 452354.0
17 1.0 299.74314439725765 10.326382438305046 -0.4385011917807675 0.9780067955069001 0.4096275821509369 -0.16881301539634938 0.08852095106716111 0.02393220426730936 47751.0 108959.0 184188.0 260287.0 328298.0 383980.0 426411.0 456505.0 475976.0 486738.0 490599.0 489134.0 483655.0 475219.0 464668.0 452657.0
18 1.0 280.13643034194615 64.89921128918289 -0.4385011917807675 0.9780067955069001 0.4096275821509369 -0.16881301539634938 0.08852095106716111 0.02393220426730936 47715.0 108893.0 184100.0 260195.99999999997 328224.0 383939.0 426412.0 456552.0 476069.0 486874.0 490772.0 489339.0 483884.0 475468.0 464930.0 452929.0
19 1.0 313.2043733688549 40.8679672880391 -0.4385011917807675 0.9780067955069001 0.4096275821509369 -0.16881301539634938 0.08852095106716111 0.02393220426730936 47782.0 109001.0 184227.0 260315.00000000003 328314.0 383986.0 426410.0 456497.0 475960.0 486712.0 490559.0 489077.0 483577.0 475120.0 464546.0 452512.0
20 1.0 352.30260320379506 -41.34097705703137 -0.4385011917807675 0.9780067955069001 0.4096275821509369 -0.16881301539634938 0.08852095106716111 0.02393220426730936 47795.0 109017.0 184246.0 260343.0 328361.0 384062.0 426518.0 456637.0 476130.0 486905.0 490768.0 489296.0 483801.0 475342.0 464763.0 452720.0
21 1.0 287.6970831180205 -66.33309612759703 -0.4385011917807675 0.9780067955069001 0.4096275821509369 -0.16881301539634938 0.08852095106716111 0.02393220426730936 47797.0 109027.0 184268.0 260373.00000000003 328392.0 384090.0 426542.0 456663.0 476163.0 486954.0 490841.0 489399.0 483938.0 475517.0 464976.0 452972.0
22 1.0 166.13257041105547 -80.03262232418437 -0.4385011917807675 0.9780067955069001 0.4096275821509369 -0.16881301539634938 0.08852095106716111 0.02393220426730936 47711.0 108883.0 184087.0 260185.0 328222.0 383949.0 426436.0 456587.0 476111.0 486916.0 490808.0 489363.0 483892.0 475456.0 464897.0 452872.0
23 1.0 280.99050346312396 -35.712245793430355 -0.4385011917807675 0.9780067955069001 0.4096275821509369 -0.16881301539634938 0.08852095106716111 0.02393220426730936 47792.0 109066.0 184387.0 260588.0 328696.0 384459.0 426945.0 457065.0 476537.0 487276.0 491094.0 489571.0 484023.0 475514.0 464886.0 452798.0
24 1.0 42.57879331281596 -42.818733136857915 -0.4385011917807675 0.9780067955069001 0.4096275821509369 -0.16881301539634938 0.08852095106716111 0.02393220426730936 47714.0 108885.0 184077.0 260150.0 328147.0 383828.0 426266.0 456372.0 475859.0 486637.0 490515.0 489066.0 483602.0 475181.0 464643.0 452644.0
25 1.0 230.3715676779086 -7.894697975913658 -0.4385011917807675 0.9780067955069001 0.4096275821509369 -0.16881301539634938 0.08852095106716111 0.02393220426730936 47697.0 108831.0 183971.0 259989.00000000003 327943.0 383599.0 426030.0 456146.0 475654.0 486460.0 490368.0 488949.0 483512.0 475114.0 464595.0 452611.0
26 1.0 51.607183467256704 32.990640398582485 -0.4385011917807675 0.9780067955069001 0.4096275821509369 -0.16881301539634938 0.08852095106716111 0.02393220426730936 47743.0 108912.0 184084.0 260123.0 328079.0 383713.0 426099.0 456148.0 475575.0 486292.0 490107.0 488597.0 483074.0 474600.0 464013.0 451971.0
27 1.0 340.0808101378502 35.21258021499429 -0.4385011917807675 0.9780067955069001 0.4096275821509369 -0.16881301539634938 0.08852095106716111 0.02393220426730936 47782.0 109017.0 184267.0 260376.0 328384.0 384055.0 426468.0 456542.0 475994.0 486738.0 490583.0 489105.0 483614.0 475171.0 464613.0 452598.0
28 1.0 187.8653958300258 -38.96660761521 -0.4385011917807675 0.9780067955069001 0.4096275821509369 -0.16881301539634938 0.08852095106716111 0.02393220426730936 47685.0 108826.0 183974.0 259994.99999999997 327952.0 383618.0 426076.0 456238.0 475810.0 486694.0 490690.0 489362.0 484017.0 475709.0 465275.0 453368.0
29 1.0 149.2782983965885 -21.61314793797831 -0.4385011917807675 0.9780067955069001 0.4096275821509369 -0.16881301539634938 0.08852095106716111 0.02393220426730936 47820.0 109070.0 184326.0 260436.99999999997 328456.0 384152.0 426603.0 456722.0 476222.0 487012.0 490897.0 489452.0 483987.0 475561.0 465014.0 453003.0
0 1.0 95.24002035766571 -57.39282688735745 -0.4385011917807675 0.9780067955069001 0.4096275821509369 -0.16881301539634938 0.08852095106716111 0.02393220426730936 47684.0 108821.0 183977.0 260027.0 328027.0 383742.0 426240.0 456424.0 475999.0 486867.0 490828.0 489454.0 484054.0 475685.0 465188.0 453219.0
1 1.0 278.724128196318 51.93819221517336 -0.4385011917807675 0.9780067955069001 0.4096275821509369 -0.16881301539634938 0.08852095106716111 0.02393220426730936 47744.0 108939.0 184156.0 260247.99999999997 328260.0 383951.0 426393.0 456499.0 475980.0 486748.0 490611.0 489145.0 483661.0 475218.0 464659.0 452639.0
2 1.0 164.21411959795748 -79.76734624201674 -0.4385011917807675 0.9780067955069001 0.4096275821509369 -0.16881301539634938 0.08852095106716111 0.02393220426730936 47708.0 108879.0 184083.0 260178.00000000003 328207.0 383919.0 426384.0 456508.0 476003.0 486779.0 490646.0 489178.0 483690.0 475242.0 464675.0 452646.0
3 1.0 204.63622159271347 35.459503510497726 -0.4385011917807675 0.9780067955069001 0.4096275821509369 -0.16881301539634938 0.08852095106716111 0.02393220426730936 47749.0 108958.0 184206.0 260355.0 328449.0 384239.0 426789.0 456998.0 476573.0 487420.0 491344.0 489921.0 484464.0 476034.0 465476.0 453446.0
4 1.0 6.764328157087851 50.1651712693986 -0.4385011917807675 0.9780067955069001 0.4096275821509369 -0.16881301539634938 0.08852095106716111 0.02393220426730936 47679.0 108818.0 183987.0 260050.99999999997 328056.0 383753.0 426209.0 456331.0 475827.0 486609.0 490481.0 489022.0 483541.0 475101.0 464541.0 452520.0
5 1.0 222.34877894731574 49.93336113277556 -0.4385011917807675 0.9780067955069001 0.4096275821509369 -0.16881301539634938 0.08852095106716111 0.02393220426730936 47695.0 108857.0 184061.0 260171.0 328229.0 383981.0 426490.0 456654.0 476181.0 486979.0 490857.0 489390.0 483893.0 475428.0 464838.0 452783.0
6 1.0 220.3544601800717 -43.303938417836115 -0.4385011917807675 0.9780067955069001 0.4096275821509369 -0.16881301539634938 0.08852095106716111 0.02393220426730936 47714.0 108876.0 184055.0 260112.99999999997 328096.0 383768.0 426202.0 456311.0 475807.0 486599.0 490493.0 489062.0 483615.0 475212.0 464691.0 452707.0
7 1.0 222.0962388749125 -22.713635172138936 -0.4385011917807675 0.9780067955069001 0.4096275821509369 -0.16881301539634938 0.08852095106716111 0.02393220426730936 47662.0 108755.0 183852.0 259838.0 327776.0 383432.0 425877.0 456013.0 475543.0 486372.0 490299.0 488896.0 483471.0 475082.0 464569.0 452589.0
8 1.0 339.7493082652647 15.76793433535002 -0.4385011917807675 0.9780067955069001 0.4096275821509369 -0.16881301539634938 0.08852095106716111 0.02393220426730936 47808.0 109044.0 184277.0 260355.99999999997 328336.0 383988.0 426395.0 456475.0 475943.0 486709.0 490579.0 489126.0 483660.0 475239.0 464701.0 452702.0
9 1.0 245.45530767725404 -40.892057563595934 -0.4385011917807675 0.9780067955069001 0.4096275821509369 -0.16881301539634938 0.08852095106716111 0.02393220426730936 47794.0 109009.0 184222.0 260288.00000000003 328261.0 383906.0 426303.0 456368.0 475813.0 486553.0 490392.0 488908.0 483410.0 474958.0 464392.0 452367.0
10 1.0 129.42284420656296 -23.246496140780025 -0.4385011917807675 0.9780067955069001 0.4096275821509369 -0.16881301539634938 0.08852095106716111 0.02393220426730936 47793.0 109014.0 184238.0 260317.00000000003 328302.0 383959.0 426368.0 456443.0 475899.0 486648.0 490498.0 489022.0 483533.0 475089.0 464530.0 452512.0
11 1.0 157.33150336776293 -54.530229566584865 -0.4385011917807675 0.9780067955069001 0.4096275821509369 -0.16881301539634938 0.08852095106716111 0.02393220426730936 47732.0 108925.0 184142.0 260231.0 328233.0 383907.0 426327.0 456407.0 475862.0 486607.0 490450.0 488967.0 483470.0 475018.0 464452.0 452428.0
12 1.0 251.14723053381536 -7.225940923918671 -0.4385011917807675 0.9780067955069001 0.4096275821509369 -0.16881301539634938 0.08852095106716111 0.02393220426730936 47802.0 109031.0 184265.0 260361.0 328372.0 384063.0 426513.0 456633.0 476134.0 486927.0 490816.0 489374.0 483912.0 475489.0 464945.0 452936.0
13 1.0 21.68116978653714 -81.96978577425946 -0.4385011917807675 0.9780067955069001 0.4096275821509369 -0.16881301539634938 0.08852095106716111 0.02393220426730936 47738.0 108929.0 184147.0 260247.99999999997 328274.0 383978.0 426430.0 456540.0 476020.0 486782.0 490635.0 489156.0 483656.0 475198.0 464623.0 452588.0
14 1.0 240.03601756044037 53.96325922271123 -0.4385011917807675 0.9780067955069001 0.4096275821509369 -0.16881301539634938 0.08852095106716111 0.02393220426730936 47684.0 108846.0 184056.0 260175.0 328240.0 383995.0 426499.0 456657.0 476176.0 486967.0 490837.0 489366.0 483866.0 475401.0 464812.0 452759.0
15 1.0 241.4296330625374 -76.1478395424061 -0.4385011917807675 0.9780067955069001 0.4096275821509369 -0.16881301539634938 0.08852095106716111 0.02393220426730936 47758.0 108950.0 184145.0 260197.0 328159.0 383796.0 426191.0 456258.0 475713.0 486467.0 490327.0 488866.0 483395.0 474970.0 464432.0 452435.0
16 1.0 75.73772198658273 3.3903267896746883 -0.4385011917807675 0.9780067955069001 0.4096275821509369 -0.16881301539634938 0.08852095106716111 0.02393220426730936 47816.0 109056.0 184294.0 260384.99999999997 328383.0 384057.0 426488.0 456587.0 476067.0 486838.0 490707.0 489246.0 483767.0 475328.0 464771.0 452751.0
17 1.0 46.41346715574719 -34.7741820818647 -0.4385011917807675 0.9780067955069001 0.4096275821509369 -0.16881301539634938 0.08852095106716111 0.02393220426730936 47703.0 108864.0 184050.0 260123.0 328124.0 383809.0 426247.0 456347.0 475822.0 486584.0 490439.0 488964.0 483471.0 475021.0 464454.0 452428.0
18 1.0 113.55420633270619 13.957730789647584 -0.4385011917807675 0.9780067955069001 0.4096275821509369 -0.16881301539634938 0.08852095106716111 0.02393220426730936 47693.0 108885.0 184135.0 260293.0 328389.0 384167.0 426692.0 456872.0 476416.0 487236.0 491140.0 489704.0 484242.0 475814.0 465262.0 453243.0
19 1.0 130.93587753934415 82.69800135001651 -0.4385011917807675 0.9780067955069001 0.4096275821509369 -0.16881301539634938 0.08852095106716111 0.02393220426730936 47763.0 108970.0 184193.0 260283.0 328289.0 383971.0 426406.0 456506.0 475984.0 486752.0 490617.0 489153.0 483672.0 475233.0 464676.0 452659.0
20 1.0 205.27083735043666 26.20264400208069 -0.4385011917807675 0.9780067955069001 0.4096275821509369 -0.16881301539634938 0.08852095106716111 0.02393220426730936 47736.0 108924.0 184125.0 260199.0 328206.0 383916.0 426406.0 456586.0 476162.0 487037.0 491012.0 489656.0 484276.0 475929.0 465454.0 453507.0
21 1.0 157.89654484643532 -83.63476156401164 -0.4385011917807675 0.9780067955069001 0.4096275821509369 -0.16881301539634938 0.08852095106716111 0.02393220426730936 47722.0 108897.0 184086.0 260141.99999999997 328112.0 383760.0 426166.0 456245.0 475713.0 486480.0 490354.0 488908.0 483451.0 475041.0 464516.0 452532.0
22 1.0 355.8145817013214 -12.527560888548976 -0.4385011917807675 0.9780067955069001 0.4096275821509369 -0.16881301539634938 0.08852095106716111 0.02393220426730936 47823.0 109074.0 184321.0 260404.00000000003 328375.0 384003.0 426376.0 456414.0 475837.0 486560.0 490391.0 488904.0 483408.0 474964.0 464408.0 452396.0
23 1.0 36.736131869290105 1.803033417285036 -0.4385011917807675 0.9780067955069001 0.4096275821509369 -0.16881301539634938 0.08852095106716111 0.02393220426730936 47674.0 108793.0 183927.0 259951.0 327921.0 383599.0 426055.0 456197.0 475728.0 486557.0 490484.0 489082.0 483660.0 475275.0 464767.0 452793.0
24 1.0 75.19563219414049 6.511949046621353 -0.4385011917807675 0.9780067955069001 0.4096275821509369 -0.16881301539634938 0.08852095106716111 0.02393220426730936 47818.0 109057.0 184290.0 260370.0 328356.0 384019.0 426441.0 456538.0 476021.0 486800.0 490681.0 489236.0 483774.0 475353.0 464814.0 452812.0
25 1.0 58.07142643859865 32.65065190869082 -0.4385011917807675 0.9780067955069001 0.4096275821509369 -0.16881301539634938 0.08852095106716111 0.02393220426730936 47780.0 108981.0 184174.0 260216.0 328170.0 383810.0 426218.0 456311.0 475800.0 486593.0 490493.0 489071.0 483635.0 475242.0 464730.0 452755.0
26 1.0 235.11899716754343 -40.032702408282105 -0.4385011917807675 0.9780067955069001 0.4096275821509369 -0.16881301539634938 0.08852095106716111 0.02393220426730936 47753.0 108927.0 184099.0 260135.99999999997 328100.0 383759.0 426188.0 456296.0 475793.0 486587.0 490480.0 489045.0 483592.0 475179.0 464646.0 452649.0
27 1.0 91.18497691432157 -66.80509821606236 -0.4385011917807675 0.9780067955069001 0.4096275821509369 -0.16881301539634938 0.08852095106716111 0.02393220426730936 47681.0 108835.0 184014.0 260058.0 328000.0 383592.0 425914.0 455885.0 475230.0 485868.0 489613.0 488043.0 482472.0 473960.0 463347.0 451287.0
28 1.0 167.87187822827028 -19.31837822152302 -0.4385011917807675 0.9780067955069001 0.4096275821509369 -0.16881301539634938 0.08852095106716111 0.02393220426730936 47805.0 109049.0 184301.0 260411.99999999997 328430.0 384121.0 426562.0 456669.0 476154.0 486929.0 490801.0 489343.0 483866.0 475430.0 464876.0 452858.0
29 1.0 87.99321312057698 82.1530301032708 -0.4385011917807675 0.9780067955069001 0.4096275821509369 -0.16881301539634938 0.08852095106716111 0.02393220426730936 47745.0 108921.0 184099.0 260145.00000000003 328114.0 383773.0 426200.0 456305.0 475801.0 486594.0 490490.0 489061.0 483616.0 475213.0 464691.0 452707.0
0 1.0 57.2290501123871 -56.31643948484795 -0.4385011917807675 0.9780067955069001 0.4096275821509369 -0.16881301539634938 0.08852095106716111 0.02393220426730936 47707.0 108872.0 184059.0 260125.0 328117.0 383795.0 426233.0 456340.0 475829.0 486610.0 490488.0 489039.0 483571.0 475146.0 464603.0 452598.0
1 1.0 39.73505081914985 72.71711188708267 -0.4385011917807675 0.9780067955069001 0.4096275821509369 -0.16881301539634938 0.08852095106716111 0.02393220426730936 47730.0 108901.0 184084.0 260143.0 328133.0 383817.0 426270.0 456403.0 475923.0 486739.0 490655.0 489242.0 483810.0 475417.0 464903.0 452923.0
2 1.0 236.27865220749842 7.885071013918747 -0.4385011917807675 0.9780067955069001 0.4096275821509369 -0.16881301539634938 0.08852095106716111 0.02393220426730936 47697.0 108834.0 183980.0 260002.0 327958.0 383611.0 426039.0 456151.0 475656.0 486460.0 490368.0 488950.0 483515.0 475121.0 464608.0 452629.0
3 1.0 49.74586248550097 -7.755944103762147 -0.4385011917807675 0.9780067955069001 0.4096275821509369 -0.16881301539634938 0.08852095106716111 0.02393220426730936 47698.0 108837.0 183990.0 260025.99999999997 327999.0 383668.0 426105.0 456215.0 475709.0 486493.0 490374.0 488924.0 483455.0 475026.0 464478.0 452466.0
4 1.0 70.76965020481926 68.76745384138013 -0.4385011917807675 0.9780067955069001 0.4096275821509369 -0.16881301539634938 0.08852095106716111 0.02393220426730936 47763.0 108966.0 184187.0 260288.00000000003 328318.0 384037.0 426517.0 456667.0 476196.0 487011.0 490918.0 489491.0 484040.0 475624.0 465086.0 453081.0
5 1.0 132.74106143794708 -7.451286881654539 -0.4385011917807675 0.9780067955069001 0.4096275821509369 -0.16881301539634938 0.08852095106716111 0.02393220426730936 47737.0 108932.0 184155.0 260260.0 328289.0 383994.0 426448.0 456560.0 476043.0 486808.0 490664.0 489188.0 483691.0 475235.0 464661.0 452625.0
6 1.0 295.55756274525663 40.350174590077785 -0.4385011917807675 0.9780067955069001 0.4096275821509369 -0.16881301539634938 0.08852095106716111 0.02393220426730936 47797.0 109026.0 184253.0 260330.0 328308.0 383957.0 426359.0 456433.0 475891.0 486647.0 490507.0 489043.0 483566.0 475134.0 464587.0 452579.0
7 1.0 34.956459285502056 -18.17544209344163 -0.4385011917807675 0.9780067955069001 0.4096275821509369 -0.16881301539634938 0.08852095106716111 0.02393220426730936 47694.0 108842.0 184012.0 260068.00000000003 328056.0 383733.0 426169.0 456272.0 475754.0 486523.0 490388.0 488923.0 483439.0 474997.0 464437.0 452416.0
8 1.0 301.6601666995694 72.7279907221724 -0.4385011917807675 0.9780067955069001 0.4096275821509369 -0.16881301539634938 0.08852095106716111 0.02393220426730936 47705.0 108871.0 184060.0 260129.0 328122.0 383796.0 426227.0 456326.0 475807.0 486581.0 490455.0 489004.0 483537.0 475115.0 464576.0 452577.0
9 1.0 34.59542684182671 34.20450363442093 -0.4385011917807675 0.9780067955069001 0.4096275821509369 -0.16881301539634938 0.08852095106716111 0.02393220426730936 47680.0 108796.0 183927.0 259946.99999999997 327911.0 383577.0 426012.0 456123.0 475615.0 486397.0 490273.0 488819.0 483345.0 474911.0 464357.0 452341.0
10 1.0 351.5254074048225 35.931969765093015 -0.4385011917807675 0.9780067955069001 0.4096275821509369 -0.16881301539634938 0.08852095106716111 0.02393220426730936 47727.0 108896.0 184073.0 260121.0 328094.0 383757.0 426186.0 456292.0 475785.0 486573.0 490460.0 489019.0 483559.0 475139.0 464599.0 452595.0
11 1.0 168.71443259317257 -31.010327719718596 -0.4385011917807675 0.9780067955069001 0.4096275821509369 -0.16881301539634938 0.08852095106716111 0.02393220426730936 47771.0 108999.0 184257.0 260396.00000000003 328453.0 384182.0 426650.0 456768.0 476247.0 487002.0 490840.0 489342.0 483820.0 475338.0 464736.0 452674.0
12 1.0 351.6339917485214 46.22015569264005 -0.4385011917807675 0.9780067955069001 0.4096275821509369 -0.16881301539634938 0.08852095106716111 0.02393220426730936 47712.0 108888.0 184094.0 260187.99999999997 328213.0 383925.0 426393.0 456525.0 476030.0 486820.0 490700.0 489246.0 483771.0 475334.0 464777.0 452757.0
13 1.0 217.74438710821656 24.490989980485438 -0.4385011917807675 0.9780067955069001 0.4096275821509369 -0.16881301539634938 0.08852095106716111 0.02393220426730936 47694.0 108866.0 184088.0 260224.0 328310.0 384094.0 426634.0 456831.0 476392.0 487226.0 491137.0 489704.0 484238.0 475803.0 465241.0 453209.0
14 1.0 266.1348885833886 -46.79635079165228 -0.4385011917807675 0.9780067955069001 0.4096275821509369 -0.16881301539634938 0.08852095106716111 0.02393220426730936 47818.0 109072.0 184328.0 260428.0 328417.0 384059.0 426439.0 456476.0 475888.0 486591.0 490396.0 488879.0 483351.0 474874.0 464285.0 452242.0
15 1.0 14.107605211555443 -61.103011952653844 -0.4385011917807675 0.9780067955069001 0.4096275821509369 -0.16881301539634938 0.08852095106716111 0.02393220426730936 47758.0 108956.0 184165.0 260243.99999999997 328243.0 383924.0 426362.0 456467.0 475950.0 486722.0 490590.0 489126.0 483643.0 475201.0 464640.0 452616.0
16 1.0 101.81050652750744 53.35046541311971 -0.4385011917807675 0.9780067955069001 0.4096275821509369 -0.16881301539634938 0.08852095106716111 0.02393220426730936 47801.0 109036.0 184276.0 260368.0 328360.0 384019.0 426427.0 456498.0 475949.0 486692.0 490536.0 489055.0 483560.0 475110.0 464546.0 452523.0
17 1.0 43.270762036740805 82.64998854634004 -0.4385011917807675 0.9780067955069001 0.4096275821509369 -0.16881301539634938 0.08852095106716111 0.02393220426730936 47729.0 108904.0 184094.0 260158.99999999997 328150.0 383829.0 426273.0 456390.0 475893.0 486690.0 490585.0 489152.0 483700.0 475288.0 464756.0 452759.0
18 1.0 106.61047110797217 -7.535011093192281 -0.4385011917807675 0.9780067955069001 0.4096275821509369 -0.16881301539634938 0.08852095106716111 0.02393220426730936 47750.0 108943.0 184147.0 260218.99999999997 328210.0 383883.0 426317.0 456423.0 475914.0 486701.0 490590.0 489153.0 483701.0 475291.0 464764.0 452774.0
19 1.0 42.74197882352786 16.377149758263286 -0.4385011917807675 0.9780067955069001 0.4096275821509369 -0.16881301539634938 0.08852095106716111 0.02393220426730936 47674.0 108774.0 183875.0 259863.0 327805.0 383468.0 425922.0 456071.0 475617.0 486464.0 490409.0 489025.0 483618.0 475246.0 464749.0 452782.0
20 1.0 114.47394458183138 64.39007595483983 -0.4385011917807675 0.9780067955069001 0.4096275821509369 -0.16881301539634938 0.08852095106716111 0.02393220426730936 47811.0 109054.0 184300.0 260400.00000000003 328403.0 384073.0 426491.0 456569.0 476024.0 486767.0 490606.0 489118.0 483613.0 475151.0 464574.0 452538.0
21 1.0 149.13467802528118 -7.699778396305732 -0.4385011917807675 0.9780067955069001 0.4096275821509369 -0.16881301539634938 0.08852095106716111 0.02393220426730936 47790.0 109022.0 184270.0 260380.0 328398.0 384085.0 426520.0 456617.0 476090.0 486853.0 490713.0 489246.0 483762.0 475321.0 464764.0 452745.0
22 1.0 23.09309868556237 81.3374058298925 -0.4385011917807675 0.9780067955069001 0.4096275821509369 -0.16881301539634938 0.08852095106716111 0.02393220426730936 47727.0 108894.0 184070.0 260119.0 328094.0 383762.0 426196.0 456309.0 475810.0 486607.0 490505.0 489075.0 483628.0 475222.0 464695.0 452704.0
23 1.0 249.28996297320714 13.63520916807704 -0.4385011917807675 0.9780067955069001 0.4096275821509369 -0.16881301539634938 0.08852095106716111 0.02393220426730936 47738.0 108908.0 184091.0 260152.0 328146.0 383833.0 426283.0 456403.0 475903.0 486690.0 490570.0 489117.0 483643.0 475207.0 464650.0 452630.0
24 1.0 203.97652351436705 57.738081726236686 -0.4385011917807675 0.9780067955069001 0.4096275821509369 -0.16881301539634938 0.08852095106716111 0.02393220426730936 47762.0 108974.0 184192.0 260263.00000000003 328234.0 383876.0 426272.0 456341.0 475801.0 486564.0 490436.0 488989.0 483532.0 475124.0 464601.0 452619.0
25 1.0 95.54021673820034 73.5918693142929 -0.4385011917807675 0.9780067955069001 0.4096275821509369 -0.16881301539634938 0.08852095106716111 0.02393220426730936 47777.0 108982.0 184190.0 260265.00000000003 328261.0 383941.0 426381.0 456490.0 475978.0 486754.0 490624.0 489162.0 483679.0 475235.0 464671.0 452643.0
26 1.0 188.36929924801188 56.7942873783424 -0.4385011917807675 0.9780067955069001 0.4096275821509369 -0.16881301539634938 0.08852095106716111 0.02393220426730936 47791.0 109013.0 184230.0 260296.00000000003 328266.0 383911.0 426316.0 456398.0 475871.0 486645.0 490526.0 489085.0 483631.0 475222.0 464696.0 452709.0
27 1.0 33.818583873039 -61.30539657918793 -0.4385011917807675 0.9780067955069001 0.4096275821509369 -0.16881301539634938 0.08852095106716111 0.02393220426730936 47748.0 108946.0 184164.0 260256.0 328267.0 383959.0 426404.0 456515.0 476004.0 486782.0 490655.0 489199.0 483725.0 475292.0 464741.0 452728.0
28 1.0 207.34073840022455 23.201719031106066 -0.4385011917807675 0.9780067955069001 0.4096275821509369 -0.16881301539634938 0.08852095106716111 0.02393220426730936 47711.0 108875.0 184038.0 260045.00000000003 327949.0 383525.0 425863.0 455888.0 475318.0 486065.0 489936.0 488500.0 483063.0 474682.0 464191.0 452244.0
29 1.0 334.5466311274371 -18.28183344845813 -0.4385011917807675 0.9780067955069001 0.4096275821509369 -0.16881301539634938 0.08852095106716111 0.02393220426730936 47743.0 108930.0 184140.0 260236.00000000003 328267.0 383992.0 426479.0 456635.0 476168.0 486987.0 490896.0 489469.0 484018.0 475603.0 465064.0 453057.0
0 1.0 114.68482288247652 -78.71166863579778 -0.4385011917807675 0.9780067955069001 0.4096275821509369 -0.16881301539634938 0.08852095106716111 0.02393220426730936 47649.0 108727.0 183799.0 259749.0 327638.0 383236.0 425617.0 455690.0 475162.0 485940.0 489826.0 488391.0 482942.0 474538.0 464018.0 452035.0
1 1.0 240.2677367869254 -13.674194659828444 -0.4385011917807675 0.9780067955069001 0.4096275821509369 -0.16881301539634938 0.08852095106716111 0.02393220426730936 47753.0 108927.0 184095.0 260123.0 328072.0 383715.0 426133.0 456239.0 475743.0 486550.0 490465.0 489056.0 483632.0 475251.0 464749.0 452783.0
2 1.0 47.447230465581185 -43.436867959906614 -0.4385011917807675 0.9780067955069001 0.4096275821509369 -0.16881301539634938 0.08852095106716111 0.02393220426730936 47718.0 108901.0 184114.0 260213.00000000003 328242.0 383955.0 426425.0 456560.0 476072.0 486872.0 490766.0 489329.0 483871.0 475453.0 464914.0 452912.0
3 1.0 257.8777934826836 62.82689551713193 -0.4385011917807675 0.9780067955069001 0.4096275821509369 -0.16881301539634938 0.08852095106716111 0.02393220426730936 47701.0 108862.0 184046.0 260114.0 328110.0 383794.0 426238.0 456352.0 475846.0 486630.0 490511.0 489064.0 483598.0 475175.0 464632.0 452628.0
4 1.0 104.1861934609924 -84.00516722159469 -0.4385011917807675 0.9780067955069001 0.4096275821509369 -0.16881301539634938 0.08852095106716111 0.02393220426730936 47683.0 108820.0 183986.0 260052.0 328065.0 383777.0 426254.0 456397.0 475912.0 486709.0 490593.0 489139.0 483658.0 475214.0 464646.0 452613.0
5 1.0 65.94889032256206 82.61688993542523 -0.4385011917807675 0.9780067955069001 0.4096275821509369 -0.16881301539634938 0.08852095106716111 0.02393220426730936 47723.0 108894.0 184084.0 260158.0 328164.0 383861.0 426320.0 456447.0 475952.0 486744.0 490629.0 489180.0 483709.0 475276.0 464722.0 452703.0
6 1.0 211.14465653162995 -26.033607275052667 -0.4385011917807675 0.9780067955069001 0.4096275821509369 -0.16881301539634938 0.08852095106716111 0.02393220426730936 47666.0 108790.0 183929.0 259942.0 327878.0 383498.0 425881.0 455941.0 475392.0 486146.0 490007.0 488551.0 483085.0 474668.0 464138.0 452150.0
7 1.0 7.238716627497679 -25.792759727542276 -0.4385011917807675 0.9780067955069001 0.4096275821509369 -0.16881301539634938 0.08852095106716111 0.02393220426730936 47801.0 109037.0 184280.0 260382.0 328397.0 384092.0 426544.0 456666.0 476169.0 486961.0 490848.0 489405.0 483940.0 475513.0 464966.0 452953.0
8 1.0 298.4184105182507 -87.06086951693258 -0.4385011917807675 0.9780067955069001 0.4096275821509369 -0.16881301539634938 0.08852095106716111 0.02393220426730936 47735.0 108907.0 184088.0 260145.00000000003 328134.0 383817.0 426271.0 456404.0 475925.0 486740.0 490654.0 489238.0 483802.0 475405.0 464886.0 452901.0
9 1.0 1.6903714293169436 -56.65818145748689 -0.4385011917807675 0.9780067955069001 0.4096275821509369 -0.16881301539634938 0.08852095106716111 0.02393220426730936 47771.0 108973.0 184179.0 260243.99999999997 328218.0 383864.0 426263.0 456330.0 475779.0 486523.0 490369.0 488893.0 483405.0 474964.0 464409.0 452396.0
10 1.0 244.01395324664284 -17.773289855350427 -0.4385011917807675 0.9780067955069001 0.4096275821509369 -0.16881301539634938 0.08852095106716111 0.02393220426730936 47784.0 108991.0 184191.0 260236.00000000003 328176.0 383783.0 426140.0 456168.0 475585.0 486304.0 490133.0 488646.0 483152.0 474711.0 464159.0 452152.0
11 1.0 97.20287034917935 77.27245511448851 -0.4385011917807675 0.9780067955069001 0.4096275821509369 -0.16881301539634938 0.08852095106716111 0.02393220426730936 47778.0 108990.0 184215.0 260309.0 328323.0 384018.0 426468.0 456584.0 476077.0 486857.0 490732.0 489274.0 483797.0 475360.0 464804.0 452784.0
12 1.0 264.66984796413414 -72.06931256017117 -0.4385011917807675 0.9780067955069001 0.4096275821509369 -0.16881301539634938 0.08852095106716111 0.02393220426730936 47774.0 108984.0 184204.0 260294.00000000003 328305.0 384002.0 426460.0 456589.0 476101.0 486904.0 490804.0 489372.0 483921.0 475508.0 464974.0 452975.0
13 1.0 346.38787624227774 80.15427602623433 -0.4385011917807675 0.9780067955069001 0.4096275821509369 -0.16881301539634938 0.08852095106716111 0.02393220426730936 47710.0 108891.0 184117.0 260247.99999999997 328327.0 384100.0 426633.0 456825.0 476385.0 487219.0 491135.0 489708.0 484249.0 475822.0 465267.0 453244.0
14 1.0 89.55113166718489 66.5079354983938 -0.4385011917807675 0.9780067955069001 0.4096275821509369 -0.16881301539634938 0.08852095106716111 0.02393220426730936 47779.0 108981.0 184181.0 260239.0 328211.0 383864.0 426277.0 456363.0 475834.0 486601.0 490469.0 489011.0 483538.0 475109.0 464562.0 452555.0
15 1.0 207.4166403904213 -8.25076855664068 -0.4385011917807675 0.9780067955069001 0.4096275821509369 -0.16881301539634938 0.08852095106716111 0.02393220426730936 47662.0 108793.0 183968.0 260056.99999999997 328101.0 383845.0 426348.0 456511.0 476040.0 486844.0 490729.0 489273.0 483788.0 475337.0 464762.0 452722.0
16 1.0 213.13509525786205 -31.19384128171319 -0.4385011917807675 0.9780067955069001 0.4096275821509369 -0.16881301539634938 0.08852095106716111 0.02393220426730936 47664.0 108784.0 183933.0 259978.0 327962.0 383634.0 426060.0 456146.0 475601.0 486338.0 490164.0 488658.0 483132.0 474648.0 464048.0 451990.0
17 1.0 206.01068608471442 -48.10605672976977 -0.4385011917807675 0.9780067955069001 0.4096275821509369 -0.16881301539634938 0.08852095106716111 0.02393220426730936 47671.0 108807.0 183979.0 260046.99999999997 328047.0 383727.0 426152.0 456230.0 475674.0 486399.0 490213.0 488697.0 483163.0 474674.0 464071.0 452011.0
18 1.0 80.30938775062259 20.603647165837387 -0.4385011917807675 0.9780067955069001 0.4096275821509369 -0.16881301539634938 0.08852095106716111 0.02393220426730936 47821.0 109070.0 184319.0 260413.99999999997 328406.0 384061.0 426458.0 456516.0 475948.0 486670.0 490490.0 488983.0 483462.0 474986.0 464397.0 452350.0
19 1.0 342.9896441461146 -84.04657353440899 -0.4385011917807675 0.9780067955069001 0.4096275821509369 -0.16881301539634938 0.08852095106716111 0.02393220426730936 47750.0 108949.0 184164.0 260249.0 328249.0 383924.0 426348.0 456434.0 475897.0 486649.0 490499.0 489022.0 483531.0 475085.0 464524.0 452505.0
20 1.0 160.96513630234585 -87.19090839957092 -0.4385011917807675 0.9780067955069001 0.4096275821509369 -0.16881301539634938 0.08852095106716111 0.02393220426730936 47728.0 108910.0 184111.0 260184.00000000003 328171.0 383830.0 426237.0 456307.0 475753.0 486491.0 490328.0 488840.0 483339.0 474884.0 464315.0 452289.0
21 1.0 304.707122089606 -12.816769950317195 -0.4385011917807675 0.9780067955069001 0.4096275821509369 -0.16881301539634938 0.08852095106716111 0.02393220426730936 47663.0 108822.0 184047.0 260206.0 328337.0 384179.0 426786.0 457054.0 476684.0 487582.0 491552.0 490169.0 484746.0 476346.0 465812.0 453802.0
22 1.0 251.81253911430156 -77.74666668455036 -0.4385011917807675 0.9780067955069001 0.4096275821509369 -0.16881301539634938 0.08852095106716111 0.02393220426730936 47761.0 108965.0 184183.0 260272.99999999997 328284.0 383976.0 426427.0 456546.0 476044.0 486833.0 490717.0 489270.0 483804.0 475377.0 464829.0 452818.0
23 1.0 107.07730230784811 -44.65062211570328 -0.4385011917807675 0.9780067955069001 0.4096275821509369 -0.16881301539634938 0.08852095106716111 0.02393220426730936 47750.0 108937.0 184132.0 260191.0 328170.0 383834.0 426264.0 456371.0 475867.0 486661.0 490558.0 489130.0 483687.0 475286.0 464767.0 452784.0
24 1.0 292.9672150928918 -50.19103523770491 -0.4385011917807675 0.9780067955069001 0.4096275821509369 -0.16881301539634938 0.08852095106716111 0.02393220426730936 47778.0 109003.0 184242.0 260349.0 328371.0 384070.0 426523.0 456642.0 476140.0 486927.0 490810.0 489362.0 483896.0 475470.0 464923.0 452914.0
25 1.0 142.74206670491446 -44.425585129886656 -0.4385011917807675 0.9780067955069001 0.4096275821509369 -0.16881301539634938 0.08852095106716111 0.02393220426730936 47797.0 109039.0 184290.0 260392.0 328395.0 384064.0 426484.0 456570.0 476040.0 486805.0 490672.0 489215.0 483745.0 475319.0 464777.0 452774.0
26 1.0 317.1971509600182 -66.4100583812536 -0.4385011917807675 0.9780067955069001 0.4096275821509369 -0.16881301539634938 0.08852095106716111 0.02393220426730936 47802.0 109027.0 184248.0 260316.0 328289.0 383936.0 426342.0 456423.0 475891.0 486657.0 490526.0 489072.0 483602.0 475177.0 464635.0 452630.0
27 1.0 209.25823414890914 -87.83347987842222 -0.4385011917807675 0.9780067955069001 0.4096275821509369 -0.16881301539634938 0.08852095106716111 0.02393220426730936 47729.0 108898.0 184080.0 260139.99999999997 328129.0 383810.0 426256.0 456375.0 475877.0 486670.0 490560.0 489119.0 483658.0 475236.0 464694.0 452688.0
28 1.0 317.424730267747 -69.21282651502534 -0.4385011917807675 0.9780067955069001 0.4096275821509369 -0.16881301539634938 0.08852095106716111 0.02393220426730936 47805.0 109039.0 184274.0 260363.99999999997 328363.0 384040.0 426474.0 456579.0 476067.0 486849.0 490729.0 489281.0 483815.0 475390.0 464845.0 452837.0
29 1.0 249.3113724279957 21.32644671229461 -0.4385011917807675 0.9780067955069001 0.4096275821509369 -0.16881301539634938 0.08852095106716111 0.02393220426730936 47720.0 108874.0 184033.0 260063.0 328016.0 383658.0 426064.0 456146.0 475615.0 486383.0 490254.0 488802.0 483336.0 474915.0 464379.0 452382.0
0 1.0 261.09154073507057 85.36611830724905 -0.4385011917807675 0.9780067955069001 0.4096275821509369 -0.16881301539634938 0.08852095106716111 0.02393220426730936 47713.0 108883.0 184078.0 260152.0 328149.0 383823.0 426248.0 456335.0 475797.0 486547.0 490393.0 488913.0 483417.0 474966.0 464401.0 452377.0
1 1.0 180.47677749361281 88.26210028096091 -0.4385011917807675 0.9780067955069001 0.4096275821509369 -0.16881301539634938 0.08852095106716111 0.02393220426730936 47730.0 108896.0 184068.0 260110.0 328076.0 383728.0 426143.0 456231.0 475703.0 486470.0 490336.0 488877.0 483402.0 474971.0 464423.0 452414.0
2 1.0 344.1901085003606 -16.37026283284891 -0.4385011917807675 0.9780067955069001 0.4096275821509369 -0.16881301539634938 0.08852095106716111 0.02393220426730936 47806.0 109054.0 184321.0 260452.00000000003 328488.0 384188.0 426628.0 456721.0 476182.0 486927.0 490763.0 489269.0 483757.0 475287.0 464702.0 452657.0
3 1.0 231.83647172266947 -60.66820331161104 -0.4385011917807675 0.9780067955069001 0.4096275821509369 -0.16881301539634938 0.08852095106716111 0.02393220426730936 47753.0 108938.0 184132.0 260197.0 328183.0 383851.0 426277.0 456368.0 475838.0 486598.0 490453.0 488980.0 483489.0 475041.0 464477.0 452452.0
4 1.0 152.5878174809447 24.977116325975274 -0.4385011917807675 0.9780067955069001 0.4096275821509369 -0.16881301539634938 0.08852095106716111 0.02393220426730936 47738.0 108929.0 184147.0 260249.99999999997 328283.0 383999.0 426468.0 456601.0 476106.0 486894.0 490773.0 489317.0 483839.0 475399.0 464838.0 452812.0
5 1.0 218.30155708605275 -1.7450376212273113 -0.4385011917807675 0.9780067955069001 0.4096275821509369 -0.16881301539634938 0.08852095106716111 0.02393220426730936 47672.0 108808.0 183970.0 260021.99999999997 328015.0 383709.0 426179.0 456330.0 475872.0 486711.0 490649.0 489259.0 483847.0 475474.0 464977.0 453012.0
6 1.0 6.909551391360069 88.09375991119765 -0.4385011917807675 0.9780067955069001 0.4096275821509369 -0.16881301539634938 0.08852095106716111 0.02393220426730936 47672.0 108760.0 183838.0 259790.00000000003 327683.0 383283.0 425665.0 455734.0 475198.0 485964.0 489834.0 488380.0 482911.0 474486.0 463944.0 451941.0
7 1.0 108.56693400283775 -78.24524271267956 -0.4385011917807675 0.9780067955069001 0.4096275821509369 -0.16881301539634938 0.08852095106716111 0.02393220426730936 47710.0 108892.0 184114.0 260233.0 328293.0 384044.0 426555.0 456729.0 476274.0 487100.0 491012.0 489584.0 484129.0 475708.0 465160.0 453145.0
8 1.0 237.66247349736662 50.98219889648635 -0.4385011917807675 0.9780067955069001 0.4096275821509369 -0.16881301539634938 0.08852095106716111 0.02393220426730936 47684.0 108849.0 184066.0 260185.0 328237.0 383963.0 426424.0 456527.0 475986.0 486716.0 490527.0 489001.0 483453.0 474947.0 464324.0 452243.0
9 1.0 104.42793859575987 -38.0882704803311 -0.4385011917807675 0.9780067955069001 0.4096275821509369 -0.16881301539634938 0.08852095106716111 0.02393220426730936 47755.0 108940.0 184127.0 260177.0 328145.0 383797.0 426212.0 456302.0 475778.0 486552.0 490427.0 488977.0 483513.0 475092.0 464553.0 452553.0
10 1.0 222.48555443958296 -46.54464838621668 -0.4385011917807675 0.9780067955069001 0.4096275821509369 -0.16881301539634938 0.08852095106716111 0.02393220426730936 47725.0 108895.0 184082.0 260150.0 328148.0 383836.0 426287.0 456410.0 475916.0 486714.0 490609.0 489174.0 483719.0 475305.0 464769.0 452770.0
11 1.0 154.35673234047582 29.250822875881667 -0.4385011917807675 0.9780067955069001 0.4096275821509369 -0.16881301539634938 0.08852095106716111 0.02393220426730936 47746.0 108940.0 184157.0 260259.00000000003 328290.0 384005.0 426474.0 456604.0 476104.0 486885.0 490754.0 489287.0 483796.0 475343.0 464769.0 452731.0
12 1.0 48.770663120082084 -45.70862670162639 -0.4385011917807675 0.9780067955069001 0.4096275821509369 -0.16881301539634938 0.08852095106716111 0.02393220426730936 47715.0 108892.0 184099.0 260191.99999999997 328214.0 383921.0 426384.0 456511.0 476014.0 486805.0 490691.0 489246.0 483783.0 475360.0 464818.0 452814.0
13 1.0 107.38163734417108 29.854641160653784 -0.4385011917807675 0.9780067955069001 0.4096275821509369 -0.16881301539634938 0.08852095106716111 0.02393220426730936 47718.0 108912.0 184128.0 260210.0 328197.0 383853.0 426260.0 456337.0 475801.0 486565.0 490437.0 488989.0 483531.0 475121.0 464597.0 452613.0
14 1.0 205.18736785245537 3.11553309641198 -0.4385011917807675 0.9780067955069001 0.4096275821509369 -0.16881301539634938 0.08852095106716111 0.02393220426730936 47706.0 108889.0 184107.0 260200.0 328198.0 383853.0 426240.0 456276.0 475681.0 486374.0 490167.0 488637.0 483099.0 474613.0 464018.0 451972.0
15 1.0 212.71419404934235 -13.663982081547132 -0.4385011917807675 0.9780067955069001 0.4096275821509369 -0.16881301539634938 0.08852095106716111 0.02393220426730936 47658.0 108773.0 183907.0 259931.00000000003 327902.0 383583.0 426048.0 456203.0 475754.0 486605.0 490558.0 489183.0 483787.0 475428.0 464945.0 452994.0
16 1.0 206.75708958584838 9.843805559055411 -0.4385011917807675 0.9780067955069001 0.4096275821509369 -0.16881301539634938 0.08852095106716111 0.02393220426730936 47709.0 108897.0 184119.0 260214.99999999997 328213.0 383865.0 426248.0 456279.0 475679.0 486366.0 490152.0 488617.0 483073.0 474582.0 463982.0 451930.0
17 1.0 235.1522951485681 -38.330726414466646 -0.4385011917807675 0.9780067955069001 0.4096275821509369 -0.16881301539634938 0.08852095106716111 0.02393220426730936 47752.0 108924.0 184093.0 260126.00000000003 328086.0 383741.0 426170.0 456281.0 475785.0 486587.0 490492.0 489070.0 483631.0 475232.0 464713.0 452729.0
18 1.0 234.757177200608 37.1834471291362 -0.4385011917807675 0.9780067955069001 0.4096275821509369 -0.16881301539634938 0.08852095106716111 0.02393220426730936 47678.0 108833.0 184040.0 260168.0 328256.0 384046.0 426596.0 456803.0 476371.0 487208.0 491120.0 489685.0 484216.0 475775.0 465206.0 453168.0
19 1.0 155.31063675623062 -15.325763519958471 -0.4385011917807675 0.9780067955069001 0.4096275821509369 -0.16881301539634938 0.08852095106716111 0.02393220426730936 47809.0 109041.0 184269.0 260349.0 328337.0 384006.0 426437.0 456546.0 476043.0 486837.0 490734.0 489304.0 483857.0 475451.0 464924.0 452934.0
20 1.0 322.75677450638267 -25.101799112539396 -0.4385011917807675 0.9780067955069001 0.4096275821509369 -0.16881301539634938 0.08852095106716111 0.02393220426730936 47667.0 108786.0 183932.0 259979.00000000003 327982.0 383697.0 426191.0 456365.0 475922.0 486767.0 490703.0 489302.0 483875.0 475480.0 464959.0 452969.0
21 1.0 132.32227321724275 59.158244620032804 -0.4385011917807675 0.9780067955069001 0.4096275821509369 -0.16881301539634938 0.08852095106716111 0.02393220426730936 47779.0 108988.0 184201.0 260274.0 328260.0 383926.0 426349.0 456443.0 475920.0 486690.0 490558.0 489099.0 483622.0 475187.0 464633.0 452618.0
22 1.0 156.91137309562566 76.4940441515746 -0.4385011917807675 0.9780067955069001 0.4096275821509369 -0.16881301539634938 0.08852095106716111 0.02393220426730936 47748.0 108923.0 184099.0 260137.99999999997 328096.0 383738.0 426145.0 456227.0 475698.0 486466.0 490338.0 488885.0 483418.0 474995.0 464456.0 452455.0
23 1.0 321.092407805642 -81.71868404028655 -0.4385011917807675 0.9780067955069001 0.4096275821509369 -0.16881301539634938 0.08852095106716111 0.02393220426730936 47745.0 108910.0 184067.0 260081.99999999997 328018.0 383645.0 426045.0 456131.0 475612.0 486396.0 490287.0 488855.0 483410.0 475007.0 464487.0 452505.0
24 1.0 290.22983605659084 -48.12714129064221 -0.4385011917807675 0.9780067955069001 0.4096275821509369 -0.16881301539634938 0.08852095106716111 0.02393220426730936 47794.0 109045.0 184321.0 260465.99999999997 328525.0 384257.0 426739.0 456880.0 476393.0 487188.0 491073.0 489622.0 484146.0 475707.0 465145.0 453118.0
25 1.0 253.39989007453187 -27.266513491338614 -0.4385011917807675 0.9780067955069001 0.4096275821509369 -0.16881301539634938 0.08852095106716111 0.02393220426730936 47833.0 109091.0 184340.0 260426.0 328404.0 384048.0 426445.0 456513.0 475970.0 486727.0 490589.0 489131.0 483660.0 475234.0 464694.0 452692.0
26 1.0 36.0816794324284 56.693966286644525 -0.4385011917807675 0.9780067955069001 0.4096275821509369 -0.16881301539634938 0.08852095106716111 0.02393220426730936 47717.0 108873.0 184043.0 260093.00000000003 328079.0 383762.0 426214.0 456342.0 475853.0 486655.0 490552.0 489117.0 483660.0 475242.0 464701.0 452695.0
27 1.0 331.0137409480825 87.38845697579356 -0.4385011917807675 0.9780067955069001 0.4096275821509369 -0.16881301539634938 0.08852095106716111 0.02393220426730936 47697.0 108844.0 184008.0 260052.99999999997 328029.0 383697.0 426130.0 456236.0 475728.0 486514.0 490401.0 488961.0 483504.0 475091.0 464559.0 452566.0
28 1.0 257.1268678376801 84.41490684066332 -0.4385011917807675 0.9780067955069001 0.4096275821509369 -0.16881301539634938 0.08852095106716111 0.02393220426730936 47711.0 108879.0 184069.0 260141.99999999997 328147.0 383846.0 426312.0 456456.0 475988.0 486816.0 490744.0 489344.0 483925.0 475546.0 465045.0 453078.0
29 1.0 359.5849223644319 72.89070219898684 -0.4385011917807675 0.9780067955069001 0.4096275821509369 -0.16881301539634938 0.08852095106716111 0.02393220426730936 47666.0 108782.0 183916.0 259940.99999999997 327905.0 383566.0 425996.0 456100.0 475589.0 486372.0 490253.0 488808.0 483345.0 474926.0 464389.0 452390.0
0 1.0 53.80138967687775 -36.619872288474625 -0.4385011917807675 0.9780067955069001 0.4096275821509369 -0.16881301539634938 0.08852095106716111 0.02393220426730936 47696.0 108844.0 184017.0 260083.99999999997 328094.0 383807.0 426289.0 456443.0 475978.0 486798.0 490708.0 489282.0 483831.0 475414.0 464874.0 452866.0
1 1.0 312.52538065255715 88.56202381460534 -0.4385011917807675 0.9780067955069001 0.4096275821509369 -0.16881301539634938 0.08852095106716111 0.02393220426730936 47721.0 108896.0 184095.0 260176.00000000003 328185.0 383876.0 426319.0 456423.0 475901.0 486662.0 490516.0 489038.0 483540.0 475083.0 464509.0 452473.0
2 1.0 58.497456483494936 -45.10439260983878 -0.4385011917807675 0.9780067955069001 0.4096275821509369 -0.16881301539634938 0.08852095106716111 0.02393220426730936 47702.0 108861.0 184042.0 260104.0 328093.0 383767.0 426201.0 456305.0 475792.0 486572.0 490450.0 489002.0 483537.0 475115.0 464574.0 452572.0
3 1.0 221.6014431421839 -70.9368921211982 -0.4385011917807675 0.9780067955069001 0.4096275821509369 -0.16881301539634938 0.08852095106716111 0.02393220426730936 47700.0 108817.0 183922.0 259890.99999999997 327793.0 383398.0 425785.0 455864.0 475342.0 486127.0 490018.0 488589.0 483145.0 474745.0 464227.0 452247.0
4 1.0 44.57519382579895 81.17146998997094 -0.4385011917807675 0.9780067955069001 0.4096275821509369 -0.16881301539634938 0.08852095106716111 0.02393220426730936 47730.0 108906.0 184098.0 260164.99999999997 328156.0 383834.0 426276.0 456392.0 475894.0 486692.0 490590.0 489161.0 483716.0 475312.0 464788.0 452801.0
5 1.0 305.2829625560044 -47.98435401574267 -0.4385011917807675 0.9780067955069001 0.4096275821509369 -0.16881301539634938 0.08852095106716111 0.02393220426730936 47752.0 108952.0 184167.0 260251.99999999997 328256.0 383941.0 426384.0 456496.0 475989.0 486773.0 490653.0 489204.0 483736.0 475309.0 464763.0 452754.0
6 1.0 290.63482514100383 34.15828771399508 -0.4385011917807675 0.9780067955069001 0.4096275821509369 -0.16881301539634938 0.08852095106716111 0.02393220426730936 47799.0 109025.0 184252.0 260334.0 328322.0 383979.0 426383.0 456445.0 475882.0 486606.0 490426.0 488917.0 483393.0 474915.0 464322.0 452272.0
7 1.0 204.8762659012536 -79.49585538349405 -0.4385011917807675 0.9780067955069001 0.4096275821509369 -0.16881301539634938 0.08852095106716111 0.02393220426730936 47682.0 108798.0 183915.0 259906.00000000003 327828.0 383445.0 425834.0 455905.0 475368.0 486131.0 489998.0 488543.0 483074.0 474649.0 464109.0 452108.0
8 1.0 146.58598700135988 41.52763784294572 -0.4385011917807675 0.9780067955069001 0.4096275821509369 -0.16881301539634938 0.08852095106716111 0.02393220426730936 47742.0 108929.0 184130.0 260203.00000000003 328192.0 383860.0 426280.0 456365.0 475828.0 486583.0 490435.0 488961.0 483471.0 475026.0 464466.0 452446.0
9 1.0 24.900118363849696 68.70963822009114 -0.4385011917807675 0.9780067955069001 0.4096275821509369 -0.16881301539634938 0.08852095106716111 0.02393220426730936 47717.0 108880.0 184059.0 260120.00000000003 328114.0 383800.0 426252.0 456376.0 475882.0 486680.0 490574.0 489139.0 483684.0 475269.0 464735.0 452736.0
10 1.0 251.07435833204292 -40.96135881612675 -0.4385011917807675 0.9780067955069001 0.4096275821509369 -0.16881301539634938 0.08852095106716111 0.02393220426730936 47827.0 109079.0 184329.0 260430.0 328437.0 384120.0 426559.0 456668.0 476160.0 486944.0 490827.0 489381.0 483917.0 475493.0 464949.0 452941.0
11 1.0 163.27536576410478 -21.76975870606286 -0.4385011917807675 0.9780067955069001 0.4096275821509369 -0.16881301539634938 0.08852095106716111 0.02393220426730936 47812.0 109064.0 184326.0 260446.0 328472.0 384165.0 426603.0 456700.0 476169.0 486924.0 490773.0 489291.0 483791.0 475333.0 464758.0 452723.0
12 1.0 259.94001580932525 -22.6266870022351 -0.4385011917807675 0.9780067955069001 0.4096275821509369 -0.16881301539634938 0.08852095106716111 0.02393220426730936 47821.0 109073.0 184328.0 260431.00000000003 328430.0 384090.0 426488.0 456542.0 475967.0 486678.0 490486.0 488967.0 483433.0 474947.0 464347.0 452291.0
13 1.0 311.8976373343065 44.781886357223954 -0.4385011917807675 0.9780067955069001 0.4096275821509369 -0.16881301539634938 0.08852095106716111 0.02393220426730936 47761.0 108953.0 184141.0 260181.0 328126.0 383747.0 426127.0 456184.0 475631.0 486380.0 490235.0 488771.0 483297.0 474869.0 464327.0 452325.0
14 1.0 351.1877418010389 -47.19469634297301 -0.4385011917807675 0.9780067955069001 0.4096275821509369 -0.16881301539634938 0.08852095106716111 0.02393220426730936 47785.0 108995.0 184202.0 260264.0 328233.0 383877.0 426276.0 456345.0 475799.0 486549.0 490403.0 488935.0 483455.0 475023.0 464477.0 452473.0
15 1.0 308.08920326133995 -59.06644217142426 -0.4385011917807675 0.9780067955069001 0.4096275821509369 -0.16881301539634938 0.08852095106716111 0.02393220426730936 47793.0 109019.0 184249.0 260336.99999999997 328337.0 384015.0 426451.0 456556.0 476044.0 486824.0 490701.0 489250.0 483779.0 475348.0 464797.0 452783.0
16 1.0 4.21707030660071 -9.127503236207147 -0.4385011917807675 0.9780067955069001 0.4096275821509369 -0.16881301539634938 0.08852095106716111 0.02393220426730936 47806.0 109044.0 184278.0 260357.0 328333.0 383976.0 426374.0 456443.0 475901.0 486658.0 490522.0 489065.0 483597.0 475177.0 464642.0 452647.0
17 1.0 129.592103212211 -35.19568667208249 -0.4385011917807675 0.9780067955069001 0.4096275821509369 -0.16881301539634938 0.08852095106716111 0.02393220426730936 47801.0 109024.0 184239.0 260297.99999999997 328258.0 383890.0 426278.0 456339.0 475787.0 486535.0 490388.0 488919.0 483438.0 475004.0 464454.0 452446.0
18 1.0 262.7966024726609 61.05404200655744 -0.4385011917807675 0.9780067955069001 0.4096275821509369 -0.16881301539634938 0.08852095106716111 0.02393220426730936 47660.0 108761.0 183872.0 259867.00000000003 327799.0 383431.0 425833.0 455914.0 475383.0 486149.0 490016.0 488559.0 483086.0 474657.0 464111.0 452105.0
19 1.0 61.78668381411859 -47.20647131718502 -0.4385011917807675 0.9780067955069001 0.4096275821509369 -0.16881301539634938 0.08852095106716111 0.02393220426730936 47699.0 108859.0 184046.0 260116.0 328111.0 383784.0 426208.0 456291.0 475749.0 486493.0 490334.0 488847.0 483344.0 474887.0 464315.0 452284.0
20 1.0 187.57317823348654 0.4301023480670665 -0.4385011917807675 0.9780067955069001 0.4096275821509369 -0.16881301539634938 0.08852095106716111 0.02393220426730936 47755.0 108958.0 184183.0 260287.0 328317.0 384028.0 426492.0 456616.0 476111.0 486887.0 490750.0 489278.0 483782.0 475323.0 464743.0 452699.0
21 1.0 19.561675802131305 79.66504794562746 -0.4385011917807675 0.9780067955069001 0.4096275821509369 -0.16881301539634938 0.08852095106716111 0.02393220426730936 47727.0 108895.0 184077.0 260139.99999999997 328135.0 383823.0 426276.0 456403.0 475911.0 486710.0 490604.0 489167.0 483708.0 475288.0 464747.0 452741.0
22 1.0 71.99874896270403 24.119585594038938 -0.4385011917807675 0.9780067955069001 0.4096275821509369 -0.16881301539634938 0.08852095106716111 0.02393220426730936 47833.0 109089.0 184337.0 260427.00000000003 328412.0 384068.0 426477.0 456558.0 476026.0 486791.0 490659.0 489204.0 483735.0 475310.0 464769.0 452767.0
23 1.0 6.66784600582103 66.11209298324366 -0.4385011917807675 0.9780067955069001 0.4096275821509369 -0.16881301539634938 0.08852095106716111 0.02393220426730936 47686.0 108825.0 183988.0 260045.00000000003 328046.0 383749.0 426222.0 456368.0 475895.0 486710.0 490617.0 489190.0 483739.0 475324.0 464786.0 452783.0
24 1.0 285.7311732086714 79.23774408385813 -0.4385011917807675 0.9780067955069001 0.4096275821509369 -0.16881301539634938 0.08852095106716111 0.02393220426730936 47727.0 108910.0 184116.0 260203.00000000003 328218.0 383923.0 426389.0 456526.0 476044.0 486852.0 490755.0 489327.0 483878.0 475468.0 464935.0 452938.0
25 1.0 80.61288770173685 45.13767513954335 -0.4385011917807675 0.9780067955069001 0.4096275821509369 -0.16881301539634938 0.08852095106716111 0.02393220426730936 47801.0 109024.0 184237.0 260292.00000000003 328244.0 383868.0 426250.0 456310.0 475761.0 486516.0 490380.0 488925.0 483459.0 475040.0 464507.0 452513.0
26 1.0 124.32660505088496 35.92351084045525 -0.4385011917807675 0.9780067955069001 0.4096275821509369 -0.16881301539634938 0.08852095106716111 0.02393220426730936 47718.0 108923.0 184175.0 260321.00000000003 328399.0 384158.0 426668.0 456838.0 476379.0 487202.0 491114.0 489689.0 484240.0 475827.0 465291.0 453288.0
27 1.0 334.1092656476127 84.23380198876086 -0.4385011917807675 0.9780067955069001 0.4096275821509369 -0.16881301539634938 0.08852095106716111 0.02393220426730936 47695.0 108843.0 184008.0 260050.99999999997 328022.0 383685.0 426118.0 456230.0 475734.0 486537.0 490445.0 489028.0 483595.0 475205.0 464695.0 452722.0
28 1.0 253.5891846924718 88.99214213658229 -0.4385011917807675 0.9780067955069001 0.4096275821509369 -0.16881301539634938 0.08852095106716111 0.02393220426730936 47695.0 108826.0 183967.0 259992.0 327962.0 383640.0 426096.0 456238.0 475771.0 486600.0 490528.0 489126.0 483703.0 475318.0 464809.0 452834.0
29 1.0 11.462014631270826 -8.672097119443265 -0.4385011917807675 0.9780067955069001 0.4096275821509369 -0.16881301539634938 0.08852095106716111 0.02393220426730936 47787.0 109028.0 184292.0 260427.00000000003 328474.0 384190.0 426649.0 456763.0 476244.0 487006.0 490857.0 489374.0 483870.0 475405.0 464822.0 452777.0
0 1.0 59.289896339248585 -77.2434399268425 -0.4385011917807675 0.9780067955069001 0.4096275821509369 -0.16881301539634938 0.08852095106716111 0.02393220426730936 47728.0 108905.0 184094.0 260157.00000000003 328150.0 383837.0 426295.0 456432.0 475958.0 486779.0 490698.0 489287.0 483856.0 475462.0 464945.0 452962.0
1 1.0 223.73222453991488 -37.29707434070661 -0.4385011917807675 0.9780067955069001 0.4096275821509369 -0.16881301539634938 0.08852095106716111 0.02393220426730936 47718.0 108882.0 184062.0 260116.0 328091.0 383745.0 426153.0 456226.0 475678.0 486421.0 490265.0 488784.0 483290.0 474843.0 464282.0 452264.0
2 1.0 207.80229189750034 -62.57615297620852 -0.4385011917807675 0.9780067955069001 0.4096275821509369 -0.16881301539634938 0.08852095106716111 0.02393220426730936 47682.0 108804.0 183935.0 259952.00000000003 327913.0 383579.0 426024.0 456152.0 475670.0 486484.0 490397.0 488980.0 483543.0 475144.0 464623.0 452637.0
3 1.0 85.64141569482311 -14.852452536717877 -0.4385011917807675 0.9780067955069001 0.4096275821509369 -0.16881301539634938 0.08852095106716111 0.02393220426730936 47786.0 109000.0 184222.0 260311.00000000003 328320.0 384010.0 426454.0 456560.0 476040.0 486803.0 490657.0 489176.0 483673.0 475209.0 464625.0 452578.0
4 1.0 336.3170392529258 -66.36792087481392 -0.4385011917807675 0.9780067955069001 0.4096275821509369 -0.16881301539634938 0.08852095106716111 0.02393220426730936 47792.0 109012.0 184233.0 260310.0 328296.0 383957.0 426373.0 456458.0 475925.0 486685.0 490544.0 489076.0 483592.0 475151.0 464593.0 452574.0
5 1.0 221.02774414772256 18.741204723758756 -0.4385011917807675 0.9780067955069001 0.4096275821509369 -0.16881301539634938 0.08852095106716111 0.02393220426730936 47659.0 108778.0 183924.0 259969.0 327960.0 383653.0 426114.0 456248.0 475762.0 486564.0 490458.0 489018.0 483556.0 475131.0 464585.0 452574.0
6 1.0 192.827809088985 -21.094549351586267 -0.4385011917807675 0.9780067955069001 0.4096275821509369 -0.16881301539634938 0.08852095106716111 0.02393220426730936 47696.0 108858.0 184050.0 260129.0 328140.0 383839.0 426297.0 456420.0 475919.0 486704.0 490581.0 489125.0 483647.0 475207.0 464648.0 452625.0
7 1.0 212.36759148764554 71.1694591718778 -0.4385011917807675 0.9780067955069001 0.4096275821509369 -0.16881301539634938 0.08852095106716111 0.02393220426730936 47743.0 108945.0 184170.0 260265.00000000003 328268.0 383932.0 426333.0 456387.0 475810.0 486519.0 490325.0 488804.0 483271.0 474786.0 464190.0 452139.0
8 1.0 262.8439306260371 84.20304092373033 -0.4385011917807675 0.9780067955069001 0.4096275821509369 -0.16881301539634938 0.08852095106716111 0.02393220426730936 47703.0 108856.0 184030.0 260085.0 328069.0 383739.0 426166.0 456259.0 475730.0 486490.0 490345.0 488870.0 483377.0 474926.0 464359.0 452331.0
9 1.0 112.30019837265667 8.43928230049599 -0.4385011917807675 0.9780067955069001 0.4096275821509369 -0.16881301539634938 0.08852095106716111 0.02393220426730936 47710.0 108915.0 184175.0 260334.99999999997 328426.0 384195.0 426709.0 456877.0 476409.0 487219.0 491115.0 489674.0 484207.0 475776.0 465222.0 453204.0
10 1.0 143.35958239779308 -40.531757423832616 -0.4385011917807675 0.9780067955069001 0.4096275821509369 -0.16881301539634938 0.08852095106716111 0.02393220426730936 47808.0 109055.0 184304.0 260399.0 328390.0 384045.0 426452.0 456527.0 475987.0 486746.0 490609.0 489150.0 483680.0 475255.0 464716.0 452717.0
11 1.0 75.54374963104397 16.601475377130626 -0.4385011917807675 0.9780067955069001 0.4096275821509369 -0.16881301539634938 0.08852095106716111 0.02393220426730936 47823.0 109065.0 184293.0 260351.99999999997 328299.0 383909.0 426270.0 456305.0 475730.0 486458.0 490297.0 488819.0 483335.0 474900.0 464354.0 452351.0
12 1.0 67.02948211692102 71.41700848039378 -0.4385011917807675 0.9780067955069001 0.4096275821509369 -0.16881301539634938 0.08852095106716111 0.02393220426730936 47744.0 108929.0 184130.0 260210.0 328217.0 383909.0 426356.0 456468.0 475956.0 486730.0 490597.0 489133.0 483649.0 475205.0 464643.0 452620.0
13 1.0 339.9740603942161 -16.787997749565307 -0.4385011917807675 0.9780067955069001 0.4096275821509369 -0.16881301539634938 0.08852095106716111 0.02393220426730936 47775.0 108986.0 184204.0 260288.00000000003 328288.0 383972.0 426416.0 456535.0 476038.0 486837.0 490735.0 489307.0 483860.0 475454.0 464929.0 452939.0
14 1.0 266.2382862177435 9.374089804554757 -0.4385011917807675 0.9780067955069001 0.4096275821509369 -0.16881301539634938 0.08852095106716111 0.02393220426730936 47802.0 109034.0 184272.0 260370.0 328384.0 384081.0 426540.0 456673.0 476191.0 487004.0 490914.0 489495.0 484056.0 475656.0 465134.0 453146.0
15 1.0 176.56517110232414 -41.10250183089374 -0.4385011917807675 0.9780067955069001 0.4096275821509369 -0.16881301539634938 0.08852095106716111 0.02393220426730936 47718.0 108914.0 184149.0 260264.0 328284.0 383954.0 426343.0 456365.0 475742.0 486393.0 490134.0 488546.0 482947.0 474399.0 463744.0 451640.0
16 1.0 81.86926607039636 -8.020053098995149 -0.4385011917807675 0.9780067955069001 0.4096275821509369 -0.16881301539634938 0.08852095106716111 0.02393220426730936 47799.0 109023.0 184245.0 260321.00000000003 328306.0 383965.0 426380.0 456464.0 475930.0 486689.0 490547.0 489079.0 483595.0 475155.0 464597.0 452579.0
17 1.0 91.56833343734147 -17.69156363167224 -0.4385011917807675 0.9780067955069001 0.4096275821509369 -0.16881301539634938 0.08852095106716111 0.02393220426730936 47801.0 109041.0 184293.0 260399.0 328400.0 384055.0 426442.0 456480.0 475890.0 486590.0 490391.0 488873.0 483347.0 474874.0 464294.0 452263.0
18 1.0 20.89049771659522 -45.28557628506522 -0.4385011917807675 0.9780067955069001 0.4096275821509369 -0.16881301539634938 0.08852095106716111 0.02393220426730936 47764.0 108974.0 184200.0 260290.00000000003 328289.0 383955.0 426366.0 456435.0 475879.0 486610.0 490439.0 488941.0 483428.0 474961.0 464381.0 452343.0
19 1.0 156.3899852009235 1.0559490885555078 -0.4385011917807675 0.9780067955069001 0.4096275821509369 -0.16881301539634938 0.08852095106716111 0.02393220426730936 47758.0 108940.0 184124.0 260164.99999999997 328115.0 383734.0 426099.0 456125.0 475527.0 486220.0 490013.0 488484.0 482946.0 474457.0 463859.0 451808.0
20 1.0 112.24651751787692 -34.13145132363395 -0.4385011917807675 0.9780067955069001 0.4096275821509369 -0.16881301539634938 0.08852095106716111 0.02393220426730936 47772.0 108964.0 184151.0 260197.99999999997 328167.0 383828.0 426260.0 456374.0 475880.0 486684.0 490588.0 489165.0 483724.0 475321.0 464797.0 452808.0
21 1.0 250.6836559735654 -22.85372450146545 -0.4385011917807675 0.9780067955069001 0.4096275821509369 -0.16881301539634938 0.08852095106716111 0.02393220426730936 47823.0 109070.0 184318.0 260417.99999999997 328427.0 384115.0 426561.0 456679.0 476178.0 486970.0 490857.0 489415.0 483953.0 475530.0 464985.0 452976.0
22 1.0 135.99066214529313 4.494679605767573 -0.4385011917807675 0.9780067955069001 0.4096275821509369 -0.16881301539634938 0.08852095106716111 0.02393220426730936 47694.0 108862.0 184081.0 260216.0 328312.0 384116.0 426691.0 456935.0 476551.0 487444.0 491418.0 490046.0 484640.0 476259.0 465746.0 453759.0
23 1.0 64.65732392146853 45.10710412721775 -0.4385011917807675 0.9780067955069001 0.4096275821509369 -0.16881301539634938 0.08852095106716111 0.02393220426730936 47783.0 108991.0 184194.0 260241.0 328180.0 383780.0 426126.0 456138.0 475537.0 486239.0 490052.0 488551.0 483048.0 474599.0 464043.0 452034.0
24 1.0 8.884342220879242 -29.968656157570443 -0.4385011917807675 0.9780067955069001 0.4096275821509369 -0.16881301539634938 0.08852095106716111 0.02393220426730936 47790.0 109015.0 184244.0 260332.99999999997 328334.0 384014.0 426452.0 456560.0 476051.0 486835.0 490716.0 489269.0 483804.0 475380.0 464837.0 452831.0
25 1.0 24.20986732676949 76.34857799173744 -0.4385011917807675 0.9780067955069001 0.4096275821509369 -0.16881301539634938 0.08852095106716111 0.02393220426730936 47723.0 108886.0 184059.0 260108.0 328086.0 383758.0 426197.0 456312.0 475814.0 486609.0 490502.0 489066.0 483610.0 475194.0 464658.0 452657.0
26 1.0 244.58139845948423 65.21733843046243 -0.4385011917807675 0.9780067955069001 0.4096275821509369 -0.16881301539634938 0.08852095106716111 0.02393220426730936 47688.0 108838.0 184012.0 260075.0 328075.0 383774.0 426245.0 456395.0 475933.0 486766.0 490697.0 489299.0 483880.0 475499.0 464994.0 453023.0
27 1.0 163.33086404017632 -81.23574672440486 -0.4385011917807675 0.9780067955069001 0.4096275821509369 -0.16881301539634938 0.08852095106716111 0.02393220426730936 47711.0 108884.0 184089.0 260182.00000000003 328200.0 383896.0 426340.0 456440.0 475910.0 486663.0 490508.0 489023.0 483519.0 475059.0 464483.0 452448.0
28 1.0 193.16851599914 -44.3443456337719 -0.4385011917807675 0.9780067955069001 0.4096275821509369 -0.16881301539634938 0.08852095106716111 0.02393220426730936 47670.0 108820.0 184020.0 260131.99999999997 328186.0 383925.0 426408.0 456538.0 476024.0 486780.0 490615.0 489109.0 483577.0 475083.0 464468.0 452393.0
29 1.0 322.80166549452315 -9.695607721343649 -0.4385011917807675 0.9780067955069001 0.4096275821509369 -0.16881301539634938 0.08852095106716111 0.02393220426730936 47677.0 108796.0 183928.0 259944.0 327904.0 383571.0 426020.0 456156.0 475687.0 486517.0 490450.0 489055.0 483641.0 475266.0 464769.0 452805.0
0 1.0 356.52202106281356 -71.16698002635466 -0.4385011917807675 0.9780067955069001 0.4096275821509369 -0.16881301539634938 0.08852095106716111 0.02393220426730936 47756.0 108949.0 184154.0 260227.0 328220.0 383892.0 426321.0 456418.0 475896.0 486665.0 490532.0 489072.0 483596.0 475163.0 464613.0 452602.0
1 1.0 78.08291438345061 -27.274321973970522 -0.4385011917807675 0.9780067955069001 0.4096275821509369 -0.16881301539634938 0.08852095106716111 0.02393220426730936 47757.0 108956.0 184168.0 260247.0 328239.0 383906.0 426325.0 456407.0 475869.0 486622.0 490474.0 489000.0 483512.0 475069.0 464512.0 452495.0
2 1.0 238.70815311603627 43.21755461118286 -0.4385011917807675 0.9780067955069001 0.4096275821509369 -0.16881301539634938 0.08852095106716111 0.02393220426730936 47681.0 108831.0 184026.0 260139.0 328217.0 384009.0 426576.0 456814.0 476423.0 487308.0 491272.0 489889.0 484469.0 476075.0 465549.0 453548.0
3 1.0 94.79605562537424 32.49260660570866 -0.4385011917807675 0.9780067955069001 0.4096275821509369 -0.16881301539634938 0.08852095106716111 0.02393220426730936 47786.0 109031.0 184294.0 260407.99999999997 328406.0 384047.0 426411.0 456419.0 475793.0 486454.0 490214.0 488654.0 483087.0 474574.0 463955.0 451887.0
4 1.0 7.434359807662325 22.02919714188087 -0.4385011917807675 0.9780067955069001 0.4096275821509369 -0.16881301539634938 0.08852095106716111 0.02393220426730936 47735.0 108924.0 184133.0 260214.99999999997 328216.0 383897.0 426333.0 456436.0 475919.0 486692.0 490562.0 489104.0 483628.0 475194.0 464643.0 452630.0
5 1.0 273.01631538101094 37.895112490022214 -0.4385011917807675 0.9780067955069001 0.4096275821509369 -0.16881301539634938 0.08852095106716111 0.02393220426730936 47759.0 108949.0 184137.0 260182.00000000003 328137.0 383770.0 426165.0 456237.0 475700.0 486467.0 490342.0 488898.0 483444.0 475037.0 464516.0 452534.0
6 1.0 115.20617429608842 -53.113736347253685 -0.4385011917807675 0.9780067955069001 0.4096275821509369 -0.16881301539634938 0.08852095106716111 0.02393220426730936 47726.0 108900.0 184090.0 260155.00000000003 328141.0 383807.0 426227.0 456312.0 475773.0 486524.0 490370.0 488889.0 483391.0 474936.0 464365.0 452335.0
7 1.0 138.04700190188328 -28.494339324348218 -0.4385011917807675 0.9780067955069001 0.4096275821509369 -0.16881301539634938 0.08852095106716111 0.02393220426730936 47809.0 109041.0 184270.0 260349.0 328331.0 383983.0 426388.0 456458.0 475910.0 486655.0 490501.0 489022.0 483529.0 475081.0 464518.0 452497.0
8 1.0 211.79416087929806 31.723646809943318 -0.4385011917807675 0.9780067955069001 0.4096275821509369 -0.16881301539634938 0.08852095106716111 0.02393220426730936 47701.0 108862.0 184029.0 260045.00000000003 327946.0 383497.0 425784.0 455734.0 475072.0 485718.0 489484.0 487946.0 482414.0 473947.0 463382.0 451371.0
9 1.0 299.17744388502854 68.26225734563889 -0.4385011917807675 0.9780067955069001 0.4096275821509369 -0.16881301539634938 0.08852095106716111 0.02393220426730936 47711.0 108879.0 184070.0 260143.0 328146.0 383840.0 426298.0 456430.0 475947.0 486757.0 490666.0 489246.0 483807.0 475408.0 464889.0 452904.0
10 1.0 226.43346369281355 7.86204968905713 -0.4385011917807675 0.9780067955069001 0.4096275821509369 -0.16881301539634938 0.08852095106716111 0.02393220426730936 47683.0 108833.0 184015.0 260088.0 328093.0 383784.0 426230.0 456340.0 475826.0 486601.0 490470.0 489009.0 483531.0 475094.0 464541.0 452526.0
11 1.0 314.1542359610623 -39.11406282980341 -0.4385011917807675 0.9780067955069001 0.4096275821509369 -0.16881301539634938 0.08852095106716111 0.02393220426730936 47717.0 108901.0 184123.0 260239.0 328293.0 384035.0 426533.0 456693.0 476223.0 487033.0 490929.0 489487.0 484019.0 475585.0 465028.0 453005.0
12 1.0 98.47513253362888 -84.55765355892314 -0.4385011917807675 0.9780067955069001 0.4096275821509369 -0.16881301539634938 0.08852095106716111 0.02393220426730936 47700.0 108857.0 184031.0 260075.99999999997 328033.0 383664.0 426045.0 456092.0 475522.0 486249.0 490081.0 488593.0 483097.0 474650.0 464093.0 452080.0
13 1.0 287.29686020852296 37.8606292153584 -0.4385011917807675 0.9780067955069001 0.4096275821509369 -0.16881301539634938 0.08852095106716111 0.02393220426730936 47794.0 109020.0 184249.0 260334.0 328325.0 383987.0 426398.0 456475.0 475930.0 486678.0 490525.0 489045.0 483551.0 475102.0 464537.0 452513.0
14 1.0 66.8289399501428 -88.58086136848073 -0.4385011917807675 0.9780067955069001 0.4096275821509369 -0.16881301539634938 0.08852095106716111 0.02393220426730936 47727.0 108897.0 184074.0 260121.0 328094.0 383760.0 426196.0 456314.0 475824.0 486633.0 490544.0 489129.0 483695.0 475302.0 464788.0 452809.0
15 1.0 343.0049965099 -22.9177674322208 -0.4385011917807675 0.9780067955069001 0.4096275821509369 -0.16881301539634938 0.08852095106716111 0.02393220426730936 47789.0 109014.0 184249.0 260345.0 328352.0 384036.0 426474.0 456581.0 476070.0 486853.0 490735.0 489290.0 483829.0 475409.0 464871.0 452871.0
16 1.0 247.4957794996135 5.496698621300723 -0.4385011917807675 0.9780067955069001 0.4096275821509369 -0.16881301539634938 0.08852095106716111 0.02393220426730936 47751.0 108932.0 184122.0 260187.0 328183.0 383874.0 426332.0 456466.0 475984.0 486792.0 490695.0 489266.0 483814.0 475401.0 464864.0 452862.0
17 1.0 77.58276376088104 75.98006311809476 -0.4385011917807675 0.9780067955069001 0.4096275821509369 -0.16881301539634938 0.08852095106716111 0.02393220426730936 47740.0 108912.0 184089.0 260135.99999999997 328103.0 383753.0 426159.0 456232.0 475685.0 486430.0 490272.0 488787.0 483288.0 474833.0 464263.0 452235.0
18 1.0 341.0534125760127 -73.89098189407798 -0.4385011917807675 0.9780067955069001 0.4096275821509369 -0.16881301539634938 0.08852095106716111 0.02393220426730936 47768.0 108969.0 184178.0 260251.0 328240.0 383907.0 426329.0 456417.0 475883.0 486639.0 490491.0 489015.0 483522.0 475072.0 464505.0 452477.0
19 1.0 263.1080904372568 -16.930382045708924 -0.4385011917807675 0.9780067955069001 0.4096275821509369 -0.16881301539634938 0.08852095106716111 0.02393220426730936 47818.0 109072.0 184335.0 260459.0 328494.0 384203.0 426663.0 456785.0 476279.0 487056.0 490923.0 489454.0 483962.0 475507.0 464930.0 452889.0
20 1.0 91.4189913342093 -85.6236240521716 -0.4385011917807675 0.9780067955069001 0.4096275821509369 -0.16881301539634938 0.08852095106716111 0.02393220426730936 47693.0 108836.0 183997.0 260042.0 328024.0 383703.0 426151.0 456277.0 475789.0 486595.0 490499.0 489076.0 483633.0 475230.0 464707.0 452719.0
21 1.0 76.79231185229351 -28.33002281851374 -0.4385011917807675 0.9780067955069001 0.4096275821509369 -0.16881301539634938 0.08852095106716111 0.02393220426730936 47749.0 108938.0 184136.0 260201.00000000003 328182.0 383842.0 426259.0 456347.0 475818.0 486585.0 490453.0 488996.0 483525.0 475097.0 464554.0 452550.0
22 1.0 186.55225701503878 22.00159059116308 -0.4385011917807675 0.9780067955069001 0.4096275821509369 -0.16881301539634938 0.08852095106716111 0.02393220426730936 47801.0 109036.0 184272.0 260361.99999999997 328362.0 384041.0 426479.0 456592.0 476089.0 486881.0 490772.0 489335.0 483880.0 475464.0 464928.0 452928.0
23 1.0 9.238578499631366 -39.767769318852295 -0.4385011917807675 0.9780067955069001 0.4096275821509369 -0.16881301539634938 0.08852095106716111 0.02393220426730936 47800.0 109038.0 184282.0 260379.00000000003 328379.0 384044.0 426457.0 456531.0 475982.0 486724.0 490564.0 489078.0 483576.0 475119.0 464547.0 452515.0
24 1.0 74.68922715879938 -52.245009061985684 -0.4385011917807675 0.9780067955069001 0.4096275821509369 -0.16881301539634938 0.08852095106716111 0.02393220426730936 47697.0 108847.0 184011.0 260052.0 328027.0 383702.0 426154.0 456294.0 475829.0 486665.0 490603.0 489216.0 483810.0 475442.0 464951.0 452994.0
25 1.0 152.88676875054225 -69.17341800112314 -0.4385011917807675 0.9780067955069001 0.4096275821509369 -0.16881301539634938 0.08852095106716111 0.02393220426730936 47696.0 108844.0 184011.0 260060.0 328041.0 383713.0 426150.0 456260.0 475753.0 486539.0 490423.0 488980.0 483519.0 475100.0 464562.0 452562.0
26 1.0 134.7011929203212 13.88524392366152 -0.4385011917807675 0.9780067955069001 0.4096275821509369 -0.16881301539634938 0.08852095106716111 0.02393220426730936 47638.0 108754.0 183909.0 259965.0 327957.0 383633.0 426060.0 456147.0 475606.0 486350.0 490190.0 488700.0 483195.0 474735.0 464160.0 452127.0
27 1.0 166.88715277133184 35.14860106284348 -0.4385011917807675 0.9780067955069001 0.4096275821509369 -0.16881301539634938 0.08852095106716111 0.02393220426730936 47804.0 109040.0 184284.0 260386.99999999997 328398.0 384081.0 426513.0 456606.0 476075.0 486832.0 490682.0 489202.0 483703.0 475246.0 464670.0 452633.0
28 1.0 99.94633426610349 30.95228530724802 -0.4385011917807675 0.9780067955069001 0.4096275821509369 -0.16881301539634938 0.08852095106716111 0.02393220426730936 47780.0 109040.0 184345.0 260540.0 328661.0 384460.0 427005.0 457201.0 476760.0 487590.0 491500.0 490066.0 484599.0 476164.0 465600.0 453568.0
29 1.0 211.24236472494076 80.79498372969132 -0.4385011917807675 0.9780067955069001 0.4096275821509369 -0.16881301539634938 0.08852095106716111 0.02393220426730936 47737.0 108917.0 184107.0 260166.99999999997 328155.0 383836.0 426288.0 456420.0 475943.0 486762.0 490681.0 489271.0 483840.0 475448.0 464933.0 452950.0
0 1.0 310.9880181323633 -89.51342149916951 -0.4385011917807675 0.9780067955069001 0.4096275821509369 -0.16881301539634938 0.08852095106716111 0.02393220426730936 47731.0 108903.0 184088.0 260150.0 328143.0 383830.0 426283.0 456412.0 475926.0 486733.0 490637.0 489212.0 483767.0 475362.0 464834.0 452842.0
1 1.0 42.31146814633191 26.49539770092649 -0.4385011917807675 0.9780067955069001 0.4096275821509369 -0.16881301539634938 0.08852095106716111 0.02393220426730936 47706.0 108847.0 183993.0 260013.0 327966.0 383619.0 426046.0 456158.0 475665.0 486474.0 490387.0 488977.0 483551.0 475168.0 464665.0 452698.0
2 1.0 186.2564785754811 18.070602677575124 -0.4385011917807675 0.9780067955069001 0.4096275821509369 -0.16881301539634938 0.08852095106716111 0.02393220426730936 47792.0 109016.0 184234.0 260297.99999999997 328267.0 383912.0 426319.0 456404.0 475882.0 486660.0 490545.0 489107.0 483656.0 475248.0 464723.0 452736.0
3 1.0 47.54451828425519 15.973129794651868 -0.4385011917807675 0.9780067955069001 0.4096275821509369 -0.16881301539634938 0.08852095106716111 0.02393220426730936 47722.0 108879.0 184040.0 260065.0 328005.0 383625.0 426004.0 456057.0 475499.0 486242.0 490093.0 488626.0 483151.0 474727.0 464191.0 452200.0
4 1.0 258.06948522933374 83.29865757124364 -0.4385011917807675 0.9780067955069001 0.4096275821509369 -0.16881301539634938 0.08852095106716111 0.02393220426730936 47712.0 108881.0 184075.0 260151.00000000003 328155.0 383847.0 426303.0 456433.0 475948.0 486758.0 490668.0 489250.0 483816.0 475423.0 464910.0 452933.0
5 1.0 142.58149301062573 -86.96309879339286 -0.4385011917807675 0.9780067955069001 0.4096275821509369 -0.16881301539634938 0.08852095106716111 0.02393220426730936 47725.0 108892.0 184067.0 260110.99999999997 328078.0 383733.0 426154.0 456254.0 475744.0 486533.0 490425.0 488993.0 483546.0 475142.0 464620.0 452635.0
6 1.0 203.55167226906323 35.36683752626102 -0.4385011917807675 0.9780067955069001 0.4096275821509369 -0.16881301539634938 0.08852095106716111 0.02393220426730936 47753.0 108971.0 184231.0 260390.99999999997 328490.0 384277.0 426814.0 457002.0 476549.0 487364.0 491257.0 489803.0 484317.0 475862.0 465281.0 453232.0
7 1.0 65.9807410370683 56.462156946335426 -0.4385011917807675 0.9780067955069001 0.4096275821509369 -0.16881301539634938 0.08852095106716111 0.02393220426730936 47776.0 108980.0 184183.0 260245.0 328222.0 383883.0 426310.0 456415.0 475909.0 486702.0 490597.0 489166.0 483718.0 475311.0 464784.0 452793.0
8 1.0 52.1451933636158 1.7652953918851466 -0.4385011917807675 0.9780067955069001 0.4096275821509369 -0.16881301539634938 0.08852095106716111 0.02393220426730936 47724.0 108883.0 184050.0 260093.00000000003 328067.0 383734.0 426171.0 456284.0 475784.0 486577.0 490469.0 489031.0 483574.0 475157.0 464618.0 452616.0
9 1.0 175.70026103362363 -29.886323472574354 -0.4385011917807675 0.9780067955069001 0.4096275821509369 -0.16881301539634938 0.08852095106716111 0.02393220426730936 47752.0 108957.0 184174.0 260256.0 328252.0 383929.0 426366.0 456477.0 475975.0 486770.0 490667.0 489238.0 483793.0 475390.0 464868.0 452882.0
10 1.0 128.020585625984 52.35122938093289 -0.4385011917807675 0.9780067955069001 0.4096275821509369 -0.16881301539634938 0.08852095106716111 0.02393220426730936 47773.0 108992.0 184228.0 260332.0 328348.0 384035.0 426468.0 456561.0 476026.0 486779.0 490626.0 489145.0 483646.0 475191.0 464620.0 452590.0
11 1.0 338.5555002910127 -72.49627338616357 -0.4385011917807675 0.9780067955069001 0.4096275821509369 -0.16881301539634938 0.08852095106716111 0.02393220426730936 47779.0 108993.0 184216.0 260301.0 328299.0 383971.0 426395.0 456483.0 475949.0 486704.0 490556.0 489081.0 483588.0 475138.0 464572.0 452546.0
12 1.0 275.5170913705075 -10.43358520861345 -0.4385011917807675 0.9780067955069001 0.4096275821509369 -0.16881301539634938 0.08852095106716111 0.02393220426730936 47790.0 109052.0 184348.0 260506.00000000003 328557.0 384252.0 426670.0 456728.0 476147.0 486847.0 490640.0 489107.0 483561.0 475064.0 464456.0 452395.0
13 1.0 269.51890314619703 3.5914274227508827 -0.4385011917807675 0.9780067955069001 0.4096275821509369 -0.16881301539634938 0.08852095106716111 0.02393220426730936 47796.0 109025.0 184258.0 260342.00000000003 328322.0 383964.0 426347.0 456389.0 475807.0 486516.0 490326.0 488813.0 483288.0 474813.0 464226.0 452184.0
14 1.0 325.33910630853603 34.91215396821855 -0.4385011917807675 0.9780067955069001 0.4096275821509369 -0.16881301539634938 0.08852095106716111 0.02393220426730936 47788.0 109015.0 184253.0 260359.99999999997 328383.0 384085.0 426540.0 456659.0 476151.0 486927.0 490794.0 489327.0 483837.0 475385.0 464812.0 452776.0
15 1.0 30.032076759126678 -73.6405682341663 -0.4385011917807675 0.9780067955069001 0.4096275821509369 -0.16881301539634938 0.08852095106716111 0.02393220426730936 47730.0 108902.0 184084.0 260137.0 328111.0 383767.0 426183.0 456268.0 475736.0 486498.0 490360.0 488896.0 483417.0 474983.0 464433.0 452423.0
16 1.0 198.78928917206636 -49.00328972318503 -0.4385011917807675 0.9780067955069001 0.4096275821509369 -0.16881301539634938 0.08852095106716111 0.02393220426730936 47656.0 108765.0 183887.0 259897.0 327857.0 383533.0 426001.0 456166.0 475734.0 486607.0 490584.0 489234.0 483863.0 475528.0 465066.0 453134.0
17 1.0 210.4113848240768 -16.14571871577739 -0.4385011917807675 0.9780067955069001 0.4096275821509369 -0.16881301539634938 0.08852095106716111 0.02393220426730936 47654.0 108762.0 183891.0 259917.99999999997 327901.0 383603.0 426094.0 456276.0 475853.0 486727.0 490699.0 489339.0 483954.0 475602.0 465123.0 453172.0
18 1.0 346.2970962770024 22.193041143623518 -0.4385011917807675 0.9780067955069001 0.4096275821509369 -0.16881301539634938 0.08852095106716111 0.02393220426730936 47790.0 109009.0 184225.0 260292.00000000003 328266.0 383917.0 426327.0 456412.0 475884.0 486655.0 490530.0 489081.0 483618.0 475198.0 464662.0 452665.0
19 1.0 105.17310964531758 69.65294061913514 -0.4385011917807675 0.9780067955069001 0.4096275821509369 -0.16881301539634938 0.08852095106716111 0.02393220426730936 47787.0 108996.0 184201.0 260258.0 328223.0 383862.0 426258.0 456323.0 475772.0 486517.0 490365.0 488888.0 483399.0 474955.0 464397.0 452380.0
20 1.0 86.69836076956085 21.388710283447764 -0.4385011917807675 0.9780067955069001 0.4096275821509369 -0.16881301539634938 0.08852095106716111 0.02393220426730936 47823.0 109087.0 184349.0 260448.0 328438.0 384092.0 426497.0 456574.0 476039.0 486804.0 490674.0 489223.0 483759.0 475341.0 464806.0 452810.0
21 1.0 36.10581921557922 -65.9769352317118 -0.4385011917807675 0.9780067955069001 0.4096275821509369 -0.16881301539634938 0.08852095106716111 0.02393220426730936 47747.0 108945.0 184162.0 260253.99999999997 328265.0 383955.0 426397.0 456503.0 475986.0 486757.0 490623.0 489160.0 483679.0 475241.0 464685.0 452668.0
22 1.0 5.9146666529307135 86.50442390171082 -0.4385011917807675 0.9780067955069001 0.4096275821509369 -0.16881301539634938 0.08852095106716111 0.02393220426730936 47691.0 108808.0 183923.0 259911.99999999997 327834.0 383453.0 425842.0 455910.0 475367.0 486122.0 489979.0 488513.0 483033.0 474598.0 464048.0 452039.0
23 1.0 334.6305540451886 66.92143225598872 -0.4385011917807675 0.9780067955069001 0.4096275821509369 -0.16881301539634938 0.08852095106716111 0.02393220426730936 47676.0 108831.0 184029.0 260118.00000000003 328124.0 383791.0 426185.0 456219.0 475610.0 486276.0 490032.0 488458.0 482870.0 474332.0 463685.0 451586.0
24 1.0 241.16995677272763 0.4897370061583217 -0.4385011917807675 0.9780067955069001 0.4096275821509369 -0.16881301539634938 0.08852095106716111 0.02393220426730936 47736.0 108905.0 184087.0 260149.00000000003 328145.0 383834.0 426290.0 456420.0 475933.0 486737.0 490637.0 489207.0 483757.0 475345.0 464813.0 452816.0
25 1.0 282.6550483283296 76.02263672339393 -0.4385011917807675 0.9780067955069001 0.4096275821509369 -0.16881301539634938 0.08852095106716111 0.02393220426730936 47709.0 108873.0 184062.0 260141.0 328154.0 383856.0 426317.0 456443.0 475942.0 486725.0 490598.0 489137.0 483653.0 475207.0 464640.0 452610.0
26 1.0 101.42283807142167 7.448542876284435 -0.4385011917807675 0.9780067955069001 0.4096275821509369 -0.16881301539634938 0.08852095106716111 0.02393220426730936 47764.0 109008.0 184298.0 260473.99999999997 328569.0 384333.0 426833.0 456979.0 476484.0 487261.0 491120.0 489639.0 484133.0 475662.0 465070.0 453014.0
27 1.0 211.1076598270776 76.19509222004936 -0.4385011917807675 0.9780067955069001 0.4096275821509369 -0.16881301539634938 0.08852095106716111 0.02393220426730936 47735.0 108912.0 184095.0 260139.0 328096.0 383734.0 426136.0 456218.0 475691.0 486468.0 490352.0 488917.0 483469.0 475067.0 464549.0 452570.0
28 1.0 23.023895803553206 59.38152634860177 -0.4385011917807675 0.9780067955069001 0.4096275821509369 -0.16881301539634938 0.08852095106716111 0.02393220426730936 47698.0 108844.0 184010.0 260061.0 328042.0 383712.0 426139.0 456232.0 475702.0 486461.0 490316.0 488841.0 483349.0 474900.0 464335.0 452310.0
29 1.0 174.82593453646425 84.29155385297352 -0.4385011917807675 0.9780067955069001 0.4096275821509369 -0.16881301539634938 0.08852095106716111 0.02393220426730936 47742.0 108925.0 184123.0 260197.99999999997 328202.0 383899.0 426362.0 456500.0 476023.0 486839.0 490752.0 489335.0 483897.0 475498.0 464976.0 452990.0
0 1.0 351.89825030800085 75.5609059400685 -0.4385011917807675 0.9780067955069001 0.4096275821509369 -0.16881301539634938 0.08852095106716111 0.02393220426730936 47707.0 108872.0 184065.0 260149.00000000003 328174.0 383900.0 426397.0 456573.0 476133.0 486983.0 490926.0 489536.0 484120.0 475737.0 465229.0 453251.0
1 1.0 315.54188831397266 -83.5139128628575 -0.4385011917807675 0.9780067955069001 0.4096275821509369 -0.16881301539634938 0.08852095106716111 0.02393220426730936 47777.0 108995.0 184227.0 260326.0 328341.0 384033.0 426479.0 456589.0 476076.0 486852.0 490722.0 489261.0 483781.0 475342.0 464783.0 452762.0
2 1.0 121.73722266126443 -58.54103925103081 -0.4385011917807675 0.9780067955069001 0.4096275821509369 -0.16881301539634938 0.08852095106716111 0.02393220426730936 47721.0 108897.0 184095.0 260177.0 328191.0 383896.0 426363.0 456498.0 476012.0 486814.0 490708.0 489270.0 483809.0 475386.0 464841.0 452831.0
3 1.0 346.16525563493946 -19.95575812178656 -0.4385011917807675 0.9780067955069001 0.4096275821509369 -0.16881301539634938 0.08852095106716111 0.02393220426730936 47805.0 109044.0 184292.0 260399.0 328409.0 384085.0 426505.0 456584.0 476036.0 486776.0 490612.0 489122.0 483616.0 475155.0 464579.0 452545.0
4 1.0 83.41258552963363 81.38568551317573 -0.4385011917807675 0.9780067955069001 0.4096275821509369 -0.16881301539634938 0.08852095106716111 0.02393220426730936 47751.0 108948.0 184167.0 260266.0 328295.0 384009.0 426481.0 456619.0 476134.0 486934.0 490826.0 489385.0 483922.0 475496.0 464949.0 452938.0
5 1.0 341.75477606964535 -35.99479449433267 -0.4385011917807675 0.9780067955069001 0.4096275821509369 -0.16881301539634938 0.08852095106716111 0.02393220426730936 47774.0 108977.0 184182.0 260247.0 328226.0 383887.0 426310.0 456409.0 475897.0 486683.0 490572.0 489136.0 483686.0 475278.0 464753.0 452765.0
6 1.0 338.8959736943395 -61.11582410023181 -0.4385011917807675 0.9780067955069001 0.4096275821509369 -0.16881301539634938 0.08852095106716111 0.02393220426730936 47779.0 108982.0 184184.0 260243.0 328216.0 383870.0 426285.0 456375.0 475851.0 486625.0 490500.0 489050.0 483584.0 475161.0 464621.0 452618.0
7 1.0 287.71293144686103 69.53483989558077 -0.4385011917807675 0.9780067955069001 0.4096275821509369 -0.16881301539634938 0.08852095106716111 0.02393220426730936 47706.0 108866.0 184047.0 260110.0 328105.0 383790.0 426239.0 456361.0 475866.0 486663.0 490558.0 489124.0 483671.0 475259.0 464727.0 452731.0
8 1.0 226.9612572720448 -9.649005213023472 -0.4385011917807675 0.9780067955069001 0.4096275821509369 -0.16881301539634938 0.08852095106716111 0.02393220426730936 47679.0 108799.0 183931.0 259949.0 327909.0 383571.0 426007.0 456123.0 475625.0 486424.0 490321.0 488891.0 483444.0 475038.0 464513.0 452525.0
9 1.0 314.7436679849809 73.41760698377868 -0.4385011917807675 0.9780067955069001 0.4096275821509369 -0.16881301539634938 0.08852095106716111 0.02393220426730936 47689.0 108840.0 184013.0 260067.0 328049.0 383722.0 426162.0 456279.0 475785.0 486588.0 490493.0 489073.0 483636.0 475241.0 464726.0 452747.0
10 1.0 105.48730242280682 -61.15851606237421 -0.4385011917807675 0.9780067955069001 0.4096275821509369 -0.16881301539634938 0.08852095106716111 0.02393220426730936 47684.0 108823.0 183983.0 260025.99999999997 328000.0 383660.0 426077.0 456162.0 475625.0 486378.0 490228.0 488750.0 483257.0 474807.0 464242.0 452218.0
11 1.0 305.61967991265055 29.00115207145791 -0.4385011917807675 0.9780067955069001 0.4096275821509369 -0.16881301539634938 0.08852095106716111 0.02393220426730936 47809.0 109050.0 184297.0 260401.0 328412.0 384098.0 426538.0 456647.0 476138.0 486924.0 490808.0 489366.0 483906.0 475489.0 464952.0 452953.0
12 1.0 222.43560909030856 -10.75252449069147 -0.4385011917807675 0.9780067955069001 0.4096275821509369 -0.16881301539634938 0.08852095106716111 0.02393220426730936 47666.0 108781.0 183921.0 259956.00000000003 327939.0 383625.0 426079.0 456207.0 475714.0 486509.0 490396.0 488950.0 483481.0 475050.0 464498.0 452481.0
13 1.0 4.765268793203816 -76.23238157454863 -0.4385011917807675 0.9780067955069001 0.4096275821509369 -0.16881301539634938 0.08852095106716111 0.02393220426730936 47731.0 108897.0 184070.0 260114.99999999997 328086.0 383744.0 426167.0 456263.0 475743.0 486518.0 490392.0 488940.0 483472.0 475047.0 464505.0 452501.0
14 1.0 125.00406645559904 35.363366037450106 -0.4385011917807675 0.9780067955069001 0.4096275821509369 -0.16881301539634938 0.08852095106716111 0.02393220426730936 47713.0 108911.0 184155.0 260294.00000000003 328364.0 384118.0 426626.0 456796.0 476340.0 487167.0 491085.0 489666.0 484224.0 475817.0 465286.0 453289.0
15 1.0 53.330709941339414 -45.46822400295233 -0.4385011917807675 0.9780067955069001 0.4096275821509369 -0.16881301539634938 0.08852095106716111 0.02393220426730936 47705.0 108868.0 184056.0 260129.99999999997 328138.0 383835.0 426295.0 456426.0 475938.0 486741.0 490639.0 489208.0 483758.0 475347.0 464816.0 452822.0
16 1.0 353.45858033457114 -82.86920593568681 -0.4385011917807675 0.9780067955069001 0.4096275821509369 -0.16881301539634938 0.08852095106716111 0.02393220426730936 47735.0 108916.0 184112.0 260184.00000000003 328180.0 383862.0 426305.0 456420.0 475917.0 486708.0 490597.0 489159.0 483704.0 475290.0 464757.0 452762.0
17 1.0 172.2133105343957 -79.21002631507682 -0.4385011917807675 0.9780067955069001 0.4096275821509369 -0.16881301539634938 0.08852095106716111 0.02393220426730936 47697.0 108850.0 184023.0 260077.99999999997 328063.0 383740.0 426185.0 456306.0 475814.0 486618.0 490522.0 489099.0 483658.0 475259.0 464740.0 452757.0
18 1.0 179.06089157951857 -79.00586332797828 -0.4385011917807675 0.9780067955069001 0.4096275821509369 -0.16881301539634938 0.08852095106716111 0.02393220426730936 47698.0 108861.0 184054.0 260133.99999999997 328145.0 383839.0 426287.0 456399.0 475887.0 486662.0 490531.0 489070.0 483591.0 475153.0 464598.0 452581.0
19 1.0 230.2101059035405 73.39193234730709 -0.4385011917807675 0.9780067955069001 0.4096275821509369 -0.16881301539634938 0.08852095106716111 0.02393220426730936 47710.0 108886.0 184093.0 260185.0 328200.0 383891.0 426329.0 456424.0 475891.0 486644.0 490489.0 489006.0 483505.0 475048.0 464475.0 452443.0
20 1.0 132.6904582066623 43.17910520923817 -0.4385011917807675 0.9780067955069001 0.4096275821509369 -0.16881301539634938 0.08852095106716111 0.02393220426730936 47743.0 108951.0 184192.0 260318.0 328372.0 384112.0 426609.0 456773.0 476312.0 487136.0 491050.0 489628.0 484182.0 475770.0 465234.0 453231.0
21 1.0 49.284097806815616 71.6512242984723 -0.4385011917807675 0.9780067955069001 0.4096275821509369 -0.16881301539634938 0.08852095106716111 0.02393220426730936 47741.0 108926.0 184122.0 260187.0 328170.0 383833.0 426253.0 456343.0 475816.0 486583.0 490449.0 488991.0 483517.0 475087.0 464542.0 452535.0
22 1.0 295.9623839499284 31.064816033373845 -0.4385011917807675 0.9780067955069001 0.4096275821509369 -0.16881301539634938 0.08852095106716111 0.02393220426730936 47793.0 109009.0 184219.0 260278.99999999997 328244.0 383882.0 426278.0 456348.0 475806.0 486564.0 490428.0 488972.0 483505.0 475085.0 464551.0 452558.0
23 1.0 68.34524828499286 5.2091872255589635 -0.4385011917807675 0.9780067955069001 0.4096275821509369 -0.16881301539634938 0.08852095106716111 0.02393220426730936 47797.0 109018.0 184237.0 260307.99999999997 328284.0 383933.0 426335.0 456403.0 475852.0 486593.0 490434.0 488948.0 483447.0 474990.0 464417.0 452386.0
24 1.0 184.07483371672416 -35.19965441747191 -0.4385011917807675 0.9780067955069001 0.4096275821509369 -0.16881301539634938 0.08852095106716111 0.02393220426730936 47705.0 108882.0 184106.0 260247.99999999997 328353.0 384167.0 426747.0 456990.0 476596.0 487470.0 491417.0 490012.0 484569.0 476150.0 465598.0 453573.0
25 1.0 80.75413043090613 89.63320523916121 -0.4385011917807675 0.9780067955069001 0.4096275821509369 -0.16881301539634938 0.08852095106716111 0.02393220426730936 47727.0 108910.0 184117.0 260205.00000000003 328218.0 383911.0 426359.0 456472.0 475963.0 486745.0 490623.0 489173.0 483706.0 475282.0 464739.0 452734.0
26 1.0 35.22401441785226 -24.805969390909922 -0.4385011917807675 0.9780067955069001 0.4096275821509369 -0.16881301539634938 0.08852095106716111 0.02393220426730936 47705.0 108863.0 184041.0 260100.0 328087.0 383762.0 426199.0 456307.0 475797.0 486580.0 490460.0 489012.0 483546.0 475122.0 464579.0 452574.0
27 1.0 310.388946271806 -5.28318914149628 -0.4385011917807675 0.9780067955069001 0.4096275821509369 -0.16881301539634938 0.08852095106716111 0.02393220426730936 47655.0 108780.0 183946.0 260017.0 328032.0 383739.0 426201.0 456322.0 475814.0 486586.0 490446.0 488972.0 483476.0 475020.0 464444.0 452408.0
28 1.0 350.2510160483269 -21.915868513776886 -0.4385011917807675 0.9780067955069001 0.4096275821509369 -0.16881301539634938 0.08852095106716111 0.02393220426730936 47805.0 109034.0 184266.0 260355.99999999997 328354.0 384025.0 426446.0 456531.0 475993.0 486743.0 490590.0 489109.0 483612.0 475158.0 464588.0 452559.0
29 1.0 345.90047690268005 86.31484728038254 -0.4385011917807675 0.9780067955069001 0.4096275821509369 -0.16881301539634938 0.08852095106716111 0.02393220426730936 47701.0 108852.0 184027.0 260095.00000000003 328111.0 383833.0 426329.0 456504.0 476062.0 486909.0 490847.0 489449.0 484025.0 475634.0 465117.0 453130.0
