idx D_km lam beta x1 y1 z1 x2 y2 z2 flux5 flux6 flux7 flux8 flux9 flux10 flux11 flux12 flux13 flux14 flux15 flux16 flux17 flux18 flux19 flux20
0 1.0 197.5728614138369 73.17998985981222 0.8356010395792741 0.6353912957112411 0.5024990088837736 0.17659940996183343 -0.05413306537501336 0.20319653974589894 19592.0 45308.0 77375.0 110229.0 139947.0 164577.0 183603.0 197331.0 206443.0 211731.0 213960.0 213806.0 211837.0 208517.0 204217.0 199229.0
1 1.0 257.468171894071 49.328519885754986 0.8356010395792741 0.6353912957112411 0.5024990088837736 0.17659940996183343 -0.05413306537501336 0.20319653974589894 19562.0 45258.0 77321.0 110192.0 139942.0 164614.0 183684.0 197451.0 206595.0 211906.0 214149.0 214002.0 212033.0 208709.0 204400.0 199400.0
2 1.0 216.99481538579178 -30.033872634844457 0.8356010395792741 0.6353912957112411 0.5024990088837736 0.17659940996183343 -0.05413306537501336 0.20319653974589894 19556.0 45250.0 77301.0 110147.0 139866.0 164509.0 183561.0 197327.0 206488.0 211833.0 214124.0 214034.0 212129.0 208870.0 204628.0 199692.0
3 1.0 196.15794587888288 -75.40174980216058 0.8356010395792741 0.6353912957112411 0.5024990088837736 0.17659940996183343 -0.05413306537501336 0.20319653974589894 19615.0 45345.0 77422.0 110286.0 140013.0 164654.0 183693.0 197433.0 206556.0 211853.0 214089.0 213938.0 211971.0 208650.0 204346.0 199353.0
4 1.0 152.5157277620057 -16.69658914551468 0.8356010395792741 0.6353912957112411 0.5024990088837736 0.17659940996183343 -0.05413306537501336 0.20319653974589894 19617.0 45350.0 77430.0 110291.0 140008.0 164633.0 183650.0 197367.0 206465.0 211739.0 213954.0 213785.0 211802.0 208469.0 204157.0 199157.0
5 1.0 232.5218807039962 -48.19785440923031 0.8356010395792741 0.6353912957112411 0.5024990088837736 0.17659940996183343 -0.05413306537501336 0.20319653974589894 19580.0 45288.0 77352.0 110212.0 139941.0 164586.0 183629.0 197372.0 206496.0 211792.0 214025.0 213872.0 211901.0 208578.0 204273.0 199278.0
6 1.0 157.5313960545693 -66.15222574356306 0.8356010395792741 0.6353912957112411 0.5024990088837736 0.17659940996183343 -0.05413306537501336 0.20319653974589894 19626.0 45366.0 77449.0 110312.0 140037.0 164676.0 183717.0 197465.0 206600.0 211914.0 214169.0 214040.0 212095.0 208796.0 204514.0 199540.0
7 1.0 321.03828028154874 -80.38310727837145 0.8356010395792741 0.6353912957112411 0.5024990088837736 0.17659940996183343 -0.05413306537501336 0.20319653974589894 19603.0 45318.0 77375.0 110214.0 139916.0 164536.0 183558.0 197289.0 206407.0 211704.0 213943.0 213798.0 211838.0 208525.0 204231.0 199247.0
8 1.0 346.91859378037054 40.60698555790418 0.8356010395792741 0.6353912957112411 0.5024990088837736 0.17659940996183343 -0.05413306537501336 0.20319653974589894 19594.0 45303.0 77355.0 110188.0 139884.0 164494.0 183506.0 197227.0 206337.0 211630.0 213867.0 213725.0 211770.0 208466.0 204182.0 199209.0
9 1.0 138.03894677727996 -87.94305744749441 0.8356010395792741 0.6353912957112411 0.5024990088837736 0.17659940996183343 -0.05413306537501336 0.20319653974589894 19622.0 45359.0 77443.0 110307.0 140029.0 164661.0 183688.0 197416.0 206529.0 211817.0 214046.0 213892.0 211922.0 208601.0 204299.0 199308.0
10 1.0 285.02101370975925 48.70453473049972 0.8356010395792741 0.6353912957112411 0.5024990088837736 0.17659940996183343 -0.05413306537501336 0.20319653974589894 19592.0 45313.0 77388.0 110253.0 139981.0 164618.0 183649.0 197378.0 206488.0 211771.0 213993.0 213832.0 211855.0 208528.0 204220.0 199225.0
11 1.0 190.40217111104562 -63.549603827932486 0.8356010395792741 0.6353912957112411 0.5024990088837736 0.17659940996183343 -0.05413306537501336 0.20319653974589894 19594.0 45302.0 77357.0 110201.0 139915.0 164553.0 183600.0 197359.0 206507.0 211836.0 214105.0 213990.0 212057.0 208769.0 204496.0 199530.0
12 1.0 204.49604199381562 -75.68602513438397 0.8356010395792741 0.6353912957112411 0.5024990088837736 0.17659940996183343 -0.05413306537501336 0.20319653974589894 19614.0 45344.0 77419.0 110276.0 139992.0 164617.0 183638.0 197360.0 206465.0 211747.0 213970.0 213812.0 211839.0 208517.0 204215.0 199225.0
13 1.0 333.214789785358 -73.87145383705104 0.8356010395792741 0.6353912957112411 0.5024990088837736 0.17659940996183343 -0.05413306537501336 0.20319653974589894 19590.0 45301.0 77361.0 110205.0 139910.0 164524.0 183532.0 197238.0 206326.0 211590.0 213794.0 213617.0 211626.0 208287.0 203970.0 198966.0
14 1.0 25.5729809512393 30.968605323704594 0.8356010395792741 0.6353912957112411 0.5024990088837736 0.17659940996183343 -0.05413306537501336 0.20319653974589894 19546.0 45232.0 77292.0 110170.0 139936.0 164629.0 183722.0 197511.0 206674.0 212001.0 214256.0 214117.0 212153.0 208831.0 204522.0 199521.0
15 1.0 31.366547892554657 -45.83390222648794 0.8356010395792741 0.6353912957112411 0.5024990088837736 0.17659940996183343 -0.05413306537501336 0.20319653974589894 19570.0 45260.0 77301.0 110134.0 139838.0 164461.0 183486.0 197217.0 206335.0 211631.0 213869.0 213725.0 211766.0 208457.0 204167.0 199189.0
16 1.0 7.278623078517259 -14.302895997582283 0.8356010395792741 0.6353912957112411 0.5024990088837736 0.17659940996183343 -0.05413306537501336 0.20319653974589894 19610.0 45338.0 77413.0 110270.0 139986.0 164610.0 183628.0 197348.0 206453.0 211735.0 213960.0 213803.0 211833.0 208514.0 204215.0 199230.0
17 1.0 299.74314439725765 10.326382438305046 0.8356010395792741 0.6353912957112411 0.5024990088837736 0.17659940996183343 -0.05413306537501336 0.20319653974589894 19574.0 45278.0 77342.0 110200.0 139929.0 164574.0 183617.0 197363.0 206493.0 211798.0 214042.0 213902.0 211945.0 208636.0 204345.0 199364.0
18 1.0 280.13643034194615 64.89921128918289 0.8356010395792741 0.6353912957112411 0.5024990088837736 0.17659940996183343 -0.05413306537501336 0.20319653974589894 19605.0 45333.0 77415.0 110285.0 140022.0 164675.0 183724.0 197475.0 206606.0 211910.0 214149.0 214001.0 212035.0 208713.0 204409.0 199413.0
19 1.0 313.2043733688549 40.8679672880391 0.8356010395792741 0.6353912957112411 0.5024990088837736 0.17659940996183343 -0.05413306537501336 0.20319653974589894 19614.0 45342.0 77409.0 110248.0 139938.0 164535.0 183529.0 197230.0 206321.0 211597.0 213821.0 213669.0 211706.0 208397.0 204110.0 199137.0
20 1.0 352.30260320379506 -41.34097705703137 0.8356010395792741 0.6353912957112411 0.5024990088837736 0.17659940996183343 -0.05413306537501336 0.20319653974589894 19567.0 45258.0 77300.0 110137.0 139852.0 164496.0 183553.0 197323.0 206486.0 211828.0 214111.0 214009.0 212088.0 208811.0 204548.0 199591.0
21 1.0 287.6970831180205 -66.33309612759703 0.8356010395792741 0.6353912957112411 0.5024990088837736 0.17659940996183343 -0.05413306537501336 0.20319653974589894 19615.0 45345.0 77418.0 110266.0 139968.0 164575.0 183575.0 197278.0 206366.0 211634.0 213846.0 213679.0 211701.0 208376.0 204073.0 199084.0
22 1.0 166.13257041105547 -80.03262232418437 0.8356010395792741 0.6353912957112411 0.5024990088837736 0.17659940996183343 -0.05413306537501336 0.20319653974589894 19617.0 45348.0 77420.0 110267.0 139967.0 164572.0 183570.0 197271.0 206357.0 211624.0 213837.0 213671.0 211695.0 208371.0 204071.0 199085.0
23 1.0 280.99050346312396 -35.712245793430355 0.8356010395792741 0.6353912957112411 0.5024990088837736 0.17659940996183343 -0.05413306537501336 0.20319653974589894 19622.0 45366.0 77461.0 110338.0 140067.0 164698.0 183715.0 197427.0 206517.0 211781.0 213984.0 213805.0 211813.0 208473.0 204155.0 199151.0
24 1.0 42.57879331281596 -42.818733136857915 0.8356010395792741 0.6353912957112411 0.5024990088837736 0.17659940996183343 -0.05413306537501336 0.20319653974589894 19572.0 45262.0 77303.0 110137.0 139845.0 164474.0 183509.0 197250.0 206379.0 211684.0 213930.0 213791.0 211836.0 208528.0 204237.0 199255.0
25 1.0 230.3715676779086 -7.894697975913658 0.8356010395792741 0.6353912957112411 0.5024990088837736 0.17659940996183343 -0.05413306537501336 0.20319653974589894 19627.0 45379.0 77479.0 110349.0 140057.0 164657.0 183637.0 197311.0 206367.0 211601.0 213782.0 213587.0 211585.0 208239.0 203920.0 198917.0
26 1.0 51.607183467256704 32.990640398582485 0.8356010395792741 0.6353912957112411 0.5024990088837736 0.17659940996183343 -0.05413306537501336 0.20319653974589894 19597.0 45333.0 77435.0 110332.0 140094.0 164766.0 183829.0 197588.0 206724.0 212030.0 214271.0 214124.0 212158.0 208838.0 204535.0 199541.0
27 1.0 340.0808101378502 35.21258021499429 0.8356010395792741 0.6353912957112411 0.5024990088837736 0.17659940996183343 -0.05413306537501336 0.20319653974589894 19614.0 45343.0 77420.0 110285.0 140014.0 164658.0 183699.0 197442.0 206566.0 211864.0 214100.0 213948.0 211979.0 208656.0 204351.0 199354.0
28 1.0 187.8653958300258 -38.96660761521 0.8356010395792741 0.6353912957112411 0.5024990088837736 0.17659940996183343 -0.05413306537501336 0.20319653974589894 19539.0 45200.0 77214.0 110032.0 139737.0 164376.0 183429.0 197196.0 206352.0 211688.0 213963.0 213851.0 211921.0 208635.0 204364.0 199400.0
29 1.0 149.2782983965885 -21.61314793797831 0.8356010395792741 0.6353912957112411 0.5024990088837736 0.17659940996183343 -0.05413306537501336 0.20319653974589894 19619.0 45357.0 77444.0 110313.0 140042.0 164678.0 183706.0 197432.0 206538.0 211817.0 214036.0 213870.0 211889.0 208556.0 204244.0 199243.0
0 1.0 95.24002035766571 -57.39282688735745 0.8356010395792741 0.6353912957112411 0.5024990088837736 0.17659940996183343 -0.05413306537501336 0.20319653974589894 19590.0 45308.0 77376.0 110230.0 139949.0 164583.0 183620.0 197364.0 206497.0 211810.0 214065.0 213937.0 211993.0 208697.0 204418.0 199449.0
1 1.0 278.724128196318 51.93819221517336 0.8356010395792741 0.6353912957112411 0.5024990088837736 0.17659940996183343 -0.05413306537501336 0.20319653974589894 19595.0 45319.0 77401.0 110272.0 140007.0 164652.0 183690.0 197427.0 206543.0 211832.0 214059.0 213900.0 211925.0 208598.0 204290.0 199292.0
2 1.0 164.21411959795748 -79.76734624201674 0.8356010395792741 0.6353912957112411 0.5024990088837736 0.17659940996183343 -0.05413306537501336 0.20319653974589894 19615.0 45342.0 77410.0 110253.0 139948.0 164547.0 183537.0 197228.0 206304.0 211559.0 213758.0 213579.0 211589.0 208253.0 203941.0 198943.0
3 1.0 204.63622159271347 35.459503510497726 0.8356010395792741 0.6353912957112411 0.5024990088837736 0.17659940996183343 -0.05413306537501336 0.20319653974589894 19614.0 45354.0 77450.0 110334.0 140077.0 164727.0 183766.0 197500.0 206611.0 211894.0 214114.0 213948.0 211966.0 208632.0 204317.0 199314.0
4 1.0 6.764328157087851 50.1651712693986 0.8356010395792741 0.6353912957112411 0.5024990088837736 0.17659940996183343 -0.05413306537501336 0.20319653974589894 19582.0 45296.0 77374.0 110248.0 139989.0 164640.0 183679.0 197412.0 206520.0 211797.0 214011.0 213839.0 211851.0 208512.0 204193.0 199187.0
5 1.0 222.34877894731574 49.93336113277556 0.8356010395792741 0.6353912957112411 0.5024990088837736 0.17659940996183343 -0.05413306537501336 0.20319653974589894 19550.0 45222.0 77247.0 110072.0 139780.0 164421.0 183476.0 197245.0 206404.0 211742.0 214020.0 213912.0 211984.0 208701.0 204432.0 199469.0
6 1.0 220.3544601800717 -43.303938417836115 0.8356010395792741 0.6353912957112411 0.5024990088837736 0.17659940996183343 -0.05413306537501336 0.20319653974589894 19566.0 45268.0 77331.0 110190.0 139919.0 164565.0 183609.0 197358.0 206490.0 211799.0 214049.0 213914.0 211964.0 208661.0 204376.0 199401.0
7 1.0 222.0962388749125 -22.713635172138936 0.8356010395792741 0.6353912957112411 0.5024990088837736 0.17659940996183343 -0.05413306537501336 0.20319653974589894 19589.0 45331.0 77459.0 110401.0 140217.0 164938.0 184034.0 197805.0 206931.0 212208.0 214406.0 214204.0 212177.0 208793.0 204424.0 199366.0
8 1.0 339.7493082652647 15.76793433535002 0.8356010395792741 0.6353912957112411 0.5024990088837736 0.17659940996183343 -0.05413306537501336 0.20319653974589894 19618.0 45350.0 77426.0 110285.0 140008.0 164646.0 183684.0 197425.0 206552.0 211854.0 214095.0 213950.0 211989.0 208673.0 204375.0 199386.0
9 1.0 245.45530767725404 -40.892057563595934 0.8356010395792741 0.6353912957112411 0.5024990088837736 0.17659940996183343 -0.05413306537501336 0.20319653974589894 19601.0 45327.0 77406.0 110275.0 140009.0 164656.0 183700.0 197444.0 206568.0 211865.0 214098.0 213944.0 211971.0 208644.0 204334.0 199334.0
10 1.0 129.42284420656296 -23.246496140780025 0.8356010395792741 0.6353912957112411 0.5024990088837736 0.17659940996183343 -0.05413306537501336 0.20319653974589894 19590.0 45303.0 77368.0 110224.0 139949.0 164593.0 183638.0 197387.0 206520.0 211828.0 214074.0 213934.0 211976.0 208664.0 204369.0 199383.0
11 1.0 157.33150336776293 -54.530229566584865 0.8356010395792741 0.6353912957112411 0.5024990088837736 0.17659940996183343 -0.05413306537501336 0.20319653974589894 19618.0 45347.0 77418.0 110268.0 139977.0 164599.0 183619.0 197345.0 206458.0 211751.0 213986.0 213839.0 211879.0 208568.0 204276.0 199295.0
12 1.0 251.14723053381536 -7.225940923918671 0.8356010395792741 0.6353912957112411 0.5024990088837736 0.17659940996183343 -0.05413306537501336 0.20319653974589894 19638.0 45392.0 77491.0 110361.0 140083.0 164709.0 183729.0 197452.0 206562.0 211852.0 214085.0 213937.0 211975.0 208663.0 204370.0 199389.0
13 1.0 21.68116978653714 -81.96978577425946 0.8356010395792741 0.6353912957112411 0.5024990088837736 0.17659940996183343 -0.05413306537501336 0.20319653974589894 19602.0 45323.0 77390.0 110231.0 139919.0 164504.0 183473.0 197138.0 206185.0 211410.0 213580.0 213374.0 211360.0 208004.0 203673.0 198661.0
14 1.0 240.03601756044037 53.96325922271123 0.8356010395792741 0.6353912957112411 0.5024990088837736 0.17659940996183343 -0.05413306537501336 0.20319653974589894 19547.0 45223.0 77262.0 110112.0 139852.0 164523.0 183599.0 197378.0 206536.0 211862.0 214119.0 213983.0 212025.0 208708.0 204405.0 199409.0
15 1.0 241.4296330625374 -76.1478395424061 0.8356010395792741 0.6353912957112411 0.5024990088837736 0.17659940996183343 -0.05413306537501336 0.20319653974589894 19607.0 45322.0 77377.0 110211.0 139907.0 164520.0 183538.0 197267.0 206387.0 211689.0 213937.0 213804.0 211858.0 208560.0 204282.0 199313.0
16 1.0 75.73772198658273 3.3903267896746883 0.8356010395792741 0.6353912957112411 0.5024990088837736 0.17659940996183343 -0.05413306537501336 0.20319653974589894 19606.0 45323.0 77384.0 110229.0 139939.0 164566.0 183594.0 197329.0 206451.0 211751.0 213993.0 213850.0 211893.0 208583.0 204292.0 199310.0
17 1.0 46.41346715574719 -34.7741820818647 0.8356010395792741 0.6353912957112411 0.5024990088837736 0.17659940996183343 -0.05413306537501336 0.20319653974589894 19587.0 45292.0 77343.0 110183.0 139889.0 164513.0 183539.0 197270.0 206388.0 211684.0 213922.0 213777.0 211817.0 208506.0 204214.0 199232.0
18 1.0 113.55420633270619 13.957730789647584 0.8356010395792741 0.6353912957112411 0.5024990088837736 0.17659940996183343 -0.05413306537501336 0.20319653974589894 19553.0 45227.0 77253.0 110076.0 139774.0 164398.0 183427.0 197165.0 206292.0 211598.0 213845.0 213710.0 211759.0 208457.0 204172.0 199198.0
19 1.0 130.93587753934415 82.69800135001651 0.8356010395792741 0.6353912957112411 0.5024990088837736 0.17659940996183343 -0.05413306537501336 0.20319653974589894 19606.0 45327.0 77394.0 110243.0 139955.0 164581.0 183608.0 197341.0 206461.0 211759.0 214000.0 213856.0 211898.0 208588.0 204296.0 199314.0
20 1.0 205.27083735043666 26.20264400208069 0.8356010395792741 0.6353912957112411 0.5024990088837736 0.17659940996183343 -0.05413306537501336 0.20319653974589894 19585.0 45276.0 77305.0 110119.0 139803.0 164412.0 183430.0 197162.0 206285.0 211589.0 213837.0 213704.0 211755.0 208455.0 204173.0 199200.0
21 1.0 157.89654484643532 -83.63476156401164 0.8356010395792741 0.6353912957112411 0.5024990088837736 0.17659940996183343 -0.05413306537501336 0.20319653974589894 19615.0 45342.0 77411.0 110260.0 139968.0 164590.0 183611.0 197336.0 206447.0 211734.0 213963.0 213809.0 211839.0 208518.0 204216.0 199225.0
22 1.0 355.8145817013214 -12.527560888548976 0.8356010395792741 0.6353912957112411 0.5024990088837736 0.17659940996183343 -0.05413306537501336 0.20319653974589894 19603.0 45319.0 77379.0 110220.0 139922.0 164537.0 183551.0 197269.0 206374.0 211657.0 213884.0 213728.0 211759.0 208440.0 204141.0 199154.0
23 1.0 36.736131869290105 1.803033417285036 0.8356010395792741 0.6353912957112411 0.5024990088837736 0.17659940996183343 -0.05413306537501336 0.20319653974589894 19620.0 45366.0 77461.0 110331.0 140050.0 164671.0 183681.0 197391.0 206485.0 211756.0 213971.0 213806.0 211830.0 208504.0 204201.0 199210.0
24 1.0 75.19563219414049 6.511949046621353 0.8356010395792741 0.6353912957112411 0.5024990088837736 0.17659940996183343 -0.05413306537501336 0.20319653974589894 19615.0 45342.0 77415.0 110271.0 139992.0 164629.0 183666.0 197407.0 206532.0 211832.0 214070.0 213922.0 211957.0 208639.0 204338.0 199346.0
25 1.0 58.07142643859865 32.65065190869082 0.8356010395792741 0.6353912957112411 0.5024990088837736 0.17659940996183343 -0.05413306537501336 0.20319653974589894 19592.0 45314.0 77394.0 110264.0 139998.0 164641.0 183676.0 197409.0 206520.0 211805.0 214026.0 213863.0 211884.0 208553.0 204242.0 199242.0
26 1.0 235.11899716754343 -40.032702408282105 0.8356010395792741 0.6353912957112411 0.5024990088837736 0.17659940996183343 -0.05413306537501336 0.20319653974589894 19586.0 45305.0 77384.0 110256.0 139992.0 164639.0 183676.0 197410.0 206522.0 211805.0 214026.0 213862.0 211883.0 208552.0 204241.0 199243.0
27 1.0 91.18497691432157 -66.80509821606236 0.8356010395792741 0.6353912957112411 0.5024990088837736 0.17659940996183343 -0.05413306537501336 0.20319653974589894 19598.0 45326.0 77413.0 110296.0 140047.0 164714.0 183777.0 197539.0 206681.0 211993.0 214240.0 214098.0 212138.0 208821.0 204521.0 199530.0
28 1.0 167.87187822827028 -19.31837822152302 0.8356010395792741 0.6353912957112411 0.5024990088837736 0.17659940996183343 -0.05413306537501336 0.20319653974589894 19606.0 45330.0 77401.0 110252.0 139954.0 164558.0 183548.0 197235.0 206303.0 211548.0 213738.0 213550.0 211554.0 208212.0 203897.0 198898.0
29 1.0 87.99321312057698 82.1530301032708 0.8356010395792741 0.6353912957112411 0.5024990088837736 0.17659940996183343 -0.05413306537501336 0.20319653974589894 19632.0 45383.0 77481.0 110353.0 140075.0 164699.0 183711.0 197423.0 206516.0 211787.0 213999.0 213830.0 211849.0 208519.0 204211.0 199215.0
0 1.0 57.2290501123871 -56.31643948484795 0.8356010395792741 0.6353912957112411 0.5024990088837736 0.17659940996183343 -0.05413306537501336 0.20319653974589894 19563.0 45248.0 77285.0 110117.0 139821.0 164445.0 183470.0 197199.0 206314.0 211604.0 213835.0 213682.0 211714.0 208395.0 204095.0 199105.0
1 1.0 39.73505081914985 72.71711188708267 0.8356010395792741 0.6353912957112411 0.5024990088837736 0.17659940996183343 -0.05413306537501336 0.20319653974589894 19604.0 45321.0 77384.0 110228.0 139929.0 164536.0 183534.0 197229.0 206306.0 211559.0 213755.0 213569.0 211573.0 208229.0 203909.0 198904.0
2 1.0 236.27865220749842 7.885071013918747 0.8356010395792741 0.6353912957112411 0.5024990088837736 0.17659940996183343 -0.05413306537501336 0.20319653974589894 19619.0 45347.0 77413.0 110254.0 139953.0 164568.0 183586.0 197314.0 206435.0 211739.0 213988.0 213858.0 211914.0 208620.0 204345.0 199380.0
3 1.0 49.74586248550097 -7.755944103762147 0.8356010395792741 0.6353912957112411 0.5024990088837736 0.17659940996183343 -0.05413306537501336 0.20319653974589894 19631.0 45375.0 77461.0 110317.0 140021.0 164625.0 183620.0 197314.0 206393.0 211651.0 213855.0 213680.0 211696.0 208365.0 204058.0 199065.0
4 1.0 70.76965020481926 68.76745384138013 0.8356010395792741 0.6353912957112411 0.5024990088837736 0.17659940996183343 -0.05413306537501336 0.20319653974589894 19618.0 45353.0 77434.0 110293.0 140004.0 164617.0 183617.0 197314.0 206392.0 211646.0 213843.0 213661.0 211667.0 208328.0 204012.0 199011.0
5 1.0 132.74106143794708 -7.451286881654539 0.8356010395792741 0.6353912957112411 0.5024990088837736 0.17659940996183343 -0.05413306537501336 0.20319653974589894 19581.0 45287.0 77347.0 110196.0 139909.0 164536.0 183560.0 197285.0 206394.0 211679.0 213906.0 213750.0 211781.0 208461.0 204162.0 199174.0
6 1.0 295.55756274525663 40.350174590077785 0.8356010395792741 0.6353912957112411 0.5024990088837736 0.17659940996183343 -0.05413306537501336 0.20319653974589894 19587.0 45297.0 77357.0 110204.0 139914.0 164537.0 183558.0 197283.0 206393.0 211682.0 213912.0 213761.0 211796.0 208481.0 204186.0 199202.0
7 1.0 34.956459285502056 -18.17544209344163 0.8356010395792741 0.6353912957112411 0.5024990088837736 0.17659940996183343 -0.05413306537501336 0.20319653974589894 19624.0 45366.0 77456.0 110329.0 140060.0 164699.0 183731.0 197461.0 206570.0 211851.0 214070.0 213903.0 211920.0 208585.0 204269.0 199264.0
8 1.0 301.6601666995694 72.7279907221724 0.8356010395792741 0.6353912957112411 0.5024990088837736 0.17659940996183343 -0.05413306537501336 0.20319653974589894 19626.0 45370.0 77458.0 110325.0 140048.0 164682.0 183714.0 197450.0 206572.0 211872.0 214113.0 213971.0 212013.0 208703.0 204412.0 199430.0
9 1.0 34.59542684182671 34.20450363442093 0.8356010395792741 0.6353912957112411 0.5024990088837736 0.17659940996183343 -0.05413306537501336 0.20319653974589894 19561.0 45269.0 77351.0 110241.0 140001.0 164669.0 183721.0 197461.0 206569.0 211842.0 214047.0 213862.0 211859.0 208503.0 204168.0 199145.0
10 1.0 351.5254074048225 35.931969765093015 0.8356010395792741 0.6353912957112411 0.5024990088837736 0.17659940996183343 -0.05413306537501336 0.20319653974589894 19595.0 45313.0 77385.0 110253.0 139994.0 164655.0 183719.0 197488.0 206640.0 211967.0 214230.0 214106.0 212162.0 208862.0 204577.0 199599.0
11 1.0 168.71443259317257 -31.010327719718596 0.8356010395792741 0.6353912957112411 0.5024990088837736 0.17659940996183343 -0.05413306537501336 0.20319653974589894 19599.0 45315.0 77378.0 110228.0 139946.0 164583.0 183624.0 197374.0 206512.0 211830.0 214089.0 213964.0 212023.0 208728.0 204450.0 199480.0
12 1.0 351.6339917485214 46.22015569264005 0.8356010395792741 0.6353912957112411 0.5024990088837736 0.17659940996183343 -0.05413306537501336 0.20319653974589894 19560.0 45227.0 77234.0 110029.0 139700.0 164302.0 183319.0 197054.0 206186.0 211504.0 213769.0 213654.0 211726.0 208447.0 204186.0 199234.0
13 1.0 217.74438710821656 24.490989980485438 0.8356010395792741 0.6353912957112411 0.5024990088837736 0.17659940996183343 -0.05413306537501336 0.20319653974589894 19613.0 45342.0 77415.0 110269.0 139983.0 164608.0 183630.0 197356.0 206467.0 211754.0 213984.0 213830.0 211861.0 208541.0 204241.0 199251.0
14 1.0 266.1348885833886 -46.79635079165228 0.8356010395792741 0.6353912957112411 0.5024990088837736 0.17659940996183343 -0.05413306537501336 0.20319653974589894 19622.0 45362.0 77448.0 110313.0 140033.0 164659.0 183680.0 197402.0 206509.0 211795.0 214023.0 213870.0 211903.0 208587.0 204292.0 199308.0
15 1.0 14.107605211555443 -61.103011952653844 0.8356010395792741 0.6353912957112411 0.5024990088837736 0.17659940996183343 -0.05413306537501336 0.20319653974589894 19573.0 45281.0 77348.0 110203.0 139914.0 164524.0 183517.0 197201.0 206261.0 211496.0 213673.0 213470.0 211458.0 208101.0 203770.0 198756.0
16 1.0 101.81050652750744 53.35046541311971 0.8356010395792741 0.6353912957112411 0.5024990088837736 0.17659940996183343 -0.05413306537501336 0.20319653974589894 19609.0 45333.0 77401.0 110249.0 139954.0 164567.0 183575.0 197286.0 206383.0 211660.0 213881.0 213721.0 211750.0 208431.0 204133.0 199148.0
17 1.0 43.270762036740805 82.64998854634004 0.8356010395792741 0.6353912957112411 0.5024990088837736 0.17659940996183343 -0.05413306537501336 0.20319653974589894 19615.0 45342.0 77412.0 110260.0 139967.0 164586.0 183603.0 197326.0 206435.0 211723.0 213953.0 213802.0 211837.0 208521.0 204225.0 199240.0
18 1.0 106.61047110797217 -7.535011093192281 0.8356010395792741 0.6353912957112411 0.5024990088837736 0.17659940996183343 -0.05413306537501336 0.20319653974589894 19538.0 45199.0 77211.0 110024.0 139717.0 164337.0 183365.0 197102.0 206227.0 211530.0 213773.0 213632.0 211676.0 208367.0 204075.0 199094.0
19 1.0 42.74197882352786 16.377149758263286 0.8356010395792741 0.6353912957112411 0.5024990088837736 0.17659940996183343 -0.05413306537501336 0.20319653974589894 19595.0 45326.0 77412.0 110276.0 139986.0 164595.0 183591.0 197287.0 206368.0 211632.0 213843.0 213679.0 211706.0 208388.0 204095.0 199116.0
20 1.0 114.47394458183138 64.39007595483983 0.8356010395792741 0.6353912957112411 0.5024990088837736 0.17659940996183343 -0.05413306537501336 0.20319653974589894 19596.0 45305.0 77359.0 110200.0 139908.0 164532.0 183555.0 197282.0 206393.0 211680.0 213906.0 213748.0 211775.0 208450.0 204144.0 199149.0
21 1.0 149.13467802528118 -7.699778396305732 0.8356010395792741 0.6353912957112411 0.5024990088837736 0.17659940996183343 -0.05413306537501336 0.20319653974589894 19611.0 45340.0 77418.0 110278.0 139999.0 164634.0 183667.0 197404.0 206526.0 211825.0 214064.0 213920.0 211960.0 208648.0 204355.0 199371.0
22 1.0 23.09309868556237 81.3374058298925 0.8356010395792741 0.6353912957112411 0.5024990088837736 0.17659940996183343 -0.05413306537501336 0.20319653974589894 19615.0 45339.0 77400.0 110236.0 139930.0 164537.0 183546.0 197263.0 206370.0 211660.0 213894.0 213748.0 211790.0 208482.0 204195.0 199219.0
23 1.0 249.28996297320714 13.63520916807704 0.8356010395792741 0.6353912957112411 0.5024990088837736 0.17659940996183343 -0.05413306537501336 0.20319653974589894 19607.0 45329.0 77395.0 110240.0 139942.0 164553.0 183559.0 197268.0 206362.0 211636.0 213854.0 213692.0 211718.0 208397.0 204098.0 199113.0
24 1.0 203.97652351436705 57.738081726236686 0.8356010395792741 0.6353912957112411 0.5024990088837736 0.17659940996183343 -0.05413306537501336 0.20319653974589894 19567.0 45258.0 77306.0 110150.0 139868.0 164505.0 183543.0 197284.0 206407.0 211705.0 213940.0 213790.0 211822.0 208501.0 204198.0 199205.0
25 1.0 95.54021673820034 73.5918693142929 0.8356010395792741 0.6353912957112411 0.5024990088837736 0.17659940996183343 -0.05413306537501336 0.20319653974589894 19615.0 45341.0 77406.0 110245.0 139935.0 164530.0 183517.0 197205.0 206279.0 211531.0 213729.0 213548.0 211557.0 208220.0 203906.0 198908.0
26 1.0 188.36929924801188 56.7942873783424 0.8356010395792741 0.6353912957112411 0.5024990088837736 0.17659940996183343 -0.05413306537501336 0.20319653974589894 19578.0 45280.0 77334.0 110178.0 139890.0 164519.0 183548.0 197283.0 206404.0 211702.0 213941.0 213797.0 211837.0 208525.0 204232.0 199249.0
27 1.0 33.818583873039 -61.30539657918793 0.8356010395792741 0.6353912957112411 0.5024990088837736 0.17659940996183343 -0.05413306537501336 0.20319653974589894 19573.0 45271.0 77321.0 110162.0 139873.0 164501.0 183531.0 197266.0 206389.0 211690.0 213933.0 213793.0 211838.0 208532.0 204245.0 199269.0
28 1.0 207.34073840022455 23.201719031106066 0.8356010395792741 0.6353912957112411 0.5024990088837736 0.17659940996183343 -0.05413306537501336 0.20319653974589894 19596.0 45300.0 77343.0 110166.0 139852.0 164453.0 183455.0 197164.0 206262.0 211540.0 213763.0 213606.0 211636.0 208316.0 204018.0 199033.0
29 1.0 334.5466311274371 -18.28183344845813 0.8356010395792741 0.6353912957112411 0.5024990088837736 0.17659940996183343 -0.05413306537501336 0.20319653974589894 19579.0 45279.0 77326.0 110158.0 139855.0 164466.0 183476.0 197192.0 206295.0 211577.0 213803.0 213648.0 211681.0 208365.0 204070.0 199087.0
0 1.0 114.68482288247652 -78.71166863579778 0.8356010395792741 0.6353912957112411 0.5024990088837736 0.17659940996183343 -0.05413306537501336 0.20319653974589894 19620.0 45356.0 77437.0 110292.0 140002.0 164619.0 183633.0 197351.0 206457.0 211743.0 213973.0 213823.0 211859.0 208546.0 204253.0 199272.0
1 1.0 240.2677367869254 -13.674194659828444 0.8356010395792741 0.6353912957112411 0.5024990088837736 0.17659940996183343 -0.05413306537501336 0.20319653974589894 19619.0 45354.0 77427.0 110269.0 139959.0 164554.0 183545.0 197242.0 206330.0 211600.0 213817.0 213658.0 211688.0 208370.0 204075.0 199093.0
2 1.0 47.447230465581185 -43.436867959906614 0.8356010395792741 0.6353912957112411 0.5024990088837736 0.17659940996183343 -0.05413306537501336 0.20319653974589894 19566.0 45249.0 77282.0 110111.0 139816.0 164445.0 183479.0 197221.0 206348.0 211652.0 213895.0 213754.0 211795.0 208483.0 204189.0 199204.0
3 1.0 257.8777934826836 62.82689551713193 0.8356010395792741 0.6353912957112411 0.5024990088837736 0.17659940996183343 -0.05413306537501336 0.20319653974589894 19581.0 45291.0 77350.0 110184.0 139865.0 164440.0 183399.0 197052.0 206088.0 211306.0 213472.0 213266.0 211255.0 207904.0 203583.0 198581.0
4 1.0 104.1861934609924 -84.00516722159469 0.8356010395792741 0.6353912957112411 0.5024990088837736 0.17659940996183343 -0.05413306537501336 0.20319653974589894 19613.0 45346.0 77426.0 110288.0 140009.0 164641.0 183667.0 197395.0 206505.0 211791.0 214018.0 213861.0 211889.0 208566.0 204262.0 199270.0
5 1.0 65.94889032256206 82.61688993542523 0.8356010395792741 0.6353912957112411 0.5024990088837736 0.17659940996183343 -0.05413306537501336 0.20319653974589894 19615.0 45345.0 77419.0 110270.0 139977.0 164589.0 183595.0 197302.0 206393.0 211661.0 213872.0 213702.0 211719.0 208388.0 204078.0 199082.0
6 1.0 211.14465653162995 -26.033607275052667 0.8356010395792741 0.6353912957112411 0.5024990088837736 0.17659940996183343 -0.05413306537501336 0.20319653974589894 19555.0 45247.0 77297.0 110138.0 139844.0 164465.0 183488.0 197218.0 206339.0 211643.0 213894.0 213766.0 211826.0 208538.0 204269.0 199311.0
7 1.0 7.238716627497679 -25.792759727542276 0.8356010395792741 0.6353912957112411 0.5024990088837736 0.17659940996183343 -0.05413306537501336 0.20319653974589894 19596.0 45312.0 77380.0 110237.0 139959.0 164595.0 183628.0 197362.0 206478.0 211769.0 213998.0 213843.0 211872.0 208549.0 204244.0 199250.0
8 1.0 298.4184105182507 -87.06086951693258 0.8356010395792741 0.6353912957112411 0.5024990088837736 0.17659940996183343 -0.05413306537501336 0.20319653974589894 19609.0 45331.0 77399.0 110250.0 139961.0 164584.0 183601.0 197318.0 206416.0 211689.0 213901.0 213729.0 211742.0 208404.0 204087.0 199082.0
9 1.0 1.6903714293169436 -56.65818145748689 0.8356010395792741 0.6353912957112411 0.5024990088837736 0.17659940996183343 -0.05413306537501336 0.20319653974589894 19564.0 45250.0 77275.0 110081.0 139751.0 164347.0 183360.0 197097.0 206240.0 211577.0 213868.0 213783.0 211887.0 208640.0 204411.0 199489.0
10 1.0 244.01395324664284 -17.773289855350427 0.8356010395792741 0.6353912957112411 0.5024990088837736 0.17659940996183343 -0.05413306537501336 0.20319653974589894 19622.0 45362.0 77444.0 110300.0 140009.0 164627.0 183641.0 197360.0 206467.0 211753.0 213982.0 213831.0 211865.0 208550.0 204254.0 199270.0
11 1.0 97.20287034917935 77.27245511448851 0.8356010395792741 0.6353912957112411 0.5024990088837736 0.17659940996183343 -0.05413306537501336 0.20319653974589894 19623.0 45360.0 77442.0 110299.0 140008.0 164621.0 183624.0 197325.0 206409.0 211670.0 213874.0 213696.0 211707.0 208370.0 204055.0 199053.0
12 1.0 264.66984796413414 -72.06931256017117 0.8356010395792741 0.6353912957112411 0.5024990088837736 0.17659940996183343 -0.05413306537501336 0.20319653974589894 19609.0 45332.0 77400.0 110253.0 139971.0 164605.0 183639.0 197379.0 206504.0 211806.0 214047.0 213903.0 211942.0 208627.0 204330.0 199342.0
13 1.0 346.38787624227774 80.15427602623433 0.8356010395792741 0.6353912957112411 0.5024990088837736 0.17659940996183343 -0.05413306537501336 0.20319653974589894 19625.0 45367.0 77455.0 110318.0 140033.0 164650.0 183657.0 197363.0 206452.0 211718.0 213926.0 213754.0 211769.0 208437.0 204126.0 199129.0
14 1.0 89.55113166718489 66.5079354983938 0.8356010395792741 0.6353912957112411 0.5024990088837736 0.17659940996183343 -0.05413306537501336 0.20319653974589894 19616.0 45347.0 77423.0 110280.0 139996.0 164622.0 183643.0 197366.0 206471.0 211753.0 213976.0 213816.0 211841.0 208517.0 204212.0 199219.0
15 1.0 207.4166403904213 -8.25076855664068 0.8356010395792741 0.6353912957112411 0.5024990088837736 0.17659940996183343 -0.05413306537501336 0.20319653974589894 19603.0 45342.0 77445.0 110341.0 140099.0 164764.0 183819.0 197568.0 206693.0 211987.0 214217.0 214059.0 212083.0 208753.0 204442.0 199440.0
16 1.0 213.13509525786205 -31.19384128171319 0.8356010395792741 0.6353912957112411 0.5024990088837736 0.17659940996183343 -0.05413306537501336 0.20319653974589894 19562.0 45269.0 77340.0 110202.0 139919.0 164535.0 183534.0 197224.0 206293.0 211536.0 213723.0 213531.0 211530.0 208184.0 203864.0 198861.0
17 1.0 206.01068608471442 -48.10605672976977 0.8356010395792741 0.6353912957112411 0.5024990088837736 0.17659940996183343 -0.05413306537501336 0.20319653974589894 19562.0 45261.0 77329.0 110206.0 139965.0 164644.0 183719.0 197491.0 206638.0 211952.0 214197.0 214051.0 212083.0 208759.0 204451.0 199451.0
18 1.0 80.30938775062259 20.603647165837387 0.8356010395792741 0.6353912957112411 0.5024990088837736 0.17659940996183343 -0.05413306537501336 0.20319653974589894 19619.0 45350.0 77424.0 110277.0 139993.0 164623.0 183655.0 197392.0 206516.0 211817.0 214058.0 213916.0 211957.0 208645.0 204350.0 199365.0
19 1.0 342.9896441461146 -84.04657353440899 0.8356010395792741 0.6353912957112411 0.5024990088837736 0.17659940996183343 -0.05413306537501336 0.20319653974589894 19605.0 45327.0 77391.0 110233.0 139931.0 164540.0 183547.0 197260.0 206362.0 211645.0 213875.0 213725.0 211763.0 208453.0 204163.0 199186.0
20 1.0 160.96513630234585 -87.19090839957092 0.8356010395792741 0.6353912957112411 0.5024990088837736 0.17659940996183343 -0.05413306537501336 0.20319653974589894 19615.0 45346.0 77423.0 110284.0 140006.0 164641.0 183670.0 197401.0 206512.0 211798.0 214021.0 213859.0 211881.0 208550.0 204239.0 199238.0
21 1.0 304.707122089606 -12.816769950317195 0.8356010395792741 0.6353912957112411 0.5024990088837736 0.17659940996183343 -0.05413306537501336 0.20319653974589894 19567.0 45260.0 77309.0 110155.0 139877.0 164521.0 183568.0 197320.0 206458.0 211770.0 214021.0 213886.0 211934.0 208627.0 204337.0 199356.0
22 1.0 251.81253911430156 -77.74666668455036 0.8356010395792741 0.6353912957112411 0.5024990088837736 0.17659940996183343 -0.05413306537501336 0.20319653974589894 19609.0 45329.0 77394.0 110240.0 139949.0 164572.0 183593.0 197318.0 206428.0 211714.0 213940.0 213783.0 211810.0 208486.0 204181.0 199187.0
23 1.0 107.07730230784811 -44.65062211570328 0.8356010395792741 0.6353912957112411 0.5024990088837736 0.17659940996183343 -0.05413306537501336 0.20319653974589894 19584.0 45302.0 77386.0 110272.0 140032.0 164706.0 183771.0 197529.0 206658.0 211952.0 214176.0 214008.0 212019.0 208674.0 204346.0 199327.0
24 1.0 292.9672150928918 -50.19103523770491 0.8356010395792741 0.6353912957112411 0.5024990088837736 0.17659940996183343 -0.05413306537501336 0.20319653974589894 19606.0 45328.0 77396.0 110247.0 139959.0 164585.0 183609.0 197335.0 206446.0 211733.0 213961.0 213806.0 211836.0 208515.0 204213.0 199223.0
25 1.0 142.74206670491446 -44.425585129886656 0.8356010395792741 0.6353912957112411 0.5024990088837736 0.17659940996183343 -0.05413306537501336 0.20319653974589894 19647.0 45421.0 77550.0 110459.0 140217.0 164869.0 183900.0 197619.0 206710.0 211969.0 214164.0 213974.0 211968.0 208613.0 204279.0 199259.0
26 1.0 317.1971509600182 -66.4100583812536 0.8356010395792741 0.6353912957112411 0.5024990088837736 0.17659940996183343 -0.05413306537501336 0.20319653974589894 19589.0 45293.0 77340.0 110169.0 139859.0 164463.0 183467.0 197177.0 206274.0 211553.0 213775.0 213617.0 211647.0 208328.0 204030.0 199044.0
27 1.0 209.25823414890914 -87.83347987842222 0.8356010395792741 0.6353912957112411 0.5024990088837736 0.17659940996183343 -0.05413306537501336 0.20319653974589894 19620.0 45358.0 77444.0 110311.0 140034.0 164662.0 183678.0 197390.0 206480.0 211744.0 213946.0 213765.0 211769.0 208424.0 204100.0 199090.0
28 1.0 317.424730267747 -69.21282651502534 0.8356010395792741 0.6353912957112411 0.5024990088837736 0.17659940996183343 -0.05413306537501336 0.20319653974589894 19597.0 45310.0 77369.0 110210.0 139914.0 164530.0 183546.0 197267.0 206374.0 211660.0 213888.0 213734.0 211766.0 208447.0 204148.0 199159.0
29 1.0 249.3113724279957 21.32644671229461 0.8356010395792741 0.6353912957112411 0.5024990088837736 0.17659940996183343 -0.05413306537501336 0.20319653974589894 19569.0 45248.0 77274.0 110092.0 139785.0 164404.0 183428.0 197161.0 206280.0 211576.0 213811.0 213661.0 211694.0 208374.0 204072.0 199080.0
0 1.0 261.09154073507057 85.36611830724905 0.8356010395792741 0.6353912957112411 0.5024990088837736 0.17659940996183343 -0.05413306537501336 0.20319653974589894 19618.0 45355.0 77436.0 110293.0 140005.0 164627.0 183645.0 197370.0 206482.0 211775.0 214012.0 213868.0 211910.0 208602.0 204313.0 199335.0
1 1.0 180.47677749361281 88.26210028096091 0.8356010395792741 0.6353912957112411 0.5024990088837736 0.17659940996183343 -0.05413306537501336 0.20319653974589894 19613.0 45343.0 77418.0 110273.0 139984.0 164602.0 183613.0 197324.0 206418.0 211687.0 213898.0 213726.0 211741.0 208407.0 204094.0 199093.0
2 1.0 344.1901085003606 -16.37026283284891 0.8356010395792741 0.6353912957112411 0.5024990088837736 0.17659940996183343 -0.05413306537501336 0.20319653974589894 19595.0 45309.0 77368.0 110210.0 139915.0 164534.0 183553.0 197279.0 206393.0 211687.0 213924.0 213779.0 211820.0 208511.0 204221.0 199242.0
3 1.0 231.83647172266947 -60.66820331161104 0.8356010395792741 0.6353912957112411 0.5024990088837736 0.17659940996183343 -0.05413306537501336 0.20319653974589894 19589.0 45299.0 77360.0 110215.0 139939.0 164583.0 183626.0 197372.0 206500.0 211802.0 214041.0 213893.0 211927.0 208607.0 204303.0 199309.0
4 1.0 152.5878174809447 24.977116325975274 0.8356010395792741 0.6353912957112411 0.5024990088837736 0.17659940996183343 -0.05413306537501336 0.20319653974589894 19585.0 45295.0 77354.0 110192.0 139889.0 164497.0 183505.0 197221.0 206327.0 211618.0 213856.0 213716.0 211765.0 208466.0 204188.0 199222.0
5 1.0 218.30155708605275 -1.7450376212273113 0.8356010395792741 0.6353912957112411 0.5024990088837736 0.17659940996183343 -0.05413306537501336 0.20319653974589894 19621.0 45367.0 77459.0 110326.0 140042.0 164659.0 183665.0 197371.0 206461.0 211729.0 213941.0 213772.0 211792.0 208463.0 204157.0 199164.0
6 1.0 6.909551391360069 88.09375991119765 0.8356010395792741 0.6353912957112411 0.5024990088837736 0.17659940996183343 -0.05413306537501336 0.20319653974589894 19622.0 45358.0 77437.0 110294.0 140009.0 164636.0 183663.0 197395.0 206515.0 211815.0 214057.0 213916.0 211961.0 208653.0 204365.0 199386.0
7 1.0 108.56693400283775 -78.24524271267956 0.8356010395792741 0.6353912957112411 0.5024990088837736 0.17659940996183343 -0.05413306537501336 0.20319653974589894 19615.0 45349.0 77430.0 110292.0 140011.0 164638.0 183660.0 197384.0 206493.0 211779.0 214007.0 213852.0 211884.0 208566.0 204267.0 199280.0
8 1.0 237.66247349736662 50.98219889648635 0.8356010395792741 0.6353912957112411 0.5024990088837736 0.17659940996183343 -0.05413306537501336 0.20319653974589894 19549.0 45220.0 77244.0 110067.0 139776.0 164420.0 183482.0 197261.0 206433.0 211786.0 214079.0 213986.0 212074.0 208804.0 204548.0 199597.0
9 1.0 104.42793859575987 -38.0882704803311 0.8356010395792741 0.6353912957112411 0.5024990088837736 0.17659940996183343 -0.05413306537501336 0.20319653974589894 19575.0 45281.0 77343.0 110199.0 139925.0 164571.0 183620.0 197376.0 206520.0 211841.0 214104.0 213983.0 212044.0 208752.0 204477.0 199509.0
10 1.0 222.48555443958296 -46.54464838621668 0.8356010395792741 0.6353912957112411 0.5024990088837736 0.17659940996183343 -0.05413306537501336 0.20319653974589894 19573.0 45282.0 77355.0 110226.0 139966.0 164618.0 183663.0 197405.0 206524.0 211816.0 214045.0 213888.0 211915.0 208591.0 204285.0 199290.0
11 1.0 154.35673234047582 29.250822875881667 0.8356010395792741 0.6353912957112411 0.5024990088837736 0.17659940996183343 -0.05413306537501336 0.20319653974589894 19578.0 45278.0 77322.0 110147.0 139832.0 164432.0 183437.0 197154.0 206267.0 211566.0 213813.0 213684.0 211745.0 208456.0 204188.0 199231.0
12 1.0 48.770663120082084 -45.70862670162639 0.8356010395792741 0.6353912957112411 0.5024990088837736 0.17659940996183343 -0.05413306537501336 0.20319653974589894 19561.0 45240.0 77268.0 110092.0 139789.0 164407.0 183427.0 197152.0 206260.0 211545.0 213770.0 213610.0 211636.0 208310.0 204004.0 199010.0
13 1.0 107.38163734417108 29.854641160653784 0.8356010395792741 0.6353912957112411 0.5024990088837736 0.17659940996183343 -0.05413306537501336 0.20319653974589894 19583.0 45284.0 77336.0 110177.0 139887.0 164515.0 183545.0 197279.0 206400.0 211698.0 213937.0 213792.0 211832.0 208520.0 204227.0 199244.0
14 1.0 205.18736785245537 3.11553309641198 0.8356010395792741 0.6353912957112411 0.5024990088837736 0.17659940996183343 -0.05413306537501336 0.20319653974589894 19615.0 45352.0 77439.0 110310.0 140041.0 164681.0 183716.0 197451.0 206568.0 211858.0 214086.0 213930.0 211957.0 208631.0 204324.0 199328.0
15 1.0 212.71419404934235 -13.663982081547132 0.8356010395792741 0.6353912957112411 0.5024990088837736 0.17659940996183343 -0.05413306537501336 0.20319653974589894 19601.0 45344.0 77453.0 110354.0 140114.0 164778.0 183830.0 197577.0 206701.0 211996.0 214229.0 214076.0 212106.0 208784.0 204481.0 199488.0
16 1.0 206.75708958584838 9.843805559055411 0.8356010395792741 0.6353912957112411 0.5024990088837736 0.17659940996183343 -0.05413306537501336 0.20319653974589894 19617.0 45349.0 77424.0 110275.0 139982.0 164596.0 183605.0 197316.0 206411.0 211685.0 213901.0 213736.0 211759.0 208432.0 204126.0 199133.0
17 1.0 235.1522951485681 -38.330726414466646 0.8356010395792741 0.6353912957112411 0.5024990088837736 0.17659940996183343 -0.05413306537501336 0.20319653974589894 19590.0 45314.0 77400.0 110279.0 140023.0 164678.0 183725.0 197470.0 206593.0 211888.0 214120.0 213966.0 211994.0 208670.0 204363.0 199368.0
18 1.0 234.757177200608 37.1834471291362 0.8356010395792741 0.6353912957112411 0.5024990088837736 0.17659940996183343 -0.05413306537501336 0.20319653974589894 19544.0 45201.0 77203.0 110000.0 139677.0 164285.0 183304.0 197037.0 206161.0 211466.0 213713.0 213577.0 211626.0 208323.0 204037.0 199062.0
19 1.0 155.31063675623062 -15.325763519958471 0.8356010395792741 0.6353912957112411 0.5024990088837736 0.17659940996183343 -0.05413306537501336 0.20319653974589894 19620.0 45356.0 77437.0 110296.0 140006.0 164619.0 183621.0 197320.0 206399.0 211654.0 213850.0 213666.0 211669.0 208326.0 204005.0 198999.0
20 1.0 322.75677450638267 -25.101799112539396 0.8356010395792741 0.6353912957112411 0.5024990088837736 0.17659940996183343 -0.05413306537501336 0.20319653974589894 19554.0 45230.0 77255.0 110073.0 139763.0 164373.0 183386.0 197105.0 206210.0 211494.0 213720.0 213564.0 211594.0 208274.0 203975.0 198987.0
21 1.0 132.32227321724275 59.158244620032804 0.8356010395792741 0.6353912957112411 0.5024990088837736 0.17659940996183343 -0.05413306537501336 0.20319653974589894 19583.0 45287.0 77340.0 110178.0 139879.0 164491.0 183502.0 197216.0 206317.0 211596.0 213819.0 213661.0 211690.0 208370.0 204071.0 199085.0
22 1.0 156.91137309562566 76.4940441515746 0.8356010395792741 0.6353912957112411 0.5024990088837736 0.17659940996183343 -0.05413306537501336 0.20319653974589894 19595.0 45308.0 77369.0 110214.0 139921.0 164541.0 183557.0 197276.0 206380.0 211661.0 213884.0 213724.0 211751.0 208428.0 204126.0 199135.0
23 1.0 321.092407805642 -81.71868404028655 0.8356010395792741 0.6353912957112411 0.5024990088837736 0.17659940996183343 -0.05413306537501336 0.20319653974589894 19603.0 45317.0 77371.0 110205.0 139903.0 164518.0 183537.0 197265.0 206382.0 211678.0 213917.0 213773.0 211814.0 208503.0 204210.0 199227.0
24 1.0 290.22983605659084 -48.12714129064221 0.8356010395792741 0.6353912957112411 0.5024990088837736 0.17659940996183343 -0.05413306537501336 0.20319653974589894 19612.0 45341.0 77418.0 110276.0 139994.0 164623.0 183647.0 197373.0 206484.0 211770.0 213997.0 213841.0 211870.0 208548.0 204245.0 199253.0
25 1.0 253.39989007453187 -27.266513491338614 0.8356010395792741 0.6353912957112411 0.5024990088837736 0.17659940996183343 -0.05413306537501336 0.20319653974589894 19624.0 45368.0 77460.0 110330.0 140052.0 164678.0 183692.0 197405.0 206499.0 211768.0 213980.0 213809.0 211826.0 208494.0 204184.0 199188.0
26 1.0 36.0816794324284 56.693966286644525 0.8356010395792741 0.6353912957112411 0.5024990088837736 0.17659940996183343 -0.05413306537501336 0.20319653974589894 19570.0 45262.0 77304.0 110138.0 139842.0 164465.0 183489.0 197218.0 206333.0 211625.0 213858.0 213708.0 211742.0 208425.0 204128.0 199141.0
27 1.0 331.0137409480825 87.38845697579356 0.8356010395792741 0.6353912957112411 0.5024990088837736 0.17659940996183343 -0.05413306537501336 0.20319653974589894 19611.0 45338.0 77412.0 110268.0 139986.0 164619.0 183652.0 197389.0 206513.0 211813.0 214055.0 213913.0 211956.0 208646.0 204354.0 199371.0
28 1.0 257.1268678376801 84.41490684066332 0.8356010395792741 0.6353912957112411 0.5024990088837736 0.17659940996183343 -0.05413306537501336 0.20319653974589894 19615.0 45352.0 77437.0 110302.0 140019.0 164641.0 183654.0 197367.0 206462.0 211734.0 213948.0 213781.0 211801.0 208472.0 204164.0 199170.0
29 1.0 359.5849223644319 72.89070219898684 0.8356010395792741 0.6353912957112411 0.5024990088837736 0.17659940996183343 -0.05413306537501336 0.20319653974589894 19617.0 45349.0 77427.0 110288.0 140012.0 164650.0 183688.0 197430.0 206558.0 211862.0 214107.0 213968.0 212012.0 208703.0 204412.0 199430.0
0 1.0 53.80138967687775 -36.619872288474625 0.8356010395792741 0.6353912957112411 0.5024990088837736 0.17659940996183343 -0.05413306537501336 0.20319653974589894 19573.0 45259.0 77287.0 110100.0 139781.0 164384.0 183395.0 197120.0 206239.0 211542.0 213793.0 213665.0 211725.0 208435.0 204164.0 199204.0
1 1.0 312.52538065255715 88.56202381460534 0.8356010395792741 0.6353912957112411 0.5024990088837736 0.17659940996183343 -0.05413306537501336 0.20319653974589894 19612.0 45341.0 77416.0 110275.0 139994.0 164625.0 183653.0 197383.0 206496.0 211786.0 214015.0 213861.0 211891.0 208570.0 204268.0 199277.0
2 1.0 58.497456483494936 -45.10439260983878 0.8356010395792741 0.6353912957112411 0.5024990088837736 0.17659940996183343 -0.05413306537501336 0.20319653974589894 19562.0 45244.0 77275.0 110097.0 139789.0 164397.0 183407.0 197122.0 206224.0 211505.0 213730.0 213574.0 211607.0 208290.0 203995.0 199012.0
3 1.0 221.6014431421839 -70.9368921211982 0.8356010395792741 0.6353912957112411 0.5024990088837736 0.17659940996183343 -0.05413306537501336 0.20319653974589894 19603.0 45319.0 77376.0 110213.0 139910.0 164520.0 183529.0 197244.0 206348.0 211632.0 213860.0 213708.0 211743.0 208429.0 204136.0 199154.0
4 1.0 44.57519382579895 81.17146998997094 0.8356010395792741 0.6353912957112411 0.5024990088837736 0.17659940996183343 -0.05413306537501336 0.20319653974589894 19610.0 45330.0 77392.0 110233.0 139935.0 164549.0 183562.0 197280.0 206385.0 211668.0 213894.0 213738.0 211769.0 208449.0 204149.0 199161.0
5 1.0 305.2829625560044 -47.98435401574267 0.8356010395792741 0.6353912957112411 0.5024990088837736 0.17659940996183343 -0.05413306537501336 0.20319653974589894 19585.0 45286.0 77334.0 110169.0 139872.0 164492.0 183515.0 197243.0 206358.0 211650.0 213883.0 213734.0 211769.0 208453.0 204155.0 199169.0
6 1.0 290.63482514100383 34.15828771399508 0.8356010395792741 0.6353912957112411 0.5024990088837736 0.17659940996183343 -0.05413306537501336 0.20319653974589894 19589.0 45310.0 77390.0 110263.0 140004.0 164659.0 183709.0 197459.0 206589.0 211891.0 214130.0 213982.0 212015.0 208695.0 204392.0 199398.0
7 1.0 204.8762659012536 -79.49585538349405 0.8356010395792741 0.6353912957112411 0.5024990088837736 0.17659940996183343 -0.05413306537501336 0.20319653974589894 19618.0 45348.0 77419.0 110267.0 139972.0 164590.0 183607.0 197331.0 206443.0 211736.0 213972.0 213827.0 211868.0 208558.0 204268.0 199289.0
8 1.0 146.58598700135988 41.52763784294572 0.8356010395792741 0.6353912957112411 0.5024990088837736 0.17659940996183343 -0.05413306537501336 0.20319653974589894 19570.0 45272.0 77342.0 110226.0 139998.0 164700.0 183806.0 197611.0 206792.0 212136.0 214407.0 214282.0 212330.0 209017.0 204714.0 199716.0
9 1.0 24.900118363849696 68.70963822009114 0.8356010395792741 0.6353912957112411 0.5024990088837736 0.17659940996183343 -0.05413306537501336 0.20319653974589894 19603.0 45320.0 77383.0 110227.0 139932.0 164549.0 183565.0 197286.0 206394.0 211681.0 213911.0 213760.0 211796.0 208482.0 204189.0 199207.0
10 1.0 251.07435833204292 -40.96135881612675 0.8356010395792741 0.6353912957112411 0.5024990088837736 0.17659940996183343 -0.05413306537501336 0.20319653974589894 19602.0 45323.0 77392.0 110245.0 139960.0 164588.0 183613.0 197341.0 206454.0 211743.0 213973.0 213820.0 211851.0 208531.0 204230.0 199240.0
11 1.0 163.27536576410478 -21.76975870606286 0.8356010395792741 0.6353912957112411 0.5024990088837736 0.17659940996183343 -0.05413306537501336 0.20319653974589894 19606.0 45327.0 77399.0 110260.0 139990.0 164635.0 183674.0 197412.0 206527.0 211812.0 214031.0 213861.0 211872.0 208529.0 204204.0 199190.0
12 1.0 259.94001580932525 -22.6266870022351 0.8356010395792741 0.6353912957112411 0.5024990088837736 0.17659940996183343 -0.05413306537501336 0.20319653974589894 19626.0 45364.0 77445.0 110303.0 140017.0 164642.0 183663.0 197388.0 206498.0 211785.0 214013.0 213858.0 211887.0 208565.0 204261.0 199268.0
13 1.0 311.8976373343065 44.781886357223954 0.8356010395792741 0.6353912957112411 0.5024990088837736 0.17659940996183343 -0.05413306537501336 0.20319653974589894 19612.0 45338.0 77404.0 110240.0 139929.0 164524.0 183518.0 197220.0 206313.0 211590.0 213817.0 213667.0 211707.0 208400.0 204116.0 199145.0
14 1.0 351.1877418010389 -47.19469634297301 0.8356010395792741 0.6353912957112411 0.5024990088837736 0.17659940996183343 -0.05413306537501336 0.20319653974589894 19561.0 45250.0 77300.0 110156.0 139899.0 164573.0 183655.0 197444.0 206616.0 211960.0 214237.0 214123.0 212185.0 208889.0 204605.0 199627.0
15 1.0 308.08920326133995 -59.06644217142426 0.8356010395792741 0.6353912957112411 0.5024990088837736 0.17659940996183343 -0.05413306537501336 0.20319653974589894 19598.0 45314.0 77376.0 110218.0 139922.0 164537.0 183552.0 197272.0 206380.0 211669.0 213901.0 213753.0 211793.0 208482.0 204193.0 199214.0
16 1.0 4.21707030660071 -9.127503236207147 0.8356010395792741 0.6353912957112411 0.5024990088837736 0.17659940996183343 -0.05413306537501336 0.20319653974589894 19603.0 45321.0 77385.0 110234.0 139944.0 164564.0 183575.0 197284.0 206371.0 211631.0 213829.0 213642.0 211641.0 208290.0 203960.0 198943.0
17 1.0 129.592103212211 -35.19568667208249 0.8356010395792741 0.6353912957112411 0.5024990088837736 0.17659940996183343 -0.05413306537501336 0.20319653974589894 19623.0 45378.0 77493.0 110398.0 140160.0 164823.0 183870.0 197605.0 206711.0 211984.0 214190.0 214008.0 212008.0 208656.0 204323.0 199302.0
18 1.0 262.7966024726609 61.05404200655744 0.8356010395792741 0.6353912957112411 0.5024990088837736 0.17659940996183343 -0.05413306537501336 0.20319653974589894 19581.0 45283.0 77325.0 110146.0 139826.0 164424.0 183430.0 197153.0 206273.0 211582.0 213841.0 213724.0 211795.0 208517.0 204259.0 199310.0
19 1.0 61.78668381411859 -47.20647131718502 0.8356010395792741 0.6353912957112411 0.5024990088837736 0.17659940996183343 -0.05413306537501336 0.20319653974589894 19559.0 45239.0 77269.0 110093.0 139793.0 164418.0 183451.0 197195.0 206330.0 211644.0 213900.0 213774.0 211831.0 208537.0 204259.0 199290.0
20 1.0 187.57317823348654 0.4301023480670665 0.8356010395792741 0.6353912957112411 0.5024990088837736 0.17659940996183343 -0.05413306537501336 0.20319653974589894 19614.0 45351.0 77439.0 110313.0 140048.0 164695.0 183737.0 197481.0 206607.0 211908.0 214147.0 214001.0 212038.0 208722.0 204424.0 199435.0
21 1.0 19.561675802131305 79.66504794562746 0.8356010395792741 0.6353912957112411 0.5024990088837736 0.17659940996183343 -0.05413306537501336 0.20319653974589894 19617.0 45343.0 77408.0 110246.0 139943.0 164553.0 183567.0 197290.0 206406.0 211704.0 213947.0 213811.0 211861.0 208561.0 204280.0 199309.0
22 1.0 71.99874896270403 24.119585594038938 0.8356010395792741 0.6353912957112411 0.5024990088837736 0.17659940996183343 -0.05413306537501336 0.20319653974589894 19614.0 45344.0 77421.0 110280.0 140001.0 164630.0 183652.0 197372.0 206472.0 211743.0 213952.0 213775.0 211782.0 208438.0 204113.0 199100.0
23 1.0 6.66784600582103 66.11209298324366 0.8356010395792741 0.6353912957112411 0.5024990088837736 0.17659940996183343 -0.05413306537501336 0.20319653974589894 19606.0 45327.0 77395.0 110243.0 139951.0 164569.0 183584.0 197302.0 206407.0 211690.0 213916.0 213760.0 211792.0 208473.0 204175.0 199188.0
24 1.0 285.7311732086714 79.23774408385813 0.8356010395792741 0.6353912957112411 0.5024990088837736 0.17659940996183343 -0.05413306537501336 0.20319653974589894 19618.0 45352.0 77429.0 110285.0 139997.0 164620.0 183640.0 197364.0 206473.0 211760.0 213989.0 213836.0 211867.0 208548.0 204249.0 199260.0
25 1.0 80.61288770173685 45.13767513954335 0.8356010395792741 0.6353912957112411 0.5024990088837736 0.17659940996183343 -0.05413306537501336 0.20319653974589894 19613.0 45339.0 77411.0 110262.0 139972.0 164592.0 183609.0 197328.0 206433.0 211715.0 213939.0 213782.0 211810.0 208489.0 204187.0 199198.0
26 1.0 124.32660505088496 35.92351084045525 0.8356010395792741 0.6353912957112411 0.5024990088837736 0.17659940996183343 -0.05413306537501336 0.20319653974589894 19571.0 45266.0 77313.0 110151.0 139858.0 164484.0 183513.0 197249.0 206374.0 211679.0 213926.0 213790.0 211840.0 208539.0 204256.0 199283.0
27 1.0 334.1092656476127 84.23380198876086 0.8356010395792741 0.6353912957112411 0.5024990088837736 0.17659940996183343 -0.05413306537501336 0.20319653974589894 19619.0 45355.0 77439.0 110307.0 140035.0 164673.0 183705.0 197436.0 206547.0 211830.0 214050.0 213883.0 211900.0 208563.0 204246.0 199238.0
28 1.0 253.5891846924718 88.99214213658229 0.8356010395792741 0.6353912957112411 0.5024990088837736 0.17659940996183343 -0.05413306537501336 0.20319653974589894 19616.0 45351.0 77435.0 110302.0 140029.0 164666.0 183698.0 197431.0 206546.0 211836.0 214066.0 213911.0 211940.0 208617.0 204312.0 199319.0
29 1.0 11.462014631270826 -8.672097119443265 0.8356010395792741 0.6353912957112411 0.5024990088837736 0.17659940996183343 -0.05413306537501336 0.20319653974589894 19606.0 45324.0 77386.0 110232.0 139945.0 164577.0 183614.0 197362.0 206499.0 211815.0 214072.0 213946.0 212003.0 208707.0 204426.0 199454.0
0 1.0 59.289896339248585 -77.2434399268425 0.8356010395792741 0.6353912957112411 0.5024990088837736 0.17659940996183343 -0.05413306537501336 0.20319653974589894 19598.0 45316.0 77384.0 110237.0 139953.0 164583.0 183609.0 197337.0 206447.0 211732.0 213957.0 213796.0 211820.0 208491.0 204182.0 199183.0
1 1.0 223.73222453991488 -37.29707434070661 0.8356010395792741 0.6353912957112411 0.5024990088837736 0.17659940996183343 -0.05413306537501336 0.20319653974589894 19562.0 45262.0 77328.0 110197.0 139940.0 164600.0 183657.0 197412.0 206545.0 211850.0 214090.0 213943.0 211977.0 208657.0 204354.0 199361.0
2 1.0 207.80229189750034 -62.57615297620852 0.8356010395792741 0.6353912957112411 0.5024990088837736 0.17659940996183343 -0.05413306537501336 0.20319653974589894 19586.0 45294.0 77358.0 110219.0 139954.0 164609.0 183666.0 197425.0 206565.0 211876.0 214124.0 213982.0 212020.0 208704.0 204403.0 199410.0
3 1.0 85.64141569482311 -14.852452536717877 0.8356010395792741 0.6353912957112411 0.5024990088837736 0.17659940996183343 -0.05413306537501336 0.20319653974589894 19564.0 45245.0 77271.0 110086.0 139773.0 164382.0 183398.0 197124.0 206241.0 211540.0 213782.0 213642.0 211689.0 208385.0 204099.0 199124.0
4 1.0 336.3170392529258 -66.36792087481392 0.8356010395792741 0.6353912957112411 0.5024990088837736 0.17659940996183343 -0.05413306537501336 0.20319653974589894 19574.0 45268.0 77311.0 110146.0 139854.0 164484.0 183521.0 197267.0 206401.0 211713.0 213965.0 213833.0 211883.0 208579.0 204293.0 199314.0
5 1.0 221.02774414772256 18.741204723758756 0.8356010395792741 0.6353912957112411 0.5024990088837736 0.17659940996183343 -0.05413306537501336 0.20319653974589894 19615.0 45341.0 77410.0 110257.0 139962.0 164575.0 183582.0 197291.0 206382.0 211650.0 213860.0 213688.0 211703.0 208369.0 204055.0 199055.0
6 1.0 192.827809088985 -21.094549351586267 0.8356010395792741 0.6353912957112411 0.5024990088837736 0.17659940996183343 -0.05413306537501336 0.20319653974589894 19559.0 45251.0 77307.0 110166.0 139902.0 164557.0 183609.0 197359.0 206487.0 211785.0 214017.0 213860.0 211885.0 208556.0 204244.0 199242.0
7 1.0 212.36759148764554 71.1694591718778 0.8356010395792741 0.6353912957112411 0.5024990088837736 0.17659940996183343 -0.05413306537501336 0.20319653974589894 19584.0 45294.0 77359.0 110214.0 139934.0 164566.0 183593.0 197318.0 206423.0 211702.0 213920.0 213753.0 211770.0 208437.0 204123.0 199121.0
8 1.0 262.8439306260371 84.20304092373033 0.8356010395792741 0.6353912957112411 0.5024990088837736 0.17659940996183343 -0.05413306537501336 0.20319653974589894 19619.0 45355.0 77435.0 110290.0 139997.0 164613.0 183626.0 197345.0 206453.0 211743.0 213978.0 213834.0 211877.0 208570.0 204284.0 199309.0
9 1.0 112.30019837265667 8.43928230049599 0.8356010395792741 0.6353912957112411 0.5024990088837736 0.17659940996183343 -0.05413306537501336 0.20319653974589894 19547.0 45215.0 77236.0 110057.0 139758.0 164386.0 183423.0 197169.0 206303.0 211614.0 213866.0 213733.0 211783.0 208480.0 204194.0 199217.0
10 1.0 143.35958239779308 -40.531757423832616 0.8356010395792741 0.6353912957112411 0.5024990088837736 0.17659940996183343 -0.05413306537501336 0.20319653974589894 19643.0 45412.0 77537.0 110444.0 140201.0 164856.0 183892.0 197617.0 206716.0 211983.0 214187.0 214004.0 212007.0 208659.0 204333.0 199319.0
11 1.0 75.54374963104397 16.601475377130626 0.8356010395792741 0.6353912957112411 0.5024990088837736 0.17659940996183343 -0.05413306537501336 0.20319653974589894 19624.0 45361.0 77437.0 110284.0 139983.0 164587.0 183587.0 197291.0 206382.0 211655.0 213873.0 213713.0 211741.0 208421.0 204123.0 199138.0
12 1.0 67.02948211692102 71.41700848039378 0.8356010395792741 0.6353912957112411 0.5024990088837736 0.17659940996183343 -0.05413306537501336 0.20319653974589894 19605.0 45323.0 77385.0 110230.0 139939.0 164562.0 183581.0 197303.0 206407.0 211686.0 213905.0 213739.0 211758.0 208425.0 204112.0 199110.0
13 1.0 339.9740603942161 -16.787997749565307 0.8356010395792741 0.6353912957112411 0.5024990088837736 0.17659940996183343 -0.05413306537501336 0.20319653974589894 19582.0 45279.0 77319.0 110140.0 139823.0 164421.0 183420.0 197126.0 206221.0 211497.0 213717.0 213558.0 211587.0 208268.0 203970.0 198985.0
14 1.0 266.2382862177435 9.374089804554757 0.8356010395792741 0.6353912957112411 0.5024990088837736 0.17659940996183343 -0.05413306537501336 0.20319653974589894 19561.0 45232.0 77246.0 110049.0 139724.0 164320.0 183322.0 197031.0 206128.0 211404.0 213624.0 213462.0 211487.0 208162.0 203859.0 198868.0
15 1.0 176.56517110232414 -41.10250183089374 0.8356010395792741 0.6353912957112411 0.5024990088837736 0.17659940996183343 -0.05413306537501336 0.20319653974589894 19585.0 45295.0 77365.0 110234.0 139976.0 164636.0 183694.0 197450.0 206585.0 211891.0 214131.0 213984.0 212017.0 208695.0 204390.0 199394.0
16 1.0 81.86926607039636 -8.020053098995149 0.8356010395792741 0.6353912957112411 0.5024990088837736 0.17659940996183343 -0.05413306537501336 0.20319653974589894 19575.0 45258.0 77285.0 110102.0 139796.0 164418.0 183450.0 197193.0 206326.0 211637.0 213889.0 213756.0 211805.0 208501.0 204213.0 199233.0
17 1.0 91.56833343734147 -17.69156363167224 0.8356010395792741 0.6353912957112411 0.5024990088837736 0.17659940996183343 -0.05413306537501336 0.20319653974589894 19556.0 45238.0 77274.0 110111.0 139825.0 164463.0 183505.0 197253.0 206385.0 211692.0 213938.0 213798.0 211841.0 208530.0 204237.0 199253.0
18 1.0 20.89049771659522 -45.28557628506522 0.8356010395792741 0.6353912957112411 0.5024990088837736 0.17659940996183343 -0.05413306537501336 0.20319653974589894 19576.0 45281.0 77345.0 110202.0 139926.0 164562.0 183590.0 197314.0 206416.0 211690.0 213902.0 213728.0 211739.0 208399.0 204079.0 199072.0
19 1.0 156.3899852009235 1.0559490885555078 0.8356010395792741 0.6353912957112411 0.5024990088837736 0.17659940996183343 -0.05413306537501336 0.20319653974589894 19609.0 45336.0 77410.0 110269.0 139989.0 164623.0 183655.0 197390.0 206509.0 211804.0 214039.0 213889.0 211924.0 208606.0 204306.0 199317.0
20 1.0 112.24651751787692 -34.13145132363395 0.8356010395792741 0.6353912957112411 0.5024990088837736 0.17659940996183343 -0.05413306537501336 0.20319653974589894 19582.0 45296.0 77378.0 110271.0 140051.0 164759.0 183869.0 197676.0 206856.0 212199.0 214468.0 214338.0 212382.0 209063.0 204755.0 199751.0
21 1.0 250.6836559735654 -22.85372450146545 0.8356010395792741 0.6353912957112411 0.5024990088837736 0.17659940996183343 -0.05413306537501336 0.20319653974589894 19615.0 45345.0 77420.0 110275.0 139990.0 164616.0 183638.0 197361.0 206467.0 211747.0 213967.0 213801.0 211819.0 208486.0 204171.0 199168.0
22 1.0 135.99066214529313 4.494679605767573 0.8356010395792741 0.6353912957112411 0.5024990088837736 0.17659940996183343 -0.05413306537501336 0.20319653974589894 19574.0 45274.0 77330.0 110180.0 139903.0 164545.0 183588.0 197335.0 206465.0 211771.0 214015.0 213874.0 211915.0 208603.0 204308.0 199322.0
23 1.0 64.65732392146853 45.10710412721775 0.8356010395792741 0.6353912957112411 0.5024990088837736 0.17659940996183343 -0.05413306537501336 0.20319653974589894 19608.0 45344.0 77436.0 110317.0 140060.0 164714.0 183762.0 197508.0 206633.0 211931.0 214166.0 214014.0 212045.0 208722.0 204417.0 199423.0
24 1.0 8.884342220879242 -29.968656157570443 0.8356010395792741 0.6353912957112411 0.5024990088837736 0.17659940996183343 -0.05413306537501336 0.20319653974589894 19589.0 45297.0 77354.0 110198.0 139907.0 164531.0 183555.0 197283.0 206398.0 211692.0 213928.0 213783.0 211823.0 208512.0 204221.0 199241.0
25 1.0 24.20986732676949 76.34857799173744 0.8356010395792741 0.6353912957112411 0.5024990088837736 0.17659940996183343 -0.05413306537501336 0.20319653974589894 19612.0 45336.0 77407.0 110262.0 139982.0 164616.0 183647.0 197379.0 206492.0 211778.0 214002.0 213840.0 211860.0 208528.0 204214.0 199211.0
26 1.0 244.58139845948423 65.21733843046243 0.8356010395792741 0.6353912957112411 0.5024990088837736 0.17659940996183343 -0.05413306537501336 0.20319653974589894 19573.0 45273.0 77327.0 110173.0 139891.0 164530.0 183573.0 197324.0 206461.0 211776.0 214032.0 213904.0 211959.0 208661.0 204380.0 199407.0
27 1.0 163.33086404017632 -81.23574672440486 0.8356010395792741 0.6353912957112411 0.5024990088837736 0.17659940996183343 -0.05413306537501336 0.20319653974589894 19617.0 45347.0 77421.0 110271.0 139975.0 164582.0 183580.0 197275.0 206353.0 211606.0 213801.0 213614.0 211616.0 208270.0 203947.0 198939.0
28 1.0 193.16851599914 -44.3443456337719 0.8356010395792741 0.6353912957112411 0.5024990088837736 0.17659940996183343 -0.05413306537501336 0.20319653974589894 19536.0 45195.0 77209.0 110031.0 139743.0 164391.0 183455.0 197232.0 206397.0 211738.0 214016.0 213906.0 211975.0 208687.0 204412.0 199442.0
29 1.0 322.80166549452315 -9.695607721343649 0.8356010395792741 0.6353912957112411 0.5024990088837736 0.17659940996183343 -0.05413306537501336 0.20319653974589894 19583.0 45288.0 77343.0 110186.0 139894.0 164517.0 183537.0 197260.0 206368.0 211653.0 213880.0 213725.0 211756.0 208436.0 204137.0 199150.0
0 1.0 356.52202106281356 -71.16698002635466 0.8356010395792741 0.6353912957112411 0.5024990088837736 0.17659940996183343 -0.05413306537501336 0.20319653974589894 19577.0 45278.0 77334.0 110187.0 139915.0 164565.0 183617.0 197373.0 206511.0 211822.0 214070.0 213929.0 211969.0 208654.0 204355.0 199364.0
1 1.0 78.08291438345061 -27.274321973970522 0.8356010395792741 0.6353912957112411 0.5024990088837736 0.17659940996183343 -0.05413306537501336 0.20319653974589894 19564.0 45247.0 77278.0 110101.0 139799.0 164424.0 183460.0 197211.0 206354.0 211680.0 213949.0 213836.0 211908.0 208626.0 204361.0 199403.0
2 1.0 238.70815311603627 43.21755461118286 0.8356010395792741 0.6353912957112411 0.5024990088837736 0.17659940996183343 -0.05413306537501336 0.20319653974589894 19564.0 45257.0 77305.0 110147.0 139857.0 164482.0 183504.0 197227.0 206333.0 211614.0 213836.0 213674.0 211698.0 208371.0 204065.0 199070.0
3 1.0 94.79605562537424 32.49260660570866 0.8356010395792741 0.6353912957112411 0.5024990088837736 0.17659940996183343 -0.05413306537501336 0.20319653974589894 19605.0 45325.0 77389.0 110234.0 139936.0 164549.0 183560.0 197276.0 206381.0 211666.0 213897.0 213748.0 211789.0 208480.0 204193.0 199218.0
4 1.0 7.434359807662325 22.02919714188087 0.8356010395792741 0.6353912957112411 0.5024990088837736 0.17659940996183343 -0.05413306537501336 0.20319653974589894 19559.0 45243.0 77282.0 110121.0 139840.0 164486.0 183538.0 197297.0 206442.0 211762.0 214020.0 213892.0 211945.0 208644.0 204358.0 199381.0
5 1.0 273.01631538101094 37.895112490022214 0.8356010395792741 0.6353912957112411 0.5024990088837736 0.17659940996183343 -0.05413306537501336 0.20319653974589894 19554.0 45233.0 77268.0 110099.0 139804.0 164430.0 183457.0 197190.0 206307.0 211601.0 213835.0 213685.0 211720.0 208404.0 204107.0 199121.0
6 1.0 115.20617429608842 -53.113736347253685 0.8356010395792741 0.6353912957112411 0.5024990088837736 0.17659940996183343 -0.05413306537501336 0.20319653974589894 19611.0 45348.0 77439.0 110315.0 140053.0 164703.0 183750.0 197497.0 206626.0 211929.0 214171.0 214026.0 212064.0 208748.0 204450.0 199460.0
7 1.0 138.04700190188328 -28.494339324348218 0.8356010395792741 0.6353912957112411 0.5024990088837736 0.17659940996183343 -0.05413306537501336 0.20319653974589894 19625.0 45376.0 77477.0 110355.0 140084.0 164716.0 183740.0 197462.0 206569.0 211855.0 214083.0 213931.0 211966.0 208652.0 204360.0 199379.0
8 1.0 211.79416087929806 31.723646809943318 0.8356010395792741 0.6353912957112411 0.5024990088837736 0.17659940996183343 -0.05413306537501336 0.20319653974589894 19611.0 45348.0 77442.0 110323.0 140066.0 164715.0 183756.0 197494.0 206612.0 211904.0 214135.0 213982.0 212014.0 208695.0 204395.0 199407.0
9 1.0 299.17744388502854 68.26225734563889 0.8356010395792741 0.6353912957112411 0.5024990088837736 0.17659940996183343 -0.05413306537501336 0.20319653974589894 19628.0 45377.0 77471.0 110339.0 140056.0 164675.0 183685.0 197397.0 206495.0 211773.0 213996.0 213839.0 211871.0 208554.0 204259.0 199277.0
10 1.0 226.43346369281355 7.86204968905713 0.8356010395792741 0.6353912957112411 0.5024990088837736 0.17659940996183343 -0.05413306537501336 0.20319653974589894 19635.0 45390.0 77492.0 110368.0 140090.0 164709.0 183713.0 197412.0 206492.0 211750.0 213951.0 213773.0 211784.0 208449.0 204137.0 199140.0
11 1.0 314.1542359610623 -39.11406282980341 0.8356010395792741 0.6353912957112411 0.5024990088837736 0.17659940996183343 -0.05413306537501336 0.20319653974589894 19563.0 45241.0 77266.0 110081.0 139769.0 164380.0 183397.0 197123.0 206237.0 211531.0 213767.0 213621.0 211661.0 208350.0 204058.0 199077.0
12 1.0 98.47513253362888 -84.55765355892314 0.8356010395792741 0.6353912957112411 0.5024990088837736 0.17659940996183343 -0.05413306537501336 0.20319653974589894 19610.0 45338.0 77413.0 110270.0 139987.0 164615.0 183639.0 197366.0 206477.0 211764.0 213993.0 213838.0 211868.0 208548.0 204246.0 199256.0
13 1.0 287.29686020852296 37.8606292153584 0.8356010395792741 0.6353912957112411 0.5024990088837736 0.17659940996183343 -0.05413306537501336 0.20319653974589894 19590.0 45311.0 77392.0 110267.0 140008.0 164664.0 183715.0 197466.0 206598.0 211902.0 214144.0 213998.0 212035.0 208717.0 204417.0 199426.0
14 1.0 66.8289399501428 -88.58086136848073 0.8356010395792741 0.6353912957112411 0.5024990088837736 0.17659940996183343 -0.05413306537501336 0.20319653974589894 19614.0 45345.0 77423.0 110281.0 139999.0 164628.0 183654.0 197383.0 206496.0 211787.0 214019.0 213868.0 211903.0 208587.0 204291.0 199306.0
15 1.0 343.0049965099 -22.9177674322208 0.8356010395792741 0.6353912957112411 0.5024990088837736 0.17659940996183343 -0.05413306537501336 0.20319653974589894 19574.0 45263.0 77300.0 110128.0 139830.0 164456.0 183489.0 197231.0 206359.0 211665.0 213910.0 213771.0 211813.0 208503.0 204209.0 199224.0
16 1.0 247.4957794996135 5.496698621300723 0.8356010395792741 0.6353912957112411 0.5024990088837736 0.17659940996183343 -0.05413306537501336 0.20319653974589894 19595.0 45294.0 77332.0 110157.0 139853.0 164470.0 183492.0 197221.0 206335.0 211624.0 213853.0 213696.0 211722.0 208395.0 204086.0 199087.0
17 1.0 77.58276376088104 75.98006311809476 0.8356010395792741 0.6353912957112411 0.5024990088837736 0.17659940996183343 -0.05413306537501336 0.20319653974589894 19621.0 45355.0 77434.0 110292.0 140010.0 164641.0 183672.0 197407.0 206529.0 211828.0 214068.0 213924.0 211965.0 208653.0 204360.0 199376.0
18 1.0 341.0534125760127 -73.89098189407798 0.8356010395792741 0.6353912957112411 0.5024990088837736 0.17659940996183343 -0.05413306537501336 0.20319653974589894 19591.0 45304.0 77368.0 110220.0 139942.0 164582.0 183624.0 197371.0 206505.0 211814.0 214064.0 213928.0 211974.0 208667.0 204376.0 199394.0
19 1.0 263.1080904372568 -16.930382045708924 0.8356010395792741 0.6353912957112411 0.5024990088837736 0.17659940996183343 -0.05413306537501336 0.20319653974589894 19631.0 45383.0 77486.0 110373.0 140118.0 164770.0 183812.0 197550.0 206666.0 211953.0 214175.0 214011.0 212029.0 208695.0 204378.0 199373.0
20 1.0 91.4189913342093 -85.6236240521716 0.8356010395792741 0.6353912957112411 0.5024990088837736 0.17659940996183343 -0.05413306537501336 0.20319653974589894 19610.0 45339.0 77414.0 110273.0 139993.0 164627.0 183659.0 197394.0 206514.0 211810.0 214046.0 213898.0 211933.0 208616.0 204317.0 199327.0
21 1.0 76.79231185229351 -28.33002281851374 0.8356010395792741 0.6353912957112411 0.5024990088837736 0.17659940996183343 -0.05413306537501336 0.20319653974589894 19565.0 45248.0 77279.0 110103.0 139801.0 164426.0 183461.0 197209.0 206349.0 211670.0 213935.0 213816.0 211882.0 208594.0 204324.0 199361.0
22 1.0 186.55225701503878 22.00159059116308 0.8356010395792741 0.6353912957112411 0.5024990088837736 0.17659940996183343 -0.05413306537501336 0.20319653974589894 19597.0 45302.0 77345.0 110170.0 139861.0 164472.0 183490.0 197219.0 206339.0 211640.0 213884.0 213746.0 211793.0 208488.0 204202.0 199225.0
23 1.0 9.238578499631366 -39.767769318852295 0.8356010395792741 0.6353912957112411 0.5024990088837736 0.17659940996183343 -0.05413306537501336 0.20319653974589894 19574.0 45272.0 77323.0 110168.0 139884.0 164519.0 183555.0 197296.0 206421.0 211722.0 213963.0 213820.0 211861.0 208549.0 204256.0 199272.0
24 1.0 74.68922715879938 -52.245009061985684 0.8356010395792741 0.6353912957112411 0.5024990088837736 0.17659940996183343 -0.05413306537501336 0.20319653974589894 19566.0 45263.0 77321.0 110178.0 139909.0 164556.0 183600.0 197343.0 206466.0 211760.0 213991.0 213836.0 211863.0 208538.0 204231.0 199234.0
25 1.0 152.88676875054225 -69.17341800112314 0.8356010395792741 0.6353912957112411 0.5024990088837736 0.17659940996183343 -0.05413306537501336 0.20319653974589894 19623.0 45354.0 77423.0 110262.0 139954.0 164556.0 183557.0 197265.0 206365.0 211647.0 213875.0 213725.0 211763.0 208452.0 204161.0 199183.0
26 1.0 134.7011929203212 13.88524392366152 0.8356010395792741 0.6353912957112411 0.5024990088837736 0.17659940996183343 -0.05413306537501336 0.20319653974589894 19567.0 45255.0 77288.0 110111.0 139812.0 164449.0 183509.0 197295.0 206481.0 211854.0 214173.0 214108.0 212224.0 208983.0 204753.0 199826.0
27 1.0 166.88715277133184 35.14860106284348 0.8356010395792741 0.6353912957112411 0.5024990088837736 0.17659940996183343 -0.05413306537501336 0.20319653974589894 19585.0 45298.0 77368.0 110229.0 139953.0 164583.0 183600.0 197311.0 206398.0 211655.0 213850.0 213661.0 211658.0 208305.0 203974.0 198958.0
28 1.0 99.94633426610349 30.95228530724802 0.8356010395792741 0.6353912957112411 0.5024990088837736 0.17659940996183343 -0.05413306537501336 0.20319653974589894 19595.0 45307.0 77367.0 110217.0 139934.0 164568.0 183604.0 197344.0 206469.0 211771.0 214014.0 213872.0 211915.0 208605.0 204314.0 199332.0
29 1.0 211.24236472494076 80.79498372969132 0.8356010395792741 0.6353912957112411 0.5024990088837736 0.17659940996183343 -0.05413306537501336 0.20319653974589894 19595.0 45307.0 77365.0 110207.0 139909.0 164525.0 183538.0 197257.0 206362.0 211645.0 213872.0 213717.0 211749.0 208430.0 204132.0 199146.0
0 1.0 310.9880181323633 -89.51342149916951 0.8356010395792741 0.6353912957112411 0.5024990088837736 0.17659940996183343 -0.05413306537501336 0.20319653974589894 19614.0 45342.0 77411.0 110261.0 139971.0 164596.0 183623.0 197357.0 206478.0 211779.0 214021.0 213880.0 211924.0 208616.0 204325.0 199345.0
1 1.0 42.31146814633191 26.49539770092649 0.8356010395792741 0.6353912957112411 0.5024990088837736 0.17659940996183343 -0.05413306537501336 0.20319653974589894 19580.0 45306.0 77412.0 110334.0 140140.0 164866.0 183985.0 197794.0 206971.0 212307.0 214566.0 214426.0 212459.0 209130.0 204813.0 199800.0
2 1.0 186.2564785754811 18.070602677575124 0.8356010395792741 0.6353912957112411 0.5024990088837736 0.17659940996183343 -0.05413306537501336 0.20319653974589894 19607.0 45326.0 77387.0 110225.0 139920.0 164525.0 183529.0 197237.0 206335.0 211613.0 213838.0 213683.0 211717.0 208402.0 204109.0 199129.0
3 1.0 47.54451828425519 15.973129794651868 0.8356010395792741 0.6353912957112411 0.5024990088837736 0.17659940996183343 -0.05413306537501336 0.20319653974589894 19605.0 45341.0 77432.0 110308.0 140047.0 164700.0 183753.0 197510.0 206653.0 211973.0 214233.0 214108.0 212165.0 208868.0 204587.0 199614.0
4 1.0 258.06948522933374 83.29865757124364 0.8356010395792741 0.6353912957112411 0.5024990088837736 0.17659940996183343 -0.05413306537501336 0.20319653974589894 19614.0 45352.0 77438.0 110302.0 140018.0 164636.0 183642.0 197347.0 206434.0 211697.0 213904.0 213731.0 211746.0 208414.0 204104.0 199109.0
5 1.0 142.58149301062573 -86.96309879339286 0.8356010395792741 0.6353912957112411 0.5024990088837736 0.17659940996183343 -0.05413306537501336 0.20319653974589894 19618.0 45350.0 77427.0 110285.0 140002.0 164629.0 183651.0 197374.0 206479.0 211759.0 213979.0 213814.0 211834.0 208503.0 204192.0 199192.0
6 1.0 203.55167226906323 35.36683752626102 0.8356010395792741 0.6353912957112411 0.5024990088837736 0.17659940996183343 -0.05413306537501336 0.20319653974589894 19611.0 45347.0 77438.0 110315.0 140054.0 164701.0 183741.0 197478.0 206596.0 211886.0 214114.0 213956.0 211982.0 208656.0 204349.0 199352.0
7 1.0 65.9807410370683 56.462156946335426 0.8356010395792741 0.6353912957112411 0.5024990088837736 0.17659940996183343 -0.05413306537501336 0.20319653974589894 19599.0 45316.0 77383.0 110239.0 139961.0 164598.0 183633.0 197370.0 206489.0 211782.0 214013.0 213859.0 211888.0 208564.0 204259.0 199264.0
8 1.0 52.1451933636158 1.7652953918851466 0.8356010395792741 0.6353912957112411 0.5024990088837736 0.17659940996183343 -0.05413306537501336 0.20319653974589894 19634.0 45387.0 77486.0 110365.0 140101.0 164748.0 183791.0 197537.0 206667.0 211972.0 214216.0 214075.0 212115.0 208802.0 204505.0 199517.0
9 1.0 175.70026103362363 -29.886323472574354 0.8356010395792741 0.6353912957112411 0.5024990088837736 0.17659940996183343 -0.05413306537501336 0.20319653974589894 19572.0 45262.0 77302.0 110138.0 139847.0 164478.0 183513.0 197252.0 206375.0 211674.0 213911.0 213762.0 211797.0 208478.0 204177.0 199186.0
10 1.0 128.020585625984 52.35122938093289 0.8356010395792741 0.6353912957112411 0.5024990088837736 0.17659940996183343 -0.05413306537501336 0.20319653974589894 19580.0 45282.0 77336.0 110177.0 139883.0 164501.0 183515.0 197231.0 206331.0 211608.0 213827.0 213664.0 211689.0 208364.0 204060.0 199069.0
11 1.0 338.5555002910127 -72.49627338616357 0.8356010395792741 0.6353912957112411 0.5024990088837736 0.17659940996183343 -0.05413306537501336 0.20319653974589894 19587.0 45295.0 77349.0 110190.0 139895.0 164516.0 183540.0 197270.0 206390.0 211689.0 213931.0 213791.0 211837.0 208533.0 204247.0 199272.0
12 1.0 275.5170913705075 -10.43358520861345 0.8356010395792741 0.6353912957112411 0.5024990088837736 0.17659940996183343 -0.05413306537501336 0.20319653974589894 19594.0 45303.0 77362.0 110207.0 139916.0 164537.0 183552.0 197267.0 206362.0 211632.0 213842.0 213669.0 211681.0 208344.0 204028.0 199024.0
13 1.0 269.51890314619703 3.5914274227508827 0.8356010395792741 0.6353912957112411 0.5024990088837736 0.17659940996183343 -0.05413306537501336 0.20319653974589894 19573.0 45259.0 77291.0 110115.0 139811.0 164428.0 183447.0 197172.0 206281.0 211565.0 213788.0 213626.0 211648.0 208318.0 204006.0 199006.0
14 1.0 325.33910630853603 34.91215396821855 0.8356010395792741 0.6353912957112411 0.5024990088837736 0.17659940996183343 -0.05413306537501336 0.20319653974589894 19632.0 45380.0 77473.0 110342.0 140059.0 164675.0 183676.0 197371.0 206443.0 211690.0 213876.0 213681.0 211674.0 208319.0 203988.0 198971.0
15 1.0 30.032076759126678 -73.6405682341663 0.8356010395792741 0.6353912957112411 0.5024990088837736 0.17659940996183343 -0.05413306537501336 0.20319653974589894 19594.0 45312.0 77379.0 110229.0 139939.0 164560.0 183579.0 197304.0 206417.0 211710.0 213949.0 213806.0 211852.0 208547.0 204263.0 199289.0
16 1.0 198.78928917206636 -49.00328972318503 0.8356010395792741 0.6353912957112411 0.5024990088837736 0.17659940996183343 -0.05413306537501336 0.20319653974589894 19554.0 45232.0 77267.0 110107.0 139832.0 164491.0 183560.0 197340.0 206506.0 211847.0 214124.0 214011.0 212078.0 208787.0 204509.0 199537.0
17 1.0 210.4113848240768 -16.14571871577739 0.8356010395792741 0.6353912957112411 0.5024990088837736 0.17659940996183343 -0.05413306537501336 0.20319653974589894 19578.0 45295.0 77376.0 110253.0 139994.0 164644.0 183684.0 197419.0 206532.0 211816.0 214037.0 213873.0 211893.0 208561.0 204249.0 199248.0
18 1.0 346.2970962770024 22.193041143623518 0.8356010395792741 0.6353912957112411 0.5024990088837736 0.17659940996183343 -0.05413306537501336 0.20319653974589894 19607.0 45330.0 77398.0 110248.0 139957.0 164575.0 183588.0 197302.0 206400.0 211674.0 213890.0 213725.0 211746.0 208418.0 204111.0 199117.0
19 1.0 105.17310964531758 69.65294061913514 0.8356010395792741 0.6353912957112411 0.5024990088837736 0.17659940996183343 -0.05413306537501336 0.20319653974589894 19608.0 45326.0 77385.0 110223.0 139921.0 164532.0 183545.0 197265.0 206373.0 211661.0 213893.0 213744.0 211781.0 208467.0 204173.0 199190.0
20 1.0 86.69836076956085 21.388710283447764 0.8356010395792741 0.6353912957112411 0.5024990088837736 0.17659940996183343 -0.05413306537501336 0.20319653974589894 19608.0 45332.0 77404.0 110260.0 139976.0 164598.0 183610.0 197318.0 206403.0 211660.0 213855.0 213667.0 211664.0 208312.0 203982.0 198966.0
21 1.0 36.10581921557922 -65.9769352317118 0.8356010395792741 0.6353912957112411 0.5024990088837736 0.17659940996183343 -0.05413306537501336 0.20319653974589894 19583.0 45291.0 77351.0 110202.0 139920.0 164554.0 183587.0 197323.0 206443.0 211738.0 213973.0 213823.0 211856.0 208537.0 204237.0 199247.0
22 1.0 5.9146666529307135 86.50442390171082 0.8356010395792741 0.6353912957112411 0.5024990088837736 0.17659940996183343 -0.05413306537501336 0.20319653974589894 19623.0 45360.0 77439.0 110296.0 140009.0 164632.0 183653.0 197378.0 206490.0 211779.0 214011.0 213860.0 211894.0 208578.0 204280.0 199293.0
23 1.0 334.6305540451886 66.92143225598872 0.8356010395792741 0.6353912957112411 0.5024990088837736 0.17659940996183343 -0.05413306537501336 0.20319653974589894 19624.0 45362.0 77442.0 110298.0 140007.0 164624.0 183637.0 197354.0 206458.0 211741.0 213969.0 213816.0 211851.0 208537.0 204243.0 199260.0
24 1.0 241.16995677272763 0.4897370061583217 0.8356010395792741 0.6353912957112411 0.5024990088837736 0.17659940996183343 -0.05413306537501336 0.20319653974589894 19639.0 45397.0 77501.0 110377.0 140097.0 164712.0 183712.0 197407.0 206483.0 211736.0 213931.0 213748.0 211753.0 208412.0 204095.0 199092.0
25 1.0 282.6550483283296 76.02263672339393 0.8356010395792741 0.6353912957112411 0.5024990088837736 0.17659940996183343 -0.05413306537501336 0.20319653974589894 19620.0 45362.0 77451.0 110315.0 140029.0 164644.0 183648.0 197351.0 206438.0 211702.0 213909.0 213736.0 211752.0 208420.0 204110.0 199114.0
26 1.0 101.42283807142167 7.448542876284435 0.8356010395792741 0.6353912957112411 0.5024990088837736 0.17659940996183343 -0.05413306537501336 0.20319653974589894 19573.0 45268.0 77314.0 110151.0 139857.0 164484.0 183515.0 197254.0 206380.0 211686.0 213934.0 213800.0 211850.0 208549.0 204265.0 199292.0
27 1.0 211.1076598270776 76.19509222004936 0.8356010395792741 0.6353912957112411 0.5024990088837736 0.17659940996183343 -0.05413306537501336 0.20319653974589894 19589.0 45302.0 77368.0 110224.0 139948.0 164586.0 183621.0 197356.0 206474.0 211765.0 213994.0 213838.0 211866.0 208542.0 204236.0 199242.0
28 1.0 23.023895803553206 59.38152634860177 0.8356010395792741 0.6353912957112411 0.5024990088837736 0.17659940996183343 -0.05413306537501336 0.20319653974589894 19581.0 45288.0 77351.0 110209.0 139936.0 164578.0 183615.0 197352.0 206470.0 211761.0 213991.0 213836.0 211866.0 208543.0 204241.0 199249.0
29 1.0 174.82593453646425 84.29155385297352 0.8356010395792741 0.6353912957112411 0.5024990088837736 0.17659940996183343 -0.05413306537501336 0.20319653974589894 19623.0 45366.0 77458.0 110333.0 140069.0 164717.0 183764.0 197513.0 206646.0 211954.0 214200.0 214061.0 212104.0 208794.0 204499.0 199514.0
0 1.0 351.89825030800085 75.5609059400685 0.8356010395792741 0.6353912957112411 0.5024990088837736 0.17659940996183343 -0.05413306537501336 0.20319653974589894 19621.0 45356.0 77436.0 110294.0 140011.0 164640.0 183668.0 197403.0 206525.0 211828.0 214073.0 213937.0 211987.0 208685.0 204402.0 199429.0
1 1.0 315.54188831397266 -83.5139128628575 0.8356010395792741 0.6353912957112411 0.5024990088837736 0.17659940996183343 -0.05413306537501336 0.20319653974589894 19620.0 45356.0 77437.0 110297.0 140015.0 164642.0 183665.0 197391.0 206503.0 211793.0 214024.0 213873.0 211907.0 208590.0 204292.0 199305.0
2 1.0 121.73722266126443 -58.54103925103081 0.8356010395792741 0.6353912957112411 0.5024990088837736 0.17659940996183343 -0.05413306537501336 0.20319653974589894 19625.0 45378.0 77485.0 110369.0 140101.0 164726.0 183732.0 197428.0 206501.0 211747.0 213933.0 213739.0 211733.0 208380.0 204052.0 199039.0
3 1.0 346.16525563493946 -19.95575812178656 0.8356010395792741 0.6353912957112411 0.5024990088837736 0.17659940996183343 -0.05413306537501336 0.20319653974589894 19588.0 45291.0 77339.0 110171.0 139870.0 164488.0 183514.0 197250.0 206378.0 211688.0 213943.0 213816.0 211875.0 208582.0 204307.0 199341.0
4 1.0 83.41258552963363 81.38568551317573 0.8356010395792741 0.6353912957112411 0.5024990088837736 0.17659940996183343 -0.05413306537501336 0.20319653974589894 19625.0 45368.0 77456.0 110320.0 140035.0 164651.0 183657.0 197360.0 206445.0 211705.0 213907.0 213728.0 211737.0 208396.0 204078.0 199074.0
5 1.0 341.75477606964535 -35.99479449433267 0.8356010395792741 0.6353912957112411 0.5024990088837736 0.17659940996183343 -0.05413306537501336 0.20319653974589894 19568.0 45265.0 77319.0 110167.0 139883.0 164510.0 183532.0 197250.0 206349.0 211620.0 213830.0 213656.0 211667.0 208328.0 204010.0 199006.0
6 1.0 338.8959736943395 -61.11582410023181 0.8356010395792741 0.6353912957112411 0.5024990088837736 0.17659940996183343 -0.05413306537501336 0.20319653974589894 19563.0 45250.0 77290.0 110126.0 139836.0 164468.0 183501.0 197238.0 206359.0 211654.0 213889.0 213737.0 211769.0 208448.0 204145.0 199152.0
7 1.0 287.71293144686103 69.53483989558077 0.8356010395792741 0.6353912957112411 0.5024990088837736 0.17659940996183343 -0.05413306537501336 0.20319653974589894 19616.0 45351.0 77430.0 110284.0 139991.0 164604.0 183612.0 197322.0 206418.0 211695.0 213915.0 213755.0 211783.0 208463.0 204163.0 199175.0
8 1.0 226.9612572720448 -9.649005213023472 0.8356010395792741 0.6353912957112411 0.5024990088837736 0.17659940996183343 -0.05413306537501336 0.20319653974589894 19627.0 45391.0 77518.0 110435.0 140209.0 164883.0 183937.0 197676.0 206785.0 212056.0 214258.0 214070.0 212062.0 208701.0 204358.0 199326.0
9 1.0 314.7436679849809 73.41760698377868 0.8356010395792741 0.6353912957112411 0.5024990088837736 0.17659940996183343 -0.05413306537501336 0.20319653974589894 19622.0 45360.0 77445.0 110313.0 140040.0 164680.0 183717.0 197456.0 206578.0 211876.0 214113.0 213965.0 212000.0 208682.0 204382.0 199391.0
10 1.0 105.48730242280682 -61.15851606237421 0.8356010395792741 0.6353912957112411 0.5024990088837736 0.17659940996183343 -0.05413306537501336 0.20319653974589894 19597.0 45318.0 77388.0 110243.0 139959.0 164587.0 183612.0 197341.0 206456.0 211747.0 213981.0 213831.0 211868.0 208553.0 204257.0 199272.0
11 1.0 305.61967991265055 29.00115207145791 0.8356010395792741 0.6353912957112411 0.5024990088837736 0.17659940996183343 -0.05413306537501336 0.20319653974589894 19595.0 45311.0 77378.0 110231.0 139949.0 164583.0 183616.0 197353.0 206474.0 211770.0 214007.0 213858.0 211893.0 208575.0 204276.0 199286.0
12 1.0 222.43560909030856 -10.75252449069147 0.8356010395792741 0.6353912957112411 0.5024990088837736 0.17659940996183343 -0.05413306537501336 0.20319653974589894 19608.0 45349.0 77449.0 110342.0 140103.0 164779.0 183851.0 197622.0 206772.0 212093.0 214348.0 214212.0 212257.0 208944.0 204647.0 199656.0
13 1.0 4.765268793203816 -76.23238157454863 0.8356010395792741 0.6353912957112411 0.5024990088837736 0.17659940996183343 -0.05413306537501336 0.20319653974589894 19597.0 45321.0 77400.0 110266.0 139992.0 164627.0 183653.0 197377.0 206482.0 211762.0 213980.0 213815.0 211836.0 208505.0 204195.0 199198.0
14 1.0 125.00406645559904 35.363366037450106 0.8356010395792741 0.6353912957112411 0.5024990088837736 0.17659940996183343 -0.05413306537501336 0.20319653974589894 19569.0 45263.0 77308.0 110146.0 139856.0 164488.0 183525.0 197271.0 206405.0 211719.0 213974.0 213846.0 211902.0 208604.0 204324.0 199353.0
15 1.0 53.330709941339414 -45.46822400295233 0.8356010395792741 0.6353912957112411 0.5024990088837736 0.17659940996183343 -0.05413306537501336 0.20319653974589894 19571.0 45264.0 77312.0 110153.0 139863.0 164487.0 183508.0 197229.0 206331.0 211606.0 213821.0 213651.0 211666.0 208330.0 204015.0 199011.0
16 1.0 353.45858033457114 -82.86920593568681 0.8356010395792741 0.6353912957112411 0.5024990088837736 0.17659940996183343 -0.05413306537501336 0.20319653974589894 19598.0 45313.0 77372.0 110210.0 139905.0 164509.0 183509.0 197214.0 206305.0 211577.0 213794.0 213631.0 211658.0 208336.0 204036.0 199049.0
17 1.0 172.2133105343957 -79.21002631507682 0.8356010395792741 0.6353912957112411 0.5024990088837736 0.17659940996183343 -0.05413306537501336 0.20319653974589894 19617.0 45347.0 77420.0 110271.0 139978.0 164595.0 183609.0 197325.0 206427.0 211706.0 213928.0 213768.0 211794.0 208470.0 204167.0 199175.0
18 1.0 179.06089157951857 -79.00586332797828 0.8356010395792741 0.6353912957112411 0.5024990088837736 0.17659940996183343 -0.05413306537501336 0.20319653974589894 19617.0 45348.0 77423.0 110274.0 139981.0 164598.0 183611.0 197327.0 206430.0 211713.0 213939.0 213784.0 211816.0 208498.0 204201.0 199216.0
19 1.0 230.2101059035405 73.39193234730709 0.8356010395792741 0.6353912957112411 0.5024990088837736 0.17659940996183343 -0.05413306537501336 0.20319653974589894 19579.0 45282.0 77334.0 110175.0 139882.0 164505.0 183525.0 197249.0 206358.0 211643.0 213870.0 213714.0 211744.0 208423.0 204123.0 199134.0
20 1.0 132.6904582066623 43.17910520923817 0.8356010395792741 0.6353912957112411 0.5024990088837736 0.17659940996183343 -0.05413306537501336 0.20319653974589894 19568.0 45261.0 77310.0 110159.0 139887.0 164539.0 183595.0 197357.0 206502.0 211821.0 214076.0 213944.0 211992.0 208686.0 204395.0 199412.0
21 1.0 49.284097806815616 71.6512242984723 0.8356010395792741 0.6353912957112411 0.5024990088837736 0.17659940996183343 -0.05413306537501336 0.20319653974589894 19605.0 45328.0 77400.0 110259.0 139978.0 164605.0 183621.0 197331.0 206417.0 211675.0 213869.0 213679.0 211673.0 208317.0 203983.0 198963.0
22 1.0 295.9623839499284 31.064816033373845 0.8356010395792741 0.6353912957112411 0.5024990088837736 0.17659940996183343 -0.05413306537501336 0.20319653974589894 19594.0 45319.0 77402.0 110277.0 140016.0 164667.0 183711.0 197452.0 206572.0 211864.0 214092.0 213933.0 211957.0 208628.0 204317.0 199316.0
23 1.0 68.34524828499286 5.2091872255589635 0.8356010395792741 0.6353912957112411 0.5024990088837736 0.17659940996183343 -0.05413306537501336 0.20319653974589894 19628.0 45368.0 77447.0 110294.0 139987.0 164583.0 183571.0 197261.0 206341.0 211602.0 213811.0 213643.0 211667.0 208344.0 204045.0 199060.0
24 1.0 184.07483371672416 -35.19965441747191 0.8356010395792741 0.6353912957112411 0.5024990088837736 0.17659940996183343 -0.05413306537501336 0.20319653974589894 19544.0 45206.0 77217.0 110026.0 139714.0 164333.0 183365.0 197112.0 206251.0 211572.0 213838.0 213720.0 211788.0 208503.0 204235.0 199275.0
25 1.0 80.75413043090613 89.63320523916121 0.8356010395792741 0.6353912957112411 0.5024990088837736 0.17659940996183343 -0.05413306537501336 0.20319653974589894 19622.0 45362.0 77451.0 110323.0 140055.0 164698.0 183738.0 197479.0 206602.0 211899.0 214134.0 213984.0 212016.0 208696.0 204393.0 199400.0
26 1.0 35.22401441785226 -24.805969390909922 0.8356010395792741 0.6353912957112411 0.5024990088837736 0.17659940996183343 -0.05413306537501336 0.20319653974589894 19607.0 45327.0 77387.0 110221.0 139908.0 164502.0 183491.0 197186.0 206269.0 211536.0 213751.0 213590.0 211620.0 208304.0 204012.0 199035.0
27 1.0 310.388946271806 -5.28318914149628 0.8356010395792741 0.6353912957112411 0.5024990088837736 0.17659940996183343 -0.05413306537501336 0.20319653974589894 19570.0 45264.0 77311.0 110151.0 139862.0 164493.0 183526.0 197264.0 206387.0 211688.0 213929.0 213786.0 211826.0 208515.0 204221.0 199237.0
28 1.0 350.2510160483269 -21.915868513776886 0.8356010395792741 0.6353912957112411 0.5024990088837736 0.17659940996183343 -0.05413306537501336 0.20319653974589894 19591.0 45300.0 77359.0 110208.0 139926.0 164563.0 183601.0 197343.0 206470.0 211771.0 214011.0 213865.0 211901.0 208583.0 204283.0 199292.0
29 1.0 345.90047690268005 86.31484728038254 0.8356010395792741 0.6353912957112411 0.5024990088837736 0.17659940996183343 -0.05413306537501336 0.20319653974589894 19621.0 45360.0 77446.0 110313.0 140037.0 164670.0 183697.0 197423.0 206531.0 211815.0 214038.0 213877.0 211902.0 208575.0 204267.0 199271.0
