idx D_km lam beta x1 y1 z1 x2 y2 z2 flux5 flux6 flux7 flux8 flux9 flux10 flux11 flux12 flux13 flux14 flux15 flux16 flux17 flux18 flux19 flux20
0 1.0 197.5728614138369 73.17998985981222 1.0247740496903917 -0.35370654000450164 -0.14374736624986462 0.08653139123786278 -0.08823502819847566 -0.02950340589165967 151517.0 333946.0 550317.0 762638.0 947147.0 1093986.0 1202348.0 1276048.0 1320660.0 1341943.0 1345118.0 1334607.0 1314009.0 1286177.0 1253337.0 1217198.0
1 1.0 257.468171894071 49.328519885754986 1.0247740496903917 -0.35370654000450164 -0.14374736624986462 0.08653139123786278 -0.08823502819847566 -0.02950340589165967 151355.0 333696.0 550039.0 762400.0 947002.0 1093963.0 1202455.0 1276281.0 1321003.0 1342376.0 1345621.0 1335161.0 1314596.0 1286782.0 1253947.0 1217804.0
2 1.0 216.99481538579178 -30.033872634844457 1.0247740496903917 -0.35370654000450164 -0.14374736624986462 0.08653139123786278 -0.08823502819847566 -0.02950340589165967 151407.0 333705.0 549931.0 762130.0 946567.0 1093391.0 1201786.0 1275558.0 1320266.0 1341656.0 1344941.0 1334537.0 1314037.0 1286294.0 1253532.0 1217460.0
3 1.0 196.15794587888288 -75.40174980216058 1.0247740496903917 -0.35370654000450164 -0.14374736624986462 0.08653139123786278 -0.08823502819847566 -0.02950340589165967 151385.0 333757.0 550133.0 762524.0 947150.0 1094131.0 1202642.0 1276487.0 1321231.0 1342629.0 1345900.0 1335467.0 1314930.0 1287144.0 1254335.0 1218217.0
4 1.0 152.5157277620057 -16.69658914551468 1.0247740496903917 -0.35370654000450164 -0.14374736624986462 0.08653139123786278 -0.08823502819847566 -0.02950340589165967 151538.0 334020.0 550467.0 762874.0 947469.0 1094391.0 1202827.0 1276593.0 1321261.0 1342590.0 1345801.0 1335316.0 1314734.0 1286912.0 1254074.0 1217932.0
5 1.0 232.5218807039962 -48.19785440923031 1.0247740496903917 -0.35370654000450164 -0.14374736624986462 0.08653139123786278 -0.08823502819847566 -0.02950340589165967 151342.0 333669.0 549999.0 762361.0 946979.0 1093972.0 1202507.0 1276381.0 1321152.0 1342574.0 1345863.0 1335441.0 1314909.0 1287124.0 1254312.0 1218186.0
6 1.0 157.5313960545693 -66.15222574356306 1.0247740496903917 -0.35370654000450164 -0.14374736624986462 0.08653139123786278 -0.08823502819847566 -0.02950340589165967 151476.0 333872.0 550230.0 762578.0 947158.0 1094104.0 1202591.0 1276421.0 1321152.0 1342536.0 1345791.0 1335338.0 1314777.0 1286963.0 1254125.0 1217976.0
7 1.0 321.03828028154874 -80.38310727837145 1.0247740496903917 -0.35370654000450164 -0.14374736624986462 0.08653139123786278 -0.08823502819847566 -0.02950340589165967 151489.0 333907.0 550291.0 762662.0 947253.0 1094195.0 1202662.0 1276459.0 1321150.0 1342490.0 1345701.0 1335207.0 1314608.0 1286763.0 1253899.0 1217729.0
8 1.0 346.91859378037054 40.60698555790418 1.0247740496903917 -0.35370654000450164 -0.14374736624986462 0.08653139123786278 -0.08823502819847566 -0.02950340589165967 151661.0 334165.0 550563.0 762862.0 947317.0 1094093.0 1202396.0 1276055.0 1320644.0 1341922.0 1345107.0 1334618.0 1314049.0 1286251.0 1253446.0 1217343.0
9 1.0 138.03894677727996 -87.94305744749441 1.0247740496903917 -0.35370654000450164 -0.14374736624986462 0.08653139123786278 -0.08823502819847566 -0.02950340589165967 151390.0 333755.0 550087.0 762372.0 946818.0 1093558.0 1201786.0 1275333.0 1319784.0 1340913.0 1343950.0 1333322.0 1312631.0 1284730.0 1251844.0 1215679.0
10 1.0 285.02101370975925 48.70453473049972 1.0247740496903917 -0.35370654000450164 -0.14374736624986462 0.08653139123786278 -0.08823502819847566 -0.02950340589165967 151465.0 333852.0 550178.0 762463.0 946950.0 1093786.0 1202161.0 1275890.0 1320538.0 1341864.0 1345082.0 1334614.0 1314056.0 1286261.0 1253453.0 1217341.0
11 1.0 190.40217111104562 -63.549603827932486 1.0247740496903917 -0.35370654000450164 -0.14374736624986462 0.08653139123786278 -0.08823502819847566 -0.02950340589165967 151350.0 333575.0 549702.0 761782.0 946083.0 1092757.0 1200995.0 1274609.0 1319163.0 1340411.0 1343566.0 1333048.0 1312451.0 1284628.0 1251801.0 1215679.0
12 1.0 204.49604199381562 -75.68602513438397 1.0247740496903917 -0.35370654000450164 -0.14374736624986462 0.08653139123786278 -0.08823502819847566 -0.02950340589165967 151352.0 333685.0 550012.0 762352.0 946933.0 1093883.0 1202376.0 1276215.0 1320965.0 1342377.0 1345669.0 1335261.0 1314751.0 1286993.0 1254213.0 1218122.0
13 1.0 333.214789785358 -73.87145383705104 1.0247740496903917 -0.35370654000450164 -0.14374736624986462 0.08653139123786278 -0.08823502819847566 -0.02950340589165967 151593.0 334063.0 550455.0 762788.0 947316.0 1094189.0 1202598.0 1276356.0 1321028.0 1342368.0 1345592.0 1335121.0 1314552.0 1286738.0 1253907.0 1217767.0
14 1.0 25.5729809512393 30.968605323704594 1.0247740496903917 -0.35370654000450164 -0.14374736624986462 0.08653139123786278 -0.08823502819847566 -0.02950340589165967 151580.0 334025.0 550392.0 762709.0 947227.0 1094095.0 1202499.0 1276249.0 1320909.0 1342234.0 1345441.0 1334951.0 1314364.0 1286533.0 1253685.0 1217531.0
15 1.0 31.366547892554657 -45.83390222648794 1.0247740496903917 -0.35370654000450164 -0.14374736624986462 0.08653139123786278 -0.08823502819847566 -0.02950340589165967 151563.0 333986.0 550321.0 762592.0 947057.0 1093868.0 1202218.0 1275924.0 1320552.0 1341858.0 1345057.0 1334571.0 1313995.0 1286182.0 1253356.0 1217228.0
16 1.0 7.278623078517259 -14.302895997582283 1.0247740496903917 -0.35370654000450164 -0.14374736624986462 0.08653139123786278 -0.08823502819847566 -0.02950340589165967 151677.0 334259.0 550772.0 763207.0 947807.0 1094729.0 1203169.0 1276949.0 1321638.0 1342992.0 1346230.0 1335771.0 1315213.0 1287410.0 1254588.0 1218456.0
17 1.0 299.74314439725765 10.326382438305046 1.0247740496903917 -0.35370654000450164 -0.14374736624986462 0.08653139123786278 -0.08823502819847566 -0.02950340589165967 151651.0 334160.0 550578.0 762913.0 947419.0 1094260.0 1202637.0 1276374.0 1321039.0 1342390.0 1345640.0 1335208.0 1314687.0 1286929.0 1254157.0 1218078.0
18 1.0 280.13643034194615 64.89921128918289 1.0247740496903917 -0.35370654000450164 -0.14374736624986462 0.08653139123786278 -0.08823502819847566 -0.02950340589165967 151365.0 333704.0 550043.0 762417.0 947064.0 1094108.0 1202712.0 1276667.0 1321524.0 1343029.0 1346393.0 1336037.0 1315560.0 1287816.0 1255035.0 1218931.0
19 1.0 313.2043733688549 40.8679672880391 1.0247740496903917 -0.35370654000450164 -0.14374736624986462 0.08653139123786278 -0.08823502819847566 -0.02950340589165967 151698.0 334237.0 550666.0 762994.0 947483.0 1094303.0 1202660.0 1276378.0 1321025.0 1342357.0 1345589.0 1335137.0 1314596.0 1286816.0 1254022.0 1217921.0
20 1.0 352.30260320379506 -41.34097705703137 1.0247740496903917 -0.35370654000450164 -0.14374736624986462 0.08653139123786278 -0.08823502819847566 -0.02950340589165967 151623.0 334108.0 550500.0 762811.0 947291.0 1094098.0 1202431.0 1276113.0 1320714.0 1341994.0 1345172.0 1334668.0 1314079.0 1286258.0 1253429.0 1217300.0
21 1.0 287.6970831180205 -66.33309612759703 1.0247740496903917 -0.35370654000450164 -0.14374736624986462 0.08653139123786278 -0.08823502819847566 -0.02950340589165967 151586.0 334070.0 550488.0 762842.0 947369.0 1094214.0 1202571.0 1276261.0 1320857.0 1342121.0 1345277.0 1334746.0 1314128.0 1286279.0 1253422.0 1217267.0
22 1.0 166.13257041105547 -80.03262232418437 1.0247740496903917 -0.35370654000450164 -0.14374736624986462 0.08653139123786278 -0.08823502819847566 -0.02950340589165967 151407.0 333752.0 550055.0 762338.0 946842.0 1093707.0 1202118.0 1275887.0 1320579.0 1341947.0 1345208.0 1334780.0 1314260.0 1286499.0 1253721.0 1217637.0
23 1.0 280.99050346312396 -35.712245793430355 1.0247740496903917 -0.35370654000450164 -0.14374736624986462 0.08653139123786278 -0.08823502819847566 -0.02950340589165967 151708.0 334262.0 550710.0 763048.0 947521.0 1094286.0 1202546.0 1276130.0 1320618.0 1341777.0 1344831.0 1334205.0 1313502.0 1285576.0 1252653.0 1216441.0
24 1.0 42.57879331281596 -42.818733136857915 1.0247740496903917 -0.35370654000450164 -0.14374736624986462 0.08653139123786278 -0.08823502819847566 -0.02950340589165967 151527.0 333954.0 550318.0 762639.0 947163.0 1094037.0 1202453.0 1276221.0 1320909.0 1342269.0 1345518.0 1335075.0 1314537.0 1286758.0 1253960.0 1217856.0
25 1.0 230.3715676779086 -7.894697975913658 1.0247740496903917 -0.35370654000450164 -0.14374736624986462 0.08653139123786278 -0.08823502819847566 -0.02950340589165967 151389.0 333723.0 550047.0 762398.0 947010.0 1094003.0 1202539.0 1276413.0 1321180.0 1342592.0 1345865.0 1335423.0 1314867.0 1287054.0 1254214.0 1218059.0
26 1.0 51.607183467256704 32.990640398582485 1.0247740496903917 -0.35370654000450164 -0.14374736624986462 0.08653139123786278 -0.08823502819847566 -0.02950340589165967 151370.0 333660.0 549906.0 762159.0 946672.0 1093583.0 1202067.0 1275921.0 1320698.0 1342144.0 1345470.0 1335091.0 1314605.0 1286865.0 1254096.0 1218011.0
27 1.0 340.0808101378502 35.21258021499429 1.0247740496903917 -0.35370654000450164 -0.14374736624986462 0.08653139123786278 -0.08823502819847566 -0.02950340589165967 151674.0 334190.0 550609.0 762950.0 947469.0 1094325.0 1202714.0 1276452.0 1321108.0 1342436.0 1345653.0 1335179.0 1314610.0 1286801.0 1253976.0 1217844.0
28 1.0 187.8653958300258 -38.96660761521 1.0247740496903917 -0.35370654000450164 -0.14374736624986462 0.08653139123786278 -0.08823502819847566 -0.02950340589165967 151625.0 334089.0 550452.0 762744.0 947228.0 1094063.0 1202446.0 1276190.0 1320857.0 1342202.0 1345437.0 1334981.0 1314429.0 1286634.0 1253821.0 1217699.0
29 1.0 149.2782983965885 -21.61314793797831 1.0247740496903917 -0.35370654000450164 -0.14374736624986462 0.08653139123786278 -0.08823502819847566 -0.02950340589165967 151598.0 334115.0 550587.0 763009.0 947613.0 1094538.0 1202972.0 1276733.0 1321393.0 1342712.0 1345911.0 1335415.0 1314823.0 1286990.0 1254143.0 1217993.0
0 1.0 95.24002035766571 -57.39282688735745 1.0247740496903917 -0.35370654000450164 -0.14374736624986462 0.08653139123786278 -0.08823502819847566 -0.02950340589165967 151437.0 333835.0 550221.0 762610.0 947232.0 1094217.0 1202743.0 1276614.0 1321392.0 1342828.0 1346139.0 1335743.0 1315240.0 1287484.0 1254701.0 1218602.0
1 1.0 278.724128196318 51.93819221517336 1.0247740496903917 -0.35370654000450164 -0.14374736624986462 0.08653139123786278 -0.08823502819847566 -0.02950340589165967 151421.0 333819.0 550211.0 762595.0 947185.0 1094103.0 1202525.0 1276265.0 1320895.0 1342178.0 1345338.0 1334802.0 1314171.0 1286304.0 1253426.0 1217248.0
2 1.0 164.21411959795748 -79.76734624201674 1.0247740496903917 -0.35370654000450164 -0.14374736624986462 0.08653139123786278 -0.08823502819847566 -0.02950340589165967 151404.0 333748.0 550054.0 762343.0 946850.0 1093709.0 1202102.0 1275841.0 1320493.0 1341814.0 1345025.0 1334545.0 1313975.0 1286167.0 1253347.0 1217226.0
3 1.0 204.63622159271347 35.459503510497726 1.0247740496903917 -0.35370654000450164 -0.14374736624986462 0.08653139123786278 -0.08823502819847566 -0.02950340589165967 151680.0 334184.0 550567.0 762845.0 947278.0 1094032.0 1202314.0 1275945.0 1320501.0 1341739.0 1344878.0 1334339.0 1313718.0 1285869.0 1253015.0 1216864.0
4 1.0 6.764328157087851 50.1651712693986 1.0247740496903917 -0.35370654000450164 -0.14374736624986462 0.08653139123786278 -0.08823502819847566 -0.02950340589165967 151512.0 333926.0 550281.0 762596.0 947115.0 1093983.0 1202390.0 1276148.0 1320826.0 1342180.0 1345424.0 1334980.0 1314443.0 1286666.0 1253874.0 1217774.0
5 1.0 222.34877894731574 49.93336113277556 1.0247740496903917 -0.35370654000450164 -0.14374736624986462 0.08653139123786278 -0.08823502819847566 -0.02950340589165967 151537.0 333951.0 550284.0 762558.0 947030.0 1093858.0 1202238.0 1275986.0 1320667.0 1342036.0 1345304.0 1334889.0 1314384.0 1286640.0 1253880.0 1217812.0
6 1.0 220.3544601800717 -43.303938417836115 1.0247740496903917 -0.35370654000450164 -0.14374736624986462 0.08653139123786278 -0.08823502819847566 -0.02950340589165967 151370.0 333710.0 550041.0 762381.0 946953.0 1093885.0 1202350.0 1276154.0 1320861.0 1342227.0 1345472.0 1335017.0 1314461.0 1286661.0 1253841.0 1217714.0
7 1.0 222.0962388749125 -22.713635172138936 1.0247740496903917 -0.35370654000450164 -0.14374736624986462 0.08653139123786278 -0.08823502819847566 -0.02950340589165967 151419.0 333761.0 550062.0 762358.0 946892.0 1093802.0 1202263.0 1276082.0 1320817.0 1342221.0 1345509.0 1335099.0 1314589.0 1286832.0 1254054.0 1217965.0
8 1.0 339.7493082652647 15.76793433535002 1.0247740496903917 -0.35370654000450164 -0.14374736624986462 0.08653139123786278 -0.08823502819847566 -0.02950340589165967 151562.0 334091.0 550600.0 763069.0 947714.0 1094669.0 1203125.0 1276901.0 1321572.0 1342899.0 1346106.0 1335616.0 1315029.0 1287201.0 1254357.0 1218208.0
9 1.0 245.45530767725404 -40.892057563595934 1.0247740496903917 -0.35370654000450164 -0.14374736624986462 0.08653139123786278 -0.08823502819847566 -0.02950340589165967 151407.0 333789.0 550158.0 762521.0 947100.0 1094022.0 1202464.0 1276237.0 1320908.0 1342237.0 1345445.0 1334955.0 1314369.0 1286543.0 1253702.0 1217557.0
10 1.0 129.42284420656296 -23.246496140780025 1.0247740496903917 -0.35370654000450164 -0.14374736624986462 0.08653139123786278 -0.08823502819847566 -0.02950340589165967 151632.0 334100.0 550457.0 762727.0 947173.0 1093964.0 1202301.0 1276004.0 1320640.0 1341963.0 1345186.0 1334727.0 1314180.0 1286396.0 1253599.0 1217497.0
11 1.0 157.33150336776293 -54.530229566584865 1.0247740496903917 -0.35370654000450164 -0.14374736624986462 0.08653139123786278 -0.08823502819847566 -0.02950340589165967 151602.0 334075.0 550456.0 762748.0 947197.0 1093959.0 1202237.0 1275859.0 1320402.0 1341628.0 1344760.0 1334219.0 1313601.0 1285760.0 1252917.0 1216782.0
12 1.0 251.14723053381536 -7.225940923918671 1.0247740496903917 -0.35370654000450164 -0.14374736624986462 0.08653139123786278 -0.08823502819847566 -0.02950340589165967 151369.0 333688.0 549973.0 762246.0 946747.0 1093610.0 1202015.0 1275772.0 1320446.0 1341791.0 1345025.0 1334568.0 1314018.0 1286229.0 1253426.0 1217318.0
13 1.0 21.68116978653714 -81.96978577425946 1.0247740496903917 -0.35370654000450164 -0.14374736624986462 0.08653139123786278 -0.08823502819847566 -0.02950340589165967 151438.0 333828.0 550202.0 762579.0 947182.0 1094133.0 1202606.0 1276404.0 1321090.0 1342424.0 1345626.0 1335122.0 1314512.0 1286656.0 1253781.0 1217599.0
14 1.0 240.03601756044037 53.96325922271123 1.0247740496903917 -0.35370654000450164 -0.14374736624986462 0.08653139123786278 -0.08823502819847566 -0.02950340589165967 151353.0 333595.0 549752.0 761874.0 946223.0 1092951.0 1201244.0 1274914.0 1319524.0 1340824.0 1344030.0 1333558.0 1313003.0 1285217.0 1252421.0 1216325.0
15 1.0 241.4296330625374 -76.1478395424061 1.0247740496903917 -0.35370654000450164 -0.14374736624986462 0.08653139123786278 -0.08823502819847566 -0.02950340589165967 151409.0 333767.0 550096.0 762419.0 946968.0 1093870.0 1202299.0 1276061.0 1320719.0 1342031.0 1345218.0 1334704.0 1314090.0 1286233.0 1253361.0 1217187.0
16 1.0 75.73772198658273 3.3903267896746883 1.0247740496903917 -0.35370654000450164 -0.14374736624986462 0.08653139123786278 -0.08823502819847566 -0.02950340589165967 151456.0 333844.0 550184.0 762489.0 946993.0 1093839.0 1202214.0 1275934.0 1320568.0 1341875.0 1345074.0 1334586.0 1314010.0 1286198.0 1253376.0 1217252.0
17 1.0 46.41346715574719 -34.7741820818647 1.0247740496903917 -0.35370654000450164 -0.14374736624986462 0.08653139123786278 -0.08823502819847566 -0.02950340589165967 151483.0 333847.0 550131.0 762374.0 946838.0 1093679.0 1202086.0 1275869.0 1320587.0 1341989.0 1345288.0 1334897.0 1314410.0 1286680.0 1253928.0 1217865.0
18 1.0 113.55420633270619 13.957730789647584 1.0247740496903917 -0.35370654000450164 -0.14374736624986462 0.08653139123786278 -0.08823502819847566 -0.02950340589165967 151667.0 334174.0 550578.0 762882.0 947335.0 1094091.0 1202355.0 1275952.0 1320461.0 1341648.0 1344736.0 1334148.0 1313484.0 1285599.0 1252715.0 1216543.0
19 1.0 130.93587753934415 82.69800135001651 1.0247740496903917 -0.35370654000450164 -0.14374736624986462 0.08653139123786278 -0.08823502819847566 -0.02950340589165967 151516.0 333955.0 550349.0 762704.0 947251.0 1094124.0 1202510.0 1276225.0 1320838.0 1342111.0 1345268.0 1334732.0 1314104.0 1286240.0 1253366.0 1217193.0
20 1.0 205.27083735043666 26.20264400208069 1.0247740496903917 -0.35370654000450164 -0.14374736624986462 0.08653139123786278 -0.08823502819847566 -0.02950340589165967 151706.0 334246.0 550679.0 763012.0 947496.0 1094287.0 1202585.0 1276215.0 1320753.0 1341961.0 1345064.0 1334484.0 1313822.0 1285934.0 1253043.0 1216860.0
21 1.0 157.89654484643532 -83.63476156401164 1.0247740496903917 -0.35370654000450164 -0.14374736624986462 0.08653139123786278 -0.08823502819847566 -0.02950340589165967 151420.0 333792.0 550139.0 762482.0 947057.0 1093998.0 1202482.0 1276314.0 1321055.0 1342457.0 1345734.0 1335308.0 1314776.0 1286993.0 1254186.0 1218066.0
22 1.0 355.8145817013214 -12.527560888548976 1.0247740496903917 -0.35370654000450164 -0.14374736624986462 0.08653139123786278 -0.08823502819847566 -0.02950340589165967 151542.0 334091.0 550657.0 763223.0 948001.0 1095112.0 1203731.0 1277663.0 1322472.0 1343916.0 1347214.0 1336792.0 1316251.0 1288450.0 1255617.0 1219466.0
23 1.0 36.736131869290105 1.803033417285036 1.0247740496903917 -0.35370654000450164 -0.14374736624986462 0.08653139123786278 -0.08823502819847566 -0.02950340589165967 151584.0 334012.0 550344.0 762608.0 947065.0 1093871.0 1202219.0 1275922.0 1320549.0 1341852.0 1345048.0 1334557.0 1313975.0 1286157.0 1253325.0 1217190.0
24 1.0 75.19563219414049 6.511949046621353 1.0247740496903917 -0.35370654000450164 -0.14374736624986462 0.08653139123786278 -0.08823502819847566 -0.02950340589165967 151452.0 333836.0 550173.0 762474.0 946977.0 1093823.0 1202199.0 1275919.0 1320554.0 1341862.0 1345061.0 1334573.0 1313995.0 1286183.0 1253359.0 1217234.0
25 1.0 58.07142643859865 32.65065190869082 1.0247740496903917 -0.35370654000450164 -0.14374736624986462 0.08653139123786278 -0.08823502819847566 -0.02950340589165967 151366.0 333672.0 549948.0 762225.0 946740.0 1093620.0 1202042.0 1275809.0 1320487.0 1341828.0 1345053.0 1334582.0 1314015.0 1286206.0 1253381.0 1217252.0
26 1.0 235.11899716754343 -40.032702408282105 1.0247740496903917 -0.35370654000450164 -0.14374736624986462 0.08653139123786278 -0.08823502819847566 -0.02950340589165967 151337.0 333650.0 549961.0 762306.0 946919.0 1093923.0 1202482.0 1276391.0 1321204.0 1342669.0 1346001.0 1335619.0 1315123.0 1287368.0 1254581.0 1218476.0
27 1.0 91.18497691432157 -66.80509821606236 1.0247740496903917 -0.35370654000450164 -0.14374736624986462 0.08653139123786278 -0.08823502819847566 -0.02950340589165967 151414.0 333789.0 550153.0 762526.0 947139.0 1094119.0 1202639.0 1276500.0 1321263.0 1342678.0 1345963.0 1335539.0 1315004.0 1287214.0 1254398.0 1218267.0
28 1.0 167.87187822827028 -19.31837822152302 1.0247740496903917 -0.35370654000450164 -0.14374736624986462 0.08653139123786278 -0.08823502819847566 -0.02950340589165967 151621.0 334131.0 550557.0 762901.0 947411.0 1094246.0 1202607.0 1276316.0 1320943.0 1342248.0 1345447.0 1334960.0 1314384.0 1286572.0 1253748.0 1217621.0
29 1.0 87.99321312057698 82.1530301032708 1.0247740496903917 -0.35370654000450164 -0.14374736624986462 0.08653139123786278 -0.08823502819847566 -0.02950340589165967 151383.0 333690.0 549929.0 762136.0 946571.0 1093389.0 1201780.0 1275556.0 1320274.0 1341682.0 1344991.0 1334614.0 1314144.0 1286432.0 1253698.0 1217653.0
0 1.0 57.2290501123871 -56.31643948484795 1.0247740496903917 -0.35370654000450164 -0.14374736624986462 0.08653139123786278 -0.08823502819847566 -0.02950340589165967 151438.0 333800.0 550105.0 762381.0 946881.0 1093755.0 1202193.0 1276002.0 1320744.0 1342166.0 1345480.0 1335101.0 1314624.0 1286900.0 1254152.0 1218091.0
1 1.0 39.73505081914985 72.71711188708267 1.0247740496903917 -0.35370654000450164 -0.14374736624986462 0.08653139123786278 -0.08823502819847566 -0.02950340589165967 151407.0 333766.0 550103.0 762436.0 946997.0 1093913.0 1202361.0 1276149.0 1320841.0 1342194.0 1345428.0 1334964.0 1314403.0 1286601.0 1253782.0 1217659.0
2 1.0 236.27865220749842 7.885071013918747 1.0247740496903917 -0.35370654000450164 -0.14374736624986462 0.08653139123786278 -0.08823502819847566 -0.02950340589165967 151369.0 333681.0 549966.0 762268.0 946834.0 1093800.0 1202340.0 1276250.0 1321082.0 1342583.0 1345961.0 1335632.0 1315192.0 1287493.0 1254761.0 1218708.0
3 1.0 49.74586248550097 -7.755944103762147 1.0247740496903917 -0.35370654000450164 -0.14374736624986462 0.08653139123786278 -0.08823502819847566 -0.02950340589165967 151448.0 333792.0 550075.0 762334.0 946820.0 1093676.0 1202084.0 1275851.0 1320540.0 1341902.0 1345153.0 1334712.0 1314174.0 1286394.0 1253596.0 1217491.0
4 1.0 70.76965020481926 68.76745384138013 1.0247740496903917 -0.35370654000450164 -0.14374736624986462 0.08653139123786278 -0.08823502819847566 -0.02950340589165967 151443.0 333837.0 550201.0 762542.0 947087.0 1093967.0 1202369.0 1276106.0 1320750.0 1342059.0 1345256.0 1334762.0 1314178.0 1286358.0 1253526.0 1217394.0
5 1.0 132.74106143794708 -7.451286881654539 1.0247740496903917 -0.35370654000450164 -0.14374736624986462 0.08653139123786278 -0.08823502819847566 -0.02950340589165967 151532.0 333991.0 550408.0 762786.0 947358.0 1094265.0 1202694.0 1276462.0 1321138.0 1342478.0 1345702.0 1335231.0 1314662.0 1286852.0 1254023.0 1217888.0
6 1.0 295.55756274525663 40.350174590077785 1.0247740496903917 -0.35370654000450164 -0.14374736624986462 0.08653139123786278 -0.08823502819847566 -0.02950340589165967 151604.0 334084.0 550485.0 762819.0 947333.0 1094179.0 1202547.0 1276254.0 1320869.0 1342150.0 1345317.0 1334792.0 1314174.0 1286319.0 1253452.0 1217283.0
7 1.0 34.956459285502056 -18.17544209344163 1.0247740496903917 -0.35370654000450164 -0.14374736624986462 0.08653139123786278 -0.08823502819847566 -0.02950340589165967 151635.0 334115.0 550489.0 762772.0 947225.0 1094015.0 1202350.0 1276051.0 1320689.0 1342021.0 1345260.0 1334822.0 1314302.0 1286548.0 1253783.0 1217714.0
8 1.0 301.6601666995694 72.7279907221724 1.0247740496903917 -0.35370654000450164 -0.14374736624986462 0.08653139123786278 -0.08823502819847566 -0.02950340589165967 151415.0 333782.0 550114.0 762423.0 946942.0 1093807.0 1202203.0 1275946.0 1320602.0 1341931.0 1345152.0 1334684.0 1314126.0 1286333.0 1253527.0 1217418.0
9 1.0 34.59542684182671 34.20450363442093 1.0247740496903917 -0.35370654000450164 -0.14374736624986462 0.08653139123786278 -0.08823502819847566 -0.02950340589165967 151471.0 333816.0 550081.0 762309.0 946762.0 1093591.0 1201981.0 1275736.0 1320415.0 1341770.0 1345012.0 1334559.0 1314009.0 1286215.0 1253401.0 1217279.0
10 1.0 351.5254074048225 35.931969765093015 1.0247740496903917 -0.35370654000450164 -0.14374736624986462 0.08653139123786278 -0.08823502819847566 -0.02950340589165967 151656.0 334154.0 550560.0 762890.0 947388.0 1094200.0 1202516.0 1276152.0 1320683.0 1341872.0 1344943.0 1334323.0 1313615.0 1285676.0 1252734.0 1216501.0
11 1.0 168.71443259317257 -31.010327719718596 1.0247740496903917 -0.35370654000450164 -0.14374736624986462 0.08653139123786278 -0.08823502819847566 -0.02950340589165967 151705.0 334257.0 550706.0 763061.0 947580.0 1094424.0 1202797.0 1276516.0 1321153.0 1342462.0 1345661.0 1335169.0 1314584.0 1286758.0 1253917.0 1217770.0
12 1.0 351.6339917485214 46.22015569264005 1.0247740496903917 -0.35370654000450164 -0.14374736624986462 0.08653139123786278 -0.08823502819847566 -0.02950340589165967 151598.0 334051.0 550420.0 762735.0 947253.0 1094127.0 1202548.0 1276326.0 1321025.0 1342396.0 1345653.0 1335216.0 1314679.0 1286898.0 1254096.0 1217984.0
13 1.0 217.74438710821656 24.490989980485438 1.0247740496903917 -0.35370654000450164 -0.14374736624986462 0.08653139123786278 -0.08823502819847566 -0.02950340589165967 151576.0 333994.0 550307.0 762542.0 946952.0 1093691.0 1201956.0 1275566.0 1320095.0 1341304.0 1344413.0 1333846.0 1313200.0 1285330.0 1252459.0 1216297.0
14 1.0 266.1348885833886 -46.79635079165228 1.0247740496903917 -0.35370654000450164 -0.14374736624986462 0.08653139123786278 -0.08823502819847566 -0.02950340589165967 151580.0 334057.0 550459.0 762787.0 947285.0 1094104.0 1202443.0 1276124.0 1320722.0 1341996.0 1345167.0 1334656.0 1314061.0 1286235.0 1253401.0 1217270.0
15 1.0 14.107605211555443 -61.103011952653844 1.0247740496903917 -0.35370654000450164 -0.14374736624986462 0.08653139123786278 -0.08823502819847566 -0.02950340589165967 151585.0 334032.0 550395.0 762695.0 947185.0 1094017.0 1202383.0 1276099.0 1320734.0 1342044.0 1345245.0 1334759.0 1314181.0 1286366.0 1253537.0 1217405.0
16 1.0 101.81050652750744 53.35046541311971 1.0247740496903917 -0.35370654000450164 -0.14374736624986462 0.08653139123786278 -0.08823502819847566 -0.02950340589165967 151597.0 334067.0 550449.0 762758.0 947246.0 1094068.0 1202419.0 1276116.0 1320728.0 1342013.0 1345190.0 1334679.0 1314079.0 1286244.0 1253398.0 1217252.0
17 1.0 43.270762036740805 82.64998854634004 1.0247740496903917 -0.35370654000450164 -0.14374736624986462 0.08653139123786278 -0.08823502819847566 -0.02950340589165967 151429.0 333792.0 550110.0 762403.0 946907.0 1093762.0 1202152.0 1275889.0 1320541.0 1341865.0 1345078.0 1334602.0 1314033.0 1286227.0 1253408.0 1217285.0
18 1.0 106.61047110797217 -7.535011093192281 1.0247740496903917 -0.35370654000450164 -0.14374736624986462 0.08653139123786278 -0.08823502819847566 -0.02950340589165967 151706.0 334222.0 550594.0 762838.0 947231.0 1093954.0 1202222.0 1275862.0 1320446.0 1341728.0 1344924.0 1334448.0 1313894.0 1286111.0 1253320.0 1217229.0
19 1.0 42.74197882352786 16.377149758263286 1.0247740496903917 -0.35370654000450164 -0.14374736624986462 0.08653139123786278 -0.08823502819847566 -0.02950340589165967 151474.0 333822.0 550084.0 762304.0 946751.0 1093584.0 1201997.0 1275798.0 1320544.0 1341981.0 1345317.0 1334966.0 1314518.0 1286823.0 1254105.0 1218071.0
20 1.0 114.47394458183138 64.39007595483983 1.0247740496903917 -0.35370654000450164 -0.14374736624986462 0.08653139123786278 -0.08823502819847566 -0.02950340589165967 151601.0 334079.0 550474.0 762796.0 947296.0 1094127.0 1202484.0 1276185.0 1320798.0 1342081.0 1345253.0 1334735.0 1314126.0 1286280.0 1253421.0 1217262.0
21 1.0 149.13467802528118 -7.699778396305732 1.0247740496903917 -0.35370654000450164 -0.14374736624986462 0.08653139123786278 -0.08823502819847566 -0.02950340589165967 151435.0 333889.0 550372.0 762867.0 947575.0 1094611.0 1203148.0 1276997.0 1321727.0 1343101.0 1346343.0 1335877.0 1315307.0 1287489.0 1254651.0 1218506.0
22 1.0 23.09309868556237 81.3374058298925 1.0247740496903917 -0.35370654000450164 -0.14374736624986462 0.08653139123786278 -0.08823502819847566 -0.02950340589165967 151387.0 333733.0 550033.0 762303.0 946788.0 1093638.0 1202045.0 1275824.0 1320537.0 1341937.0 1345236.0 1334850.0 1314371.0 1286651.0 1253911.0 1217862.0
23 1.0 249.28996297320714 13.63520916807704 1.0247740496903917 -0.35370654000450164 -0.14374736624986462 0.08653139123786278 -0.08823502819847566 -0.02950340589165967 151356.0 333684.0 549996.0 762311.0 946856.0 1093761.0 1202203.0 1275990.0 1320687.0 1342050.0 1345297.0 1334849.0 1314304.0 1286517.0 1253713.0 1217602.0
24 1.0 203.97652351436705 57.738081726236686 1.0247740496903917 -0.35370654000450164 -0.14374736624986462 0.08653139123786278 -0.08823502819847566 -0.02950340589165967 151608.0 334075.0 550447.0 762737.0 947197.0 1093982.0 1202292.0 1275948.0 1320522.0 1341775.0 1344926.0 1334395.0 1313780.0 1285935.0 1253084.0 1216935.0
25 1.0 95.54021673820034 73.5918693142929 1.0247740496903917 -0.35370654000450164 -0.14374736624986462 0.08653139123786278 -0.08823502819847566 -0.02950340589165967 151462.0 333863.0 550235.0 762597.0 947185.0 1094129.0 1202607.0 1276424.0 1321142.0 1342516.0 1345764.0 1335308.0 1314748.0 1286940.0 1254110.0 1217970.0
26 1.0 188.36929924801188 56.7942873783424 1.0247740496903917 -0.35370654000450164 -0.14374736624986462 0.08653139123786278 -0.08823502819847566 -0.02950340589165967 151638.0 334125.0 550513.0 762818.0 947296.0 1094108.0 1202453.0 1276151.0 1320772.0 1342072.0 1345269.0 1334782.0 1314206.0 1286396.0 1253574.0 1217451.0
27 1.0 33.818583873039 -61.30539657918793 1.0247740496903917 -0.35370654000450164 -0.14374736624986462 0.08653139123786278 -0.08823502819847566 -0.02950340589165967 151486.0 333868.0 550182.0 762456.0 946940.0 1093779.0 1202163.0 1275902.0 1320563.0 1341901.0 1345132.0 1334675.0 1314128.0 1286344.0 1253547.0 1217446.0
28 1.0 207.34073840022455 23.201719031106066 1.0247740496903917 -0.35370654000450164 -0.14374736624986462 0.08653139123786278 -0.08823502819847566 -0.02950340589165967 151698.0 334226.0 550643.0 762955.0 947418.0 1094197.0 1202496.0 1276141.0 1320706.0 1341951.0 1345095.0 1334560.0 1313942.0 1286093.0 1253238.0 1217086.0
29 1.0 334.5466311274371 -18.28183344845813 1.0247740496903917 -0.35370654000450164 -0.14374736624986462 0.08653139123786278 -0.08823502819847566 -0.02950340589165967 151292.0 333610.0 549975.0 762417.0 947154.0 1094285.0 1202961.0 1276968.0 1321854.0 1343370.0 1346732.0 1336364.0 1315867.0 1288101.0 1255295.0 1219166.0
0 1.0 114.68482288247652 -78.71166863579778 1.0247740496903917 -0.35370654000450164 -0.14374736624986462 0.08653139123786278 -0.08823502819847566 -0.02950340589165967 151350.0 333662.0 549941.0 762213.0 946718.0 1093592.0 1202016.0 1275796.0 1320496.0 1341867.0 1345125.0 1334689.0 1314155.0 1286378.0 1253582.0 1217478.0
1 1.0 240.2677367869254 -13.674194659828444 1.0247740496903917 -0.35370654000450164 -0.14374736624986462 0.08653139123786278 -0.08823502819847566 -0.02950340589165967 151324.0 333611.0 549879.0 762161.0 946686.0 1093582.0 1202022.0 1275810.0 1320509.0 1341872.0 1345117.0 1334667.0 1314119.0 1286328.0 1253521.0 1217407.0
2 1.0 47.447230465581185 -43.436867959906614 1.0247740496903917 -0.35370654000450164 -0.14374736624986462 0.08653139123786278 -0.08823502819847566 -0.02950340589165967 151471.0 333834.0 550122.0 762370.0 946837.0 1093679.0 1202087.0 1275871.0 1320591.0 1341997.0 1345301.0 1334916.0 1314436.0 1286713.0 1253969.0 1217913.0
3 1.0 257.8777934826836 62.82689551713193 1.0247740496903917 -0.35370654000450164 -0.14374736624986462 0.08653139123786278 -0.08823502819847566 -0.02950340589165967 151269.0 333448.0 549544.0 761610.0 945909.0 1092590.0 1200841.0 1274474.0 1319052.0 1340329.0 1343517.0 1333034.0 1312475.0 1284689.0 1251900.0 1215814.0
4 1.0 104.1861934609924 -84.00516722159469 1.0247740496903917 -0.35370654000450164 -0.14374736624986462 0.08653139123786278 -0.08823502819847566 -0.02950340589165967 151387.0 333726.0 550027.0 762311.0 946814.0 1093675.0 1202079.0 1275835.0 1320510.0 1341859.0 1345098.0 1334647.0 1314103.0 1286320.0 1253521.0 1217417.0
5 1.0 65.94889032256206 82.61688993542523 1.0247740496903917 -0.35370654000450164 -0.14374736624986462 0.08653139123786278 -0.08823502819847566 -0.02950340589165967 151439.0 333831.0 550202.0 762567.0 947158.0 1094104.0 1202581.0 1276397.0 1321112.0 1342481.0 1345723.0 1335259.0 1314690.0 1286871.0 1254029.0 1217876.0
6 1.0 211.14465653162995 -26.033607275052667 1.0247740496903917 -0.35370654000450164 -0.14374736624986462 0.08653139123786278 -0.08823502819847566 -0.02950340589165967 151494.0 333874.0 550188.0 762465.0 946948.0 1093781.0 1202149.0 1275864.0 1320494.0 1341795.0 1344986.0 1334489.0 1313900.0 1286075.0 1253239.0 1217100.0
7 1.0 7.238716627497679 -25.792759727542276 1.0247740496903917 -0.35370654000450164 -0.14374736624986462 0.08653139123786278 -0.08823502819847566 -0.02950340589165967 151649.0 334180.0 550637.0 763023.0 947579.0 1094456.0 1202845.0 1276566.0 1321189.0 1342475.0 1345643.0 1335118.0 1314499.0 1286640.0 1253768.0 1217595.0
8 1.0 298.4184105182507 -87.06086951693258 1.0247740496903917 -0.35370654000450164 -0.14374736624986462 0.08653139123786278 -0.08823502819847566 -0.02950340589165967 151377.0 333679.0 549911.0 762103.0 946516.0 1093306.0 1201668.0 1275416.0 1320111.0 1341503.0 1344802.0 1334420.0 1313950.0 1286242.0 1253515.0 1217480.0
9 1.0 1.6903714293169436 -56.65818145748689 1.0247740496903917 -0.35370654000450164 -0.14374736624986462 0.08653139123786278 -0.08823502819847566 -0.02950340589165967 151660.0 334145.0 550507.0 762763.0 947177.0 1093920.0 1202200.0 1275841.0 1320417.0 1341684.0 1344858.0 1334359.0 1313779.0 1285971.0 1253157.0 1217044.0
10 1.0 244.01395324664284 -17.773289855350427 1.0247740496903917 -0.35370654000450164 -0.14374736624986462 0.08653139123786278 -0.08823502819847566 -0.02950340589165967 151363.0 333707.0 550047.0 762399.0 946987.0 1093934.0 1202416.0 1276236.0 1320959.0 1342340.0 1345600.0 1335158.0 1314616.0 1286829.0 1254022.0 1217907.0
11 1.0 97.20287034917935 77.27245511448851 1.0247740496903917 -0.35370654000450164 -0.14374736624986462 0.08653139123786278 -0.08823502819847566 -0.02950340589165967 151446.0 333848.0 550236.0 762628.0 947248.0 1094221.0 1202718.0 1276543.0 1321260.0 1342624.0 1345856.0 1335379.0 1314795.0 1286960.0 1254104.0 1217938.0
12 1.0 264.66984796413414 -72.06931256017117 1.0247740496903917 -0.35370654000450164 -0.14374736624986462 0.08653139123786278 -0.08823502819847566 -0.02950340589165967 151503.0 333922.0 550286.0 762612.0 947144.0 1094023.0 1202437.0 1276199.0 1320873.0 1342216.0 1345444.0 1334979.0 1314418.0 1286616.0 1253797.0 1217672.0
13 1.0 346.38787624227774 80.15427602623433 1.0247740496903917 -0.35370654000450164 -0.14374736624986462 0.08653139123786278 -0.08823502819847566 -0.02950340589165967 151349.0 333678.0 550008.0 762363.0 946971.0 1093951.0 1202472.0 1276334.0 1321095.0 1342509.0 1345794.0 1335370.0 1314838.0 1287054.0 1254244.0 1218122.0
14 1.0 89.55113166718489 66.5079354983938 1.0247740496903917 -0.35370654000450164 -0.14374736624986462 0.08653139123786278 -0.08823502819847566 -0.02950340589165967 151474.0 333877.0 550231.0 762547.0 947059.0 1093907.0 1202281.0 1275995.0 1320620.0 1341915.0 1345101.0 1334598.0 1314006.0 1286179.0 1253341.0 1217202.0
15 1.0 207.4166403904213 -8.25076855664068 1.0247740496903917 -0.35370654000450164 -0.14374736624986462 0.08653139123786278 -0.08823502819847566 -0.02950340589165967 151636.0 334106.0 550458.0 762701.0 947089.0 1093788.0 1202005.0 1275571.0 1320063.0 1341245.0 1344338.0 1333764.0 1313119.0 1285256.0 1252397.0 1216249.0
16 1.0 213.13509525786205 -31.19384128171319 1.0247740496903917 -0.35370654000450164 -0.14374736624986462 0.08653139123786278 -0.08823502819847566 -0.02950340589165967 151428.0 333732.0 549944.0 762106.0 946483.0 1093235.0 1201557.0 1275263.0 1319916.0 1341266.0 1344525.0 1334106.0 1313603.0 1285866.0 1253116.0 1217060.0
17 1.0 206.01068608471442 -48.10605672976977 1.0247740496903917 -0.35370654000450164 -0.14374736624986462 0.08653139123786278 -0.08823502819847566 -0.02950340589165967 151399.0 333718.0 549993.0 762260.0 946762.0 1093633.0 1202051.0 1275818.0 1320496.0 1341839.0 1345064.0 1334591.0 1314019.0 1286203.0 1253368.0 1217227.0
18 1.0 80.30938775062259 20.603647165837387 1.0247740496903917 -0.35370654000450164 -0.14374736624986462 0.08653139123786278 -0.08823502819847566 -0.02950340589165967 151540.0 334013.0 550449.0 762851.0 947451.0 1094386.0 1202841.0 1276628.0 1321315.0 1342660.0 1345883.0 1335407.0 1314832.0 1287013.0 1254177.0 1218034.0
19 1.0 342.9896441461146 -84.04657353440899 1.0247740496903917 -0.35370654000450164 -0.14374736624986462 0.08653139123786278 -0.08823502819847566 -0.02950340589165967 151496.0 333907.0 550262.0 762573.0 947079.0 1093918.0 1202282.0 1275985.0 1320598.0 1341880.0 1345053.0 1334538.0 1313933.0 1286095.0 1253248.0 1217101.0
20 1.0 160.96513630234585 -87.19090839957092 1.0247740496903917 -0.35370654000450164 -0.14374736624986462 0.08653139123786278 -0.08823502819847566 -0.02950340589165967 151423.0 333783.0 550107.0 762418.0 946954.0 1093847.0 1202276.0 1276047.0 1320723.0 1342061.0 1345279.0 1334800.0 1314222.0 1286402.0 1253565.0 1217424.0
21 1.0 304.707122089606 -12.816769950317195 1.0247740496903917 -0.35370654000450164 -0.14374736624986462 0.08653139123786278 -0.08823502819847566 -0.02950340589165967 151533.0 333963.0 550341.0 762686.0 947234.0 1094119.0 1202524.0 1276259.0 1320891.0 1342180.0 1345347.0 1334817.0 1314190.0 1286323.0 1253444.0 1217263.0
22 1.0 251.81253911430156 -77.74666668455036 1.0247740496903917 -0.35370654000450164 -0.14374736624986462 0.08653139123786278 -0.08823502819847566 -0.02950340589165967 151468.0 333876.0 550250.0 762601.0 947163.0 1094071.0 1202510.0 1276290.0 1320978.0 1342331.0 1345567.0 1335109.0 1314553.0 1286757.0 1253943.0 1217823.0
23 1.0 107.07730230784811 -44.65062211570328 1.0247740496903917 -0.35370654000450164 -0.14374736624986462 0.08653139123786278 -0.08823502819847566 -0.02950340589165967 151535.0 333975.0 550348.0 762658.0 947142.0 1093945.0 1202262.0 1275915.0 1320479.0 1341716.0 1344849.0 1334302.0 1313673.0 1285817.0 1252958.0 1216805.0
24 1.0 292.9672150928918 -50.19103523770491 1.0247740496903917 -0.35370654000450164 -0.14374736624986462 0.08653139123786278 -0.08823502819847566 -0.02950340589165967 151680.0 334206.0 550630.0 762955.0 947428.0 1094205.0 1202489.0 1276105.0 1320632.0 1341833.0 1344932.0 1334353.0 1313694.0 1285811.0 1252928.0 1216753.0
25 1.0 142.74206670491446 -44.425585129886656 1.0247740496903917 -0.35370654000450164 -0.14374736624986462 0.08653139123786278 -0.08823502819847566 -0.02950340589165967 151644.0 334138.0 550534.0 762846.0 947330.0 1094146.0 1202492.0 1276188.0 1320802.0 1342093.0 1345278.0 1334776.0 1314184.0 1286356.0 1253515.0 1217373.0
26 1.0 317.1971509600182 -66.4100583812536 1.0247740496903917 -0.35370654000450164 -0.14374736624986462 0.08653139123786278 -0.08823502819847566 -0.02950340589165967 151609.0 334082.0 550470.0 762789.0 947290.0 1094124.0 1202484.0 1276185.0 1320796.0 1342074.0 1345240.0 1334713.0 1314094.0 1286237.0 1253367.0 1217195.0
27 1.0 209.25823414890914 -87.83347987842222 1.0247740496903917 -0.35370654000450164 -0.14374736624986462 0.08653139123786278 -0.08823502819847566 -0.02950340589165967 151353.0 333657.0 549928.0 762206.0 946744.0 1093680.0 1202192.0 1276078.0 1320890.0 1342372.0 1345735.0 1335394.0 1314943.0 1287236.0 1254497.0 1218438.0
28 1.0 317.424730267747 -69.21282651502534 1.0247740496903917 -0.35370654000450164 -0.14374736624986462 0.08653139123786278 -0.08823502819847566 -0.02950340589165967 151582.0 334032.0 550396.0 762693.0 947173.0 1093988.0 1202330.0 1276015.0 1320612.0 1341878.0 1345034.0 1334501.0 1313877.0 1286019.0 1253150.0 1216982.0
29 1.0 249.3113724279957 21.32644671229461 1.0247740496903917 -0.35370654000450164 -0.14374736624986462 0.08653139123786278 -0.08823502819847566 -0.02950340589165967 151338.0 333638.0 549912.0 762186.0 946691.0 1093558.0 1201965.0 1275719.0 1320386.0 1341721.0 1344943.0 1334473.0 1313910.0 1286109.0 1253294.0 1217176.0
0 1.0 261.09154073507057 85.36611830724905 1.0247740496903917 -0.35370654000450164 -0.14374736624986462 0.08653139123786278 -0.08823502819847566 -0.02950340589165967 151410.0 333810.0 550206.0 762591.0 947182.0 1094103.0 1202538.0 1276300.0 1320962.0 1342284.0 1345488.0 1334998.0 1314414.0 1286591.0 1253754.0 1217614.0
1 1.0 180.47677749361281 88.26210028096091 1.0247740496903917 -0.35370654000450164 -0.14374736624986462 0.08653139123786278 -0.08823502819847566 -0.02950340589165967 151360.0 333650.0 549897.0 762150.0 946663.0 1093575.0 1202057.0 1275907.0 1320676.0 1342112.0 1345425.0 1335034.0 1314535.0 1286784.0 1254004.0 1217910.0
2 1.0 344.1901085003606 -16.37026283284891 1.0247740496903917 -0.35370654000450164 -0.14374736624986462 0.08653139123786278 -0.08823502819847566 -0.02950340589165967 151399.0 333873.0 550416.0 762991.0 947773.0 1094859.0 1203415.0 1277252.0 1321947.0 1343268.0 1346446.0 1335912.0 1315273.0 1287389.0 1254488.0 1218285.0
3 1.0 231.83647172266947 -60.66820331161104 1.0247740496903917 -0.35370654000450164 -0.14374736624986462 0.08653139123786278 -0.08823502819847566 -0.02950340589165967 151344.0 333672.0 549987.0 762291.0 946796.0 1093625.0 1201962.0 1275622.0 1320183.0 1341409.0 1344526.0 1333960.0 1313312.0 1285438.0 1252561.0 1216393.0
4 1.0 152.5878174809447 24.977116325975274 1.0247740496903917 -0.35370654000450164 -0.14374736624986462 0.08653139123786278 -0.08823502819847566 -0.02950340589165967 151387.0 333774.0 550156.0 762529.0 947108.0 1094023.0 1202459.0 1276229.0 1320903.0 1342242.0 1345465.0 1334995.0 1314430.0 1286624.0 1253804.0 1217679.0
5 1.0 218.30155708605275 -1.7450376212273113 1.0247740496903917 -0.35370654000450164 -0.14374736624986462 0.08653139123786278 -0.08823502819847566 -0.02950340589165967 151542.0 333974.0 550349.0 762688.0 947230.0 1094110.0 1202514.0 1276253.0 1320895.0 1342199.0 1345387.0 1334880.0 1314280.0 1286443.0 1253592.0 1217441.0
6 1.0 6.909551391360069 88.09375991119765 1.0247740496903917 -0.35370654000450164 -0.14374736624986462 0.08653139123786278 -0.08823502819847566 -0.02950340589165967 151395.0 333772.0 550135.0 762488.0 947057.0 1093973.0 1202419.0 1276207.0 1320904.0 1342269.0 1345520.0 1335079.0 1314544.0 1286768.0 1253976.0 1217878.0
7 1.0 108.56693400283775 -78.24524271267956 1.0247740496903917 -0.35370654000450164 -0.14374736624986462 0.08653139123786278 -0.08823502819847566 -0.02950340589165967 151332.0 333633.0 549927.0 762248.0 946825.0 1093781.0 1202282.0 1276124.0 1320865.0 1342257.0 1345516.0 1335066.0 1314505.0 1286691.0 1253852.0 1217701.0
8 1.0 237.66247349736662 50.98219889648635 1.0247740496903917 -0.35370654000450164 -0.14374736624986462 0.08653139123786278 -0.08823502819847566 -0.02950340589165967 151392.0 333693.0 549932.0 762151.0 946602.0 1093427.0 1201808.0 1275552.0 1320219.0 1341561.0 1344793.0 1334334.0 1313780.0 1285986.0 1253176.0 1217061.0
9 1.0 104.42793859575987 -38.0882704803311 1.0247740496903917 -0.35370654000450164 -0.14374736624986462 0.08653139123786278 -0.08823502819847566 -0.02950340589165967 151568.0 334020.0 550394.0 762704.0 947200.0 1094033.0 1202398.0 1276110.0 1320739.0 1342041.0 1345235.0 1334741.0 1314156.0 1286334.0 1253501.0 1217365.0
10 1.0 222.48555443958296 -46.54464838621668 1.0247740496903917 -0.35370654000450164 -0.14374736624986462 0.08653139123786278 -0.08823502819847566 -0.02950340589165967 151325.0 333606.0 549859.0 762115.0 946611.0 1093482.0 1201905.0 1275686.0 1320386.0 1341760.0 1345022.0 1334590.0 1314063.0 1286294.0 1253506.0 1217411.0
11 1.0 154.35673234047582 29.250822875881667 1.0247740496903917 -0.35370654000450164 -0.14374736624986462 0.08653139123786278 -0.08823502819847566 -0.02950340589165967 151452.0 333904.0 550380.0 762872.0 947586.0 1094635.0 1203188.0 1277052.0 1321794.0 1343175.0 1346418.0 1335950.0 1315374.0 1287547.0 1254699.0 1218540.0
12 1.0 48.770663120082084 -45.70862670162639 1.0247740496903917 -0.35370654000450164 -0.14374736624986462 0.08653139123786278 -0.08823502819847566 -0.02950340589165967 151462.0 333821.0 550108.0 762359.0 946830.0 1093677.0 1202087.0 1275870.0 1320587.0 1341986.0 1345279.0 1334881.0 1314386.0 1286647.0 1253885.0 1217812.0
13 1.0 107.38163734417108 29.854641160653784 1.0247740496903917 -0.35370654000450164 -0.14374736624986462 0.08653139123786278 -0.08823502819847566 -0.02950340589165967 151715.0 334280.0 550748.0 763122.0 947658.0 1094518.0 1202905.0 1276642.0 1321299.0 1342633.0 1345862.0 1335403.0 1314852.0 1287063.0 1254257.0 1218146.0
14 1.0 205.18736785245537 3.11553309641198 1.0247740496903917 -0.35370654000450164 -0.14374736624986462 0.08653139123786278 -0.08823502819847566 -0.02950340589165967 151675.0 334178.0 550576.0 762885.0 947364.0 1094171.0 1202503.0 1276180.0 1320773.0 1342039.0 1345197.0 1334670.0 1314054.0 1286205.0 1253346.0 1217188.0
15 1.0 212.71419404934235 -13.663982081547132 1.0247740496903917 -0.35370654000450164 -0.14374736624986462 0.08653139123786278 -0.08823502819847566 -0.02950340589165967 151565.0 334017.0 550423.0 762815.0 947436.0 1094422.0 1202946.0 1276810.0 1321572.0 1342984.0 1346260.0 1335824.0 1315275.0 1287469.0 1254635.0 1218485.0
16 1.0 206.75708958584838 9.843805559055411 1.0247740496903917 -0.35370654000450164 -0.14374736624986462 0.08653139123786278 -0.08823502819847566 -0.02950340589165967 151683.0 334201.0 550620.0 762955.0 947457.0 1094278.0 1202615.0 1276288.0 1320867.0 1342115.0 1345252.0 1334701.0 1314063.0 1286192.0 1253313.0 1217137.0
17 1.0 235.1522951485681 -38.330726414466646 1.0247740496903917 -0.35370654000450164 -0.14374736624986462 0.08653139123786278 -0.08823502819847566 -0.02950340589165967 151340.0 333656.0 549972.0 762324.0 946945.0 1093958.0 1202528.0 1276450.0 1321276.0 1342756.0 1346103.0 1335736.0 1315254.0 1287512.0 1254737.0 1218642.0
18 1.0 234.757177200608 37.1834471291362 1.0247740496903917 -0.35370654000450164 -0.14374736624986462 0.08653139123786278 -0.08823502819847566 -0.02950340589165967 151405.0 333723.0 549992.0 762249.0 946741.0 1093603.0 1202016.0 1275783.0 1320467.0 1341820.0 1345059.0 1334602.0 1314048.0 1286251.0 1253436.0 1217315.0
19 1.0 155.31063675623062 -15.325763519958471 1.0247740496903917 -0.35370654000450164 -0.14374736624986462 0.08653139123786278 -0.08823502819847566 -0.02950340589165967 151531.0 334028.0 550504.0 762946.0 947570.0 1094509.0 1202948.0 1276705.0 1321354.0 1342658.0 1345841.0 1335326.0 1314717.0 1286868.0 1254006.0 1217843.0
20 1.0 322.75677450638267 -25.101799112539396 1.0247740496903917 -0.35370654000450164 -0.14374736624986462 0.08653139123786278 -0.08823502819847566 -0.02950340589165967 151432.0 333863.0 550329.0 762840.0 947603.0 1094726.0 1203368.0 1277323.0 1322149.0 1343603.0 1346905.0 1336481.0 1315934.0 1288125.0 1255283.0 1219123.0
21 1.0 132.32227321724275 59.158244620032804 1.0247740496903917 -0.35370654000450164 -0.14374736624986462 0.08653139123786278 -0.08823502819847566 -0.02950340589165967 151702.0 334237.0 550652.0 762953.0 947405.0 1094180.0 1202489.0 1276159.0 1320765.0 1342062.0 1345267.0 1334796.0 1314244.0 1286461.0 1253669.0 1217575.0
22 1.0 156.91137309562566 76.4940441515746 1.0247740496903917 -0.35370654000450164 -0.14374736624986462 0.08653139123786278 -0.08823502819847566 -0.02950340589165967 151556.0 334002.0 550379.0 762703.0 947224.0 1094092.0 1202497.0 1276254.0 1320927.0 1342272.0 1345506.0 1335049.0 1314497.0 1286703.0 1253893.0 1217777.0
23 1.0 321.092407805642 -81.71868404028655 1.0247740496903917 -0.35370654000450164 -0.14374736624986462 0.08653139123786278 -0.08823502819847566 -0.02950340589165967 151478.0 333889.0 550271.0 762651.0 947264.0 1094241.0 1202754.0 1276604.0 1321350.0 1342746.0 1346010.0 1335563.0 1315005.0 1287195.0 1254359.0 1218211.0
24 1.0 290.22983605659084 -48.12714129064221 1.0247740496903917 -0.35370654000450164 -0.14374736624986462 0.08653139123786278 -0.08823502819847566 -0.02950340589165967 151700.0 334250.0 550706.0 763068.0 947585.0 1094411.0 1202747.0 1276416.0 1320993.0 1342240.0 1345378.0 1334832.0 1314199.0 1286335.0 1253464.0 1217296.0
25 1.0 253.39989007453187 -27.266513491338614 1.0247740496903917 -0.35370654000450164 -0.14374736624986462 0.08653139123786278 -0.08823502819847566 -0.02950340589165967 151435.0 333807.0 550129.0 762413.0 946896.0 1093719.0 1202070.0 1275765.0 1320375.0 1341657.0 1344833.0 1334323.0 1313727.0 1285899.0 1253062.0 1216927.0
26 1.0 36.0816794324284 56.693966286644525 1.0247740496903917 -0.35370654000450164 -0.14374736624986462 0.08653139123786278 -0.08823502819847566 -0.02950340589165967 151390.0 333710.0 549989.0 762265.0 946783.0 1093678.0 1202127.0 1275932.0 1320652.0 1342039.0 1345305.0 1334872.0 1314337.0 1286554.0 1253749.0 1217634.0
27 1.0 331.0137409480825 87.38845697579356 1.0247740496903917 -0.35370654000450164 -0.14374736624986462 0.08653139123786278 -0.08823502819847566 -0.02950340589165967 151439.0 333842.0 550232.0 762620.0 947223.0 1094167.0 1202628.0 1276415.0 1321096.0 1342431.0 1345643.0 1335155.0 1314569.0 1286742.0 1253900.0 1217755.0
28 1.0 257.1268678376801 84.41490684066332 1.0247740496903917 -0.35370654000450164 -0.14374736624986462 0.08653139123786278 -0.08823502819847566 -0.02950340589165967 151388.0 333741.0 550078.0 762415.0 946979.0 1093899.0 1202349.0 1276134.0 1320819.0 1342160.0 1345377.0 1334892.0 1314305.0 1286473.0 1253623.0 1217466.0
29 1.0 359.5849223644319 72.89070219898684 1.0247740496903917 -0.35370654000450164 -0.14374736624986462 0.08653139123786278 -0.08823502819847566 -0.02950340589165967 151374.0 333737.0 550119.0 762555.0 947278.0 1094404.0 1203090.0 1277121.0 1322046.0 1343608.0 1347020.0 1336702.0 1316252.0 1288529.0 1255761.0 1219664.0
0 1.0 53.80138967687775 -36.619872288474625 1.0247740496903917 -0.35370654000450164 -0.14374736624986462 0.08653139123786278 -0.08823502819847566 -0.02950340589165967 151424.0 333750.0 550014.0 762251.0 946713.0 1093541.0 1201920.0 1275659.0 1320320.0 1341656.0 1344884.0 1334422.0 1313868.0 1286074.0 1253265.0 1217152.0
1 1.0 312.52538065255715 88.56202381460534 1.0247740496903917 -0.35370654000450164 -0.14374736624986462 0.08653139123786278 -0.08823502819847566 -0.02950340589165967 151435.0 333798.0 550114.0 762402.0 946902.0 1093753.0 1202141.0 1275878.0 1320530.0 1341853.0 1345066.0 1334588.0 1314017.0 1286208.0 1253384.0 1217258.0
2 1.0 58.497456483494936 -45.10439260983878 1.0247740496903917 -0.35370654000450164 -0.14374736624986462 0.08653139123786278 -0.08823502819847566 -0.02950340589165967 151440.0 333817.0 550167.0 762517.0 947106.0 1094064.0 1202566.0 1276413.0 1321164.0 1342571.0 1345849.0 1335420.0 1314883.0 1287093.0 1254278.0 1218150.0
3 1.0 221.6014431421839 -70.9368921211982 1.0247740496903917 -0.35370654000450164 -0.14374736624986462 0.08653139123786278 -0.08823502819847566 -0.02950340589165967 151355.0 333664.0 549924.0 762177.0 946694.0 1093638.0 1202196.0 1276166.0 1321096.0 1342720.0 1346238.0 1336055.0 1315759.0 1288198.0 1255594.0 1219656.0
4 1.0 44.57519382579895 81.17146998997094 1.0247740496903917 -0.35370654000450164 -0.14374736624986462 0.08653139123786278 -0.08823502819847566 -0.02950340589165967 151423.0 333777.0 550083.0 762365.0 946863.0 1093719.0 1202119.0 1275874.0 1320550.0 1341899.0 1345140.0 1334691.0 1314149.0 1286368.0 1253570.0 1217467.0
5 1.0 305.2829625560044 -47.98435401574267 1.0247740496903917 -0.35370654000450164 -0.14374736624986462 0.08653139123786278 -0.08823502819847566 -0.02950340589165967 151677.0 334191.0 550601.0 762918.0 947402.0 1094219.0 1202573.0 1276287.0 1320931.0 1342262.0 1345494.0 1335046.0 1314511.0 1286740.0 1253955.0 1217866.0
6 1.0 290.63482514100383 34.15828771399508 1.0247740496903917 -0.35370654000450164 -0.14374736624986462 0.08653139123786278 -0.08823502819847566 -0.02950340589165967 151602.0 334080.0 550484.0 762829.0 947364.0 1094235.0 1202633.0 1276370.0 1321013.0 1342319.0 1345507.0 1335000.0 1314395.0 1286549.0 1253687.0 1217522.0
7 1.0 204.8762659012536 -79.49585538349405 1.0247740496903917 -0.35370654000450164 -0.14374736624986462 0.08653139123786278 -0.08823502819847566 -0.02950340589165967 151380.0 333761.0 550158.0 762577.0 947236.0 1094250.0 1202793.0 1276667.0 1321436.0 1342856.0 1346146.0 1335729.0 1315205.0 1287429.0 1254629.0 1218516.0
8 1.0 146.58598700135988 41.52763784294572 1.0247740496903917 -0.35370654000450164 -0.14374736624986462 0.08653139123786278 -0.08823502819847566 -0.02950340589165967 151610.0 334114.0 550561.0 762956.0 947532.0 1094432.0 1202841.0 1276576.0 1321208.0 1342497.0 1345665.0 1335137.0 1314513.0 1286649.0 1253773.0 1217595.0
9 1.0 24.900118363849696 68.70963822009114 1.0247740496903917 -0.35370654000450164 -0.14374736624986462 0.08653139123786278 -0.08823502819847566 -0.02950340589165967 151379.0 333728.0 550074.0 762449.0 947079.0 1094084.0 1202630.0 1276512.0 1321287.0 1342709.0 1345994.0 1335565.0 1315023.0 1287226.0 1254400.0 1218260.0
10 1.0 251.07435833204292 -40.96135881612675 1.0247740496903917 -0.35370654000450164 -0.14374736624986462 0.08653139123786278 -0.08823502819847566 -0.02950340589165967 151433.0 333807.0 550138.0 762439.0 946948.0 1093803.0 1202190.0 1275920.0 1320561.0 1341870.0 1345066.0 1334570.0 1313982.0 1286154.0 1253314.0 1217170.0
11 1.0 163.27536576410478 -21.76975870606286 1.0247740496903917 -0.35370654000450164 -0.14374736624986462 0.08653139123786278 -0.08823502819847566 -0.02950340589165967 151628.0 334156.0 550618.0 763012.0 947577.0 1094460.0 1202856.0 1276583.0 1321212.0 1342505.0 1345682.0 1335167.0 1314559.0 1286714.0 1253857.0 1217699.0
12 1.0 259.94001580932525 -22.6266870022351 1.0247740496903917 -0.35370654000450164 -0.14374736624986462 0.08653139123786278 -0.08823502819847566 -0.02950340589165967 151523.0 333976.0 550387.0 762768.0 947363.0 1094312.0 1202801.0 1276637.0 1321382.0 1342790.0 1346075.0 1335657.0 1315132.0 1287357.0 1254555.0 1218440.0
13 1.0 311.8976373343065 44.781886357223954 1.0247740496903917 -0.35370654000450164 -0.14374736624986462 0.08653139123786278 -0.08823502819847566 -0.02950340589165967 151664.0 334171.0 550569.0 762868.0 947330.0 1094121.0 1202444.0 1276123.0 1320728.0 1342015.0 1345200.0 1334703.0 1314119.0 1286300.0 1253470.0 1217338.0
14 1.0 351.1877418010389 -47.19469634297301 1.0247740496903917 -0.35370654000450164 -0.14374736624986462 0.08653139123786278 -0.08823502819847566 -0.02950340589165967 151687.0 334232.0 550685.0 763049.0 947575.0 1094420.0 1202786.0 1276494.0 1321116.0 1342412.0 1345599.0 1335099.0 1314509.0 1286683.0 1253844.0 1217703.0
15 1.0 308.08920326133995 -59.06644217142426 1.0247740496903917 -0.35370654000450164 -0.14374736624986462 0.08653139123786278 -0.08823502819847566 -0.02950340589165967 151656.0 334173.0 550600.0 762939.0 947436.0 1094247.0 1202571.0 1276233.0 1320806.0 1342052.0 1345192.0 1334649.0 1314020.0 1286160.0 1253294.0 1217130.0
16 1.0 4.21707030660071 -9.127503236207147 1.0247740496903917 -0.35370654000450164 -0.14374736624986462 0.08653139123786278 -0.08823502819847566 -0.02950340589165967 151640.0 334200.0 550681.0 763052.0 947545.0 1094319.0 1202588.0 1276190.0 1320708.0 1341911.0 1345022.0 1334463.0 1313830.0 1285977.0 1253124.0 1216981.0
17 1.0 129.592103212211 -35.19568667208249 1.0247740496903917 -0.35370654000450164 -0.14374736624986462 0.08653139123786278 -0.08823502819847566 -0.02950340589165967 151632.0 334101.0 550471.0 762769.0 947255.0 1094083.0 1202445.0 1276153.0 1320775.0 1342066.0 1345244.0 1334730.0 1314122.0 1286276.0 1253417.0 1217255.0
18 1.0 262.7966024726609 61.05404200655744 1.0247740496903917 -0.35370654000450164 -0.14374736624986462 0.08653139123786278 -0.08823502819847566 -0.02950340589165967 151381.0 333762.0 550158.0 762586.0 947266.0 1094316.0 1202905.0 1276830.0 1321649.0 1343115.0 1346445.0 1336059.0 1315557.0 1287797.0 1255005.0 1218894.0
19 1.0 61.78668381411859 -47.20647131718502 1.0247740496903917 -0.35370654000450164 -0.14374736624986462 0.08653139123786278 -0.08823502819847566 -0.02950340589165967 151413.0 333758.0 550067.0 762372.0 946916.0 1093829.0 1202289.0 1276097.0 1320815.0 1342193.0 1345450.0 1335005.0 1314458.0 1286664.0 1253848.0 1217724.0
20 1.0 187.57317823348654 0.4301023480670665 1.0247740496903917 -0.35370654000450164 -0.14374736624986462 0.08653139123786278 -0.08823502819847566 -0.02950340589165967 151695.0 334286.0 550809.0 763258.0 947881.0 1094831.0 1203307.0 1277125.0 1321854.0 1343249.0 1346526.0 1336104.0 1315581.0 1287810.0 1255016.0 1218909.0
21 1.0 19.561675802131305 79.66504794562746 1.0247740496903917 -0.35370654000450164 -0.14374736624986462 0.08653139123786278 -0.08823502819847566 -0.02950340589165967 151378.0 333746.0 550093.0 762400.0 946875.0 1093648.0 1201914.0 1275503.0 1320000.0 1341174.0 1344254.0 1333664.0 1313004.0 1285129.0 1252260.0 1216107.0
22 1.0 71.99874896270403 24.119585594038938 1.0247740496903917 -0.35370654000450164 -0.14374736624986462 0.08653139123786278 -0.08823502819847566 -0.02950340589165967 151417.0 333757.0 550041.0 762294.0 946759.0 1093578.0 1201939.0 1275652.0 1320284.0 1341591.0 1344789.0 1334300.0 1313721.0 1285906.0 1253078.0 1216950.0
23 1.0 6.66784600582103 66.11209298324366 1.0247740496903917 -0.35370654000450164 -0.14374736624986462 0.08653139123786278 -0.08823502819847566 -0.02950340589165967 151376.0 333711.0 550027.0 762347.0 946902.0 1093818.0 1202269.0 1276059.0 1320752.0 1342104.0 1345332.0 1334860.0 1314288.0 1286471.0 1253636.0 1217495.0
24 1.0 285.7311732086714 79.23774408385813 1.0247740496903917 -0.35370654000450164 -0.14374736624986462 0.08653139123786278 -0.08823502819847566 -0.02950340589165967 151372.0 333756.0 550171.0 762607.0 947245.0 1094175.0 1202559.0 1276205.0 1320693.0 1341799.0 1344761.0 1334016.0 1313177.0 1285109.0 1252044.0 1215696.0
25 1.0 80.61288770173685 45.13767513954335 1.0247740496903917 -0.35370654000450164 -0.14374736624986462 0.08653139123786278 -0.08823502819847566 -0.02950340589165967 151521.0 333972.0 550380.0 762750.0 947317.0 1094223.0 1202655.0 1276425.0 1321103.0 1342443.0 1345667.0 1335194.0 1314624.0 1286811.0 1253980.0 1217844.0
26 1.0 124.32660505088496 35.92351084045525 1.0247740496903917 -0.35370654000450164 -0.14374736624986462 0.08653139123786278 -0.08823502819847566 -0.02950340589165967 151649.0 334156.0 550565.0 762873.0 947328.0 1094095.0 1202384.0 1276027.0 1320605.0 1341879.0 1345070.0 1334594.0 1314047.0 1286279.0 1253509.0 1217443.0
27 1.0 334.1092656476127 84.23380198876086 1.0247740496903917 -0.35370654000450164 -0.14374736624986462 0.08653139123786278 -0.08823502819847566 -0.02950340589165967 151400.0 333765.0 550122.0 762489.0 947093.0 1094058.0 1202559.0 1276397.0 1321137.0 1342532.0 1345802.0 1335368.0 1314829.0 1287043.0 1254235.0 1218116.0
28 1.0 253.5891846924718 88.99214213658229 1.0247740496903917 -0.35370654000450164 -0.14374736624986462 0.08653139123786278 -0.08823502819847566 -0.02950340589165967 151386.0 333704.0 549972.0 762220.0 946697.0 1093545.0 1201948.0 1275713.0 1320403.0 1341769.0 1345027.0 1334595.0 1314068.0 1286301.0 1253516.0 1217425.0
29 1.0 11.462014631270826 -8.672097119443265 1.0247740496903917 -0.35370654000450164 -0.14374736624986462 0.08653139123786278 -0.08823502819847566 -0.02950340589165967 151707.0 334292.0 550801.0 763233.0 947829.0 1094738.0 1203153.0 1276891.0 1321523.0 1342806.0 1345964.0 1335420.0 1314776.0 1286888.0 1253983.0 1217775.0
0 1.0 59.289896339248585 -77.2434399268425 1.0247740496903917 -0.35370654000450164 -0.14374736624986462 0.08653139123786278 -0.08823502819847566 -0.02950340589165967 151435.0 333813.0 550145.0 762433.0 946902.0 1093690.0 1201990.0 1275625.0 1320171.0 1341394.0 1344518.0 1333966.0 1313337.0 1285486.0 1252635.0 1216494.0
1 1.0 223.73222453991488 -37.29707434070661 1.0247740496903917 -0.35370654000450164 -0.14374736624986462 0.08653139123786278 -0.08823502819847566 -0.02950340589165967 151355.0 333659.0 549917.0 762153.0 946606.0 1093415.0 1201769.0 1275483.0 1320122.0 1341443.0 1344662.0 1334198.0 1313647.0 1285862.0 1253066.0 1216967.0
2 1.0 207.80229189750034 -62.57615297620852 1.0247740496903917 -0.35370654000450164 -0.14374736624986462 0.08653139123786278 -0.08823502819847566 -0.02950340589165967 151336.0 333592.0 549763.0 761884.0 946224.0 1092947.0 1201257.0 1274971.0 1319652.0 1341046.0 1344362.0 1334010.0 1313579.0 1285914.0 1253235.0 1217248.0
3 1.0 85.64141569482311 -14.852452536717877 1.0247740496903917 -0.35370654000450164 -0.14374736624986462 0.08653139123786278 -0.08823502819847566 -0.02950340589165967 151521.0 333941.0 550292.0 762592.0 947090.0 1093935.0 1202319.0 1276054.0 1320707.0 1342034.0 1345249.0 1334775.0 1314207.0 1286399.0 1253576.0 1217449.0
4 1.0 336.3170392529258 -66.36792087481392 1.0247740496903917 -0.35370654000450164 -0.14374736624986462 0.08653139123786278 -0.08823502819847566 -0.02950340589165967 151659.0 334153.0 550524.0 762780.0 947183.0 1093905.0 1202156.0 1275765.0 1320307.0 1341539.0 1344681.0 1334149.0 1313540.0 1285705.0 1252866.0 1216731.0
5 1.0 221.02774414772256 18.741204723758756 1.0247740496903917 -0.35370654000450164 -0.14374736624986462 0.08653139123786278 -0.08823502819847566 -0.02950340589165967 151561.0 333990.0 550334.0 762612.0 947077.0 1093878.0 1202211.0 1275892.0 1320492.0 1341767.0 1344938.0 1334424.0 1313825.0 1285992.0 1253152.0 1217013.0
6 1.0 192.827809088985 -21.094549351586267 1.0247740496903917 -0.35370654000450164 -0.14374736624986462 0.08653139123786278 -0.08823502819847566 -0.02950340589165967 151684.0 334209.0 550641.0 762991.0 947511.0 1094356.0 1202722.0 1276428.0 1321047.0 1342338.0 1345521.0 1335018.0 1314427.0 1286602.0 1253767.0 1217633.0
7 1.0 212.36759148764554 71.1694591718778 1.0247740496903917 -0.35370654000450164 -0.14374736624986462 0.08653139123786278 -0.08823502819847566 -0.02950340589165967 151537.0 333993.0 550414.0 762808.0 947403.0 1094328.0 1202760.0 1276508.0 1321141.0 1342419.0 1345567.0 1335010.0 1314351.0 1286450.0 1253535.0 1217319.0
8 1.0 262.8439306260371 84.20304092373033 1.0247740496903917 -0.35370654000450164 -0.14374736624986462 0.08653139123786278 -0.08823502819847566 -0.02950340589165967 151399.0 333785.0 550159.0 762525.0 947108.0 1094042.0 1202511.0 1276329.0 1321062.0 1342467.0 1345761.0 1335362.0 1314868.0 1287131.0 1254375.0 1218309.0
9 1.0 112.30019837265667 8.43928230049599 1.0247740496903917 -0.35370654000450164 -0.14374736624986462 0.08653139123786278 -0.08823502819847566 -0.02950340589165967 151677.0 334188.0 550598.0 762922.0 947416.0 1094234.0 1202573.0 1276251.0 1320838.0 1342092.0 1345234.0 1334686.0 1314046.0 1286171.0 1253284.0 1217099.0
10 1.0 143.35958239779308 -40.531757423832616 1.0247740496903917 -0.35370654000450164 -0.14374736624986462 0.08653139123786278 -0.08823502819847566 -0.02950340589165967 151661.0 334168.0 550579.0 762910.0 947418.0 1094258.0 1202628.0 1276344.0 1320975.0 1342277.0 1345469.0 1334969.0 1314377.0 1286546.0 1253700.0 1217551.0
11 1.0 75.54374963104397 16.601475377130626 1.0247740496903917 -0.35370654000450164 -0.14374736624986462 0.08653139123786278 -0.08823502819847566 -0.02950340589165967 151459.0 333837.0 550154.0 762425.0 946896.0 1093711.0 1202062.0 1275764.0 1320386.0 1341684.0 1344876.0 1334382.0 1313801.0 1285984.0 1253157.0 1217029.0
12 1.0 67.02948211692102 71.41700848039378 1.0247740496903917 -0.35370654000450164 -0.14374736624986462 0.08653139123786278 -0.08823502819847566 -0.02950340589165967 151433.0 333807.0 550142.0 762456.0 946987.0 1093872.0 1202295.0 1276066.0 1320748.0 1342096.0 1345326.0 1334860.0 1314294.0 1286485.0 1253656.0 1217521.0
13 1.0 339.9740603942161 -16.787997749565307 1.0247740496903917 -0.35370654000450164 -0.14374736624986462 0.08653139123786278 -0.08823502819847566 -0.02950340589165967 151361.0 333797.0 550313.0 762892.0 947711.0 1094859.0 1203491.0 1277405.0 1322170.0 1343549.0 1346771.0 1336268.0 1315645.0 1287767.0 1254864.0 1218651.0
14 1.0 266.2382862177435 9.374089804554757 1.0247740496903917 -0.35370654000450164 -0.14374736624986462 0.08653139123786278 -0.08823502819847566 -0.02950340589165967 151518.0 333976.0 550401.0 762796.0 947385.0 1094304.0 1202735.0 1276494.0 1321148.0 1342460.0 1345650.0 1335141.0 1314536.0 1286688.0 1253826.0 1217660.0
15 1.0 176.56517110232414 -41.10250183089374 1.0247740496903917 -0.35370654000450164 -0.14374736624986462 0.08653139123786278 -0.08823502819847566 -0.02950340589165967 151681.0 334202.0 550623.0 762958.0 947463.0 1094298.0 1202662.0 1276375.0 1321006.0 1342313.0 1345512.0 1335025.0 1314448.0 1286634.0 1253807.0 1217678.0
16 1.0 81.86926607039636 -8.020053098995149 1.0247740496903917 -0.35370654000450164 -0.14374736624986462 0.08653139123786278 -0.08823502819847566 -0.02950340589165967 151515.0 333951.0 550334.0 762674.0 947213.0 1094096.0 1202513.0 1276275.0 1320951.0 1342294.0 1345524.0 1335060.0 1314500.0 1286698.0 1253878.0 1217752.0
17 1.0 91.56833343734147 -17.69156363167224 1.0247740496903917 -0.35370654000450164 -0.14374736624986462 0.08653139123786278 -0.08823502819847566 -0.02950340589165967 151610.0 334136.0 550611.0 763026.0 947604.0 1094481.0 1202846.0 1276522.0 1321083.0 1342297.0 1345389.0 1334789.0 1314098.0 1286175.0 1253246.0 1217024.0
18 1.0 20.89049771659522 -45.28557628506522 1.0247740496903917 -0.35370654000450164 -0.14374736624986462 0.08653139123786278 -0.08823502819847566 -0.02950340589165967 151630.0 334109.0 550489.0 762791.0 947273.0 1094099.0 1202468.0 1276199.0 1320860.0 1342204.0 1345446.0 1335003.0 1314468.0 1286695.0 1253905.0 1217809.0
19 1.0 156.3899852009235 1.0559490885555078 1.0247740496903917 -0.35370654000450164 -0.14374736624986462 0.08653139123786278 -0.08823502819847566 -0.02950340589165967 151357.0 333788.0 550294.0 762858.0 947664.0 1094804.0 1203437.0 1277364.0 1322151.0 1343559.0 1346816.0 1336350.0 1315767.0 1287927.0 1255061.0 1218882.0
20 1.0 112.24651751787692 -34.13145132363395 1.0247740496903917 -0.35370654000450164 -0.14374736624986462 0.08653139123786278 -0.08823502819847566 -0.02950340589165967 151626.0 334110.0 550509.0 762841.0 947358.0 1094209.0 1202586.0 1276303.0 1320927.0 1342217.0 1345391.0 1334871.0 1314258.0 1286406.0 1253541.0 1217374.0
21 1.0 250.6836559735654 -22.85372450146545 1.0247740496903917 -0.35370654000450164 -0.14374736624986462 0.08653139123786278 -0.08823502819847566 -0.02950340589165967 151396.0 333738.0 550037.0 762314.0 946807.0 1093655.0 1202043.0 1275782.0 1320439.0 1341769.0 1344989.0 1334520.0 1313958.0 1286158.0 1253344.0 1217226.0
22 1.0 135.99066214529313 4.494679605767573 1.0247740496903917 -0.35370654000450164 -0.14374736624986462 0.08653139123786278 -0.08823502819847566 -0.02950340589165967 151411.0 333811.0 550230.0 762681.0 947379.0 1094435.0 1203013.0 1276912.0 1321691.0 1343107.0 1346380.0 1335936.0 1315376.0 1287559.0 1254715.0 1218557.0
23 1.0 64.65732392146853 45.10710412721775 1.0247740496903917 -0.35370654000450164 -0.14374736624986462 0.08653139123786278 -0.08823502819847566 -0.02950340589165967 151421.0 333797.0 550155.0 762515.0 947109.0 1094067.0 1202563.0 1276402.0 1321142.0 1342538.0 1345805.0 1335366.0 1314820.0 1287022.0 1254199.0 1218064.0
24 1.0 8.884342220879242 -29.968656157570443 1.0247740496903917 -0.35370654000450164 -0.14374736624986462 0.08653139123786278 -0.08823502819847566 -0.02950340589165967 151661.0 334189.0 550629.0 762973.0 947462.0 1094251.0 1202542.0 1276162.0 1320691.0 1341894.0 1344995.0 1334418.0 1313762.0 1285881.0 1253000.0 1216827.0
25 1.0 24.20986732676949 76.34857799173744 1.0247740496903917 -0.35370654000450164 -0.14374736624986462 0.08653139123786278 -0.08823502819847566 -0.02950340589165967 151378.0 333724.0 550050.0 762380.0 946951.0 1093898.0 1202398.0 1276253.0 1321022.0 1342456.0 1345767.0 1335375.0 1314876.0 1287125.0 1254347.0 1218253.0
26 1.0 244.58139845948423 65.21733843046243 1.0247740496903917 -0.35370654000450164 -0.14374736624986462 0.08653139123786278 -0.08823502819847566 -0.02950340589165967 151352.0 333606.0 549781.0 761923.0 946292.0 1093037.0 1201348.0 1275035.0 1319661.0 1340977.0 1344198.0 1333739.0 1313195.0 1285418.0 1252629.0 1216539.0
27 1.0 163.33086404017632 -81.23574672440486 1.0247740496903917 -0.35370654000450164 -0.14374736624986462 0.08653139123786278 -0.08823502819847566 -0.02950340589165967 151402.0 333744.0 550050.0 762342.0 946859.0 1093737.0 1202157.0 1275924.0 1320604.0 1341951.0 1345180.0 1334714.0 1314149.0 1286341.0 1253514.0 1217380.0
28 1.0 193.16851599914 -44.3443456337719 1.0247740496903917 -0.35370654000450164 -0.14374736624986462 0.08653139123786278 -0.08823502819847566 -0.02950340589165967 151529.0 333934.0 550267.0 762555.0 947043.0 1093873.0 1202232.0 1275934.0 1320548.0 1341830.0 1345002.0 1334484.0 1313877.0 1286035.0 1253183.0 1217032.0
29 1.0 322.80166549452315 -9.695607721343649 1.0247740496903917 -0.35370654000450164 -0.14374736624986462 0.08653139123786278 -0.08823502819847566 -0.02950340589165967 151294.0 333567.0 549812.0 762054.0 946532.0 1093387.0 1201802.0 1275587.0 1320304.0 1341704.0 1345001.0 1334611.0 1314127.0 1286402.0 1253658.0 1217605.0
0 1.0 356.52202106281356 -71.16698002635466 1.0247740496903917 -0.35370654000450164 -0.14374736624986462 0.08653139123786278 -0.08823502819847566 -0.02950340589165967 151614.0 334097.0 550497.0 762830.0 947348.0 1094208.0 1202601.0 1276343.0 1321001.0 1342329.0 1345545.0 1335067.0 1314494.0 1286679.0 1253847.0 1217709.0
1 1.0 78.08291438345061 -27.274321973970522 1.0247740496903917 -0.35370654000450164 -0.14374736624986462 0.08653139123786278 -0.08823502819847566 -0.02950340589165967 151429.0 333795.0 550125.0 762442.0 946982.0 1093879.0 1202310.0 1276083.0 1320760.0 1342097.0 1345312.0 1334828.0 1314244.0 1286416.0 1253570.0 1217419.0
2 1.0 238.70815311603627 43.21755461118286 1.0247740496903917 -0.35370654000450164 -0.14374736624986462 0.08653139123786278 -0.08823502819847566 -0.02950340589165967 151372.0 333652.0 549869.0 762062.0 946480.0 1093264.0 1201600.0 1275295.0 1319913.0 1341207.0 1344396.0 1333898.0 1313311.0 1285489.0 1252655.0 1216521.0
3 1.0 94.79605562537424 32.49260660570866 1.0247740496903917 -0.35370654000450164 -0.14374736624986462 0.08653139123786278 -0.08823502819847566 -0.02950340589165967 151671.0 334230.0 550720.0 763143.0 947741.0 1094665.0 1203109.0 1276889.0 1321574.0 1342922.0 1346150.0 1335681.0 1315112.0 1287299.0 1254467.0 1218326.0
4 1.0 7.434359807662325 22.02919714188087 1.0247740496903917 -0.35370654000450164 -0.14374736624986462 0.08653139123786278 -0.08823502819847566 -0.02950340589165967 151721.0 334287.0 550748.0 763113.0 947641.0 1094497.0 1202887.0 1276631.0 1321299.0 1342645.0 1345886.0 1335439.0 1314900.0 1287120.0 1254323.0 1218218.0
5 1.0 273.01631538101094 37.895112490022214 1.0247740496903917 -0.35370654000450164 -0.14374736624986462 0.08653139123786278 -0.08823502819847566 -0.02950340589165967 151449.0 333841.0 550207.0 762572.0 947177.0 1094155.0 1202679.0 1276551.0 1321328.0 1342760.0 1346063.0 1335655.0 1315137.0 1287362.0 1254559.0 1218439.0
6 1.0 115.20617429608842 -53.113736347253685 1.0247740496903917 -0.35370654000450164 -0.14374736624986462 0.08653139123786278 -0.08823502819847566 -0.02950340589165967 151469.0 333851.0 550187.0 762509.0 947058.0 1093970.0 1202422.0 1276217.0 1320915.0 1342269.0 1345499.0 1335023.0 1314443.0 1286615.0 1253766.0 1217607.0
7 1.0 138.04700190188328 -28.494339324348218 1.0247740496903917 -0.35370654000450164 -0.14374736624986462 0.08653139123786278 -0.08823502819847566 -0.02950340589165967 151639.0 334125.0 550511.0 762821.0 947321.0 1094174.0 1202579.0 1276351.0 1321052.0 1342433.0 1345707.0 1335289.0 1314774.0 1287014.0 1254231.0 1218137.0
8 1.0 211.79416087929806 31.723646809943318 1.0247740496903917 -0.35370654000450164 -0.14374736624986462 0.08653139123786278 -0.08823502819847566 -0.02950340589165967 151673.0 334187.0 550598.0 762923.0 947426.0 1094271.0 1202661.0 1276413.0 1321096.0 1342461.0 1345723.0 1335299.0 1314782.0 1287025.0 1254250.0 1218165.0
9 1.0 299.17744388502854 68.26225734563889 1.0247740496903917 -0.35370654000450164 -0.14374736624986462 0.08653139123786278 -0.08823502819847566 -0.02950340589165967 151426.0 333805.0 550153.0 762472.0 946984.0 1093818.0 1202161.0 1275829.0 1320399.0 1341633.0 1344759.0 1334199.0 1313556.0 1285684.0 1252809.0 1216641.0
10 1.0 226.43346369281355 7.86204968905713 1.0247740496903917 -0.35370654000450164 -0.14374736624986462 0.08653139123786278 -0.08823502819847566 -0.02950340589165967 151433.0 333745.0 549973.0 762158.0 946558.0 1093329.0 1201663.0 1275372.0 1320020.0 1341361.0 1344606.0 1334172.0 1313653.0 1285899.0 1253133.0 1217062.0
11 1.0 314.1542359610623 -39.11406282980341 1.0247740496903917 -0.35370654000450164 -0.14374736624986462 0.08653139123786278 -0.08823502819847566 -0.02950340589165967 151602.0 334073.0 550472.0 762825.0 947387.0 1094310.0 1202780.0 1276607.0 1321350.0 1342762.0 1346056.0 1335649.0 1315138.0 1287377.0 1254590.0 1218488.0
12 1.0 98.47513253362888 -84.55765355892314 1.0247740496903917 -0.35370654000450164 -0.14374736624986462 0.08653139123786278 -0.08823502819847566 -0.02950340589165967 151387.0 333719.0 550022.0 762325.0 946861.0 1093763.0 1202205.0 1275992.0 1320687.0 1342044.0 1345281.0 1334819.0 1314257.0 1286451.0 1253626.0 1217494.0
13 1.0 287.29686020852296 37.8606292153584 1.0247740496903917 -0.35370654000450164 -0.14374736624986462 0.08653139123786278 -0.08823502819847566 -0.02950340589165967 151570.0 334042.0 550449.0 762801.0 947341.0 1094216.0 1202620.0 1276368.0 1321030.0 1342361.0 1345579.0 1335106.0 1314538.0 1286729.0 1253904.0 1217774.0
14 1.0 66.8289399501428 -88.58086136848073 1.0247740496903917 -0.35370654000450164 -0.14374736624986462 0.08653139123786278 -0.08823502819847566 -0.02950340589165967 151443.0 333819.0 550147.0 762449.0 946971.0 1093855.0 1202287.0 1276076.0 1320784.0 1342164.0 1345430.0 1335001.0 1314473.0 1286700.0 1253907.0 1217804.0
15 1.0 343.0049965099 -22.9177674322208 1.0247740496903917 -0.35370654000450164 -0.14374736624986462 0.08653139123786278 -0.08823502819847566 -0.02950340589165967 151430.0 333896.0 550403.0 762938.0 947705.0 1094816.0 1203440.0 1277382.0 1322204.0 1343664.0 1346983.0 1336583.0 1316067.0 1288293.0 1255487.0 1219363.0
16 1.0 247.4957794996135 5.496698621300723 1.0247740496903917 -0.35370654000450164 -0.14374736624986462 0.08653139123786278 -0.08823502819847566 -0.02950340589165967 151357.0 333695.0 550027.0 762369.0 946944.0 1093875.0 1202337.0 1276136.0 1320837.0 1342198.0 1345438.0 1334979.0 1314421.0 1286621.0 1253802.0 1217678.0
17 1.0 77.58276376088104 75.98006311809476 1.0247740496903917 -0.35370654000450164 -0.14374736624986462 0.08653139123786278 -0.08823502819847566 -0.02950340589165967 151425.0 333794.0 550131.0 762462.0 947028.0 1093964.0 1202450.0 1276291.0 1321045.0 1342466.0 1345768.0 1335368.0 1314865.0 1287113.0 1254337.0 1218247.0
18 1.0 341.0534125760127 -73.89098189407798 1.0247740496903917 -0.35370654000450164 -0.14374736624986462 0.08653139123786278 -0.08823502819847566 -0.02950340589165967 151619.0 334119.0 550532.0 762856.0 947335.0 1094126.0 1202432.0 1276081.0 1320649.0 1341898.0 1345050.0 1334526.0 1313923.0 1286094.0 1253262.0 1217136.0
19 1.0 263.1080904372568 -16.930382045708924 1.0247740496903917 -0.35370654000450164 -0.14374736624986462 0.08653139123786278 -0.08823502819847566 -0.02950340589165967 151531.0 333963.0 550326.0 762636.0 947140.0 1093987.0 1202365.0 1276090.0 1320727.0 1342035.0 1345230.0 1334735.0 1314147.0 1286321.0 1253482.0 1217340.0
20 1.0 91.4189913342093 -85.6236240521716 1.0247740496903917 -0.35370654000450164 -0.14374736624986462 0.08653139123786278 -0.08823502819847566 -0.02950340589165967 151444.0 333846.0 550231.0 762611.0 947207.0 1094146.0 1202601.0 1276383.0 1321057.0 1342382.0 1345581.0 1335078.0 1314475.0 1286629.0 1253766.0 1217600.0
21 1.0 76.79231185229351 -28.33002281851374 1.0247740496903917 -0.35370654000450164 -0.14374736624986462 0.08653139123786278 -0.08823502819847566 -0.02950340589165967 151420.0 333777.0 550099.0 762408.0 946946.0 1093847.0 1202291.0 1276084.0 1320787.0 1342155.0 1345404.0 1334954.0 1314404.0 1286607.0 1253790.0 1217665.0
22 1.0 186.55225701503878 22.00159059116308 1.0247740496903917 -0.35370654000450164 -0.14374736624986462 0.08653139123786278 -0.08823502819847566 -0.02950340589165967 151668.0 334229.0 550719.0 763132.0 947711.0 1094607.0 1203017.0 1276758.0 1321403.0 1342710.0 1345900.0 1335395.0 1314794.0 1286952.0 1254096.0 1217936.0
23 1.0 9.238578499631366 -39.767769318852295 1.0247740496903917 -0.35370654000450164 -0.14374736624986462 0.08653139123786278 -0.08823502819847566 -0.02950340589165967 151657.0 334160.0 550573.0 762918.0 947453.0 1094334.0 1202752.0 1276520.0 1321203.0 1342555.0 1345791.0 1335330.0 1314770.0 1286966.0 1254141.0 1218008.0
24 1.0 74.68922715879938 -52.245009061985684 1.0247740496903917 -0.35370654000450164 -0.14374736624986462 0.08653139123786278 -0.08823502819847566 -0.02950340589165967 151410.0 333764.0 550087.0 762407.0 946959.0 1093877.0 1202337.0 1276146.0 1320864.0 1342245.0 1345506.0 1335066.0 1314524.0 1286736.0 1253927.0 1217808.0
25 1.0 152.88676875054225 -69.17341800112314 1.0247740496903917 -0.35370654000450164 -0.14374736624986462 0.08653139123786278 -0.08823502819847566 -0.02950340589165967 151443.0 333813.0 550120.0 762384.0 946852.0 1093678.0 1202058.0 1275805.0 1320487.0 1341856.0 1345124.0 1334708.0 1314202.0 1286456.0 1253693.0 1217622.0
26 1.0 134.7011929203212 13.88524392366152 1.0247740496903917 -0.35370654000450164 -0.14374736624986462 0.08653139123786278 -0.08823502819847566 -0.02950340589165967 151487.0 334013.0 550623.0 763314.0 948280.0 1095612.0 1204457.0 1278599.0 1323593.0 1345189.0 1348609.0 1338278.0 1317801.0 1290043.0 1257233.0 1221090.0
27 1.0 166.88715277133184 35.14860106284348 1.0247740496903917 -0.35370654000450164 -0.14374736624986462 0.08653139123786278 -0.08823502819847566 -0.02950340589165967 151554.0 334032.0 550458.0 762831.0 947387.0 1094269.0 1202670.0 1276408.0 1321055.0 1342371.0 1345577.0 1335095.0 1314523.0 1286716.0 1253897.0 1217778.0
28 1.0 99.94633426610349 30.95228530724802 1.0247740496903917 -0.35370654000450164 -0.14374736624986462 0.08653139123786278 -0.08823502819847566 -0.02950340589165967 151668.0 334189.0 550612.0 762939.0 947412.0 1094185.0 1202460.0 1276064.0 1320574.0 1341757.0 1344836.0 1334236.0 1313557.0 1285655.0 1252753.0 1216561.0
29 1.0 211.24236472494076 80.79498372969132 1.0247740496903917 -0.35370654000450164 -0.14374736624986462 0.08653139123786278 -0.08823502819847566 -0.02950340589165967 151478.0 333869.0 550196.0 762482.0 946982.0 1093851.0 1202278.0 1276075.0 1320801.0 1342208.0 1345507.0 1335113.0 1314621.0 1286883.0 1254123.0 1218050.0
0 1.0 310.9880181323633 -89.51342149916951 1.0247740496903917 -0.35370654000450164 -0.14374736624986462 0.08653139123786278 -0.08823502819847566 -0.02950340589165967 151403.0 333791.0 550173.0 762552.0 947144.0 1094072.0 1202514.0 1276281.0 1320944.0 1342263.0 1345460.0 1334960.0 1314365.0 1286529.0 1253680.0 1217528.0
1 1.0 42.31146814633191 26.49539770092649 1.0247740496903917 -0.35370654000450164 -0.14374736624986462 0.08653139123786278 -0.08823502819847566 -0.02950340589165967 151448.0 333794.0 550086.0 762365.0 946883.0 1093779.0 1202230.0 1276039.0 1320763.0 1342153.0 1345422.0 1334989.0 1314454.0 1286670.0 1253863.0 1217746.0
2 1.0 186.2564785754811 18.070602677575124 1.0247740496903917 -0.35370654000450164 -0.14374736624986462 0.08653139123786278 -0.08823502819847566 -0.02950340589165967 151662.0 334220.0 550696.0 763081.0 947621.0 1094476.0 1202851.0 1276569.0 1321204.0 1342514.0 1345719.0 1335237.0 1314667.0 1286860.0 1254041.0 1217920.0
3 1.0 47.54451828425519 15.973129794651868 1.0247740496903917 -0.35370654000450164 -0.14374736624986462 0.08653139123786278 -0.08823502819847566 -0.02950340589165967 151416.0 333729.0 549988.0 762239.0 946731.0 1093597.0 1202010.0 1275771.0 1320439.0 1341766.0 1344972.0 1334477.0 1313881.0 1286042.0 1253186.0 1217025.0
4 1.0 258.06948522933374 83.29865757124364 1.0247740496903917 -0.35370654000450164 -0.14374736624986462 0.08653139123786278 -0.08823502819847566 -0.02950340589165967 151391.0 333759.0 550118.0 762477.0 947057.0 1093981.0 1202423.0 1276193.0 1320857.0 1342175.0 1345368.0 1334863.0 1314259.0 1286414.0 1253554.0 1217391.0
5 1.0 142.58149301062573 -86.96309879339286 1.0247740496903917 -0.35370654000450164 -0.14374736624986462 0.08653139123786278 -0.08823502819847566 -0.02950340589165967 151400.0 333750.0 550043.0 762293.0 946750.0 1093575.0 1201965.0 1275738.0 1320460.0 1341879.0 1345207.0 1334854.0 1314414.0 1286733.0 1254034.0 1218023.0
6 1.0 203.55167226906323 35.36683752626102 1.0247740496903917 -0.35370654000450164 -0.14374736624986462 0.08653139123786278 -0.08823502819847566 -0.02950340589165967 151697.0 334227.0 550648.0 762967.0 947443.0 1094238.0 1202555.0 1276218.0 1320800.0 1342059.0 1345216.0 1334691.0 1314081.0 1286240.0 1253391.0 1217244.0
7 1.0 65.9807410370683 56.462156946335426 1.0247740496903917 -0.35370654000450164 -0.14374736624986462 0.08653139123786278 -0.08823502819847566 -0.02950340589165967 151434.0 333824.0 550194.0 762555.0 947132.0 1094054.0 1202500.0 1276278.0 1320958.0 1342297.0 1345516.0 1335038.0 1314463.0 1286647.0 1253816.0 1217681.0
8 1.0 52.1451933636158 1.7652953918851466 1.0247740496903917 -0.35370654000450164 -0.14374736624986462 0.08653139123786278 -0.08823502819847566 -0.02950340589165967 151410.0 333726.0 549986.0 762226.0 946695.0 1093534.0 1201926.0 1275678.0 1320350.0 1341696.0 1344931.0 1334474.0 1313922.0 1286128.0 1253318.0 1217201.0
9 1.0 175.70026103362363 -29.886323472574354 1.0247740496903917 -0.35370654000450164 -0.14374736624986462 0.08653139123786278 -0.08823502819847566 -0.02950340589165967 151692.0 334208.0 550602.0 762895.0 947356.0 1094156.0 1202501.0 1276209.0 1320849.0 1342174.0 1345397.0 1334936.0 1314385.0 1286595.0 1253790.0 1217680.0
10 1.0 128.020585625984 52.35122938093289 1.0247740496903917 -0.35370654000450164 -0.14374736624986462 0.08653139123786278 -0.08823502819847566 -0.02950340589165967 151704.0 334251.0 550704.0 763078.0 947630.0 1094519.0 1202941.0 1276710.0 1321392.0 1342743.0 1345979.0 1335518.0 1314960.0 1287157.0 1254335.0 1218205.0
11 1.0 338.5555002910127 -72.49627338616357 1.0247740496903917 -0.35370654000450164 -0.14374736624986462 0.08653139123786278 -0.08823502819847566 -0.02950340589165967 151627.0 334132.0 550554.0 762890.0 947381.0 1094178.0 1202482.0 1276116.0 1320658.0 1341870.0 1344977.0 1334401.0 1313742.0 1285855.0 1252964.0 1216780.0
12 1.0 275.5170913705075 -10.43358520861345 1.0247740496903917 -0.35370654000450164 -0.14374736624986462 0.08653139123786278 -0.08823502819847566 -0.02950340589165967 151676.0 334217.0 550670.0 763037.0 947568.0 1094416.0 1202781.0 1276483.0 1321095.0 1342374.0 1345542.0 1335020.0 1314407.0 1286556.0 1253694.0 1217531.0
13 1.0 269.51890314619703 3.5914274227508827 1.0247740496903917 -0.35370654000450164 -0.14374736624986462 0.08653139123786278 -0.08823502819847566 -0.02950340589165967 151568.0 334034.0 550422.0 762739.0 947229.0 1094042.0 1202376.0 1276051.0 1320638.0 1341898.0 1345050.0 1334516.0 1313894.0 1286039.0 1253175.0 1217012.0
14 1.0 325.33910630853603 34.91215396821855 1.0247740496903917 -0.35370654000450164 -0.14374736624986462 0.08653139123786278 -0.08823502819847566 -0.02950340589165967 151697.0 334235.0 550675.0 763027.0 947545.0 1094388.0 1202754.0 1276463.0 1321084.0 1342375.0 1345554.0 1335042.0 1314438.0 1286595.0 1253738.0 1217578.0
15 1.0 30.032076759126678 -73.6405682341663 1.0247740496903917 -0.35370654000450164 -0.14374736624986462 0.08653139123786278 -0.08823502819847566 -0.02950340589165967 151461.0 333853.0 550201.0 762521.0 947050.0 1093929.0 1202344.0 1276105.0 1320779.0 1342121.0 1345350.0 1334884.0 1314323.0 1286520.0 1253701.0 1217576.0
16 1.0 198.78928917206636 -49.00328972318503 1.0247740496903917 -0.35370654000450164 -0.14374736624986462 0.08653139123786278 -0.08823502819847566 -0.02950340589165967 151478.0 333857.0 550174.0 762463.0 946979.0 1093872.0 1202328.0 1276154.0 1320909.0 1342342.0 1345666.0 1335294.0 1314822.0 1287102.0 1254358.0 1218300.0
17 1.0 210.4113848240768 -16.14571871577739 1.0247740496903917 -0.35370654000450164 -0.14374736624986462 0.08653139123786278 -0.08823502819847566 -0.02950340589165967 151579.0 334035.0 550434.0 762808.0 947410.0 1094382.0 1202903.0 1276775.0 1321557.0 1342995.0 1346305.0 1335905.0 1315393.0 1287623.0 1254823.0 1218705.0
18 1.0 346.2970962770024 22.193041143623518 1.0247740496903917 -0.35370654000450164 -0.14374736624986462 0.08653139123786278 -0.08823502819847566 -0.02950340589165967 151627.0 334139.0 550581.0 762960.0 947518.0 1094404.0 1202806.0 1276539.0 1321172.0 1342463.0 1345632.0 1335101.0 1314472.0 1286602.0 1253715.0 1217525.0
19 1.0 105.17310964531758 69.65294061913514 1.0247740496903917 -0.35370654000450164 -0.14374736624986462 0.08653139123786278 -0.08823502819847566 -0.02950340589165967 151530.0 333976.0 550363.0 762696.0 947211.0 1094055.0 1202420.0 1276125.0 1320741.0 1342029.0 1345208.0 1334702.0 1314108.0 1286280.0 1253443.0 1217306.0
20 1.0 86.69836076956085 21.388710283447764 1.0247740496903917 -0.35370654000450164 -0.14374736624986462 0.08653139123786278 -0.08823502819847566 -0.02950340589165967 151590.0 334066.0 550457.0 762760.0 947221.0 1093995.0 1202282.0 1275909.0 1320453.0 1341674.0 1344796.0 1334238.0 1313600.0 1285735.0 1252866.0 1216703.0
21 1.0 36.10581921557922 -65.9769352317118 1.0247740496903917 -0.35370654000450164 -0.14374736624986462 0.08653139123786278 -0.08823502819847566 -0.02950340589165967 151457.0 333826.0 550142.0 762436.0 946952.0 1093832.0 1202255.0 1276029.0 1320716.0 1342069.0 1345305.0 1334842.0 1314281.0 1286475.0 1253649.0 1217516.0
22 1.0 5.9146666529307135 86.50442390171082 1.0247740496903917 -0.35370654000450164 -0.14374736624986462 0.08653139123786278 -0.08823502819847566 -0.02950340589165967 151379.0 333729.0 550043.0 762326.0 946812.0 1093642.0 1202010.0 1275734.0 1320386.0 1341723.0 1344965.0 1334529.0 1314011.0 1286262.0 1253504.0 1217445.0
23 1.0 334.6305540451886 66.92143225598872 1.0247740496903917 -0.35370654000450164 -0.14374736624986462 0.08653139123786278 -0.08823502819847566 -0.02950340589165967 151460.0 333856.0 550223.0 762585.0 947179.0 1094138.0 1202641.0 1276491.0 1321252.0 1342674.0 1345973.0 1335569.0 1315060.0 1287301.0 1254515.0 1218417.0
24 1.0 241.16995677272763 0.4897370061583217 1.0247740496903917 -0.35370654000450164 -0.14374736624986462 0.08653139123786278 -0.08823502819847566 -0.02950340589165967 151316.0 333582.0 549822.0 762078.0 946586.0 1093476.0 1201917.0 1275711.0 1320417.0 1341786.0 1345035.0 1334585.0 1314033.0 1286236.0 1253418.0 1217293.0
25 1.0 282.6550483283296 76.02263672339393 1.0247740496903917 -0.35370654000450164 -0.14374736624986462 0.08653139123786278 -0.08823502819847566 -0.02950340589165967 151351.0 333702.0 550108.0 762613.0 947429.0 1094645.0 1203394.0 1277452.0 1322364.0 1343877.0 1347212.0 1336796.0 1316237.0 1288399.0 1255515.0 1219305.0
26 1.0 101.42283807142167 7.448542876284435 1.0247740496903917 -0.35370654000450164 -0.14374736624986462 0.08653139123786278 -0.08823502819847566 -0.02950340589165967 151713.0 334261.0 550697.0 763025.0 947499.0 1094278.0 1202566.0 1276187.0 1320719.0 1341925.0 1345026.0 1334446.0 1313785.0 1285896.0 1253005.0 1216821.0
27 1.0 211.1076598270776 76.19509222004936 1.0247740496903917 -0.35370654000450164 -0.14374736624986462 0.08653139123786278 -0.08823502819847566 -0.02950340589165967 151501.0 333910.0 550265.0 762595.0 947153.0 1094085.0 1202574.0 1276423.0 1321191.0 1342625.0 1345938.0 1335548.0 1315050.0 1287299.0 1254519.0 1218423.0
28 1.0 23.023895803553206 59.38152634860177 1.0247740496903917 -0.35370654000450164 -0.14374736624986462 0.08653139123786278 -0.08823502819847566 -0.02950340589165967 151410.0 333775.0 550120.0 762457.0 947010.0 1093907.0 1202324.0 1276073.0 1320723.0 1342035.0 1345229.0 1334729.0 1314137.0 1286308.0 1253467.0 1217326.0
29 1.0 174.82593453646425 84.29155385297352 1.0247740496903917 -0.35370654000450164 -0.14374736624986462 0.08653139123786278 -0.08823502819847566 -0.02950340589165967 151411.0 333752.0 550030.0 762260.0 946682.0 1093443.0 1201737.0 1275386.0 1319962.0 1341225.0 1344393.0 1333887.0 1313301.0 1285490.0 1252675.0 1216563.0
0 1.0 351.89825030800085 75.5609059400685 1.0247740496903917 -0.35370654000450164 -0.14374736624986462 0.08653139123786278 -0.08823502819847566 -0.02950340589165967 151281.0 333466.0 549556.0 761596.0 945851.0 1092479.0 1200676.0 1274261.0 1318799.0 1340045.0 1343213.0 1332718.0 1312153.0 1284368.0 1251583.0 1215505.0
1 1.0 315.54188831397266 -83.5139128628575 1.0247740496903917 -0.35370654000450164 -0.14374736624986462 0.08653139123786278 -0.08823502819847566 -0.02950340589165967 151433.0 333788.0 550076.0 762316.0 946759.0 1093556.0 1201903.0 1275614.0 1320258.0 1341587.0 1344818.0 1334367.0 1313830.0 1286058.0 1253273.0 1217184.0
2 1.0 121.73722266126443 -58.54103925103081 1.0247740496903917 -0.35370654000450164 -0.14374736624986462 0.08653139123786278 -0.08823502819847566 -0.02950340589165967 151438.0 333796.0 550090.0 762334.0 946769.0 1093543.0 1201852.0 1275515.0 1320104.0 1341380.0 1344561.0 1334066.0 1313492.0 1285690.0 1252884.0 1216781.0
3 1.0 346.16525563493946 -19.95575812178656 1.0247740496903917 -0.35370654000450164 -0.14374736624986462 0.08653139123786278 -0.08823502819847566 -0.02950340589165967 151415.0 333855.0 550318.0 762791.0 947482.0 1094511.0 1203051.0 1276912.0 1321660.0 1343054.0 1346314.0 1335864.0 1315307.0 1287498.0 1254665.0 1218520.0
4 1.0 83.41258552963363 81.38568551317573 1.0247740496903917 -0.35370654000450164 -0.14374736624986462 0.08653139123786278 -0.08823502819847566 -0.02950340589165967 151411.0 333772.0 550093.0 762381.0 946867.0 1093687.0 1202030.0 1275711.0 1320302.0 1341562.0 1344715.0 1334182.0 1313563.0 1285713.0 1252856.0 1216702.0
5 1.0 341.75477606964535 -35.99479449433267 1.0247740496903917 -0.35370654000450164 -0.14374736624986462 0.08653139123786278 -0.08823502819847566 -0.02950340589165967 151550.0 334023.0 550442.0 762811.0 947366.0 1094252.0 1202661.0 1276409.0 1321064.0 1342385.0 1345591.0 1335104.0 1314522.0 1286700.0 1253863.0 1217723.0
6 1.0 338.8959736943395 -61.11582410023181 1.0247740496903917 -0.35370654000450164 -0.14374736624986462 0.08653139123786278 -0.08823502819847566 -0.02950340589165967 151700.0 334238.0 550662.0 762983.0 947460.0 1094263.0 1202598.0 1276288.0 1320907.0 1342209.0 1345412.0 1334932.0 1314366.0 1286566.0 1253753.0 1217637.0
7 1.0 287.71293144686103 69.53483989558077 1.0247740496903917 -0.35370654000450164 -0.14374736624986462 0.08653139123786278 -0.08823502819847566 -0.02950340589165967 151391.0 333757.0 550088.0 762373.0 946831.0 1093606.0 1201899.0 1275536.0 1320101.0 1341355.0 1344522.0 1334022.0 1313450.0 1285657.0 1252864.0 1216779.0
8 1.0 226.9612572720448 -9.649005213023472 1.0247740496903917 -0.35370654000450164 -0.14374736624986462 0.08653139123786278 -0.08823502819847566 -0.02950340589165967 151409.0 333740.0 550038.0 762351.0 946926.0 1093897.0 1202432.0 1276327.0 1321136.0 1342605.0 1345949.0 1335583.0 1315107.0 1287374.0 1254611.0 1218530.0
9 1.0 314.7436679849809 73.41760698377868 1.0247740496903917 -0.35370654000450164 -0.14374736624986462 0.08653139123786278 -0.08823502819847566 -0.02950340589165967 151428.0 333787.0 550103.0 762397.0 946908.0 1093775.0 1202181.0 1275936.0 1320606.0 1341946.0 1345175.0 1334712.0 1314156.0 1286361.0 1253552.0 1217438.0
10 1.0 105.48730242280682 -61.15851606237421 1.0247740496903917 -0.35370654000450164 -0.14374736624986462 0.08653139123786278 -0.08823502819847566 -0.02950340589165967 151390.0 333704.0 549959.0 762189.0 946645.0 1093474.0 1201863.0 1275619.0 1320306.0 1341674.0 1344938.0 1334515.0 1314000.0 1286245.0 1253473.0 1217394.0
11 1.0 305.61967991265055 29.00115207145791 1.0247740496903917 -0.35370654000450164 -0.14374736624986462 0.08653139123786278 -0.08823502819847566 -0.02950340589165967 151686.0 334222.0 550668.0 763025.0 947537.0 1094356.0 1202678.0 1276328.0 1320883.0 1342106.0 1345222.0 1334655.0 1314004.0 1286125.0 1253243.0 1217068.0
12 1.0 222.43560909030856 -10.75252449069147 1.0247740496903917 -0.35370654000450164 -0.14374736624986462 0.08653139123786278 -0.08823502819847566 -0.02950340589165967 151425.0 333728.0 549949.0 762139.0 946563.0 1093373.0 1201758.0 1275524.0 1320228.0 1341620.0 1344910.0 1334514.0 1314026.0 1286297.0 1253549.0 1217493.0
13 1.0 4.765268793203816 -76.23238157454863 1.0247740496903917 -0.35370654000450164 -0.14374736624986462 0.08653139123786278 -0.08823502819847566 -0.02950340589165967 151538.0 333964.0 550314.0 762610.0 947105.0 1093952.0 1202344.0 1276094.0 1320767.0 1342118.0 1345360.0 1334912.0 1314369.0 1286585.0 1253783.0 1217674.0
14 1.0 125.00406645559904 35.363366037450106 1.0247740496903917 -0.35370654000450164 -0.14374736624986462 0.08653139123786278 -0.08823502819847566 -0.02950340589165967 151638.0 334130.0 550518.0 762810.0 947264.0 1094048.0 1202372.0 1276066.0 1320701.0 1342036.0 1345284.0 1334862.0 1314360.0 1286628.0 1253887.0 1217842.0
15 1.0 53.330709941339414 -45.46822400295233 1.0247740496903917 -0.35370654000450164 -0.14374736624986462 0.08653139123786278 -0.08823502819847566 -0.02950340589165967 151452.0 333822.0 550137.0 762422.0 946924.0 1093784.0 1202190.0 1275953.0 1320638.0 1341999.0 1345253.0 1334817.0 1314288.0 1286520.0 1253736.0 1217646.0
16 1.0 353.45858033457114 -82.86920593568681 1.0247740496903917 -0.35370654000450164 -0.14374736624986462 0.08653139123786278 -0.08823502819847566 -0.02950340589165967 151519.0 333958.0 550354.0 762716.0 947281.0 1094186.0 1202614.0 1276378.0 1321047.0 1342379.0 1345592.0 1335110.0 1314532.0 1286714.0 1253879.0 1217741.0
17 1.0 172.2133105343957 -79.21002631507682 1.0247740496903917 -0.35370654000450164 -0.14374736624986462 0.08653139123786278 -0.08823502819847566 -0.02950340589165967 151409.0 333760.0 550077.0 762378.0 946898.0 1093769.0 1202175.0 1275926.0 1320590.0 1341926.0 1345151.0 1334688.0 1314135.0 1286345.0 1253544.0 1217440.0
18 1.0 179.06089157951857 -79.00586332797828 1.0247740496903917 -0.35370654000450164 -0.14374736624986462 0.08653139123786278 -0.08823502819847566 -0.02950340589165967 151393.0 333725.0 550018.0 762301.0 946810.0 1093681.0 1202096.0 1275863.0 1320546.0 1341898.0 1345137.0 1334683.0 1314133.0 1286341.0 1253532.0 1217417.0
19 1.0 230.2101059035405 73.39193234730709 1.0247740496903917 -0.35370654000450164 -0.14374736624986462 0.08653139123786278 -0.08823502819847566 -0.02950340589165967 151449.0 333798.0 550077.0 762315.0 946765.0 1093574.0 1201932.0 1275652.0 1320297.0 1341623.0 1344846.0 1334383.0 1313831.0 1286042.0 1253241.0 1217136.0
20 1.0 132.6904582066623 43.17910520923817 1.0247740496903917 -0.35370654000450164 -0.14374736624986462 0.08653139123786278 -0.08823502819847566 -0.02950340589165967 151660.0 334175.0 550591.0 762916.0 947405.0 1094223.0 1202576.0 1276287.0 1320930.0 1342260.0 1345492.0 1335045.0 1314512.0 1286745.0 1253966.0 1217882.0
21 1.0 49.284097806815616 71.6512242984723 1.0247740496903917 -0.35370654000450164 -0.14374736624986462 0.08653139123786278 -0.08823502819847566 -0.02950340589165967 151408.0 333746.0 550040.0 762315.0 946814.0 1093674.0 1202078.0 1275835.0 1320508.0 1341853.0 1345085.0 1334625.0 1314071.0 1286278.0 1253469.0 1217356.0
22 1.0 295.9623839499284 31.064816033373845 1.0247740496903917 -0.35370654000450164 -0.14374736624986462 0.08653139123786278 -0.08823502819847566 -0.02950340589165967 151653.0 334159.0 550562.0 762871.0 947339.0 1094129.0 1202445.0 1276111.0 1320702.0 1341976.0 1345151.0 1334646.0 1314058.0 1286239.0 1253411.0 1217283.0
23 1.0 68.34524828499286 5.2091872255589635 1.0247740496903917 -0.35370654000450164 -0.14374736624986462 0.08653139123786278 -0.08823502819847566 -0.02950340589165967 151406.0 333769.0 550109.0 762442.0 946998.0 1093907.0 1202349.0 1276132.0 1320821.0 1342172.0 1345405.0 1334941.0 1314379.0 1286575.0 1253753.0 1217625.0
24 1.0 184.07483371672416 -35.19965441747191 1.0247740496903917 -0.35370654000450164 -0.14374736624986462 0.08653139123786278 -0.08823502819847566 -0.02950340589165967 151664.0 334163.0 550557.0 762863.0 947336.0 1094136.0 1202464.0 1276140.0 1320735.0 1342009.0 1345180.0 1334669.0 1314072.0 1286242.0 1253404.0 1217267.0
25 1.0 80.75413043090613 89.63320523916121 1.0247740496903917 -0.35370654000450164 -0.14374736624986462 0.08653139123786278 -0.08823502819847566 -0.02950340589165967 151416.0 333812.0 550197.0 762568.0 947142.0 1094045.0 1202457.0 1276193.0 1320825.0 1342115.0 1345287.0 1334765.0 1314151.0 1286300.0 1253439.0 1217278.0
26 1.0 35.22401441785226 -24.805969390909922 1.0247740496903917 -0.35370654000450164 -0.14374736624986462 0.08653139123786278 -0.08823502819847566 -0.02950340589165967 151615.0 334085.0 550469.0 762785.0 947286.0 1094119.0 1202478.0 1276179.0 1320792.0 1342075.0 1345249.0 1334735.0 1314131.0 1286293.0 1253445.0 1217297.0
27 1.0 310.388946271806 -5.28318914149628 1.0247740496903917 -0.35370654000450164 -0.14374736624986462 0.08653139123786278 -0.08823502819847566 -0.02950340589165967 151486.0 333902.0 550272.0 762607.0 947149.0 1094044.0 1202483.0 1276279.0 1320998.0 1342394.0 1345683.0 1335280.0 1314783.0 1287043.0 1254283.0 1218213.0
28 1.0 350.2510160483269 -21.915868513776886 1.0247740496903917 -0.35370654000450164 -0.14374736624986462 0.08653139123786278 -0.08823502819847566 -0.02950340589165967 151470.0 333929.0 550387.0 762839.0 947505.0 1094510.0 1203030.0 1276874.0 1321607.0 1342989.0 1346239.0 1335781.0 1315217.0 1287403.0 1254566.0 1218419.0
29 1.0 345.90047690268005 86.31484728038254 1.0247740496903917 -0.35370654000450164 -0.14374736624986462 0.08653139123786278 -0.08823502819847566 -0.02950340589165967 151366.0 333687.0 549978.0 762264.0 946781.0 1093662.0 1202082.0 1275849.0 1320525.0 1341864.0 1345084.0 1334608.0 1314033.0 1286215.0 1253381.0 1217242.0
