idx D_km lam beta x1 y1 z1 x2 y2 z2 flux5 flux6 flux7 flux8 flux9 flux10 flux11 flux12 flux13 flux14 flux15 flux16 flux17 flux18 flux19 flux20
0 1.0 197.5728614138369 73.17998985981222 -1.062633689575615 0.35370344645029106 0.08669111624664477 -0.13547516304145632 0.011115569816841335 -0.06286454937260375 93003.0 208855.0 348901.0 488556.0 611723.0 711217.0 785894.0 837833.0 870436.0 887356.0 891970.0 887183.0 875386.0 858491.0 838003.0 815089.0
1 1.0 257.468171894071 49.328519885754986 -1.062633689575615 0.35370344645029106 0.08669111624664477 -0.13547516304145632 0.011115569816841335 -0.06286454937260375 92999.0 208828.0 348832.0 488435.0 611552.0 711006.0 785655.0 837581.0 870182.0 887108.0 891734.0 886962.0 875181.0 858302.0 837831.0 814931.0
2 1.0 216.99481538579178 -30.033872634844457 -1.062633689575615 0.35370344645029106 0.08669111624664477 -0.13547516304145632 0.011115569816841335 -0.06286454937260375 93164.0 209109.0 349201.0 488853.0 611990.0 711444.0 786083.0 837991.0 870571.0 887472.0 892073.0 887275.0 875467.0 858563.0 838065.0 815141.0
3 1.0 196.15794587888288 -75.40174980216058 -1.062633689575615 0.35370344645029106 0.08669111624664477 -0.13547516304145632 0.011115569816841335 -0.06286454937260375 93065.0 208956.0 349018.0 488665.0 611809.0 711277.0 785932.0 837858.0 870457.0 887379.0 892003.0 887230.0 875449.0 858574.0 838107.0 815213.0
4 1.0 152.5157277620057 -16.69658914551468 -1.062633689575615 0.35370344645029106 0.08669111624664477 -0.13547516304145632 0.011115569816841335 -0.06286454937260375 92992.0 208845.0 348915.0 488622.0 611861.0 711437.0 786194.0 838203.0 870862.0 887820.0 892458.0 887680.0 875878.0 858971.0 838463.0 815523.0
5 1.0 232.5218807039962 -48.19785440923031 -1.062633689575615 0.35370344645029106 0.08669111624664477 -0.13547516304145632 0.011115569816841335 -0.06286454937260375 93035.0 208883.0 348902.0 488536.0 611717.0 711272.0 786052.0 838124.0 870875.0 887941.0 892692.0 888027.0 876331.0 859518.0 839094.0 816225.0
6 1.0 157.5313960545693 -66.15222574356306 -1.062633689575615 0.35370344645029106 0.08669111624664477 -0.13547516304145632 0.011115569816841335 -0.06286454937260375 93141.0 209087.0 349193.0 488869.0 612027.0 711495.0 786139.0 838042.0 870610.0 887493.0 892071.0 887249.0 875417.0 858488.0 837968.0 815022.0
7 1.0 321.03828028154874 -80.38310727837145 -1.062633689575615 0.35370344645029106 0.08669111624664477 -0.13547516304145632 0.011115569816841335 -0.06286454937260375 92935.0 208701.0 348644.0 488210.0 611330.0 710830.0 785563.0 837600.0 870328.0 887385.0 892141.0 887490.0 875819.0 859037.0 838647.0 815817.0
8 1.0 346.91859378037054 40.60698555790418 -1.062633689575615 0.35370344645029106 0.08669111624664477 -0.13547516304145632 0.011115569816841335 -0.06286454937260375 93178.0 209142.0 349254.0 488923.0 612068.0 711521.0 786152.0 838049.0 870617.0 887507.0 892099.0 887294.0 875482.0 858576.0 838079.0 815157.0
9 1.0 138.03894677727996 -87.94305744749441 -1.062633689575615 0.35370344645029106 0.08669111624664477 -0.13547516304145632 0.011115569816841335 -0.06286454937260375 92956.0 208764.0 348752.0 488325.0 611380.0 710737.0 785264.0 837053.0 869517.0 886317.0 890835.0 885977.0 874132.0 857212.0 836719.0 813815.0
10 1.0 285.02101370975925 48.70453473049972 -1.062633689575615 0.35370344645029106 0.08669111624664477 -0.13547516304145632 0.011115569816841335 -0.06286454937260375 93072.0 208953.0 348993.0 488609.0 611718.0 711149.0 785766.0 837653.0 870213.0 887097.0 891683.0 886874.0 875058.0 858148.0 837649.0 814725.0
11 1.0 190.40217111104562 -63.549603827932486 -1.062633689575615 0.35370344645029106 0.08669111624664477 -0.13547516304145632 0.011115569816841335 -0.06286454937260375 93168.0 209142.0 349273.0 488956.0 612102.0 711541.0 786143.0 838003.0 870528.0 887374.0 891924.0 887081.0 875235.0 858300.0 837780.0 814840.0
12 1.0 204.49604199381562 -75.68602513438397 -1.062633689575615 0.35370344645029106 0.08669111624664477 -0.13547516304145632 0.011115569816841335 -0.06286454937260375 93034.0 208904.0 348965.0 488638.0 611832.0 711363.0 786081.0 838060.0 870700.0 887647.0 892281.0 887505.0 875710.0 858811.0 838314.0 815386.0
13 1.0 333.214789785358 -73.87145383705104 -1.062633689575615 0.35370344645029106 0.08669111624664477 -0.13547516304145632 0.011115569816841335 -0.06286454937260375 92988.0 208802.0 348809.0 488451.0 611651.0 711221.0 786006.0 838071.0 870805.0 887849.0 892574.0 887881.0 876160.0 859325.0 838880.0 815995.0
14 1.0 25.5729809512393 30.968605323704594 -1.062633689575615 0.35370344645029106 0.08669111624664477 -0.13547516304145632 0.011115569816841335 -0.06286454937260375 93211.0 209189.0 349301.0 488961.0 612099.0 711560.0 786215.0 838152.0 870773.0 887724.0 892379.0 887638.0 875887.0 859037.0 838591.0 815713.0
15 1.0 31.366547892554657 -45.83390222648794 -1.062633689575615 0.35370344645029106 0.08669111624664477 -0.13547516304145632 0.011115569816841335 -0.06286454937260375 93075.0 208940.0 348959.0 488558.0 611656.0 711082.0 785699.0 837589.0 870156.0 887050.0 891649.0 886855.0 875056.0 858165.0 837685.0 814781.0
16 1.0 7.278623078517259 -14.302895997582283 -1.062633689575615 0.35370344645029106 0.08669111624664477 -0.13547516304145632 0.011115569816841335 -0.06286454937260375 93098.0 209022.0 349126.0 488822.0 612024.0 711556.0 786278.0 838267.0 870924.0 887895.0 892555.0 887808.0 876041.0 859168.0 838695.0 815788.0
17 1.0 299.74314439725765 10.326382438305046 -1.062633689575615 0.35370344645029106 0.08669111624664477 -0.13547516304145632 0.011115569816841335 -0.06286454937260375 93160.0 209088.0 349158.0 488795.0 611922.0 711371.0 786002.0 837895.0 870450.0 887317.0 891875.0 887028.0 875168.0 858209.0 837658.0 814683.0
18 1.0 280.13643034194615 64.89921128918289 -1.062633689575615 0.35370344645029106 0.08669111624664477 -0.13547516304145632 0.011115569816841335 -0.06286454937260375 93016.0 208874.0 348920.0 488565.0 611709.0 711162.0 785780.0 837647.0 870169.0 887001.0 891526.0 886653.0 874774.0 857805.0 837250.0 814278.0
19 1.0 313.2043733688549 40.8679672880391 -1.062633689575615 0.35370344645029106 0.08669111624664477 -0.13547516304145632 0.011115569816841335 -0.06286454937260375 93168.0 209102.0 349180.0 488828.0 611971.0 711436.0 786084.0 837993.0 870563.0 887444.0 892014.0 887179.0 875328.0 858379.0 837836.0 814868.0
20 1.0 352.30260320379506 -41.34097705703137 -1.062633689575615 0.35370344645029106 0.08669111624664477 -0.13547516304145632 0.011115569816841335 -0.06286454937260375 93207.0 209172.0 349256.0 488873.0 611954.0 711347.0 785929.0 837788.0 870330.0 887204.0 891786.0 886978.0 875165.0 858261.0 837767.0 814849.0
21 1.0 287.6970831180205 -66.33309612759703 -1.062633689575615 0.35370344645029106 0.08669111624664477 -0.13547516304145632 0.011115569816841335 -0.06286454937260375 92959.0 208721.0 348641.0 488161.0 611208.0 710606.0 785214.0 837109.0 869688.0 886600.0 891217.0 886442.0 874661.0 857786.0 837321.0 814431.0
22 1.0 166.13257041105547 -80.03262232418437 -1.062633689575615 0.35370344645029106 0.08669111624664477 -0.13547516304145632 0.011115569816841335 -0.06286454937260375 93033.0 208894.0 348933.0 488573.0 611725.0 711210.0 785883.0 837824.0 870431.0 887353.0 891968.0 887180.0 875378.0 858476.0 837979.0 815053.0
23 1.0 280.99050346312396 -35.712245793430355 -1.062633689575615 0.35370344645029106 0.08669111624664477 -0.13547516304145632 0.011115569816841335 -0.06286454937260375 93051.0 208880.0 348844.0 488371.0 611391.0 710744.0 785302.0 837153.0 869701.0 886597.0 891216.0 886455.0 874700.0 857861.0 837437.0 814592.0
24 1.0 42.57879331281596 -42.818733136857915 -1.062633689575615 0.35370344645029106 0.08669111624664477 -0.13547516304145632 0.011115569816841335 -0.06286454937260375 93023.0 208840.0 348814.0 488380.0 611468.0 710907.0 785554.0 837488.0 870104.0 887049.0 891695.0 886943.0 875181.0 858319.0 837862.0 814976.0
25 1.0 230.3715676779086 -7.894697975913658 -1.062633689575615 0.35370344645029106 0.08669111624664477 -0.13547516304145632 0.011115569816841335 -0.06286454937260375 93107.0 208990.0 349010.0 488597.0 611687.0 711117.0 785751.0 837671.0 870272.0 887202.0 891832.0 887064.0 875284.0 858405.0 837931.0 815027.0
26 1.0 51.607183467256704 32.990640398582485 -1.062633689575615 0.35370344645029106 0.08669111624664477 -0.13547516304145632 0.011115569816841335 -0.06286454937260375 93097.0 208991.0 349038.0 488662.0 611785.0 711241.0 785892.0 837820.0 870422.0 887348.0 891971.0 887194.0 875404.0 858515.0 838030.0 815115.0
27 1.0 340.0808101378502 35.21258021499429 -1.062633689575615 0.35370344645029106 0.08669111624664477 -0.13547516304145632 0.011115569816841335 -0.06286454937260375 93131.0 209064.0 349173.0 488880.0 612105.0 711671.0 786432.0 838463.0 871158.0 888162.0 892849.0 888123.0 876371.0 859509.0 839042.0 816137.0
28 1.0 187.8653958300258 -38.96660761521 -1.062633689575615 0.35370344645029106 0.08669111624664477 -0.13547516304145632 0.011115569816841335 -0.06286454937260375 93200.0 209181.0 349321.0 489029.0 612216.0 711706.0 786359.0 838258.0 870808.0 887663.0 892207.0 887347.0 875474.0 858506.0 837949.0 814969.0
29 1.0 149.2782983965885 -21.61314793797831 -1.062633689575615 0.35370344645029106 0.08669111624664477 -0.13547516304145632 0.011115569816841335 -0.06286454937260375 93043.0 208918.0 348981.0 488653.0 611850.0 711393.0 786138.0 838163.0 870864.0 887885.0 892601.0 887912.0 876204.0 859391.0 838975.0 816123.0
0 1.0 95.24002035766571 -57.39282688735745 -1.062633689575615 0.35370344645029106 0.08669111624664477 -0.13547516304145632 0.011115569816841335 -0.06286454937260375 93054.0 208921.0 348955.0 488579.0 611712.0 711181.0 785846.0 837786.0 870400.0 887335.0 891967.0 887197.0 875414.0 858531.0 838053.0 815144.0
1 1.0 278.724128196318 51.93819221517336 -1.062633689575615 0.35370344645029106 0.08669111624664477 -0.13547516304145632 0.011115569816841335 -0.06286454937260375 93037.0 208885.0 348889.0 488475.0 611573.0 711019.0 785678.0 837630.0 870273.0 887251.0 891934.0 887222.0 875498.0 858675.0 838253.0 815399.0
2 1.0 164.21411959795748 -79.76734624201674 -1.062633689575615 0.35370344645029106 0.08669111624664477 -0.13547516304145632 0.011115569816841335 -0.06286454937260375 93035.0 208900.0 348944.0 488582.0 611725.0 711193.0 785843.0 837757.0 870337.0 887235.0 891828.0 887023.0 875207.0 858297.0 837795.0 814869.0
3 1.0 204.63622159271347 35.459503510497726 -1.062633689575615 0.35370344645029106 0.08669111624664477 -0.13547516304145632 0.011115569816841335 -0.06286454937260375 93163.0 209091.0 349151.0 488764.0 611860.0 711280.0 785897.0 837798.0 870384.0 887305.0 891935.0 887175.0 875409.0 858549.0 838098.0 815219.0
4 1.0 6.764328157087851 50.1651712693986 -1.062633689575615 0.35370344645029106 0.08669111624664477 -0.13547516304145632 0.011115569816841335 -0.06286454937260375 93211.0 209208.0 349353.0 489041.0 612188.0 711629.0 786237.0 838106.0 870645.0 887510.0 892079.0 887257.0 875433.0 858518.0 838017.0 815093.0
5 1.0 222.34877894731574 49.93336113277556 -1.062633689575615 0.35370344645029106 0.08669111624664477 -0.13547516304145632 0.011115569816841335 -0.06286454937260375 93070.0 208951.0 349009.0 488671.0 611849.0 711364.0 786069.0 838038.0 870670.0 887613.0 892242.0 887464.0 875667.0 858766.0 838268.0 815339.0
6 1.0 220.3544601800717 -43.303938417836115 -1.062633689575615 0.35370344645029106 0.08669111624664477 -0.13547516304145632 0.011115569816841335 -0.06286454937260375 93147.0 209113.0 349254.0 488970.0 612168.0 711674.0 786348.0 838278.0 870866.0 887766.0 892359.0 887547.0 875723.0 858801.0 838285.0 815343.0
7 1.0 222.0962388749125 -22.713635172138936 -1.062633689575615 0.35370344645029106 0.08669111624664477 -0.13547516304145632 0.011115569816841335 -0.06286454937260375 93163.0 209110.0 349201.0 488852.0 611987.0 711445.0 786091.0 838011.0 870606.0 887524.0 892141.0 887358.0 875563.0 858670.0 838182.0 815265.0
8 1.0 339.7493082652647 15.76793433535002 -1.062633689575615 0.35370344645029106 0.08669111624664477 -0.13547516304145632 0.011115569816841335 -0.06286454937260375 92961.0 208798.0 348856.0 488543.0 611751.0 711286.0 785998.0 837967.0 870595.0 887535.0 892166.0 887395.0 875612.0 858730.0 838256.0 815354.0
9 1.0 245.45530767725404 -40.892057563595934 -1.062633689575615 0.35370344645029106 0.08669111624664477 -0.13547516304145632 0.011115569816841335 -0.06286454937260375 92989.0 208803.0 348786.0 488365.0 611458.0 710892.0 785526.0 837440.0 870034.0 886955.0 891581.0 886811.0 875033.0 858160.0 837694.0 814801.0
10 1.0 129.42284420656296 -23.246496140780025 -1.062633689575615 0.35370344645029106 0.08669111624664477 -0.13547516304145632 0.011115569816841335 -0.06286454937260375 93173.0 209125.0 349224.0 488882.0 612024.0 711483.0 786124.0 838033.0 870612.0 887510.0 892107.0 887303.0 875489.0 858579.0 838076.0 815147.0
11 1.0 157.33150336776293 -54.530229566584865 -1.062633689575615 0.35370344645029106 0.08669111624664477 -0.13547516304145632 0.011115569816841335 -0.06286454937260375 93175.0 209107.0 349154.0 488729.0 611765.0 711107.0 785635.0 837444.0 869943.0 886784.0 891344.0 886525.0 874712.0 857815.0 837337.0 814440.0
12 1.0 251.14723053381536 -7.225940923918671 -1.062633689575615 0.35370344645029106 0.08669111624664477 -0.13547516304145632 0.011115569816841335 -0.06286454937260375 92994.0 208808.0 348788.0 488366.0 611464.0 710910.0 785564.0 837505.0 870129.0 887083.0 891741.0 887002.0 875252.0 858404.0 837961.0 815087.0
13 1.0 21.68116978653714 -81.96978577425946 -1.062633689575615 0.35370344645029106 0.08669111624664477 -0.13547516304145632 0.011115569816841335 -0.06286454937260375 92955.0 208739.0 348702.0 488280.0 611391.0 710855.0 785527.0 837481.0 870114.0 887072.0 891729.0 886987.0 875233.0 858380.0 837931.0 815052.0
14 1.0 240.03601756044037 53.96325922271123 -1.062633689575615 0.35370344645029106 0.08669111624664477 -0.13547516304145632 0.011115569816841335 -0.06286454937260375 93001.0 208818.0 348806.0 488398.0 611516.0 710983.0 785658.0 837617.0 870255.0 887219.0 891883.0 887147.0 875398.0 858549.0 838104.0 815227.0
15 1.0 241.4296330625374 -76.1478395424061 -1.062633689575615 0.35370344645029106 0.08669111624664477 -0.13547516304145632 0.011115569816841335 -0.06286454937260375 92952.0 208740.0 348711.0 488299.0 611418.0 710889.0 785564.0 837517.0 870145.0 887094.0 891738.0 886980.0 875206.0 858332.0 837861.0 814959.0
16 1.0 75.73772198658273 3.3903267896746883 -1.062633689575615 0.35370344645029106 0.08669111624664477 -0.13547516304145632 0.011115569816841335 -0.06286454937260375 92967.0 208759.0 348729.0 488311.0 611422.0 710881.0 785543.0 837481.0 870094.0 887027.0 891658.0 886887.0 875104.0 858222.0 837745.0 814840.0
17 1.0 46.41346715574719 -34.7741820818647 -1.062633689575615 0.35370344645029106 0.08669111624664477 -0.13547516304145632 0.011115569816841335 -0.06286454937260375 93034.0 208860.0 348842.0 488423.0 611537.0 711013.0 785708.0 837695.0 870366.0 887362.0 892054.0 887341.0 875610.0 858772.0 838332.0 815455.0
18 1.0 113.55420633270619 13.957730789647584 -1.062633689575615 0.35370344645029106 0.08669111624664477 -0.13547516304145632 0.011115569816841335 -0.06286454937260375 93139.0 209032.0 349043.0 488594.0 611618.0 710957.0 785488.0 837303.0 869810.0 886660.0 891229.0 886419.0 874615.0 857727.0 837257.0 814368.0
19 1.0 130.93587753934415 82.69800135001651 -1.062633689575615 0.35370344645029106 0.08669111624664477 -0.13547516304145632 0.011115569816841335 -0.06286454937260375 92950.0 208720.0 348668.0 488236.0 611348.0 710825.0 785521.0 837507.0 870175.0 887169.0 891862.0 887152.0 875427.0 858599.0 838172.0 815311.0
20 1.0 205.27083735043666 26.20264400208069 -1.062633689575615 0.35370344645029106 0.08669111624664477 -0.13547516304145632 0.011115569816841335 -0.06286454937260375 93168.0 209089.0 349132.0 488715.0 611773.0 711148.0 785716.0 837564.0 870099.0 886971.0 891556.0 886754.0 874952.0 858062.0 837584.0 814684.0
21 1.0 157.89654484643532 -83.63476156401164 -1.062633689575615 0.35370344645029106 0.08669111624664477 -0.13547516304145632 0.011115569816841335 -0.06286454937260375 92976.0 208773.0 348739.0 488307.0 611400.0 710844.0 785496.0 837434.0 870055.0 887004.0 891656.0 886909.0 875152.0 858297.0 837846.0 814965.0
22 1.0 355.8145817013214 -12.527560888548976 -1.062633689575615 0.35370344645029106 0.08669111624664477 -0.13547516304145632 0.011115569816841335 -0.06286454937260375 93037.0 208944.0 349065.0 488806.0 612068.0 711662.0 786439.0 838474.0 871166.0 888162.0 892841.0 888107.0 876348.0 859482.0 839012.0 816107.0
23 1.0 36.736131869290105 1.803033417285036 -1.062633689575615 0.35370344645029106 0.08669111624664477 -0.13547516304145632 0.011115569816841335 -0.06286454937260375 93188.0 209146.0 349241.0 488882.0 611987.0 711392.0 785967.0 837803.0 870306.0 887133.0 891664.0 886804.0 874941.0 857991.0 837457.0 814503.0
24 1.0 75.19563219414049 6.511949046621353 -1.062633689575615 0.35370344645029106 0.08669111624664477 -0.13547516304145632 0.011115569816841335 -0.06286454937260375 92965.0 208758.0 348732.0 488322.0 611444.0 710915.0 785587.0 837536.0 870158.0 887100.0 891737.0 886972.0 875193.0 858315.0 837841.0 814939.0
25 1.0 58.07142643859865 32.65065190869082 -1.062633689575615 0.35370344645029106 0.08669111624664477 -0.13547516304145632 0.011115569816841335 -0.06286454937260375 93059.0 208934.0 348974.0 488596.0 611717.0 711166.0 785807.0 837724.0 870317.0 887238.0 891862.0 887090.0 875311.0 858437.0 837970.0 815077.0
26 1.0 235.11899716754343 -40.032702408282105 -1.062633689575615 0.35370344645029106 0.08669111624664477 -0.13547516304145632 0.011115569816841335 -0.06286454937260375 93047.0 208922.0 348993.0 488692.0 611932.0 711521.0 786302.0 838342.0 871032.0 888017.0 892674.0 887908.0 876111.0 859200.0 838682.0 815728.0
27 1.0 91.18497691432157 -66.80509821606236 -1.062633689575615 0.35370344645029106 0.08669111624664477 -0.13547516304145632 0.011115569816841335 -0.06286454937260375 93028.0 208883.0 348916.0 488549.0 611695.0 711172.0 785838.0 837773.0 870378.0 887301.0 891921.0 887140.0 875349.0 858460.0 837978.0 815069.0
28 1.0 167.87187822827028 -19.31837822152302 -1.062633689575615 0.35370344645029106 0.08669111624664477 -0.13547516304145632 0.011115569816841335 -0.06286454937260375 92942.0 208726.0 348714.0 488348.0 611539.0 711092.0 785847.0 837870.0 870552.0 887537.0 892200.0 887446.0 875667.0 858777.0 838283.0 815355.0
29 1.0 87.99321312057698 82.1530301032708 -1.062633689575615 0.35370344645029106 0.08669111624664477 -0.13547516304145632 0.011115569816841335 -0.06286454937260375 92947.0 208739.0 348732.0 488365.0 611553.0 711108.0 785875.0 837919.0 870631.0 887652.0 892357.0 887647.0 875910.0 859061.0 838606.0 815712.0
0 1.0 57.2290501123871 -56.31643948484795 -1.062633689575615 0.35370344645029106 0.08669111624664477 -0.13547516304145632 0.011115569816841335 -0.06286454937260375 92957.0 208740.0 348703.0 488277.0 611375.0 710815.0 785447.0 837347.0 869917.0 886804.0 891387.0 886571.0 874746.0 857826.0 837316.0 814382.0
1 1.0 39.73505081914985 72.71711188708267 -1.062633689575615 0.35370344645029106 0.08669111624664477 -0.13547516304145632 0.011115569816841335 -0.06286454937260375 93035.0 208903.0 348952.0 488599.0 611751.0 711229.0 785889.0 837813.0 870402.0 887308.0 891908.0 887108.0 875297.0 858389.0 837890.0 814965.0
2 1.0 236.27865220749842 7.885071013918747 -1.062633689575615 0.35370344645029106 0.08669111624664477 -0.13547516304145632 0.011115569816841335 -0.06286454937260375 93070.0 208942.0 348979.0 488611.0 611754.0 711231.0 785895.0 837823.0 870413.0 887313.0 891901.0 887083.0 875249.0 858314.0 837784.0 814827.0
3 1.0 49.74586248550097 -7.755944103762147 -1.062633689575615 0.35370344645029106 0.08669111624664477 -0.13547516304145632 0.011115569816841335 -0.06286454937260375 93093.0 208973.0 349001.0 488603.0 611703.0 711130.0 785749.0 837642.0 870208.0 887096.0 891685.0 886877.0 875060.0 858147.0 837644.0 814715.0
4 1.0 70.76965020481926 68.76745384138013 -1.062633689575615 0.35370344645029106 0.08669111624664477 -0.13547516304145632 0.011115569816841335 -0.06286454937260375 92973.0 208780.0 348772.0 488377.0 611507.0 710977.0 785643.0 837582.0 870192.0 887123.0 891752.0 886981.0 875199.0 858321.0 837849.0 814951.0
5 1.0 132.74106143794708 -7.451286881654539 -1.062633689575615 0.35370344645029106 0.08669111624664477 -0.13547516304145632 0.011115569816841335 -0.06286454937260375 93102.0 208987.0 349013.0 488606.0 611695.0 711116.0 785736.0 837638.0 870222.0 887135.0 891752.0 886974.0 875187.0 858305.0 837829.0 814926.0
6 1.0 295.55756274525663 40.350174590077785 -1.062633689575615 0.35370344645029106 0.08669111624664477 -0.13547516304145632 0.011115569816841335 -0.06286454937260375 93133.0 209050.0 349119.0 488760.0 611899.0 711367.0 786028.0 837962.0 870570.0 887498.0 892122.0 887343.0 875551.0 858659.0 838169.0 815250.0
7 1.0 34.956459285502056 -18.17544209344163 -1.062633689575615 0.35370344645029106 0.08669111624664477 -0.13547516304145632 0.011115569816841335 -0.06286454937260375 93140.0 209046.0 349085.0 488680.0 611759.0 711157.0 785743.0 837601.0 870135.0 886995.0 891559.0 886728.0 874893.0 857965.0 837450.0 814511.0
8 1.0 301.6601666995694 72.7279907221724 -1.062633689575615 0.35370344645029106 0.08669111624664477 -0.13547516304145632 0.011115569816841335 -0.06286454937260375 93034.0 208899.0 348949.0 488605.0 611781.0 711293.0 785995.0 837962.0 870593.0 887534.0 892164.0 887385.0 875589.0 858689.0 838191.0 815263.0
9 1.0 34.59542684182671 34.20450363442093 -1.062633689575615 0.35370344645029106 0.08669111624664477 -0.13547516304145632 0.011115569816841335 -0.06286454937260375 93186.0 209133.0 349205.0 488823.0 611923.0 711346.0 785962.0 837859.0 870435.0 887339.0 891946.0 887156.0 875356.0 858460.0 837970.0 815052.0
10 1.0 351.5254074048225 35.931969765093015 -1.062633689575615 0.35370344645029106 0.08669111624664477 -0.13547516304145632 0.011115569816841335 -0.06286454937260375 93125.0 209038.0 349108.0 488756.0 611909.0 711402.0 786098.0 838079.0 870744.0 887738.0 892434.0 887730.0 876014.0 859196.0 838778.0 815926.0
11 1.0 168.71443259317257 -31.010327719718596 -1.062633689575615 0.35370344645029106 0.08669111624664477 -0.13547516304145632 0.011115569816841335 -0.06286454937260375 93084.0 208977.0 349044.0 488705.0 611875.0 711371.0 786049.0 837989.0 870591.0 887504.0 892108.0 887308.0 875493.0 858579.0 838071.0 815135.0
12 1.0 351.6339917485214 46.22015569264005 -1.062633689575615 0.35370344645029106 0.08669111624664477 -0.13547516304145632 0.011115569816841335 -0.06286454937260375 93167.0 209085.0 349127.0 488721.0 611807.0 711228.0 785852.0 837765.0 870366.0 887299.0 891939.0 887184.0 875421.0 858561.0 838106.0 815221.0
13 1.0 217.74438710821656 24.490989980485438 -1.062633689575615 0.35370344645029106 0.08669111624664477 -0.13547516304145632 0.011115569816841335 -0.06286454937260375 93162.0 209095.0 349163.0 488781.0 611878.0 711294.0 785902.0 837791.0 870364.0 887270.0 891887.0 887112.0 875334.0 858463.0 838002.0 815114.0
14 1.0 266.1348885833886 -46.79635079165228 -1.062633689575615 0.35370344645029106 0.08669111624664477 -0.13547516304145632 0.011115569816841335 -0.06286454937260375 92943.0 208678.0 348562.0 488048.0 611072.0 710462.0 785078.0 836993.0 869601.0 886544.0 891194.0 886450.0 874697.0 857847.0 837402.0 814529.0
15 1.0 14.107605211555443 -61.103011952653844 -1.062633689575615 0.35370344645029106 0.08669111624664477 -0.13547516304145632 0.011115569816841335 -0.06286454937260375 93075.0 208940.0 348957.0 488550.0 611639.0 711051.0 785649.0 837517.0 870056.0 886919.0 891483.0 886652.0 874817.0 857891.0 837378.0 814444.0
16 1.0 101.81050652750744 53.35046541311971 -1.062633689575615 0.35370344645029106 0.08669111624664477 -0.13547516304145632 0.011115569816841335 -0.06286454937260375 92961.0 208732.0 348668.0 488216.0 611299.0 710740.0 785395.0 837337.0 869960.0 886909.0 891557.0 886805.0 875041.0 858178.0 837718.0 814828.0
17 1.0 43.270762036740805 82.64998854634004 -1.062633689575615 0.35370344645029106 0.08669111624664477 -0.13547516304145632 0.011115569816841335 -0.06286454937260375 92977.0 208779.0 348756.0 488338.0 611447.0 710902.0 785560.0 837496.0 870107.0 887039.0 891667.0 886893.0 875106.0 858219.0 837737.0 814825.0
18 1.0 106.61047110797217 -7.535011093192281 -1.062633689575615 0.35370344645029106 0.08669111624664477 -0.13547516304145632 0.011115569816841335 -0.06286454937260375 93147.0 209065.0 349130.0 488770.0 611912.0 711386.0 786053.0 837989.0 870593.0 887512.0 892122.0 887325.0 875511.0 858594.0 838081.0 815137.0
19 1.0 42.74197882352786 16.377149758263286 -1.062633689575615 0.35370344645029106 0.08669111624664477 -0.13547516304145632 0.011115569816841335 -0.06286454937260375 93179.0 209135.0 349234.0 488892.0 612033.0 711490.0 786127.0 838025.0 870587.0 887463.0 892030.0 887193.0 875342.0 858392.0 837849.0 814879.0
20 1.0 114.47394458183138 64.39007595483983 -1.062633689575615 0.35370344645029106 0.08669111624664477 -0.13547516304145632 0.011115569816841335 -0.06286454937260375 92986.0 208812.0 348842.0 488507.0 611715.0 711276.0 786035.0 838060.0 870746.0 887739.0 892414.0 887674.0 875910.0 859037.0 838560.0 815648.0
21 1.0 149.13467802528118 -7.699778396305732 -1.062633689575615 0.35370344645029106 0.08669111624664477 -0.13547516304145632 0.011115569816841335 -0.06286454937260375 92996.0 208865.0 348947.0 488654.0 611886.0 711457.0 786217.0 838244.0 870935.0 887938.0 892629.0 887910.0 876170.0 859324.0 838874.0 815990.0
22 1.0 23.09309868556237 81.3374058298925 -1.062633689575615 0.35370344645029106 0.08669111624664477 -0.13547516304145632 0.011115569816841335 -0.06286454937260375 92983.0 208805.0 348794.0 488361.0 611417.0 710791.0 785351.0 837187.0 869706.0 886562.0 891134.0 886323.0 874517.0 857627.0 837155.0 814265.0
23 1.0 249.28996297320714 13.63520916807704 -1.062633689575615 0.35370344645029106 0.08669111624664477 -0.13547516304145632 0.011115569816841335 -0.06286454937260375 92999.0 208816.0 348803.0 488392.0 611506.0 710969.0 785640.0 837593.0 870227.0 887186.0 891845.0 887104.0 875350.0 858497.0 838049.0 815169.0
24 1.0 203.97652351436705 57.738081726236686 -1.062633689575615 0.35370344645029106 0.08669111624664477 -0.13547516304145632 0.011115569816841335 -0.06286454937260375 93073.0 208952.0 348995.0 488617.0 611739.0 711186.0 785825.0 837739.0 870332.0 887252.0 891877.0 887108.0 875333.0 858463.0 838002.0 815114.0
25 1.0 95.54021673820034 73.5918693142929 -1.062633689575615 0.35370344645029106 0.08669111624664477 -0.13547516304145632 0.011115569816841335 -0.06286454937260375 92931.0 208694.0 348642.0 488227.0 611376.0 710908.0 785670.0 837725.0 870461.0 887516.0 892260.0 887592.0 875898.0 859092.0 838679.0 815824.0
26 1.0 188.36929924801188 56.7942873783424 -1.062633689575615 0.35370344645029106 0.08669111624664477 -0.13547516304145632 0.011115569816841335 -0.06286454937260375 93078.0 208942.0 348967.0 488586.0 611724.0 711208.0 785893.0 837855.0 870492.0 887448.0 892099.0 887345.0 875576.0 858704.0 838233.0 815330.0
27 1.0 33.818583873039 -61.30539657918793 -1.062633689575615 0.35370344645029106 0.08669111624664477 -0.13547516304145632 0.011115569816841335 -0.06286454937260375 93000.0 208819.0 348820.0 488435.0 611582.0 711080.0 785779.0 837753.0 870398.0 887359.0 892011.0 887258.0 875488.0 858615.0 838144.0 815241.0
28 1.0 207.34073840022455 23.201719031106066 -1.062633689575615 0.35370344645029106 0.08669111624664477 -0.13547516304145632 0.011115569816841335 -0.06286454937260375 93178.0 209114.0 349176.0 488783.0 611863.0 711257.0 785834.0 837685.0 870213.0 887070.0 891633.0 886806.0 874976.0 858056.0 837549.0 814621.0
29 1.0 334.5466311274371 -18.28183344845813 -1.062633689575615 0.35370344645029106 0.08669111624664477 -0.13547516304145632 0.011115569816841335 -0.06286454937260375 93088.0 209019.0 349141.0 488866.0 612107.0 711684.0 786452.0 838486.0 871181.0 888182.0 892866.0 888134.0 876377.0 859509.0 839035.0 816124.0
0 1.0 114.68482288247652 -78.71166863579778 -1.062633689575615 0.35370344645029106 0.08669111624664477 -0.13547516304145632 0.011115569816841335 -0.06286454937260375 92994.0 208809.0 348796.0 488386.0 611500.0 710962.0 785627.0 837572.0 870193.0 887137.0 891777.0 887017.0 875243.0 858369.0 837899.0 814999.0
1 1.0 240.2677367869254 -13.674194659828444 -1.062633689575615 0.35370344645029106 0.08669111624664477 -0.13547516304145632 0.011115569816841335 -0.06286454937260375 93054.0 208917.0 348930.0 488507.0 611573.0 710965.0 785556.0 837434.0 870004.0 886915.0 891542.0 886784.0 875026.0 858178.0 837742.0 814880.0
2 1.0 47.447230465581185 -43.436867959906614 -1.062633689575615 0.35370344645029106 0.08669111624664477 -0.13547516304145632 0.011115569816841335 -0.06286454937260375 93007.0 208832.0 348846.0 488485.0 611663.0 711192.0 785917.0 837906.0 870555.0 887508.0 892143.0 887363.0 875561.0 858651.0 838142.0 815199.0
3 1.0 257.8777934826836 62.82689551713193 -1.062633689575615 0.35370344645029106 0.08669111624664477 -0.13547516304145632 0.011115569816841335 -0.06286454937260375 92991.0 208811.0 348804.0 488391.0 611489.0 710922.0 785551.0 837458.0 870044.0 886958.0 891577.0 886802.0 875021.0 858145.0 837677.0 814784.0
4 1.0 104.1861934609924 -84.00516722159469 -1.062633689575615 0.35370344645029106 0.08669111624664477 -0.13547516304145632 0.011115569816841335 -0.06286454937260375 92984.0 208793.0 348778.0 488370.0 611487.0 710952.0 785617.0 837559.0 870174.0 887109.0 891739.0 886967.0 875181.0 858295.0 837813.0 814902.0
5 1.0 65.94889032256206 82.61688993542523 -1.062633689575615 0.35370344645029106 0.08669111624664477 -0.13547516304145632 0.011115569816841335 -0.06286454937260375 92962.0 208739.0 348686.0 488237.0 611315.0 710745.0 785381.0 837302.0 869904.0 886835.0 891468.0 886704.0 874931.0 858062.0 837599.0 814708.0
6 1.0 211.14465653162995 -26.033607275052667 -1.062633689575615 0.35370344645029106 0.08669111624664477 -0.13547516304145632 0.011115569816841335 -0.06286454937260375 93190.0 209147.0 349231.0 488851.0 611936.0 711333.0 785920.0 837790.0 870351.0 887252.0 891868.0 887100.0 875332.0 858474.0 838028.0 815157.0
7 1.0 7.238716627497679 -25.792759727542276 -1.062633689575615 0.35370344645029106 0.08669111624664477 -0.13547516304145632 0.011115569816841335 -0.06286454937260375 93167.0 209137.0 349269.0 488966.0 612139.0 711613.0 786255.0 838151.0 870707.0 887579.0 892146.0 887315.0 875475.0 858541.0 838018.0 815072.0
8 1.0 298.4184105182507 -87.06086951693258 -1.062633689575615 0.35370344645029106 0.08669111624664477 -0.13547516304145632 0.011115569816841335 -0.06286454937260375 92946.0 208728.0 348701.0 488305.0 611460.0 710980.0 785715.0 837730.0 870419.0 887423.0 892116.0 887398.0 875658.0 858810.0 838359.0 815471.0
9 1.0 1.6903714293169436 -56.65818145748689 -1.062633689575615 0.35370344645029106 0.08669111624664477 -0.13547516304145632 0.011115569816841335 -0.06286454937260375 93139.0 209051.0 349109.0 488736.0 611854.0 711290.0 785906.0 837785.0 870328.0 887186.0 891740.0 886893.0 875037.0 858086.0 837546.0 814583.0
10 1.0 244.01395324664284 -17.773289855350427 -1.062633689575615 0.35370344645029106 0.08669111624664477 -0.13547516304145632 0.011115569816841335 -0.06286454937260375 93010.0 208831.0 348806.0 488362.0 611419.0 710809.0 785397.0 837267.0 869821.0 886710.0 891309.0 886520.0 874729.0 857849.0 837381.0 814490.0
11 1.0 97.20287034917935 77.27245511448851 -1.062633689575615 0.35370344645029106 0.08669111624664477 -0.13547516304145632 0.011115569816841335 -0.06286454937260375 92939.0 208724.0 348711.0 488340.0 611527.0 711084.0 785851.0 837894.0 870603.0 887620.0 892319.0 887602.0 875857.0 859001.0 838539.0 815639.0
12 1.0 264.66984796413414 -72.06931256017117 -1.062633689575615 0.35370344645029106 0.08669111624664477 -0.13547516304145632 0.011115569816841335 -0.06286454937260375 92963.0 208745.0 348708.0 488295.0 611424.0 710914.0 785611.0 837588.0 870235.0 887199.0 891853.0 887100.0 875329.0 858454.0 837980.0 815075.0
13 1.0 346.38787624227774 80.15427602623433 -1.062633689575615 0.35370344645029106 0.08669111624664477 -0.13547516304145632 0.011115569816841335 -0.06286454937260375 93034.0 208893.0 348920.0 488534.0 611652.0 711097.0 785732.0 837638.0 870217.0 887120.0 891722.0 886928.0 875126.0 858230.0 837743.0 814830.0
14 1.0 89.55113166718489 66.5079354983938 -1.062633689575615 0.35370344645029106 0.08669111624664477 -0.13547516304145632 0.011115569816841335 -0.06286454937260375 92952.0 208740.0 348707.0 488283.0 611389.0 710851.0 785525.0 837489.0 870139.0 887120.0 891804.0 887089.0 875363.0 858536.0 838112.0 815254.0
15 1.0 207.4166403904213 -8.25076855664068 -1.062633689575615 0.35370344645029106 0.08669111624664477 -0.13547516304145632 0.011115569816841335 -0.06286454937260375 93184.0 209145.0 349249.0 488900.0 612016.0 711431.0 786016.0 837863.0 870380.0 887223.0 891772.0 886930.0 875087.0 858156.0 837641.0 814705.0
16 1.0 213.13509525786205 -31.19384128171319 -1.062633689575615 0.35370344645029106 0.08669111624664477 -0.13547516304145632 0.011115569816841335 -0.06286454937260375 93168.0 209108.0 349184.0 488809.0 611904.0 711301.0 785869.0 837696.0 870189.0 887002.0 891517.0 886638.0 874757.0 857787.0 837234.0 814262.0
17 1.0 206.01068608471442 -48.10605672976977 -1.062633689575615 0.35370344645029106 0.08669111624664477 -0.13547516304145632 0.011115569816841335 -0.06286454937260375 93137.0 209038.0 349067.0 488653.0 611731.0 711145.0 785761.0 837661.0 870245.0 887158.0 891774.0 886991.0 875199.0 858308.0 837823.0 814908.0
18 1.0 80.30938775062259 20.603647165837387 -1.062633689575615 0.35370344645029106 0.08669111624664477 -0.13547516304145632 0.011115569816841335 -0.06286454937260375 92958.0 208741.0 348706.0 488292.0 611422.0 710914.0 785622.0 837616.0 870289.0 887285.0 891977.0 887265.0 875535.0 858701.0 838266.0 815397.0
19 1.0 342.9896441461146 -84.04657353440899 -1.062633689575615 0.35370344645029106 0.08669111624664477 -0.13547516304145632 0.011115569816841335 -0.06286454937260375 92951.0 208725.0 348677.0 488249.0 611364.0 710844.0 785539.0 837523.0 870187.0 887176.0 891862.0 887146.0 875414.0 858579.0 838145.0 815278.0
20 1.0 160.96513630234585 -87.19090839957092 -1.062633689575615 0.35370344645029106 0.08669111624664477 -0.13547516304145632 0.011115569816841335 -0.06286454937260375 92973.0 208778.0 348761.0 488351.0 611465.0 710927.0 785594.0 837543.0 870172.0 887126.0 891781.0 887036.0 875280.0 858424.0 837971.0 815088.0
21 1.0 304.707122089606 -12.816769950317195 -1.062633689575615 0.35370344645029106 0.08669111624664477 -0.13547516304145632 0.011115569816841335 -0.06286454937260375 93184.0 209120.0 349164.0 488730.0 611753.0 711087.0 785614.0 837430.0 869943.0 886804.0 891388.0 886594.0 874807.0 857937.0 837484.0 814610.0
22 1.0 251.81253911430156 -77.74666668455036 -1.062633689575615 0.35370344645029106 0.08669111624664477 -0.13547516304145632 0.011115569816841335 -0.06286454937260375 92948.0 208721.0 348667.0 488221.0 611300.0 710724.0 785349.0 837252.0 869832.0 886738.0 891347.0 886560.0 874766.0 857878.0 837400.0 814498.0
23 1.0 107.07730230784811 -44.65062211570328 -1.062633689575615 0.35370344645029106 0.08669111624664477 -0.13547516304145632 0.011115569816841335 -0.06286454937260375 93135.0 209059.0 349122.0 488732.0 611812.0 711201.0 785774.0 837624.0 870157.0 887027.0 891610.0 886808.0 875008.0 858121.0 837649.0 814755.0
24 1.0 292.9672150928918 -50.19103523770491 -1.062633689575615 0.35370344645029106 0.08669111624664477 -0.13547516304145632 0.011115569816841335 -0.06286454937260375 93046.0 208869.0 348831.0 488365.0 611403.0 710782.0 785370.0 837250.0 869825.0 886740.0 891372.0 886617.0 874863.0 858018.0 837585.0 814727.0
25 1.0 142.74206670491446 -44.425585129886656 -1.062633689575615 0.35370344645029106 0.08669111624664477 -0.13547516304145632 0.011115569816841335 -0.06286454937260375 93176.0 209123.0 349216.0 488876.0 612029.0 711508.0 786175.0 838111.0 870715.0 887636.0 892249.0 887458.0 875652.0 858745.0 838242.0 815310.0
26 1.0 317.1971509600182 -66.4100583812536 -1.062633689575615 0.35370344645029106 0.08669111624664477 -0.13547516304145632 0.011115569816841335 -0.06286454937260375 92957.0 208685.0 348542.0 487985.0 610961.0 710310.0 784896.0 836797.0 869405.0 886361.0 891034.0 886320.0 874602.0 857789.0 837383.0 814548.0
27 1.0 209.25823414890914 -87.83347987842222 -1.062633689575615 0.35370344645029106 0.08669111624664477 -0.13547516304145632 0.011115569816841335 -0.06286454937260375 92958.0 208758.0 348749.0 488358.0 611493.0 710970.0 785641.0 837580.0 870186.0 887107.0 891722.0 886934.0 875132.0 858231.0 837735.0 814812.0
28 1.0 317.424730267747 -69.21282651502534 -1.062633689575615 0.35370344645029106 0.08669111624664477 -0.13547516304145632 0.011115569816841335 -0.06286454937260375 92974.0 208749.0 348685.0 488233.0 611325.0 710785.0 785466.0 837439.0 870095.0 887074.0 891748.0 887018.0 875270.0 858418.0 837965.0 815078.0
29 1.0 249.3113724279957 21.32644671229461 -1.062633689575615 0.35370344645029106 0.08669111624664477 -0.13547516304145632 0.011115569816841335 -0.06286454937260375 93000.0 208820.0 348812.0 488406.0 611525.0 710993.0 785667.0 837624.0 870261.0 887222.0 891884.0 887146.0 875395.0 858544.0 838097.0 815219.0
0 1.0 261.09154073507057 85.36611830724905 -1.062633689575615 0.35370344645029106 0.08669111624664477 -0.13547516304145632 0.011115569816841335 -0.06286454937260375 92974.0 208789.0 348791.0 488406.0 611544.0 711020.0 785689.0 837630.0 870241.0 887172.0 891800.0 887027.0 875243.0 858362.0 837887.0 814984.0
1 1.0 180.47677749361281 88.26210028096091 -1.062633689575615 0.35370344645029106 0.08669111624664477 -0.13547516304145632 0.011115569816841335 -0.06286454937260375 92947.0 208747.0 348755.0 488405.0 611605.0 711160.0 785913.0 837931.0 870609.0 887590.0 892253.0 887502.0 875726.0 858842.0 838356.0 815436.0
2 1.0 344.1901085003606 -16.37026283284891 -1.062633689575615 0.35370344645029106 0.08669111624664477 -0.13547516304145632 0.011115569816841335 -0.06286454937260375 93062.0 208995.0 349123.0 488836.0 612039.0 711556.0 786255.0 838225.0 870869.0 887839.0 892511.0 887785.0 876049.0 859214.0 838783.0 815920.0
3 1.0 231.83647172266947 -60.66820331161104 -1.062633689575615 0.35370344645029106 0.08669111624664477 -0.13547516304145632 0.011115569816841335 -0.06286454937260375 93031.0 208893.0 348913.0 488504.0 611591.0 711014.0 785648.0 837580.0 870213.0 887191.0 891885.0 887193.0 875497.0 858705.0 838318.0 815498.0
4 1.0 152.5878174809447 24.977116325975274 -1.062633689575615 0.35370344645029106 0.08669111624664477 -0.13547516304145632 0.011115569816841335 -0.06286454937260375 93164.0 209142.0 349269.0 488928.0 612025.0 711394.0 785912.0 837681.0 870116.0 886878.0 891353.0 886446.0 874549.0 857574.0 837025.0 814066.0
5 1.0 218.30155708605275 -1.7450376212273113 -1.062633689575615 0.35370344645029106 0.08669111624664477 -0.13547516304145632 0.011115569816841335 -0.06286454937260375 93176.0 209110.0 349161.0 488742.0 611785.0 711136.0 785674.0 837494.0 870002.0 886851.0 891417.0 886601.0 874789.0 857891.0 837410.0 814508.0
6 1.0 6.909551391360069 88.09375991119765 -1.062633689575615 0.35370344645029106 0.08669111624664477 -0.13547516304145632 0.011115569816841335 -0.06286454937260375 92944.0 208732.0 348711.0 488318.0 611474.0 710998.0 785739.0 837768.0 870475.0 887503.0 892224.0 887537.0 875829.0 859012.0 838591.0 815732.0
7 1.0 108.56693400283775 -78.24524271267956 -1.062633689575615 0.35370344645029106 0.08669111624664477 -0.13547516304145632 0.011115569816841335 -0.06286454937260375 92997.0 208812.0 348790.0 488361.0 611449.0 710882.0 785522.0 837447.0 870056.0 886994.0 891635.0 886879.0 875113.0 858249.0 837790.0 814901.0
8 1.0 237.66247349736662 50.98219889648635 -1.062633689575615 0.35370344645029106 0.08669111624664477 -0.13547516304145632 0.011115569816841335 -0.06286454937260375 93006.0 208821.0 348799.0 488376.0 611476.0 710927.0 785585.0 837529.0 870156.0 887111.0 891767.0 887026.0 875275.0 858425.0 837980.0 815105.0
9 1.0 104.42793859575987 -38.0882704803311 -1.062633689575615 0.35370344645029106 0.08669111624664477 -0.13547516304145632 0.011115569816841335 -0.06286454937260375 93132.0 209046.0 349100.0 488716.0 611821.0 711251.0 785875.0 837774.0 870352.0 887255.0 891860.0 887068.0 875266.0 858368.0 837878.0 814960.0
10 1.0 222.48555443958296 -46.54464838621668 -1.062633689575615 0.35370344645029106 0.08669111624664477 -0.13547516304145632 0.011115569816841335 -0.06286454937260375 93108.0 209030.0 349119.0 488788.0 611951.0 711435.0 786101.0 838030.0 870624.0 887534.0 892137.0 887338.0 875525.0 858613.0 838107.0 815174.0
11 1.0 154.35673234047582 29.250822875881667 -1.062633689575615 0.35370344645029106 0.08669111624664477 -0.13547516304145632 0.011115569816841335 -0.06286454937260375 93178.0 209144.0 349240.0 488868.0 611959.0 711358.0 785947.0 837820.0 870381.0 887283.0 891899.0 887130.0 875360.0 858500.0 838051.0 815177.0
12 1.0 48.770663120082084 -45.70862670162639 -1.062633689575615 0.35370344645029106 0.08669111624664477 -0.13547516304145632 0.011115569816841335 -0.06286454937260375 93000.0 208831.0 348858.0 488513.0 611703.0 711234.0 785952.0 837925.0 870551.0 887477.0 892084.0 887277.0 875449.0 858516.0 837985.0 815025.0
13 1.0 107.38163734417108 29.854641160653784 -1.062633689575615 0.35370344645029106 0.08669111624664477 -0.13547516304145632 0.011115569816841335 -0.06286454937260375 93089.0 208969.0 349013.0 488647.0 611789.0 711260.0 785917.0 837837.0 870420.0 887316.0 891903.0 887087.0 875257.0 858330.0 837809.0 814863.0
14 1.0 205.18736785245537 3.11553309641198 -1.062633689575615 0.35370344645029106 0.08669111624664477 -0.13547516304145632 0.011115569816841335 -0.06286454937260375 93175.0 209128.0 349223.0 488872.0 612000.0 711441.0 786066.0 837961.0 870532.0 887429.0 892029.0 887234.0 875433.0 858537.0 838051.0 815139.0
15 1.0 212.71419404934235 -13.663982081547132 -1.062633689575615 0.35370344645029106 0.08669111624664477 -0.13547516304145632 0.011115569816841335 -0.06286454937260375 93185.0 209132.0 349208.0 488830.0 611932.0 711353.0 785968.0 837862.0 870440.0 887348.0 891963.0 887185.0 875401.0 858522.0 838052.0 815156.0
16 1.0 206.75708958584838 9.843805559055411 -1.062633689575615 0.35370344645029106 0.08669111624664477 -0.13547516304145632 0.011115569816841335 -0.06286454937260375 93164.0 209080.0 349111.0 488677.0 611715.0 711071.0 785621.0 837457.0 869983.0 886850.0 891432.0 886630.0 874830.0 857943.0 837471.0 814576.0
17 1.0 235.1522951485681 -38.330726414466646 -1.062633689575615 0.35370344645029106 0.08669111624664477 -0.13547516304145632 0.011115569816841335 -0.06286454937260375 93056.0 208944.0 349032.0 488744.0 611989.0 711573.0 786339.0 838354.0 871013.0 887964.0 892585.0 887783.0 875952.0 859010.0 838464.0 815485.0
18 1.0 234.757177200608 37.1834471291362 -1.062633689575615 0.35370344645029106 0.08669111624664477 -0.13547516304145632 0.011115569816841335 -0.06286454937260375 93038.0 208875.0 348870.0 488455.0 611557.0 711007.0 785665.0 837609.0 870236.0 887190.0 891845.0 887100.0 875344.0 858487.0 838033.0 815147.0
19 1.0 155.31063675623062 -15.325763519958471 -1.062633689575615 0.35370344645029106 0.08669111624664477 -0.13547516304145632 0.011115569816841335 -0.06286454937260375 92954.0 208763.0 348769.0 488389.0 611523.0 710981.0 785614.0 837502.0 870048.0 886908.0 891461.0 886616.0 874764.0 857820.0 837291.0 814341.0
20 1.0 322.75677450638267 -25.101799112539396 -1.062633689575615 0.35370344645029106 0.08669111624664477 -0.13547516304145632 0.011115569816841335 -0.06286454937260375 93162.0 209097.0 349161.0 488775.0 611875.0 711303.0 785934.0 837852.0 870458.0 887398.0 892046.0 887300.0 875547.0 858697.0 838253.0 815378.0
21 1.0 132.32227321724275 59.158244620032804 -1.062633689575615 0.35370344645029106 0.08669111624664477 -0.13547516304145632 0.011115569816841335 -0.06286454937260375 93063.0 208907.0 348903.0 488485.0 611575.0 710999.0 785614.0 837501.0 870058.0 886934.0 891508.0 886684.0 874850.0 857923.0 837405.0 814463.0
22 1.0 156.91137309562566 76.4940441515746 -1.062633689575615 0.35370344645029106 0.08669111624664477 -0.13547516304145632 0.011115569816841335 -0.06286454937260375 93001.0 208814.0 348796.0 488380.0 611488.0 710943.0 785603.0 837546.0 870168.0 887116.0 891764.0 887014.0 875253.0 858393.0 837937.0 815052.0
23 1.0 321.092407805642 -81.71868404028655 -1.062633689575615 0.35370344645029106 0.08669111624664477 -0.13547516304145632 0.011115569816841335 -0.06286454937260375 92928.0 208688.0 348633.0 488215.0 611363.0 710898.0 785668.0 837736.0 870490.0 887565.0 892331.0 887685.0 876012.0 859225.0 838828.0 815989.0
24 1.0 290.22983605659084 -48.12714129064221 -1.062633689575615 0.35370344645029106 0.08669111624664477 -0.13547516304145632 0.011115569816841335 -0.06286454937260375 93047.0 208871.0 348832.0 488369.0 611416.0 710813.0 785429.0 837345.0 869960.0 886918.0 891590.0 886873.0 875152.0 858337.0 837927.0 815088.0
25 1.0 253.39989007453187 -27.266513491338614 -1.062633689575615 0.35370344645029106 0.08669111624664477 -0.13547516304145632 0.011115569816841335 -0.06286454937260375 92994.0 208822.0 348833.0 488452.0 611591.0 711071.0 785749.0 837703.0 870332.0 887283.0 891934.0 887186.0 875427.0 858569.0 838116.0 815234.0
26 1.0 36.0816794324284 56.693966286644525 -1.062633689575615 0.35370344645029106 0.08669111624664477 -0.13547516304145632 0.011115569816841335 -0.06286454937260375 93122.0 209057.0 349161.0 488846.0 612021.0 711508.0 786167.0 838078.0 870645.0 887521.0 892087.0 887248.0 875397.0 858449.0 837910.0 814946.0
27 1.0 331.0137409480825 87.38845697579356 -1.062633689575615 0.35370344645029106 0.08669111624664477 -0.13547516304145632 0.011115569816841335 -0.06286454937260375 93000.0 208829.0 348837.0 488447.0 611573.0 711034.0 785689.0 837618.0 870221.0 887149.0 891778.0 887011.0 875237.0 858367.0 837906.0 815018.0
28 1.0 257.1268678376801 84.41490684066332 -1.062633689575615 0.35370344645029106 0.08669111624664477 -0.13547516304145632 0.011115569816841335 -0.06286454937260375 92985.0 208809.0 348816.0 488431.0 611565.0 711037.0 785706.0 837649.0 870268.0 887210.0 891852.0 887096.0 875329.0 858465.0 838006.0 815119.0
29 1.0 359.5849223644319 72.89070219898684 -1.062633689575615 0.35370344645029106 0.08669111624664477 -0.13547516304145632 0.011115569816841335 -0.06286454937260375 93052.0 208916.0 348958.0 488618.0 611819.0 711382.0 786153.0 838199.0 870910.0 887927.0 892624.0 887902.0 876151.0 859285.0 838812.0 815899.0
0 1.0 53.80138967687775 -36.619872288474625 -1.062633689575615 0.35370344645029106 0.08669111624664477 -0.13547516304145632 0.011115569816841335 -0.06286454937260375 93013.0 208852.0 348880.0 488536.0 611741.0 711314.0 786102.0 838173.0 870916.0 887972.0 892711.0 888033.0 876327.0 859505.0 839073.0 816199.0
1 1.0 312.52538065255715 88.56202381460534 -1.062633689575615 0.35370344645029106 0.08669111624664477 -0.13547516304145632 0.011115569816841335 -0.06286454937260375 92966.0 208760.0 348733.0 488313.0 611418.0 710867.0 785517.0 837446.0 870051.0 886981.0 891611.0 886844.0 875066.0 858192.0 837725.0 814829.0
2 1.0 58.497456483494936 -45.10439260983878 -1.062633689575615 0.35370344645029106 0.08669111624664477 -0.13547516304145632 0.011115569816841335 -0.06286454937260375 92908.0 208600.0 348438.0 487888.0 610894.0 710286.0 784917.0 836854.0 869485.0 886449.0 891117.0 886385.0 874640.0 857794.0 837350.0 814474.0
3 1.0 221.6014431421839 -70.9368921211982 -1.062633689575615 0.35370344645029106 0.08669111624664477 -0.13547516304145632 0.011115569816841335 -0.06286454937260375 93018.0 208896.0 348997.0 488743.0 612026.0 711641.0 786423.0 838440.0 871086.0 888012.0 892602.0 887765.0 875897.0 858918.0 838337.0 815325.0
4 1.0 44.57519382579895 81.17146998997094 -1.062633689575615 0.35370344645029106 0.08669111624664477 -0.13547516304145632 0.011115569816841335 -0.06286454937260375 92981.0 208787.0 348768.0 488358.0 611476.0 710943.0 785614.0 837563.0 870188.0 887132.0 891772.0 887008.0 875229.0 858348.0 837870.0 814961.0
5 1.0 305.2829625560044 -47.98435401574267 -1.062633689575615 0.35370344645029106 0.08669111624664477 -0.13547516304145632 0.011115569816841335 -0.06286454937260375 93103.0 208979.0 349007.0 488623.0 611759.0 711242.0 785930.0 837896.0 870535.0 887490.0 892136.0 887373.0 875590.0 858702.0 838213.0 815292.0
6 1.0 290.63482514100383 34.15828771399508 -1.062633689575615 0.35370344645029106 0.08669111624664477 -0.13547516304145632 0.011115569816841335 -0.06286454937260375 93117.0 209011.0 349047.0 488649.0 611745.0 711170.0 785789.0 837686.0 870262.0 887165.0 891770.0 886980.0 875181.0 858286.0 837799.0 814885.0
7 1.0 204.8762659012536 -79.49585538349405 -1.062633689575615 0.35370344645029106 0.08669111624664477 -0.13547516304145632 0.011115569816841335 -0.06286454937260375 93014.0 208866.0 348903.0 488546.0 611710.0 711216.0 785919.0 837895.0 870543.0 887508.0 892167.0 887421.0 875659.0 858794.0 838330.0 815434.0
8 1.0 146.58598700135988 41.52763784294572 -1.062633689575615 0.35370344645029106 0.08669111624664477 -0.13547516304145632 0.011115569816841335 -0.06286454937260375 93205.0 209158.0 349223.0 488821.0 611895.0 711294.0 785898.0 837794.0 870383.0 887311.0 891952.0 887202.0 875446.0 858595.0 838150.0 815275.0
9 1.0 24.900118363849696 68.70963822009114 -1.062633689575615 0.35370344645029106 0.08669111624664477 -0.13547516304145632 0.011115569816841335 -0.06286454937260375 93044.0 208905.0 348945.0 488591.0 611756.0 711257.0 785944.0 837891.0 870495.0 887406.0 892003.0 887191.0 875361.0 858431.0 837905.0 814952.0
10 1.0 251.07435833204292 -40.96135881612675 -1.062633689575615 0.35370344645029106 0.08669111624664477 -0.13547516304145632 0.011115569816841335 -0.06286454937260375 92983.0 208795.0 348783.0 488373.0 611484.0 710939.0 785599.0 837542.0 870167.0 887120.0 891777.0 887037.0 875287.0 858440.0 837997.0 815124.0
11 1.0 163.27536576410478 -21.76975870606286 -1.062633689575615 0.35370344645029106 0.08669111624664477 -0.13547516304145632 0.011115569816841335 -0.06286454937260375 92998.0 208858.0 348941.0 488676.0 611966.0 711615.0 786462.0 838573.0 871336.0 888397.0 893131.0 888440.0 876716.0 859873.0 839420.0 816524.0
12 1.0 259.94001580932525 -22.6266870022351 -1.062633689575615 0.35370344645029106 0.08669111624664477 -0.13547516304145632 0.011115569816841335 -0.06286454937260375 92975.0 208773.0 348753.0 488355.0 611497.0 710997.0 785704.0 837688.0 870342.0 887312.0 891973.0 887225.0 875459.0 858588.0 838118.0 815215.0
13 1.0 311.8976373343065 44.781886357223954 -1.062633689575615 0.35370344645029106 0.08669111624664477 -0.13547516304145632 0.011115569816841335 -0.06286454937260375 93169.0 209101.0 349167.0 488792.0 611908.0 711357.0 786006.0 837936.0 870548.0 887488.0 892129.0 887371.0 875601.0 858731.0 838265.0 815368.0
14 1.0 351.1877418010389 -47.19469634297301 -1.062633689575615 0.35370344645029106 0.08669111624664477 -0.13547516304145632 0.011115569816841335 -0.06286454937260375 93199.0 209157.0 349247.0 488888.0 612008.0 711445.0 786065.0 837952.0 870510.0 887388.0 891964.0 887142.0 875311.0 858385.0 837868.0 814926.0
15 1.0 308.08920326133995 -59.06644217142426 -1.062633689575615 0.35370344645029106 0.08669111624664477 -0.13547516304145632 0.011115569816841335 -0.06286454937260375 93028.0 208839.0 348790.0 488315.0 611344.0 710711.0 785284.0 837148.0 869706.0 886606.0 891222.0 886454.0 874687.0 857832.0 837390.0 814524.0
16 1.0 4.21707030660071 -9.127503236207147 -1.062633689575615 0.35370344645029106 0.08669111624664477 -0.13547516304145632 0.011115569816841335 -0.06286454937260375 93036.0 208909.0 348969.0 488631.0 611803.0 711301.0 785983.0 837928.0 870538.0 887462.0 892079.0 887293.0 875494.0 858597.0 838105.0 815185.0
17 1.0 129.592103212211 -35.19568667208249 -1.062633689575615 0.35370344645029106 0.08669111624664477 -0.13547516304145632 0.011115569816841335 -0.06286454937260375 93182.0 209134.0 349222.0 488861.0 611978.0 711410.0 786029.0 837923.0 870496.0 887398.0 892008.0 887224.0 875436.0 858553.0 838080.0 815180.0
18 1.0 262.7966024726609 61.05404200655744 -1.062633689575615 0.35370344645029106 0.08669111624664477 -0.13547516304145632 0.011115569816841335 -0.06286454937260375 92994.0 208820.0 348826.0 488442.0 611583.0 711071.0 785758.0 837719.0 870351.0 887301.0 891943.0 887180.0 875401.0 858520.0 838042.0 815134.0
19 1.0 61.78668381411859 -47.20647131718502 -1.062633689575615 0.35370344645029106 0.08669111624664477 -0.13547516304145632 0.011115569816841335 -0.06286454937260375 92907.0 208614.0 348480.0 487966.0 611013.0 710446.0 785119.0 837100.0 869776.0 886786.0 891500.0 886813.0 875112.0 858306.0 837898.0 815055.0
20 1.0 187.57317823348654 0.4301023480670665 -1.062633689575615 0.35370344645029106 0.08669111624664477 -0.13547516304145632 0.011115569816841335 -0.06286454937260375 93041.0 208930.0 349025.0 488747.0 611999.0 711591.0 786370.0 838408.0 871101.0 888097.0 892773.0 888034.0 876271.0 859399.0 838925.0 816016.0
21 1.0 19.561675802131305 79.66504794562746 -1.062633689575615 0.35370344645029106 0.08669111624664477 -0.13547516304145632 0.011115569816841335 -0.06286454937260375 93008.0 208859.0 348880.0 488479.0 611563.0 710962.0 785545.0 837401.0 869938.0 886809.0 891393.0 886591.0 874792.0 857906.0 837435.0 814543.0
22 1.0 71.99874896270403 24.119585594038938 -1.062633689575615 0.35370344645029106 0.08669111624664477 -0.13547516304145632 0.011115569816841335 -0.06286454937260375 92990.0 208825.0 348855.0 488504.0 611680.0 711198.0 785910.0 837891.0 870537.0 887498.0 892148.0 887391.0 875616.0 858737.0 838259.0 815349.0
23 1.0 6.66784600582103 66.11209298324366 -1.062633689575615 0.35370344645029106 0.08669111624664477 -0.13547516304145632 0.011115569816841335 -0.06286454937260375 93123.0 209062.0 349169.0 488851.0 612020.0 711503.0 786163.0 838084.0 870669.0 887572.0 892170.0 887368.0 875555.0 858646.0 838144.0 815215.0
24 1.0 285.7311732086714 79.23774408385813 -1.062633689575615 0.35370344645029106 0.08669111624664477 -0.13547516304145632 0.011115569816841335 -0.06286454937260375 92970.0 208776.0 348753.0 488327.0 611419.0 710857.0 785504.0 837442.0 870068.0 887030.0 891700.0 886976.0 875245.0 858418.0 837995.0 815142.0
25 1.0 80.61288770173685 45.13767513954335 -1.062633689575615 0.35370344645029106 0.08669111624664477 -0.13547516304145632 0.011115569816841335 -0.06286454937260375 92952.0 208737.0 348713.0 488324.0 611489.0 711022.0 785772.0 837805.0 870514.0 887538.0 892251.0 887553.0 875831.0 859000.0 838564.0 815689.0
26 1.0 124.32660505088496 35.92351084045525 -1.062633689575615 0.35370344645029106 0.08669111624664477 -0.13547516304145632 0.011115569816841335 -0.06286454937260375 93163.0 209093.0 349157.0 488768.0 611848.0 711233.0 785796.0 837626.0 870132.0 886966.0 891510.0 886665.0 874821.0 857891.0 837377.0 814445.0
27 1.0 334.1092656476127 84.23380198876086 -1.062633689575615 0.35370344645029106 0.08669111624664477 -0.13547516304145632 0.011115569816841335 -0.06286454937260375 93013.0 208848.0 348856.0 488467.0 611599.0 711076.0 785755.0 837711.0 870342.0 887293.0 891938.0 887179.0 875404.0 858526.0 838050.0 815141.0
28 1.0 253.5891846924718 88.99214213658229 -1.062633689575615 0.35370344645029106 0.08669111624664477 -0.13547516304145632 0.011115569816841335 -0.06286454937260375 92986.0 208809.0 348819.0 488441.0 611584.0 711065.0 785738.0 837682.0 870294.0 887225.0 891851.0 887076.0 875289.0 858404.0 837924.0 815017.0
29 1.0 11.462014631270826 -8.672097119443265 -1.062633689575615 0.35370344645029106 0.08669111624664477 -0.13547516304145632 0.011115569816841335 -0.06286454937260375 93082.0 208974.0 349029.0 488668.0 611809.0 711284.0 785956.0 837906.0 870533.0 887486.0 892139.0 887393.0 875635.0 858777.0 838322.0 815437.0
0 1.0 59.289896339248585 -77.2434399268425 -1.062633689575615 0.35370344645029106 0.08669111624664477 -0.13547516304145632 0.011115569816841335 -0.06286454937260375 92947.0 208736.0 348710.0 488297.0 611410.0 710867.0 785524.0 837460.0 870074.0 887014.0 891655.0 886898.0 875133.0 858271.0 837816.0 814933.0
1 1.0 223.73222453991488 -37.29707434070661 -1.062633689575615 0.35370344645029106 0.08669111624664477 -0.13547516304145632 0.011115569816841335 -0.06286454937260375 93130.0 209069.0 349171.0 488839.0 611983.0 711427.0 786039.0 837906.0 870436.0 887284.0 891831.0 886983.0 875130.0 858186.0 837656.0 814706.0
2 1.0 207.80229189750034 -62.57615297620852 -1.062633689575615 0.35370344645029106 0.08669111624664477 -0.13547516304145632 0.011115569816841335 -0.06286454937260375 93096.0 209013.0 349111.0 488800.0 611983.0 711476.0 786131.0 838029.0 870575.0 887422.0 891954.0 887078.0 875189.0 858203.0 837626.0 814627.0
3 1.0 85.64141569482311 -14.852452536717877 -1.062633689575615 0.35370344645029106 0.08669111624664477 -0.13547516304145632 0.011115569816841335 -0.06286454937260375 92963.0 208709.0 348597.0 488078.0 611092.0 710471.0 785073.0 836972.0 869563.0 886488.0 891119.0 886355.0 874583.0 857714.0 837251.0 814360.0
4 1.0 336.3170392529258 -66.36792087481392 -1.062633689575615 0.35370344645029106 0.08669111624664477 -0.13547516304145632 0.011115569816841335 -0.06286454937260375 93019.0 208814.0 348745.0 488248.0 611253.0 710592.0 785131.0 836952.0 869459.0 886301.0 890856.0 886025.0 874197.0 857283.0 836788.0 813874.0
5 1.0 221.02774414772256 18.741204723758756 -1.062633689575615 0.35370344645029106 0.08669111624664477 -0.13547516304145632 0.011115569816841335 -0.06286454937260375 93162.0 209096.0 349169.0 488796.0 611904.0 711330.0 785941.0 837825.0 870384.0 887270.0 891860.0 887055.0 875245.0 858340.0 837846.0 814927.0
6 1.0 192.827809088985 -21.094549351586267 -1.062633689575615 0.35370344645029106 0.08669111624664477 -0.13547516304145632 0.011115569816841335 -0.06286454937260375 93121.0 209041.0 349138.0 488840.0 612068.0 711642.0 786412.0 838450.0 871148.0 888151.0 892833.0 888098.0 876335.0 859460.0 838979.0 816060.0
7 1.0 212.36759148764554 71.1694591718778 -1.062633689575615 0.35370344645029106 0.08669111624664477 -0.13547516304145632 0.011115569816841335 -0.06286454937260375 92973.0 208768.0 348738.0 488319.0 611437.0 710919.0 785625.0 837628.0 870322.0 887348.0 892078.0 887406.0 875719.0 858927.0 838532.0 815700.0
8 1.0 262.8439306260371 84.20304092373033 -1.062633689575615 0.35370344645029106 0.08669111624664477 -0.13547516304145632 0.011115569816841335 -0.06286454937260375 92978.0 208802.0 348821.0 488462.0 611629.0 711137.0 785835.0 837799.0 870426.0 887365.0 891994.0 887218.0 875425.0 858532.0 838043.0 815125.0
9 1.0 112.30019837265667 8.43928230049599 -1.062633689575615 0.35370344645029106 0.08669111624664477 -0.13547516304145632 0.011115569816841335 -0.06286454937260375 93148.0 209055.0 349093.0 488687.0 611769.0 711177.0 785779.0 837660.0 870220.0 887108.0 891700.0 886899.0 875090.0 858188.0 837695.0 814776.0
10 1.0 143.35958239779308 -40.531757423832616 -1.062633689575615 0.35370344645029106 0.08669111624664477 -0.13547516304145632 0.011115569816841335 -0.06286454937260375 93168.0 209114.0 349212.0 488884.0 612051.0 711544.0 786227.0 838179.0 870800.0 887739.0 892370.0 887595.0 875804.0 858911.0 838419.0 815496.0
11 1.0 75.54374963104397 16.601475377130626 -1.062633689575615 0.35370344645029106 0.08669111624664477 -0.13547516304145632 0.011115569816841335 -0.06286454937260375 92960.0 208752.0 348728.0 488324.0 611453.0 710928.0 785603.0 837551.0 870169.0 887106.0 891739.0 886969.0 875186.0 858304.0 837828.0 814923.0
12 1.0 67.02948211692102 71.41700848039378 -1.062633689575615 0.35370344645029106 0.08669111624664477 -0.13547516304145632 0.011115569816841335 -0.06286454937260375 92972.0 208768.0 348739.0 488316.0 611417.0 710864.0 785516.0 837449.0 870064.0 887006.0 891652.0 886902.0 875143.0 858288.0 837840.0 814964.0
13 1.0 339.9740603942161 -16.787997749565307 -1.062633689575615 0.35370344645029106 0.08669111624664477 -0.13547516304145632 0.011115569816841335 -0.06286454937260375 93066.0 208996.0 349116.0 488822.0 612024.0 711550.0 786268.0 838262.0 870934.0 887933.0 892632.0 887931.0 876215.0 859397.0 838978.0 816125.0
14 1.0 266.2382862177435 9.374089804554757 -1.062633689575615 0.35370344645029106 0.08669111624664477 -0.13547516304145632 0.011115569816841335 -0.06286454937260375 93028.0 208869.0 348871.0 488463.0 611576.0 711042.0 785723.0 837699.0 870362.0 887358.0 892055.0 887354.0 875638.0 858819.0 838399.0 815544.0
15 1.0 176.56517110232414 -41.10250183089374 -1.062633689575615 0.35370344645029106 0.08669111624664477 -0.13547516304145632 0.011115569816841335 -0.06286454937260375 93207.0 209203.0 349361.0 489080.0 612273.0 711766.0 786426.0 838339.0 870911.0 887798.0 892380.0 887562.0 875734.0 858811.0 838298.0 815360.0
16 1.0 81.86926607039636 -8.020053098995149 -1.062633689575615 0.35370344645029106 0.08669111624664477 -0.13547516304145632 0.011115569816841335 -0.06286454937260375 93022.0 208885.0 348945.0 488626.0 611835.0 711386.0 786127.0 838133.0 870799.0 887772.0 892431.0 887678.0 875904.0 859025.0 838545.0 815632.0
17 1.0 91.56833343734147 -17.69156363167224 -1.062633689575615 0.35370344645029106 0.08669111624664477 -0.13547516304145632 0.011115569816841335 -0.06286454937260375 93064.0 208944.0 348996.0 488639.0 611787.0 711265.0 785931.0 837868.0 870476.0 887405.0 892033.0 887262.0 875480.0 858601.0 838128.0 815227.0
18 1.0 20.89049771659522 -45.28557628506522 -1.062633689575615 0.35370344645029106 0.08669111624664477 -0.13547516304145632 0.011115569816841335 -0.06286454937260375 93120.0 209006.0 349029.0 488622.0 611717.0 711152.0 785792.0 837718.0 870327.0 887266.0 891908.0 887153.0 875387.0 858522.0 838063.0 815174.0
19 1.0 156.3899852009235 1.0559490885555078 -1.062633689575615 0.35370344645029106 0.08669111624664477 -0.13547516304145632 0.011115569816841335 -0.06286454937260375 92940.0 208770.0 348831.0 488539.0 611789.0 711385.0 786170.0 838218.0 870924.0 887937.0 892633.0 887917.0 876179.0 859332.0 838883.0 815999.0
20 1.0 112.24651751787692 -34.13145132363395 -1.062633689575615 0.35370344645029106 0.08669111624664477 -0.13547516304145632 0.011115569816841335 -0.06286454937260375 93158.0 209076.0 349120.0 488716.0 611794.0 711195.0 785788.0 837657.0 870206.0 887082.0 891663.0 886850.0 875032.0 858121.0 837621.0 814697.0
21 1.0 250.6836559735654 -22.85372450146545 -1.062633689575615 0.35370344645029106 0.08669111624664477 -0.13547516304145632 0.011115569816841335 -0.06286454937260375 93003.0 208839.0 348856.0 488479.0 611623.0 711111.0 785801.0 837772.0 870419.0 887389.0 892057.0 887324.0 875576.0 858726.0 838277.0 815396.0
22 1.0 135.99066214529313 4.494679605767573 -1.062633689575615 0.35370344645029106 0.08669111624664477 -0.13547516304145632 0.011115569816841335 -0.06286454937260375 93100.0 208992.0 349023.0 488610.0 611681.0 711076.0 785667.0 837540.0 870100.0 886995.0 891599.0 886813.0 875023.0 858141.0 837668.0 814770.0
23 1.0 64.65732392146853 45.10710412721775 -1.062633689575615 0.35370344645029106 0.08669111624664477 -0.13547516304145632 0.011115569816841335 -0.06286454937260375 93008.0 208841.0 348854.0 488473.0 611614.0 711097.0 785776.0 837727.0 870347.0 887285.0 891916.0 887142.0 875354.0 858465.0 837979.0 815063.0
24 1.0 8.884342220879242 -29.968656157570443 -1.062633689575615 0.35370344645029106 0.08669111624664477 -0.13547516304145632 0.011115569816841335 -0.06286454937260375 93172.0 209123.0 349211.0 488842.0 611939.0 711340.0 785922.0 837776.0 870313.0 887184.0 891770.0 886971.0 875175.0 858292.0 837824.0 814936.0
25 1.0 24.20986732676949 76.34857799173744 -1.062633689575615 0.35370344645029106 0.08669111624664477 -0.13547516304145632 0.011115569816841335 -0.06286454937260375 93020.0 208870.0 348888.0 488501.0 611631.0 711112.0 785804.0 837786.0 870454.0 887451.0 892150.0 887449.0 875732.0 858913.0 838492.0 815636.0
26 1.0 244.58139845948423 65.21733843046243 -1.062633689575615 0.35370344645029106 0.08669111624664477 -0.13547516304145632 0.011115569816841335 -0.06286454937260375 92984.0 208789.0 348770.0 488360.0 611477.0 710939.0 785598.0 837531.0 870134.0 887054.0 891669.0 886881.0 875079.0 858178.0 837682.0 814758.0
27 1.0 163.33086404017632 -81.23574672440486 -1.062633689575615 0.35370344645029106 0.08669111624664477 -0.13547516304145632 0.011115569816841335 -0.06286454937260375 93015.0 208857.0 348874.0 488487.0 611610.0 711062.0 785703.0 837613.0 870191.0 887088.0 891683.0 886879.0 875065.0 858156.0 837655.0 814730.0
28 1.0 193.16851599914 -44.3443456337719 -1.062633689575615 0.35370344645029106 0.08669111624664477 -0.13547516304145632 0.011115569816841335 -0.06286454937260375 93199.0 209162.0 349254.0 488891.0 612003.0 711435.0 786060.0 837966.0 870555.0 887475.0 892102.0 887334.0 875560.0 858690.0 838226.0 815335.0
29 1.0 322.80166549452315 -9.695607721343649 -1.062633689575615 0.35370344645029106 0.08669111624664477 -0.13547516304145632 0.011115569816841335 -0.06286454937260375 93093.0 209023.0 349132.0 488822.0 611994.0 711467.0 786102.0 837985.0 870523.0 887372.0 891914.0 887056.0 875190.0 858231.0 837685.0 814718.0
0 1.0 356.52202106281356 -71.16698002635466 -1.062633689575615 0.35370344645029106 0.08669111624664477 -0.13547516304145632 0.011115569816841335 -0.06286454937260375 93017.0 208818.0 348770.0 488323.0 611415.0 710881.0 785575.0 837571.0 870257.0 887274.0 891989.0 887301.0 875594.0 858780.0 838363.0 815508.0
1 1.0 78.08291438345061 -27.274321973970522 -1.062633689575615 0.35370344645029106 0.08669111624664477 -0.13547516304145632 0.011115569816841335 -0.06286454937260375 92992.0 208806.0 348791.0 488379.0 611488.0 710943.0 785601.0 837540.0 870157.0 887100.0 891742.0 886985.0 875217.0 858350.0 837887.0 814995.0
2 1.0 238.70815311603627 43.21755461118286 -1.062633689575615 0.35370344645029106 0.08669111624664477 -0.13547516304145632 0.011115569816841335 -0.06286454937260375 93026.0 208867.0 348877.0 488484.0 611609.0 711076.0 785746.0 837696.0 870323.0 887276.0 891928.0 887181.0 875421.0 858562.0 838107.0 815222.0
3 1.0 94.79605562537424 32.49260660570866 -1.062633689575615 0.35370344645029106 0.08669111624664477 -0.13547516304145632 0.011115569816841335 -0.06286454937260375 92995.0 208800.0 348778.0 488372.0 611514.0 711028.0 785766.0 837798.0 870513.0 887550.0 892280.0 887600.0 875898.0 859084.0 838664.0 815803.0
4 1.0 7.434359807662325 22.02919714188087 -1.062633689575615 0.35370344645029106 0.08669111624664477 -0.13547516304145632 0.011115569816841335 -0.06286454937260375 93091.0 208995.0 349084.0 488782.0 611998.0 711546.0 786274.0 838257.0 870892.0 887828.0 892445.0 887648.0 875829.0 858905.0 838383.0 815429.0
5 1.0 273.01631538101094 37.895112490022214 -1.062633689575615 0.35370344645029106 0.08669111624664477 -0.13547516304145632 0.011115569816841335 -0.06286454937260375 93049.0 208928.0 349002.0 488699.0 611923.0 711484.0 786226.0 838219.0 870858.0 887794.0 892404.0 887597.0 875764.0 858824.0 838284.0 815313.0
6 1.0 115.20617429608842 -53.113736347253685 -1.062633689575615 0.35370344645029106 0.08669111624664477 -0.13547516304145632 0.011115569816841335 -0.06286454937260375 93121.0 209024.0 349071.0 488689.0 611807.0 711261.0 785915.0 837848.0 870459.0 887392.0 892025.0 887256.0 875474.0 858591.0 838113.0 815204.0
7 1.0 138.04700190188328 -28.494339324348218 -1.062633689575615 0.35370344645029106 0.08669111624664477 -0.13547516304145632 0.011115569816841335 -0.06286454937260375 93140.0 209067.0 349152.0 488815.0 611979.0 711469.0 786144.0 838083.0 870683.0 887595.0 892194.0 887386.0 875561.0 858633.0 838109.0 815156.0
8 1.0 211.79416087929806 31.723646809943318 -1.062633689575615 0.35370344645029106 0.08669111624664477 -0.13547516304145632 0.011115569816841335 -0.06286454937260375 93152.0 209066.0 349120.0 488743.0 611869.0 711333.0 785999.0 837946.0 870571.0 887518.0 892163.0 887405.0 875632.0 858757.0 838284.0 815379.0
9 1.0 299.17744388502854 68.26225734563889 -1.062633689575615 0.35370344645029106 0.08669111624664477 -0.13547516304145632 0.011115569816841335 -0.06286454937260375 93049.0 208928.0 348993.0 488659.0 611836.0 711338.0 786020.0 837958.0 870555.0 887461.0 892057.0 887247.0 875423.0 858500.0 837985.0 815043.0
10 1.0 226.43346369281355 7.86204968905713 -1.062633689575615 0.35370344645029106 0.08669111624664477 -0.13547516304145632 0.011115569816841335 -0.06286454937260375 93146.0 209073.0 349132.0 488734.0 611800.0 711170.0 785720.0 837543.0 870047.0 886887.0 891442.0 886613.0 874789.0 857881.0 837390.0 814481.0
11 1.0 314.1542359610623 -39.11406282980341 -1.062633689575615 0.35370344645029106 0.08669111624664477 -0.13547516304145632 0.011115569816841335 -0.06286454937260375 93176.0 209111.0 349188.0 488839.0 611992.0 711478.0 786156.0 838102.0 870713.0 887636.0 892247.0 887449.0 875632.0 858711.0 838192.0 815243.0
12 1.0 98.47513253362888 -84.55765355892314 -1.062633689575615 0.35370344645029106 0.08669111624664477 -0.13547516304145632 0.011115569816841335 -0.06286454937260375 92977.0 208773.0 348738.0 488305.0 611396.0 710836.0 785483.0 837417.0 870035.0 886983.0 891635.0 886892.0 875139.0 858290.0 837846.0 814972.0
13 1.0 287.29686020852296 37.8606292153584 -1.062633689575615 0.35370344645029106 0.08669111624664477 -0.13547516304145632 0.011115569816841335 -0.06286454937260375 93098.0 208983.0 349017.0 488626.0 611738.0 711183.0 785826.0 837747.0 870345.0 887266.0 891886.0 887106.0 875313.0 858422.0 837935.0 815018.0
14 1.0 66.8289399501428 -88.58086136848073 -1.062633689575615 0.35370344645029106 0.08669111624664477 -0.13547516304145632 0.011115569816841335 -0.06286454937260375 92961.0 208767.0 348772.0 488401.0 611563.0 711070.0 785772.0 837741.0 870377.0 887328.0 891969.0 887205.0 875426.0 858545.0 838068.0 815162.0
15 1.0 343.0049965099 -22.9177674322208 -1.062633689575615 0.35370344645029106 0.08669111624664477 -0.13547516304145632 0.011115569816841335 -0.06286454937260375 93124.0 209096.0 349265.0 489024.0 612269.0 711811.0 786506.0 838436.0 871005.0 887870.0 892415.0 887548.0 875665.0 858683.0 838109.0 815111.0
16 1.0 247.4957794996135 5.496698621300723 -1.062633689575615 0.35370344645029106 0.08669111624664477 -0.13547516304145632 0.011115569816841335 -0.06286454937260375 93014.0 208848.0 348850.0 488449.0 611566.0 711026.0 785689.0 837632.0 870254.0 887199.0 891845.0 887090.0 875324.0 858459.0 837998.0 815107.0
17 1.0 77.58276376088104 75.98006311809476 -1.062633689575615 0.35370344645029106 0.08669111624664477 -0.13547516304145632 0.011115569816841335 -0.06286454937260375 92973.0 208791.0 348807.0 488445.0 611612.0 711119.0 785816.0 837777.0 870401.0 887337.0 891963.0 887182.0 875386.0 858489.0 837996.0 815074.0
18 1.0 341.0534125760127 -73.89098189407798 -1.062633689575615 0.35370344645029106 0.08669111624664477 -0.13547516304145632 0.011115569816841335 -0.06286454937260375 92997.0 208810.0 348798.0 488394.0 611510.0 710966.0 785615.0 837535.0 870127.0 887039.0 891651.0 886864.0 875068.0 858177.0 837695.0 814788.0
19 1.0 263.1080904372568 -16.930382045708924 -1.062633689575615 0.35370344645029106 0.08669111624664477 -0.13547516304145632 0.011115569816841335 -0.06286454937260375 93003.0 208832.0 348845.0 488472.0 611627.0 711129.0 785829.0 837802.0 870446.0 887406.0 892059.0 887307.0 875539.0 858670.0 838202.0 815304.0
20 1.0 91.4189913342093 -85.6236240521716 -1.062633689575615 0.35370344645029106 0.08669111624664477 -0.13547516304145632 0.011115569816841335 -0.06286454937260375 92995.0 208818.0 348822.0 488431.0 611559.0 711029.0 785697.0 837643.0 870267.0 887216.0 891866.0 887119.0 875363.0 858510.0 838062.0 815185.0
21 1.0 76.79231185229351 -28.33002281851374 -1.062633689575615 0.35370344645029106 0.08669111624664477 -0.13547516304145632 0.011115569816841335 -0.06286454937260375 93008.0 208853.0 348885.0 488526.0 611685.0 711182.0 785872.0 837832.0 870462.0 887412.0 892057.0 887301.0 875533.0 858665.0 838203.0 815312.0
22 1.0 186.55225701503878 22.00159059116308 -1.062633689575615 0.35370344645029106 0.08669111624664477 -0.13547516304145632 0.011115569816841335 -0.06286454937260375 93135.0 209067.0 349155.0 488811.0 611955.0 711416.0 786061.0 837973.0 870557.0 887462.0 892066.0 887274.0 875472.0 858576.0 838087.0 815173.0
23 1.0 9.238578499631366 -39.767769318852295 -1.062633689575615 0.35370344645029106 0.08669111624664477 -0.13547516304145632 0.011115569816841335 -0.06286454937260375 93198.0 209172.0 349289.0 488964.0 612117.0 711583.0 786231.0 838145.0 870730.0 887636.0 892241.0 887447.0 875643.0 858743.0 838249.0 815329.0
24 1.0 74.68922715879938 -52.245009061985684 -1.062633689575615 0.35370344645029106 0.08669111624664477 -0.13547516304145632 0.011115569816841335 -0.06286454937260375 92974.0 208777.0 348763.0 488366.0 611503.0 710996.0 785696.0 837679.0 870339.0 887320.0 891997.0 887270.0 875527.0 858680.0 838234.0 815353.0
25 1.0 152.88676875054225 -69.17341800112314 -1.062633689575615 0.35370344645029106 0.08669111624664477 -0.13547516304145632 0.011115569816841335 -0.06286454937260375 93072.0 208930.0 348926.0 488483.0 611532.0 710910.0 785485.0 837342.0 869884.0 886758.0 891341.0 886533.0 874721.0 857816.0 837323.0 814406.0
26 1.0 134.7011929203212 13.88524392366152 -1.062633689575615 0.35370344645029106 0.08669111624664477 -0.13547516304145632 0.011115569816841335 -0.06286454937260375 93159.0 209113.0 349222.0 488902.0 612078.0 711585.0 786289.0 838270.0 870927.0 887905.0 892579.0 887848.0 876099.0 859246.0 838792.0 815902.0
27 1.0 166.88715277133184 35.14860106284348 -1.062633689575615 0.35370344645029106 0.08669111624664477 -0.13547516304145632 0.011115569816841335 -0.06286454937260375 93194.0 209177.0 349313.0 489005.0 612167.0 711628.0 786253.0 838127.0 870657.0 887498.0 892032.0 887164.0 875288.0 858319.0 837761.0 814783.0
28 1.0 99.94633426610349 30.95228530724802 -1.062633689575615 0.35370344645029106 0.08669111624664477 -0.13547516304145632 0.011115569816841335 -0.06286454937260375 93059.0 208941.0 349008.0 488682.0 611879.0 711420.0 786161.0 838177.0 870864.0 887870.0 892567.0 887858.0 876130.0 859296.0 838860.0 815989.0
29 1.0 211.24236472494076 80.79498372969132 -1.062633689575615 0.35370344645029106 0.08669111624664477 -0.13547516304145632 0.011115569816841335 -0.06286454937260375 92934.0 208696.0 348644.0 488220.0 611343.0 710827.0 785519.0 837491.0 870135.0 887096.0 891749.0 886996.0 875227.0 858354.0 837884.0 814982.0
0 1.0 310.9880181323633 -89.51342149916951 -1.062633689575615 0.35370344645029106 0.08669111624664477 -0.13547516304145632 0.011115569816841335 -0.06286454937260375 92962.0 208772.0 348762.0 488353.0 611462.0 710920.0 785590.0 837554.0 870212.0 887209.0 891917.0 887233.0 875542.0 858753.0 838368.0 815549.0
1 1.0 42.31146814633191 26.49539770092649 -1.062633689575615 0.35370344645029106 0.08669111624664477 -0.13547516304145632 0.011115569816841335 -0.06286454937260375 93181.0 209142.0 349245.0 488903.0 612045.0 711510.0 786169.0 838108.0 870727.0 887674.0 892324.0 887575.0 875814.0 858954.0 838497.0 815608.0
2 1.0 186.2564785754811 18.070602677575124 -1.062633689575615 0.35370344645029106 0.08669111624664477 -0.13547516304145632 0.011115569816841335 -0.06286454937260375 93085.0 208965.0 348994.0 488595.0 611693.0 711122.0 785748.0 837653.0 870238.0 887151.0 891767.0 886989.0 875202.0 858320.0 837845.0 814944.0
3 1.0 47.54451828425519 15.973129794651868 -1.062633689575615 0.35370344645029106 0.08669111624664477 -0.13547516304145632 0.011115569816841335 -0.06286454937260375 93128.0 209026.0 349049.0 488619.0 611670.0 711046.0 785622.0 837485.0 870039.0 886931.0 891536.0 886755.0 874972.0 858098.0 837636.0 814749.0
4 1.0 258.06948522933374 83.29865757124364 -1.062633689575615 0.35370344645029106 0.08669111624664477 -0.13547516304145632 0.011115569816841335 -0.06286454937260375 92983.0 208804.0 348809.0 488419.0 611547.0 711012.0 785673.0 837610.0 870223.0 887161.0 891800.0 887043.0 875277.0 858415.0 837961.0 815078.0
5 1.0 142.58149301062573 -86.96309879339286 -1.062633689575615 0.35370344645029106 0.08669111624664477 -0.13547516304145632 0.011115569816841335 -0.06286454937260375 92952.0 208766.0 348794.0 488455.0 611640.0 711147.0 785819.0 837730.0 870283.0 887132.0 891661.0 886781.0 874885.0 857893.0 837311.0 814308.0
6 1.0 203.55167226906323 35.36683752626102 -1.062633689575615 0.35370344645029106 0.08669111624664477 -0.13547516304145632 0.011115569816841335 -0.06286454937260375 93164.0 209092.0 349155.0 488773.0 611877.0 711307.0 785933.0 837841.0 870433.0 887357.0 891989.0 887228.0 875462.0 858601.0 838148.0 815268.0
7 1.0 65.9807410370683 56.462156946335426 -1.062633689575615 0.35370344645029106 0.08669111624664477 -0.13547516304145632 0.011115569816841335 -0.06286454937260375 92968.0 208748.0 348689.0 488230.0 611295.0 710713.0 785341.0 837258.0 869863.0 886800.0 891444.0 886695.0 874939.0 858089.0 837646.0 814775.0
8 1.0 52.1451933636158 1.7652953918851466 -1.062633689575615 0.35370344645029106 0.08669111624664477 -0.13547516304145632 0.011115569816841335 -0.06286454937260375 93101.0 208997.0 349045.0 488666.0 611785.0 711232.0 785871.0 837785.0 870374.0 887285.0 891897.0 887109.0 875310.0 858414.0 837925.0 815009.0
9 1.0 175.70026103362363 -29.886323472574354 -1.062633689575615 0.35370344645029106 0.08669111624664477 -0.13547516304145632 0.011115569816841335 -0.06286454937260375 93101.0 209018.0 349125.0 488843.0 612079.0 711646.0 786394.0 838396.0 871049.0 888001.0 892631.0 887843.0 876030.0 859109.0 838585.0 815628.0
10 1.0 128.020585625984 52.35122938093289 -1.062633689575615 0.35370344645029106 0.08669111624664477 -0.13547516304145632 0.011115569816841335 -0.06286454937260375 93085.0 208947.0 348959.0 488557.0 611666.0 711113.0 785759.0 837680.0 870275.0 887193.0 891809.0 887026.0 875233.0 858343.0 837860.0 814949.0
11 1.0 338.5555002910127 -72.49627338616357 -1.062633689575615 0.35370344645029106 0.08669111624664477 -0.13547516304145632 0.011115569816841335 -0.06286454937260375 93006.0 208827.0 348824.0 488432.0 611570.0 711060.0 785753.0 837726.0 870374.0 887341.0 892003.0 887261.0 875502.0 858640.0 838180.0 815287.0
12 1.0 275.5170913705075 -10.43358520861345 -1.062633689575615 0.35370344645029106 0.08669111624664477 -0.13547516304145632 0.011115569816841335 -0.06286454937260375 93061.0 208909.0 348903.0 488475.0 611554.0 710973.0 785598.0 837508.0 870104.0 887032.0 891667.0 886907.0 875141.0 858279.0 837825.0 814943.0
13 1.0 269.51890314619703 3.5914274227508827 -1.062633689575615 0.35370344645029106 0.08669111624664477 -0.13547516304145632 0.011115569816841335 -0.06286454937260375 93041.0 208891.0 348908.0 488525.0 611666.0 711157.0 785857.0 837841.0 870505.0 887493.0 892179.0 887463.0 875730.0 858895.0 838459.0 815589.0
14 1.0 325.33910630853603 34.91215396821855 -1.062633689575615 0.35370344645029106 0.08669111624664477 -0.13547516304145632 0.011115569816841335 -0.06286454937260375 93139.0 209056.0 349119.0 488755.0 611892.0 711361.0 786027.0 837970.0 870588.0 887529.0 892167.0 887405.0 875629.0 858753.0 838281.0 815379.0
15 1.0 30.032076759126678 -73.6405682341663 -1.062633689575615 0.35370344645029106 0.08669111624664477 -0.13547516304145632 0.011115569816841335 -0.06286454937260375 92968.0 208766.0 348739.0 488318.0 611422.0 710876.0 785540.0 837490.0 870125.0 887089.0 891757.0 887027.0 875287.0 858448.0 838012.0 815145.0
16 1.0 198.78928917206636 -49.00328972318503 -1.062633689575615 0.35370344645029106 0.08669111624664477 -0.13547516304145632 0.011115569816841335 -0.06286454937260375 93199.0 209184.0 349322.0 489015.0 612177.0 711636.0 786256.0 838126.0 870652.0 887492.0 892026.0 887161.0 875289.0 858325.0 837774.0 814803.0
17 1.0 210.4113848240768 -16.14571871577739 -1.062633689575615 0.35370344645029106 0.08669111624664477 -0.13547516304145632 0.011115569816841335 -0.06286454937260375 93183.0 209129.0 349213.0 488857.0 611993.0 711458.0 786117.0 838053.0 870663.0 887594.0 892221.0 887445.0 875654.0 858761.0 838271.0 815350.0
18 1.0 346.2970962770024 22.193041143623518 -1.062633689575615 0.35370344645029106 0.08669111624664477 -0.13547516304145632 0.011115569816841335 -0.06286454937260375 92967.0 208768.0 348764.0 488401.0 611598.0 711167.0 785951.0 838016.0 870750.0 887792.0 892517.0 887823.0 876101.0 859265.0 838820.0 815934.0
19 1.0 105.17310964531758 69.65294061913514 -1.062633689575615 0.35370344645029106 0.08669111624664477 -0.13547516304145632 0.011115569816841335 -0.06286454937260375 92935.0 208707.0 348668.0 488252.0 611373.0 710849.0 785530.0 837488.0 870120.0 887071.0 891717.0 886958.0 875185.0 858311.0 837839.0 814937.0
20 1.0 86.69836076956085 21.388710283447764 -1.062633689575615 0.35370344645029106 0.08669111624664477 -0.13547516304145632 0.011115569816841335 -0.06286454937260375 92988.0 208798.0 348776.0 488350.0 611436.0 710862.0 785489.0 837399.0 869992.0 886917.0 891549.0 886789.0 875024.0 858165.0 837715.0 814838.0
21 1.0 36.10581921557922 -65.9769352317118 -1.062633689575615 0.35370344645029106 0.08669111624664477 -0.13547516304145632 0.011115569816841335 -0.06286454937260375 92974.0 208778.0 348758.0 488344.0 611449.0 710894.0 785537.0 837456.0 870053.0 886975.0 891598.0 886825.0 875043.0 858166.0 837695.0 814798.0
22 1.0 5.9146666529307135 86.50442390171082 -1.062633689575615 0.35370344645029106 0.08669111624664477 -0.13547516304145632 0.011115569816841335 -0.06286454937260375 92947.0 208738.0 348726.0 488347.0 611515.0 711043.0 785779.0 837791.0 870473.0 887468.0 892152.0 887425.0 875678.0 858823.0 838365.0 815473.0
23 1.0 334.6305540451886 66.92143225598872 -1.062633689575615 0.35370344645029106 0.08669111624664477 -0.13547516304145632 0.011115569816841335 -0.06286454937260375 93141.0 209068.0 349134.0 488751.0 611843.0 711250.0 785843.0 837710.0 870256.0 887132.0 891714.0 886906.0 875094.0 858190.0 837698.0 814783.0
24 1.0 241.16995677272763 0.4897370061583217 -1.062633689575615 0.35370344645029106 0.08669111624664477 -0.13547516304145632 0.011115569816841335 -0.06286454937260375 93056.0 208927.0 348965.0 488595.0 611743.0 711239.0 785944.0 837936.0 870612.0 887614.0 892315.0 887613.0 875894.0 859071.0 838645.0 815784.0
25 1.0 282.6550483283296 76.02263672339393 -1.062633689575615 0.35370344645029106 0.08669111624664477 -0.13547516304145632 0.011115569816841335 -0.06286454937260375 92965.0 208756.0 348729.0 488333.0 611500.0 711053.0 785841.0 837925.0 870691.0 887774.0 892543.0 887894.0 876215.0 859417.0 839007.0 816151.0
26 1.0 101.42283807142167 7.448542876284435 -1.062633689575615 0.35370344645029106 0.08669111624664477 -0.13547516304145632 0.011115569816841335 -0.06286454937260375 93069.0 208913.0 348900.0 488469.0 611548.0 710969.0 785592.0 837497.0 870083.0 886997.0 891613.0 886834.0 875046.0 858163.0 837688.0 814787.0
27 1.0 211.1076598270776 76.19509222004936 -1.062633689575615 0.35370344645029106 0.08669111624664477 -0.13547516304145632 0.011115569816841335 -0.06286454937260375 92943.0 208715.0 348678.0 488281.0 611445.0 710984.0 785741.0 837779.0 870486.0 887503.0 892202.0 887484.0 875739.0 858880.0 838414.0 815510.0
28 1.0 23.023895803553206 59.38152634860177 -1.062633689575615 0.35370344645029106 0.08669111624664477 -0.13547516304145632 0.011115569816841335 -0.06286454937260375 93150.0 209117.0 349244.0 488919.0 612048.0 711461.0 786031.0 837856.0 870350.0 887171.0 891703.0 886850.0 875002.0 858072.0 837562.0 814636.0
29 1.0 174.82593453646425 84.29155385297352 -1.062633689575615 0.35370344645029106 0.08669111624664477 -0.13547516304145632 0.011115569816841335 -0.06286454937260375 92935.0 208693.0 348622.0 488166.0 611248.0 710690.0 785346.0 837288.0 869912.0 886861.0 891512.0 886763.0 875003.0 858144.0 837691.0 814808.0
0 1.0 351.89825030800085 75.5609059400685 -1.062633689575615 0.35370344645029106 0.08669111624664477 -0.13547516304145632 0.011115569816841335 -0.06286454937260375 93065.0 208962.0 349042.0 488713.0 611876.0 711347.0 785982.0 837866.0 870403.0 887250.0 891790.0 886930.0 875062.0 858102.0 837556.0 814590.0
1 1.0 315.54188831397266 -83.5139128628575 -1.062633689575615 0.35370344645029106 0.08669111624664477 -0.13547516304145632 0.011115569816841335 -0.06286454937260375 92918.0 208681.0 348637.0 488219.0 611335.0 710793.0 785442.0 837357.0 869934.0 886824.0 891407.0 886586.0 874754.0 857824.0 837304.0 814358.0
2 1.0 121.73722266126443 -58.54103925103081 -1.062633689575615 0.35370344645029106 0.08669111624664477 -0.13547516304145632 0.011115569816841335 -0.06286454937260375 93125.0 209049.0 349117.0 488725.0 611789.0 711144.0 785670.0 837463.0 869936.0 886747.0 891276.0 886426.0 874586.0 857666.0 837167.0 814254.0
3 1.0 346.16525563493946 -19.95575812178656 -1.062633689575615 0.35370344645029106 0.08669111624664477 -0.13547516304145632 0.011115569816841335 -0.06286454937260375 93071.0 208987.0 349096.0 488809.0 612034.0 711592.0 786336.0 838342.0 871007.0 887979.0 892635.0 887877.0 876096.0 859207.0 838716.0 815791.0
4 1.0 83.41258552963363 81.38568551317573 -1.062633689575615 0.35370344645029106 0.08669111624664477 -0.13547516304145632 0.011115569816841335 -0.06286454937260375 92949.0 208733.0 348700.0 488285.0 611406.0 710881.0 785560.0 837519.0 870153.0 887108.0 891758.0 887006.0 875240.0 858373.0 837910.0 815016.0
5 1.0 341.75477606964535 -35.99479449433267 -1.062633689575615 0.35370344645029106 0.08669111624664477 -0.13547516304145632 0.011115569816841335 -0.06286454937260375 93200.0 209181.0 349307.0 488984.0 612127.0 711566.0 786169.0 838022.0 870534.0 887359.0 891880.0 887003.0 875120.0 858147.0 837588.0 814611.0
6 1.0 338.8959736943395 -61.11582410023181 -1.062633689575615 0.35370344645029106 0.08669111624664477 -0.13547516304145632 0.011115569816841335 -0.06286454937260375 93078.0 208935.0 348947.0 488556.0 611690.0 711177.0 785870.0 837842.0 870486.0 887445.0 892095.0 887337.0 875558.0 858674.0 838190.0 815272.0
7 1.0 287.71293144686103 69.53483989558077 -1.062633689575615 0.35370344645029106 0.08669111624664477 -0.13547516304145632 0.011115569816841335 -0.06286454937260375 93000.0 208825.0 348822.0 488420.0 611539.0 711003.0 785669.0 837613.0 870234.0 887178.0 891820.0 887062.0 875291.0 858421.0 837954.0 815058.0
8 1.0 226.9612572720448 -9.649005213023472 -1.062633689575615 0.35370344645029106 0.08669111624664477 -0.13547516304145632 0.011115569816841335 -0.06286454937260375 93140.0 209059.0 349122.0 488756.0 611893.0 711369.0 786047.0 838007.0 870645.0 887606.0 892264.0 887517.0 875754.0 858888.0 838423.0 815524.0
9 1.0 314.7436679849809 73.41760698377868 -1.062633689575615 0.35370344645029106 0.08669111624664477 -0.13547516304145632 0.011115569816841335 -0.06286454937260375 93082.0 208993.0 349087.0 488779.0 611981.0 711511.0 786226.0 838202.0 870840.0 887787.0 892421.0 887646.0 875853.0 858954.0 838458.0 815529.0
10 1.0 105.48730242280682 -61.15851606237421 -1.062633689575615 0.35370344645029106 0.08669111624664477 -0.13547516304145632 0.011115569816841335 -0.06286454937260375 93071.0 208950.0 348996.0 488631.0 611775.0 711250.0 785915.0 837848.0 870447.0 887363.0 891971.0 887175.0 875366.0 858456.0 837952.0 815020.0
11 1.0 305.61967991265055 29.00115207145791 -1.062633689575615 0.35370344645029106 0.08669111624664477 -0.13547516304145632 0.011115569816841335 -0.06286454937260375 93157.0 209084.0 349150.0 488767.0 611856.0 711253.0 785828.0 837673.0 870198.0 887056.0 891626.0 886812.0 875001.0 858106.0 837627.0 814730.0
12 1.0 222.43560909030856 -10.75252449069147 -1.062633689575615 0.35370344645029106 0.08669111624664477 -0.13547516304145632 0.011115569816841335 -0.06286454937260375 93172.0 209126.0 349227.0 488890.0 612032.0 711483.0 786109.0 837994.0 870544.0 887409.0 891971.0 887134.0 875288.0 858347.0 837816.0 814863.0
13 1.0 4.765268793203816 -76.23238157454863 -1.062633689575615 0.35370344645029106 0.08669111624664477 -0.13547516304145632 0.011115569816841335 -0.06286454937260375 92997.0 208803.0 348778.0 488361.0 611474.0 710938.0 785610.0 837563.0 870194.0 887146.0 891796.0 887043.0 875276.0 858408.0 837943.0 815047.0
14 1.0 125.00406645559904 35.363366037450106 -1.062633689575615 0.35370344645029106 0.08669111624664477 -0.13547516304145632 0.011115569816841335 -0.06286454937260375 93167.0 209101.0 349171.0 488793.0 611889.0 711295.0 785878.0 837727.0 870247.0 887091.0 891638.0 886791.0 874941.0 858001.0 837473.0 814525.0
15 1.0 53.330709941339414 -45.46822400295233 -1.062633689575615 0.35370344645029106 0.08669111624664477 -0.13547516304145632 0.011115569816841335 -0.06286454937260375 92978.0 208783.0 348780.0 488406.0 611572.0 711090.0 785804.0 837782.0 870419.0 887361.0 891987.0 887200.0 875391.0 858478.0 837965.0 815022.0
16 1.0 353.45858033457114 -82.86920593568681 -1.062633689575615 0.35370344645029106 0.08669111624664477 -0.13547516304145632 0.011115569816841335 -0.06286454937260375 92960.0 208727.0 348661.0 488210.0 611306.0 710771.0 785459.0 837440.0 870105.0 887095.0 891781.0 887064.0 875329.0 858489.0 838047.0 815171.0
17 1.0 172.2133105343957 -79.21002631507682 -1.062633689575615 0.35370344645029106 0.08669111624664477 -0.13547516304145632 0.011115569816841335 -0.06286454937260375 93063.0 208958.0 349036.0 488704.0 611867.0 711345.0 785996.0 837904.0 870473.0 887357.0 891936.0 887116.0 875288.0 858366.0 837855.0 814922.0
18 1.0 179.06089157951857 -79.00586332797828 -1.062633689575615 0.35370344645029106 0.08669111624664477 -0.13547516304145632 0.011115569816841335 -0.06286454937260375 93053.0 208926.0 348971.0 488607.0 611748.0 711221.0 785884.0 837816.0 870418.0 887338.0 891952.0 887164.0 875362.0 858460.0 837963.0 815037.0
19 1.0 230.2101059035405 73.39193234730709 -1.062633689575615 0.35370344645029106 0.08669111624664477 -0.13547516304145632 0.011115569816841335 -0.06286454937260375 92978.0 208775.0 348755.0 488357.0 611503.0 711010.0 785728.0 837726.0 870397.0 887385.0 892062.0 887331.0 875579.0 858721.0 838262.0 815367.0
20 1.0 132.6904582066623 43.17910520923817 -1.062633689575615 0.35370344645029106 0.08669111624664477 -0.13547516304145632 0.011115569816841335 -0.06286454937260375 93166.0 209091.0 349144.0 488741.0 611811.0 711192.0 785758.0 837598.0 870118.0 886970.0 891530.0 886703.0 874874.0 857958.0 837455.0 814532.0
21 1.0 49.284097806815616 71.6512242984723 -1.062633689575615 0.35370344645029106 0.08669111624664477 -0.13547516304145632 0.011115569816841335 -0.06286454937260375 93007.0 208829.0 348817.0 488402.0 611503.0 710943.0 785579.0 837486.0 870064.0 886961.0 891553.0 886744.0 874924.0 858007.0 837497.0 814562.0
22 1.0 295.9623839499284 31.064816033373845 -1.062633689575615 0.35370344645029106 0.08669111624664477 -0.13547516304145632 0.011115569816841335 -0.06286454937260375 93133.0 209027.0 349049.0 488627.0 611695.0 711094.0 785694.0 837579.0 870149.0 887050.0 891658.0 886871.0 875077.0 858188.0 837705.0 814795.0
23 1.0 68.34524828499286 5.2091872255589635 -1.062633689575615 0.35370344645029106 0.08669111624664477 -0.13547516304145632 0.011115569816841335 -0.06286454937260375 92991.0 208812.0 348816.0 488433.0 611579.0 711073.0 785768.0 837741.0 870386.0 887349.0 892006.0 887258.0 875493.0 858625.0 838159.0 815260.0
24 1.0 184.07483371672416 -35.19965441747191 -1.062633689575615 0.35370344645029106 0.08669111624664477 -0.13547516304145632 0.011115569816841335 -0.06286454937260375 93183.0 209160.0 349295.0 488988.0 612154.0 711622.0 786263.0 838166.0 870739.0 887636.0 892236.0 887441.0 875642.0 858749.0 838267.0 815360.0
25 1.0 80.75413043090613 89.63320523916121 -1.062633689575615 0.35370344645029106 0.08669111624664477 -0.13547516304145632 0.011115569816841335 -0.06286454937260375 92976.0 208798.0 348814.0 488447.0 611604.0 711100.0 785788.0 837744.0 870367.0 887306.0 891940.0 887170.0 875387.0 858505.0 838028.0 815123.0
26 1.0 35.22401441785226 -24.805969390909922 -1.062633689575615 0.35370344645029106 0.08669111624664477 -0.13547516304145632 0.011115569816841335 -0.06286454937260375 93117.0 208999.0 349014.0 488594.0 611671.0 711083.0 785696.0 837595.0 870178.0 887094.0 891716.0 886945.0 875167.0 858295.0 837832.0 814941.0
27 1.0 310.388946271806 -5.28318914149628 -1.062633689575615 0.35370344645029106 0.08669111624664477 -0.13547516304145632 0.011115569816841335 -0.06286454937260375 93179.0 209163.0 349310.0 489025.0 612217.0 711710.0 786368.0 838275.0 870834.0 887700.0 892254.0 887402.0 875537.0 858575.0 838021.0 815043.0
28 1.0 350.2510160483269 -21.915868513776886 -1.062633689575615 0.35370344645029106 0.08669111624664477 -0.13547516304145632 0.011115569816841335 -0.06286454937260375 93097.0 209035.0 349159.0 488867.0 612058.0 711549.0 786201.0 838099.0 870648.0 887504.0 892051.0 887195.0 875328.0 858367.0 837817.0 814844.0
29 1.0 345.90047690268005 86.31484728038254 -1.062633689575615 0.35370344645029106 0.08669111624664477 -0.13547516304145632 0.011115569816841335 -0.06286454937260375 92981.0 208788.0 348769.0 488355.0 611465.0 710924.0 785589.0 837539.0 870169.0 887125.0 891781.0 887038.0 875282.0 858425.0 837972.0 815088.0
