idx D_km lam beta x1 y1 z1 x2 y2 z2 flux5 flux6 flux7 flux8 flux9 flux10 flux11 flux12 flux13 flux14 flux15 flux16 flux17 flux18 flux19 flux20
0 1.0 197.5728614138369 73.17998985981222 0.7585984861241891 -0.6306718559962099 -0.2531439151024448 0.021497827889439967 -0.0436800639947755 0.0013539800111441315 1340441.0 2825458.0 4510895.0 6105820.0 7447173.0 8480062.0 9213789.0 9687185.0 9947900.0 10041972.0 10009506.0 9883528.0 9690333.0 9450387.0 9179370.0 8889148.0
1 1.0 257.468171894071 49.328519885754986 0.7585984861241891 -0.6306718559962099 -0.2531439151024448 0.021497827889439967 -0.0436800639947755 0.0013539800111441315 1339707.0 2824706.0 4510637.0 6106383.0 7448563.0 8482018.0 9215907.0 9689035.0 9949099.0 10042222.0 10008603.0 9881356.0 9686846.0 9445597.0 9173330.0 8881937.0
2 1.0 216.99481538579178 -30.033872634844457 0.7585984861241891 -0.6306718559962099 -0.2531439151024448 0.021497827889439967 -0.0436800639947755 0.0013539800111441315 1339570.0 2824517.0 4510203.0 6105441.0 7446995.0 8479936.0 9213607.0 9686902.0 9947516.0 10041519.0 10009025.0 9883062.0 9689918.0 9450051.0 9179133.0 8889021.0
3 1.0 196.15794587888288 -75.40174980216058 0.7585984861241891 -0.6306718559962099 -0.2531439151024448 0.021497827889439967 -0.0436800639947755 0.0013539800111441315 1339125.0 2823806.0 4509551.0 6105211.0 7447352.0 8480792.0 9214691.0 9687860.0 9948000.0 10041235.0 10007755.0 9880669.0 9686334.0 9445265.0 9173179.0 8881960.0
4 1.0 152.5157277620057 -16.69658914551468 0.7585984861241891 -0.6306718559962099 -0.2531439151024448 0.021497827889439967 -0.0436800639947755 0.0013539800111441315 1341479.0 2827473.0 4513845.0 6109465.0 7451216.0 8484241.0 9217913.0 9691136.0 9951614.0 10045426.0 10012701.0 9886481.0 9693067.0 9452928.0 9181744.0 8891378.0
5 1.0 232.5218807039962 -48.19785440923031 0.7585984861241891 -0.6306718559962099 -0.2531439151024448 0.021497827889439967 -0.0436800639947755 0.0013539800111441315 1340355.0 2825474.0 4510883.0 6105508.0 7446323.0 8478571.0 9211687.0 9684589.0 9944963.0 10038849.0 10006332.0 9880412.0 9687353.0 9447599.0 9176808.0 8886830.0
6 1.0 157.5313960545693 -66.15222574356306 0.7585984861241891 -0.6306718559962099 -0.2531439151024448 0.021497827889439967 -0.0436800639947755 0.0013539800111441315 1340198.0 2825216.0 4510710.0 6105657.0 7446952.0 8479709.0 9213259.0 9686463.0 9946991.0 10040895.0 10008284.0 9882185.0 9688889.0 9448862.0 9177781.0 8887508.0
7 1.0 321.03828028154874 -80.38310727837145 0.7585984861241891 -0.6306718559962099 -0.2531439151024448 0.021497827889439967 -0.0436800639947755 0.0013539800111441315 1340766.0 2826015.0 4511572.0 6106474.0 7447704.0 8480442.0 9214043.0 9687368.0 9948071.0 10042185.0 10009798.0 9883925.0 9690845.0 9451018.0 9180116.0 8889998.0
8 1.0 346.91859378037054 40.60698555790418 0.7585984861241891 -0.6306718559962099 -0.2531439151024448 0.021497827889439967 -0.0436800639947755 0.0013539800111441315 1341373.0 2827075.0 4513045.0 6108247.0 7449632.0 8482370.0 9215833.0 9688907.0 9949276.0 10043001.0 10010196.0 9883896.0 9690396.0 9450165.0 9178884.0 8888417.0
9 1.0 138.03894677727996 -87.94305744749441 0.7585984861241891 -0.6306718559962099 -0.2531439151024448 0.021497827889439967 -0.0436800639947755 0.0013539800111441315 1339646.0 2824151.0 4509216.0 6103959.0 7445298.0 8478287.0 9212177.0 9685757.0 9946648.0 10040871.0 10008520.0 9882623.0 9689474.0 9449545.0 9178521.0 8888273.0
10 1.0 285.02101370975925 48.70453473049972 0.7585984861241891 -0.6306718559962099 -0.2531439151024448 0.021497827889439967 -0.0436800639947755 0.0013539800111441315 1341459.0 2827289.0 4513370.0 6108613.0 7449912.0 8482399.0 9215429.0 9687906.0 9947549.0 10040464.0 10006812.0 9879666.0 9685354.0 9444367.0 9172400.0 8881326.0
11 1.0 190.40217111104562 -63.549603827932486 0.7585984861241891 -0.6306718559962099 -0.2531439151024448 0.021497827889439967 -0.0436800639947755 0.0013539800111441315 1339199.0 2823780.0 4509315.0 6104861.0 7447203.0 8481268.0 9216205.0 9690738.0 9952449.0 10047347.0 10015526.0 9890025.0 9697153.0 9457398.0 9186462.0 8896232.0
12 1.0 204.49604199381562 -75.68602513438397 0.7585984861241891 -0.6306718559962099 -0.2531439151024448 0.021497827889439967 -0.0436800639947755 0.0013539800111441315 1339399.0 2824167.0 4509753.0 6105059.0 7446839.0 8480090.0 9214075.0 9687628.0 9948416.0 10042498.0 10009997.0 9883955.0 9690677.0 9450637.0 9179523.0 8889202.0
13 1.0 333.214789785358 -73.87145383705104 0.7585984861241891 -0.6306718559962099 -0.2531439151024448 0.021497827889439967 -0.0436800639947755 0.0013539800111441315 1341337.0 2827012.0 4513000.0 6108262.0 7449702.0 8482440.0 9215819.0 9688723.0 9948853.0 10042293.0 10009186.0 9882587.0 9688811.0 9448336.0 9176850.0 8886220.0
14 1.0 25.5729809512393 30.968605323704594 0.7585984861241891 -0.6306718559962099 -0.2531439151024448 0.021497827889439967 -0.0436800639947755 0.0013539800111441315 1340062.0 2824928.0 4510272.0 6105127.0 7446415.0 8479252.0 9212952.0 9686350.0 9947095.0 10041217.0 10008810.0 9882896.0 9689761.0 9449869.0 9178898.0 8888710.0
15 1.0 31.366547892554657 -45.83390222648794 0.7585984861241891 -0.6306718559962099 -0.2531439151024448 0.021497827889439967 -0.0436800639947755 0.0013539800111441315 1339908.0 2824421.0 4509344.0 6103840.0 7444890.0 8477604.0 9211266.0 9684682.0 9945474.0 10039659.0 10007325.0 9881489.0 9688434.0 9448625.0 9177740.0 8887640.0
16 1.0 7.278623078517259 -14.302895997582283 0.7585984861241891 -0.6306718559962099 -0.2531439151024448 0.021497827889439967 -0.0436800639947755 0.0013539800111441315 1342334.0 2828612.0 4514915.0 6110148.0 7451317.0 8483683.0 9216709.0 9689351.0 9949338.0 10042754.0 10009722.0 9883273.0 9689694.0 9449442.0 9178187.0 8887782.0
17 1.0 299.74314439725765 10.326382438305046 0.7585984861241891 -0.6306718559962099 -0.2531439151024448 0.021497827889439967 -0.0436800639947755 0.0013539800111441315 1340709.0 2826297.0 4512382.0 6107768.0 7449287.0 8482088.0 9215578.0 9688692.0 9949152.0 10043038.0 10010469.0 9884472.0 9691327.0 9451489.0 9180621.0 8890576.0
18 1.0 280.13643034194615 64.89921128918289 0.7585984861241891 -0.6306718559962099 -0.2531439151024448 0.021497827889439967 -0.0436800639947755 0.0013539800111441315 1340129.0 2825309.0 4511067.0 6106267.0 7447720.0 8480511.0 9213981.0 9687018.0 9947323.0 10040975.0 10008103.0 9881754.0 9688226.0 9447992.0 9176732.0 8886308.0
19 1.0 313.2043733688549 40.8679672880391 0.7585984861241891 -0.6306718559962099 -0.2531439151024448 0.021497827889439967 -0.0436800639947755 0.0013539800111441315 1342060.0 2828029.0 4514002.0 6108974.0 7449964.0 8482200.0 9215093.0 9687558.0 9947307.0 10040422.0 10007039.0 9880206.0 9686229.0 9445584.0 9173952.0 8883197.0
20 1.0 352.30260320379506 -41.34097705703137 0.7585984861241891 -0.6306718559962099 -0.2531439151024448 0.021497827889439967 -0.0436800639947755 0.0013539800111441315 1342319.0 2828531.0 4514669.0 6109718.0 7450789.0 8483214.0 9216461.0 9689455.0 9949876.0 10043762.0 10011198.0 9885188.0 9692004.0 9452095.0 9181130.0 8890961.0
21 1.0 287.6970831180205 -66.33309612759703 0.7585984861241891 -0.6306718559962099 -0.2531439151024448 0.021497827889439967 -0.0436800639947755 0.0013539800111441315 1341303.0 2826944.0 4512948.0 6108325.0 7450001.0 8483089.0 9216905.0 9690297.0 9950929.0 10044857.0 10012201.0 9886004.0 9692571.0 9452379.0 9181118.0 8890658.0
22 1.0 166.13257041105547 -80.03262232418437 0.7585984861241891 -0.6306718559962099 -0.2531439151024448 0.021497827889439967 -0.0436800639947755 0.0013539800111441315 1339630.0 2824506.0 4510271.0 6105900.0 7448156.0 8481991.0 9216602.0 9690761.0 9952092.0 10046629.0 10014482.0 9888696.0 9695583.0 9455629.0 9184534.0 8894177.0
23 1.0 280.99050346312396 -35.712245793430355 0.7585984861241891 -0.6306718559962099 -0.2531439151024448 0.021497827889439967 -0.0436800639947755 0.0013539800111441315 1341840.0 2827783.0 4513849.0 6109024.0 7450332.0 8483001.0 9216433.0 9689525.0 9949960.0 10043792.0 10011125.0 9884985.0 9691660.0 9451610.0 9180512.0 8890224.0
24 1.0 42.57879331281596 -42.818733136857915 0.7585984861241891 -0.6306718559962099 -0.2531439151024448 0.021497827889439967 -0.0436800639947755 0.0013539800111441315 1339528.0 2823963.0 4508986.0 6103701.0 7445010.0 8477967.0 9211823.0 9685368.0 9946222.0 10040406.0 10008013.0 9882072.0 9688877.0 9448903.0 9177837.0 8887550.0
25 1.0 230.3715676779086 -7.894697975913658 0.7585984861241891 -0.6306718559962099 -0.2531439151024448 0.021497827889439967 -0.0436800639947755 0.0013539800111441315 1339837.0 2824834.0 4510453.0 6105648.0 7447316.0 8480570.0 9214726.0 9688616.0 9949869.0 10044502.0 10012591.0 9887144.0 9694438.0 9454929.0 9184295.0 8894396.0
26 1.0 51.607183467256704 32.990640398582485 0.7585984861241891 -0.6306718559962099 -0.2531439151024448 0.021497827889439967 -0.0436800639947755 0.0013539800111441315 1340171.0 2825102.0 4510410.0 6105076.0 7446035.0 8478445.0 9211678.0 9684621.0 9944956.0 10038735.0 10006063.0 9879960.0 9686708.0 9446760.0 9175788.0 8885643.0
27 1.0 340.0808101378502 35.21258021499429 0.7585984861241891 -0.6306718559962099 -0.2531439151024448 0.021497827889439967 -0.0436800639947755 0.0013539800111441315 1341767.0 2827620.0 4513610.0 6108763.0 7450109.0 8482864.0 9216405.0 9689601.0 9950115.0 10043986.0 10011315.0 9885130.0 9691721.0 9451558.0 9180324.0 8889884.0
28 1.0 187.8653958300258 -38.96660761521 0.7585984861241891 -0.6306718559962099 -0.2531439151024448 0.021497827889439967 -0.0436800639947755 0.0013539800111441315 1340231.0 2825242.0 4510718.0 6105614.0 7446800.0 8479383.0 9212706.0 9685653.0 9945917.0 10039572.0 10006741.0 9880462.0 9687028.0 9446906.0 9175770.0 8885478.0
29 1.0 149.2782983965885 -21.61314793797831 0.7585984861241891 -0.6306718559962099 -0.2531439151024448 0.021497827889439967 -0.0436800639947755 0.0013539800111441315 1341736.0 2827889.0 4514440.0 6110279.0 7452272.0 8485516.0 9219340.0 9692615.0 9953038.0 10046694.0 10013728.0 9887204.0 9693442.0 9452932.0 9181370.0 8890631.0
0 1.0 95.24002035766571 -57.39282688735745 0.7585984861241891 -0.6306718559962099 -0.2531439151024448 0.021497827889439967 -0.0436800639947755 0.0013539800111441315 1340098.0 2825128.0 4510682.0 6105763.0 7447288.0 8480365.0 9214298.0 9687915.0 9948850.0 10043130.0 10010848.0 9885026.0 9691952.0 9452094.0 9181136.0 8890944.0
1 1.0 278.724128196318 51.93819221517336 0.7585984861241891 -0.6306718559962099 -0.2531439151024448 0.021497827889439967 -0.0436800639947755 0.0013539800111441315 1341158.0 2827005.0 4513095.0 6108177.0 7449157.0 8481298.0 9214108.0 9686590.0 9946507.0 10039952.0 10007046.0 9880807.0 9687506.0 9447582.0 9176688.0 8886663.0
2 1.0 164.21411959795748 -79.76734624201674 0.7585984861241891 -0.6306718559962099 -0.2531439151024448 0.021497827889439967 -0.0436800639947755 0.0013539800111441315 1339745.0 2824755.0 4510647.0 6106331.0 7448544.0 8482256.0 9216708.0 9690717.0 9951938.0 10046425.0 10014295.0 9888590.0 9695612.0 9455836.0 9184950.0 8894821.0
3 1.0 204.63622159271347 35.459503510497726 0.7585984861241891 -0.6306718559962099 -0.2531439151024448 0.021497827889439967 -0.0436800639947755 0.0013539800111441315 1340686.0 2825722.0 4510926.0 6105330.0 7445946.0 8478009.0 9210945.0 9683673.0 9943891.0 10037651.0 10005048.0 9879087.0 9686034.0 9446328.0 9175625.0 8885763.0
4 1.0 6.764328157087851 50.1651712693986 0.7585984861241891 -0.6306718559962099 -0.2531439151024448 0.021497827889439967 -0.0436800639947755 0.0013539800111441315 1340287.0 2825495.0 4511157.0 6106063.0 7447002.0 8479097.0 9211757.0 9683946.0 9943428.0 10036322.0 10002784.0 9875868.0 9681875.0 9441272.0 9169729.0 8879098.0
5 1.0 222.34877894731574 49.93336113277556 0.7585984861241891 -0.6306718559962099 -0.2531439151024448 0.021497827889439967 -0.0436800639947755 0.0013539800111441315 1339346.0 2823617.0 4508384.0 6102755.0 7443692.0 8476334.0 9210001.0 9683519.0 9944510.0 10038977.0 10006984.0 9881524.0 9688861.0 9449440.0 9178925.0 8889171.0
6 1.0 220.3544601800717 -43.303938417836115 0.7585984861241891 -0.6306718559962099 -0.2531439151024448 0.021497827889439967 -0.0436800639947755 0.0013539800111441315 1339642.0 2824350.0 4509467.0 6103959.0 7444819.0 8477287.0 9210780.0 9684185.0 9945151.0 10039680.0 10007825.0 9882559.0 9690128.0 9450960.0 9180707.0 8891212.0
7 1.0 222.0962388749125 -22.713635172138936 0.7585984861241891 -0.6306718559962099 -0.2531439151024448 0.021497827889439967 -0.0436800639947755 0.0013539800111441315 1339588.0 2824429.0 4509917.0 6104959.0 7446403.0 8479352.0 9213136.0 9686614.0 9947445.0 10041668.0 10009377.0 9883589.0 9690586.0 9450825.0 9179982.0 8889917.0
8 1.0 339.7493082652647 15.76793433535002 0.7585984861241891 -0.6306718559962099 -0.2531439151024448 0.021497827889439967 -0.0436800639947755 0.0013539800111441315 1341684.0 2827666.0 4513869.0 6109186.0 7450539.0 8483100.0 9216264.0 9688950.0 9948880.0 10042148.0 10008898.0 9882184.0 9688314.0 9447764.0 9176219.0 8885539.0
9 1.0 245.45530767725404 -40.892057563595934 0.7585984861241891 -0.6306718559962099 -0.2531439151024448 0.021497827889439967 -0.0436800639947755 0.0013539800111441315 1341452.0 2827443.0 4513734.0 6109107.0 7450420.0 8482859.0 9215866.0 9688417.0 9948269.0 10041532.0 10008351.0 9881770.0 9688082.0 9447749.0 9176438.0 8886002.0
10 1.0 129.42284420656296 -23.246496140780025 0.7585984861241891 -0.6306718559962099 -0.2531439151024448 0.021497827889439967 -0.0436800639947755 0.0013539800111441315 1341498.0 2827369.0 4513587.0 6109117.0 7450899.0 8484082.0 9218018.0 9691577.0 9952430.0 10046628.0 10014277.0 9888404.0 9695301.0 9455432.0 9184476.0 8894297.0
11 1.0 157.33150336776293 -54.530229566584865 0.7585984861241891 -0.6306718559962099 -0.2531439151024448 0.021497827889439967 -0.0436800639947755 0.0013539800111441315 1341220.0 2826892.0 4512789.0 6107816.0 7448926.0 8481336.0 9214474.0 9687275.0 9947450.0 10041070.0 10008249.0 9882013.0 9688643.0 9448592.0 9177530.0 8887306.0
12 1.0 251.14723053381536 -7.225940923918671 0.7585984861241891 -0.6306718559962099 -0.2531439151024448 0.021497827889439967 -0.0436800639947755 0.0013539800111441315 1341666.0 2827511.0 4513331.0 6108118.0 7449010.0 8481360.0 9214645.0 9687780.0 9948425.0 10042589.0 10010335.0 9884646.0 9691780.0 9452174.0 9181491.0 8891580.0
13 1.0 21.68116978653714 -81.96978577425946 0.7585984861241891 -0.6306718559962099 -0.2531439151024448 0.021497827889439967 -0.0436800639947755 0.0013539800111441315 1339749.0 2824604.0 4510123.0 6105231.0 7446736.0 8479689.0 9213392.0 9686704.0 9947303.0 10041250.0 10008663.0 9882578.0 9689292.0 9449272.0 9178198.0 8887932.0
14 1.0 240.03601756044037 53.96325922271123 0.7585984861241891 -0.6306718559962099 -0.2531439151024448 0.021497827889439967 -0.0436800639947755 0.0013539800111441315 1339009.0 2823433.0 4508928.0 6104650.0 7447390.0 8482014.0 9217586.0 9692754.0 9955047.0 10050441.0 10019021.0 9893824.0 9701166.0 9461547.0 9190683.0 8900469.0
15 1.0 241.4296330625374 -76.1478395424061 0.7585984861241891 -0.6306718559962099 -0.2531439151024448 0.021497827889439967 -0.0436800639947755 0.0013539800111441315 1340394.0 2825458.0 4510959.0 6105945.0 7447364.0 8480337.0 9214170.0 9687687.0 9948525.0 10042707.0 10010329.0 9884411.0 9691245.0 9451298.0 9180255.0 8889984.0
16 1.0 75.73772198658273 3.3903267896746883 0.7585984861241891 -0.6306718559962099 -0.2531439151024448 0.021497827889439967 -0.0436800639947755 0.0013539800111441315 1342249.0 2828647.0 4515246.0 6110988.0 7452855.0 8486026.0 9219857.0 9693215.0 9953768.0 10047574.0 10014755.0 9888358.0 9694694.0 9454247.0 9182714.0 8891973.0
17 1.0 46.41346715574719 -34.7741820818647 0.7585984861241891 -0.6306718559962099 -0.2531439151024448 0.021497827889439967 -0.0436800639947755 0.0013539800111441315 1339122.0 2823073.0 4507543.0 6101777.0 7442762.0 8475579.0 9209469.0 9683190.0 9944326.0 10038866.0 10006874.0 9881355.0 9688587.0 9449029.0 9178359.0 8888443.0
18 1.0 113.55420633270619 13.957730789647584 0.7585984861241891 -0.6306718559962099 -0.2531439151024448 0.021497827889439967 -0.0436800639947755 0.0013539800111441315 1340083.0 2825543.0 4512070.0 6108560.0 7451703.0 8486386.0 9221763.0 9696579.0 9958450.0 10053411.0 10021585.0 9896029.0 9703067.0 9463199.0 9192137.0 8901769.0
19 1.0 130.93587753934415 82.69800135001651 0.7585984861241891 -0.6306718559962099 -0.2531439151024448 0.021497827889439967 -0.0436800639947755 0.0013539800111441315 1340782.0 2826366.0 4512576.0 6108317.0 7450391.0 8483828.0 9217908.0 9691476.0 9952211.0 10046188.0 10013544.0 9887338.0 9693885.0 9453670.0 9182387.0 8891907.0
20 1.0 205.27083735043666 26.20264400208069 0.7585984861241891 -0.6306718559962099 -0.2531439151024448 0.021497827889439967 -0.0436800639947755 0.0013539800111441315 1340598.0 2825670.0 4511049.0 6105745.0 7446697.0 8479065.0 9212222.0 9685068.0 9945297.0 10038973.0 10006211.0 9880034.0 9686726.0 9446743.0 9175752.0 8885604.0
21 1.0 157.89654484643532 -83.63476156401164 0.7585984861241891 -0.6306718559962099 -0.2531439151024448 0.021497827889439967 -0.0436800639947755 0.0013539800111441315 1339604.0 2824141.0 4509284.0 6104104.0 7445479.0 8478453.0 9212279.0 9685759.0 9946524.0 10040609.0 10008116.0 9882078.0 9688794.0 9448738.0 9177598.0 8887244.0
22 1.0 355.8145817013214 -12.527560888548976 0.7585984861241891 -0.6306718559962099 -0.2531439151024448 0.021497827889439967 -0.0436800639947755 0.0013539800111441315 1342288.0 2828494.0 4514582.0 6109446.0 7450125.0 8481920.0 9214325.0 9686316.0 9945640.0 10038397.0 10004724.0 9877666.0 9683520.0 9442751.0 9171034.0 8880225.0
23 1.0 36.736131869290105 1.803033417285036 0.7585984861241891 -0.6306718559962099 -0.2531439151024448 0.021497827889439967 -0.0436800639947755 0.0013539800111441315 1339635.0 2824178.0 4509330.0 6104227.0 7445816.0 8479171.0 9213534.0 9687668.0 9949154.0 10043980.0 10012212.0 9886855.0 9694191.0 9454687.0 9184026.0 8894079.0
24 1.0 75.19563219414049 6.511949046621353 0.7585984861241891 -0.6306718559962099 -0.2531439151024448 0.021497827889439967 -0.0436800639947755 0.0013539800111441315 1342205.0 2828595.0 4515223.0 6111007.0 7452885.0 8486003.0 9219703.0 9692856.0 9953145.0 10046648.0 10013503.0 9886776.0 9692788.0 9452036.0 9180220.0 8889222.0
25 1.0 58.07142643859865 32.65065190869082 0.7585984861241891 -0.6306718559962099 -0.2531439151024448 0.021497827889439967 -0.0436800639947755 0.0013539800111441315 1340535.0 2825688.0 4511205.0 6106095.0 7447288.0 8479918.0 9213322.0 9686363.0 9946713.0 10040428.0 10007621.0 9881328.0 9687844.0 9447639.0 9176393.0 8885971.0
26 1.0 235.11899716754343 -40.032702408282105 0.7585984861241891 -0.6306718559962099 -0.2531439151024448 0.021497827889439967 -0.0436800639947755 0.0013539800111441315 1340521.0 2825768.0 4511295.0 6106019.0 7446924.0 8479257.0 9212460.0 9685452.0 9945919.0 10039898.0 10007471.0 9881637.0 9688656.0 9448972.0 9178241.0 8888313.0
27 1.0 91.18497691432157 -66.80509821606236 0.7585984861241891 -0.6306718559962099 -0.2531439151024448 0.021497827889439967 -0.0436800639947755 0.0013539800111441315 1339595.0 2824502.0 4510079.0 6105141.0 7446454.0 8479087.0 9212391.0 9685277.0 9945461.0 10039034.0 10006129.0 9879790.0 9686312.0 9446158.0 9175004.0 8884703.0
28 1.0 167.87187822827028 -19.31837822152302 0.7585984861241891 -0.6306718559962099 -0.2531439151024448 0.021497827889439967 -0.0436800639947755 0.0013539800111441315 1341922.0 2827918.0 4514100.0 6109500.0 7451150.0 8484258.0 9218189.0 9691800.0 9952737.0 10047028.0 10014760.0 9888950.0 9695884.0 9456026.0 9185056.0 8894843.0
29 1.0 87.99321312057698 82.1530301032708 0.7585984861241891 -0.6306718559962099 -0.2531439151024448 0.021497827889439967 -0.0436800639947755 0.0013539800111441315 1339896.0 2824673.0 4510060.0 6105116.0 7446719.0 8479909.0 9213936.0 9687600.0 9948532.0 10042766.0 10010406.0 9884486.0 9691305.0 9451339.0 9180276.0 8889987.0
0 1.0 57.2290501123871 -56.31643948484795 0.7585984861241891 -0.6306718559962099 -0.2531439151024448 0.021497827889439967 -0.0436800639947755 0.0013539800111441315 1339417.0 2823864.0 4509030.0 6103975.0 7445508.0 8478601.0 9212467.0 9685901.0 9946549.0 10040467.0 10007783.0 9881550.0 9688082.0 9447864.0 9176590.0 8886133.0
1 1.0 39.73505081914985 72.71711188708267 0.7585984861241891 -0.6306718559962099 -0.2531439151024448 0.021497827889439967 -0.0436800639947755 0.0013539800111441315 1340184.0 2825377.0 4511253.0 6106746.0 7448660.0 8482020.0 9216091.0 9689702.0 9950515.0 10044589.0 10012053.0 9885954.0 9692604.0 9452485.0 9181290.0 8890890.0
2 1.0 236.27865220749842 7.885071013918747 0.7585984861241891 -0.6306718559962099 -0.2531439151024448 0.021497827889439967 -0.0436800639947755 0.0013539800111441315 1339725.0 2824332.0 4509279.0 6103659.0 7444538.0 8477148.0 9210855.0 9684491.0 9945661.0 10040340.0 10008572.0 9883331.0 9690869.0 9451625.0 9181260.0 8891629.0
3 1.0 49.74586248550097 -7.755944103762147 0.7585984861241891 -0.6306718559962099 -0.2531439151024448 0.021497827889439967 -0.0436800639947755 0.0013539800111441315 1339662.0 2824389.0 4509781.0 6104819.0 7446323.0 8479318.0 9213069.0 9686403.0 9946978.0 10040851.0 10008144.0 9881904.0 9688437.0 9448224.0 9176953.0 8886496.0
4 1.0 70.76965020481926 68.76745384138013 0.7585984861241891 -0.6306718559962099 -0.2531439151024448 0.021497827889439967 -0.0436800639947755 0.0013539800111441315 1340128.0 2825065.0 4510610.0 6105796.0 7447458.0 8480600.0 9214457.0 9687834.0 9948382.0 10042162.0 10009309.0 9882881.0 9689200.0 9448756.0 9177250.0 8886557.0
5 1.0 132.74106143794708 -7.451286881654539 0.7585984861241891 -0.6306718559962099 -0.2531439151024448 0.021497827889439967 -0.0436800639947755 0.0013539800111441315 1339851.0 2825290.0 4511883.0 6108394.0 7451377.0 8485657.0 9220397.0 9694399.0 9955348.0 10049350.0 10016583.0 9890144.0 9696384.0 9455817.0 9184160.0 8893301.0
6 1.0 295.55756274525663 40.350174590077785 0.7585984861241891 -0.6306718559962099 -0.2531439151024448 0.021497827889439967 -0.0436800639947755 0.0013539800111441315 1342405.0 2828815.0 4515304.0 6110764.0 7452156.0 8484688.0 9217779.0 9690367.0 9950187.0 10043343.0 10009985.0 9883171.0 9689213.0 9448586.0 9176974.0 8886239.0
7 1.0 34.956459285502056 -18.17544209344163 0.7585984861241891 -0.6306718559962099 -0.2531439151024448 0.021497827889439967 -0.0436800639947755 0.0013539800111441315 1339820.0 2824472.0 4509695.0 6104542.0 7445886.0 8478779.0 9212494.0 9685854.0 9946510.0 10040506.0 10007954.0 9881887.0 9688603.0 9448573.0 9177480.0 8887191.0
8 1.0 301.6601666995694 72.7279907221724 0.7585984861241891 -0.6306718559962099 -0.2531439151024448 0.021497827889439967 -0.0436800639947755 0.0013539800111441315 1339950.0 2824928.0 4510577.0 6105853.0 7447563.0 8480726.0 9214604.0 9688021.0 9948641.0 10042524.0 10009800.0 9883519.0 9689994.0 9449709.0 9178358.0 8887813.0
9 1.0 34.59542684182671 34.20450363442093 0.7585984861241891 -0.6306718559962099 -0.2531439151024448 0.021497827889439967 -0.0436800639947755 0.0013539800111441315 1339808.0 2824657.0 4510165.0 6105262.0 7446727.0 8479579.0 9213104.0 9686167.0 9946466.0 10040088.0 10007176.0 9880787.0 9687229.0 9446980.0 9175721.0 8885316.0
10 1.0 351.5254074048225 35.931969765093015 0.7585984861241891 -0.6306718559962099 -0.2531439151024448 0.021497827889439967 -0.0436800639947755 0.0013539800111441315 1341409.0 2826982.0 4512689.0 6107550.0 7448566.0 8480939.0 9214053.0 9686800.0 9946869.0 10040323.0 10007280.0 9880776.0 9687108.0 9446742.0 9175360.0 8884822.0
11 1.0 168.71443259317257 -31.010327719718596 0.7585984861241891 -0.6306718559962099 -0.2531439151024448 0.021497827889439967 -0.0436800639947755 0.0013539800111441315 1341620.0 2827160.0 4512718.0 6107407.0 7448307.0 8480640.0 9213773.0 9686568.0 9946687.0 10040175.0 10007143.0 9880624.0 9686919.0 9446501.0 9175055.0 8884448.0
12 1.0 351.6339917485214 46.22015569264005 0.7585984861241891 -0.6306718559962099 -0.2531439151024448 0.021497827889439967 -0.0436800639947755 0.0013539800111441315 1340817.0 2826134.0 4511729.0 6106581.0 7447649.0 8480116.0 9213371.0 9686308.0 9946621.0 10040366.0 10007655.0 9881511.0 9688219.0 9448235.0 9177228.0 8887053.0
13 1.0 217.74438710821656 24.490989980485438 0.7585984861241891 -0.6306718559962099 -0.2531439151024448 0.021497827889439967 -0.0436800639947755 0.0013539800111441315 1339519.0 2824135.0 4509470.0 6104527.0 7446125.0 8479289.0 9213286.0 9686942.0 9947907.0 10042224.0 10009998.0 9884256.0 9691288.0 9451559.0 9180746.0 8890712.0
14 1.0 266.1348885833886 -46.79635079165228 0.7585984861241891 -0.6306718559962099 -0.2531439151024448 0.021497827889439967 -0.0436800639947755 0.0013539800111441315 1342013.0 2827903.0 4513758.0 6108652.0 7449707.0 8482209.0 9215578.0 9688699.0 9949233.0 10043208.0 10010708.0 9884743.0 9691587.0 9451696.0 9180741.0 8890579.0
15 1.0 14.107605211555443 -61.103011952653844 0.7585984861241891 -0.6306718559962099 -0.2531439151024448 0.021497827889439967 -0.0436800639947755 0.0013539800111441315 1340348.0 2825239.0 4510493.0 6105128.0 7446044.0 8478351.0 9211384.0 9684022.0 9943962.0 10037282.0 10004114.0 9877505.0 9683758.0 9443344.0 9171943.0 8881415.0
16 1.0 101.81050652750744 53.35046541311971 0.7585984861241891 -0.6306718559962099 -0.2531439151024448 0.021497827889439967 -0.0436800639947755 0.0013539800111441315 1342024.0 2828157.0 4514477.0 6109925.0 7451448.0 8484207.0 9217563.0 9690404.0 9950429.0 10043722.0 10010425.0 9883599.0 9689563.0 9448804.0 9177019.0 8886080.0
17 1.0 43.270762036740805 82.64998854634004 0.7585984861241891 -0.6306718559962099 -0.2531439151024448 0.021497827889439967 -0.0436800639947755 0.0013539800111441315 1339737.0 2824295.0 4509366.0 6104058.0 7445314.0 8478230.0 9212084.0 9685677.0 9946626.0 10040944.0 10008715.0 9882954.0 9689948.0 9450160.0 9179273.0 8889152.0
18 1.0 106.61047110797217 -7.535011093192281 0.7585984861241891 -0.6306718559962099 -0.2531439151024448 0.021497827889439967 -0.0436800639947755 0.0013539800111441315 1341442.0 2827294.0 4513571.0 6109291.0 7451403.0 8485025.0 9219454.0 9693502.0 9954792.0 10049348.0 10017264.0 9891565.0 9698550.0 9458696.0 9187693.0 8897419.0
19 1.0 42.74197882352786 16.377149758263286 0.7585984861241891 -0.6306718559962099 -0.2531439151024448 0.021497827889439967 -0.0436800639947755 0.0013539800111441315 1339769.0 2824679.0 4510375.0 6105829.0 7447828.0 8481355.0 9215635.0 9689461.0 9950470.0 10044707.0 10012293.0 9886273.0 9692962.0 9452845.0 9181621.0 8891166.0
20 1.0 114.47394458183138 64.39007595483983 0.7585984861241891 -0.6306718559962099 -0.2531439151024448 0.021497827889439967 -0.0436800639947755 0.0013539800111441315 1341995.0 2827940.0 4513901.0 6108959.0 7450251.0 8483076.0 9216845.0 9690420.0 9951432.0 10045877.0 10013818.0 9888247.0 9695429.0 9455817.0 9185082.0 8895084.0
21 1.0 149.13467802528118 -7.699778396305732 0.7585984861241891 -0.6306718559962099 -0.2531439151024448 0.021497827889439967 -0.0436800639947755 0.0013539800111441315 1340567.0 2826200.0 4512477.0 6108196.0 7450113.0 8483271.0 9216986.0 9690143.0 9950452.0 10044011.0 10010972.0 9884402.0 9690622.0 9450118.0 9178583.0 8887888.0
22 1.0 23.09309868556237 81.3374058298925 0.7585984861241891 -0.6306718559962099 -0.2531439151024448 0.021497827889439967 -0.0436800639947755 0.0013539800111441315 1339824.0 2824524.0 4509753.0 6104554.0 7445831.0 8478673.0 9212381.0 9685785.0 9946529.0 10040649.0 10008241.0 9882327.0 9689196.0 9449312.0 9178354.0 8888185.0
23 1.0 249.28996297320714 13.63520916807704 0.7585984861241891 -0.6306718559962099 -0.2531439151024448 0.021497827889439967 -0.0436800639947755 0.0013539800111441315 1340661.0 2826104.0 4512181.0 6107866.0 7449965.0 8483462.0 9217583.0 9691135.0 9951776.0 10045581.0 10012695.0 9886192.0 9692404.0 9451831.0 9180181.0 8889338.0
24 1.0 203.97652351436705 57.738081726236686 0.7585984861241891 -0.6306718559962099 -0.2531439151024448 0.021497827889439967 -0.0436800639947755 0.0013539800111441315 1340538.0 2825431.0 4510467.0 6104723.0 7445261.0 8477343.0 9210396.0 9683322.0 9943789.0 10037823.0 10005494.0 9879789.0 9686963.0 9447448.0 9176897.0 8887152.0
25 1.0 95.54021673820034 73.5918693142929 0.7585984861241891 -0.6306718559962099 -0.2531439151024448 0.021497827889439967 -0.0436800639947755 0.0013539800111441315 1340805.0 2826133.0 4511756.0 6106637.0 7447730.0 8480222.0 9213508.0 9686489.0 9946855.0 10040664.0 10008020.0 9881942.0 9688712.0 9448783.0 9177824.0 8887688.0
26 1.0 188.36929924801188 56.7942873783424 0.7585984861241891 -0.6306718559962099 -0.2531439151024448 0.021497827889439967 -0.0436800639947755 0.0013539800111441315 1341360.0 2826890.0 4512678.0 6107798.0 7449207.0 8482013.0 9215507.0 9688521.0 9948717.0 10042158.0 10008980.0 9882242.0 9688266.0 9447545.0 9175779.0 8884847.0
27 1.0 33.818583873039 -61.30539657918793 0.7585984861241891 -0.6306718559962099 -0.2531439151024448 0.021497827889439967 -0.0436800639947755 0.0013539800111441315 1339778.0 2824351.0 4509487.0 6104314.0 7445731.0 8478765.0 9212639.0 9686129.0 9946854.0 10040847.0 10008219.0 9882013.0 9688542.0 9448292.0 9176958.0 8886420.0
28 1.0 207.34073840022455 23.201719031106066 0.7585984861241891 -0.6306718559962099 -0.2531439151024448 0.021497827889439967 -0.0436800639947755 0.0013539800111441315 1340287.0 2825084.0 4510157.0 6104571.0 7445323.0 8477607.0 9210804.0 9683798.0 9944256.0 10038214.0 10005759.0 9879895.0 9686891.0 9447191.0 9176458.0 8886539.0
29 1.0 334.5466311274371 -18.28183344845813 0.7585984861241891 -0.6306718559962099 -0.2531439151024448 0.021497827889439967 -0.0436800639947755 0.0013539800111441315 1341060.0 2827520.0 4514865.0 6111800.0 7455072.0 8489716.0 9225010.0 9699776.0 9961655.0 10056687.0 10024980.0 9899575.0 9706779.0 9467081.0 9196180.0 8905961.0
0 1.0 114.68482288247652 -78.71166863579778 0.7585984861241891 -0.6306718559962099 -0.2531439151024448 0.021497827889439967 -0.0436800639947755 0.0013539800111441315 1339244.0 2824004.0 4509896.0 6105915.0 7448721.0 8483135.0 9218245.0 9692762.0 9954289.0 10048867.0 10016633.0 9890659.0 9697287.0 9457027.0 9185601.0 8894904.0
1 1.0 240.2677367869254 -13.674194659828444 0.7585984861241891 -0.6306718559962099 -0.2531439151024448 0.021497827889439967 -0.0436800639947755 0.0013539800111441315 1340696.0 2826235.0 4512191.0 6107286.0 7448274.0 8480278.0 9212735.0 9684649.0 9943824.0 10036411.0 10002589.0 9875425.0 9681225.0 9440455.0 9168785.0 8878062.0
2 1.0 47.447230465581185 -43.436867959906614 0.7585984861241891 -0.6306718559962099 -0.2531439151024448 0.021497827889439967 -0.0436800639947755 0.0013539800111441315 1339100.0 2822984.0 4507327.0 6101370.0 7442114.0 8474662.0 9208275.0 9681733.0 9942634.0 10036971.0 10004816.0 9879171.0 9686312.0 9446695.0 9175994.0 8886069.0
3 1.0 257.8777934826836 62.82689551713193 0.7585984861241891 -0.6306718559962099 -0.2531439151024448 0.021497827889439967 -0.0436800639947755 0.0013539800111441315 1339478.0 2824385.0 4510351.0 6106523.0 7449761.0 8484985.0 9221268.0 9697230.0 9960355.0 10056576.0 10025940.0 9901457.0 9709429.0 9470350.0 9199932.0 8910077.0
4 1.0 104.1861934609924 -84.00516722159469 0.7585984861241891 -0.6306718559962099 -0.2531439151024448 0.021497827889439967 -0.0436800639947755 0.0013539800111441315 1339024.0 2823553.0 4509254.0 6105172.0 7447964.0 8482416.0 9217582.0 9692150.0 9953710.0 10048304.0 10016069.0 9890084.0 9696692.0 9456412.0 9184966.0 8894253.0
5 1.0 65.94889032256206 82.61688993542523 0.7585984861241891 -0.6306718559962099 -0.2531439151024448 0.021497827889439967 -0.0436800639947755 0.0013539800111441315 1339636.0 2824448.0 4509991.0 6105091.0 7446417.0 8478937.0 9211947.0 9684353.0 9943909.0 10036755.0 10003073.0 9875952.0 9681722.0 9440870.0 9169084.0 8878228.0
6 1.0 211.14465653162995 -26.033607275052667 0.7585984861241891 -0.6306718559962099 -0.2531439151024448 0.021497827889439967 -0.0436800639947755 0.0013539800111441315 1339425.0 2823937.0 4508990.0 6103639.0 7444844.0 8477748.0 9211670.0 9685428.0 9946636.0 10041290.0 10009451.0 9884112.0 9691538.0 9452177.0 9181698.0 8891959.0
7 1.0 7.238716627497679 -25.792759727542276 0.7585984861241891 -0.6306718559962099 -0.2531439151024448 0.021497827889439967 -0.0436800639947755 0.0013539800111441315 1342026.0 2827950.0 4513898.0 6108874.0 7449894.0 8482174.0 9215117.0 9687635.0 9947434.0 10040596.0 10007252.0 9880450.0 9686495.0 9445861.0 9174231.0 8883470.0
8 1.0 298.4184105182507 -87.06086951693258 0.7585984861241891 -0.6306718559962099 -0.2531439151024448 0.021497827889439967 -0.0436800639947755 0.0013539800111441315 1339757.0 2824531.0 4509953.0 6105040.0 7446646.0 8479814.0 9213805.0 9687430.0 9948327.0 10042530.0 10010144.0 9884203.0 9691004.0 9451023.0 9179947.0 8889645.0
9 1.0 1.6903714293169436 -56.65818145748689 0.7585984861241891 -0.6306718559962099 -0.2531439151024448 0.021497827889439967 -0.0436800639947755 0.0013539800111441315 1341326.0 2826844.0 4512581.0 6107639.0 7449090.0 8482157.0 9216198.0 9690047.0 9951320.0 10046011.0 10014181.0 9888822.0 9696200.0 9456767.0 9186195.0 8896344.0
10 1.0 244.01395324664284 -17.773289855350427 0.7585984861241891 -0.6306718559962099 -0.2531439151024448 0.021497827889439967 -0.0436800639947755 0.0013539800111441315 1341325.0 2827216.0 4513301.0 6108416.0 7449554.0 8482002.0 9215241.0 9688223.0 9948652.0 10042577.0 10010090.0 9884191.0 9691148.0 9451402.0 9180614.0 8890632.0
11 1.0 97.20287034917935 77.27245511448851 0.7585984861241891 -0.6306718559962099 -0.2531439151024448 0.021497827889439967 -0.0436800639947755 0.0013539800111441315 1340590.0 2825784.0 4511354.0 6106319.0 7447635.0 8480446.0 9214086.0 9687400.0 9948040.0 10042040.0 10009501.0 9883447.0 9690168.0 9450133.0 9179023.0 8888704.0
12 1.0 264.66984796413414 -72.06931256017117 0.7585984861241891 -0.6306718559962099 -0.2531439151024448 0.021497827889439967 -0.0436800639947755 0.0013539800111441315 1340629.0 2825789.0 4511387.0 6106517.0 7448137.0 8481353.0 9215441.0 9689200.0 9950248.0 10044603.0 10012357.0 9886535.0 9693433.0 9453525.0 9182500.0 8892231.0
13 1.0 346.38787624227774 80.15427602623433 0.7585984861241891 -0.6306718559962099 -0.2531439151024448 0.021497827889439967 -0.0436800639947755 0.0013539800111441315 1339183.0 2823701.0 4508756.0 6103081.0 7443410.0 8474868.0 9206918.0 9678585.0 9937684.0 10030363.0 9996784.0 9869992.0 9676268.0 9436050.0 9164985.0 8874896.0
14 1.0 89.55113166718489 66.5079354983938 0.7585984861241891 -0.6306718559962099 -0.2531439151024448 0.021497827889439967 -0.0436800639947755 0.0013539800111441315 1341019.0 2826501.0 4512281.0 6107299.0 7448473.0 8480956.0 9214118.0 9686861.0 9946888.0 10040278.0 10007163.0 9880588.0 9686856.0 9446438.0 9175017.0 8884453.0
15 1.0 207.4166403904213 -8.25076855664068 0.7585984861241891 -0.6306718559962099 -0.2531439151024448 0.021497827889439967 -0.0436800639947755 0.0013539800111441315 1339801.0 2824613.0 4510191.0 6105565.0 7447521.0 8481009.0 9215218.0 9688924.0 9949763.0 10043787.0 10011130.0 9884852.0 9691280.0 9450909.0 9179446.0 8888772.0
16 1.0 213.13509525786205 -31.19384128171319 0.7585984861241891 -0.6306718559962099 -0.2531439151024448 0.021497827889439967 -0.0436800639947755 0.0013539800111441315 1339436.0 2824141.0 4509510.0 6104436.0 7445740.0 8478512.0 9212095.0 9685371.0 9946023.0 10040107.0 10007727.0 9881901.0 9688908.0 9449202.0 9178450.0 8888503.0
17 1.0 206.01068608471442 -48.10605672976977 0.7585984861241891 -0.6306718559962099 -0.2531439151024448 0.021497827889439967 -0.0436800639947755 0.0013539800111441315 1339355.0 2824076.0 4509802.0 6105644.0 7448414.0 8483016.0 9218547.0 9693676.0 9955940.0 10051319.0 10019895.0 9894700.0 9702048.0 9462437.0 9191580.0 8901370.0
18 1.0 80.30938775062259 20.603647165837387 0.7585984861241891 -0.6306718559962099 -0.2531439151024448 0.021497827889439967 -0.0436800639947755 0.0013539800111441315 1342049.0 2828028.0 4513953.0 6108767.0 7449498.0 8481424.0 9214019.0 9686243.0 9945835.0 10038883.0 10005517.0 9878771.0 9684935.0 9444468.0 9173039.0 8882498.0
19 1.0 342.9896441461146 -84.04657353440899 0.7585984861241891 -0.6306718559962099 -0.2531439151024448 0.021497827889439967 -0.0436800639947755 0.0013539800111441315 1340342.0 2825487.0 4511207.0 6106473.0 7448130.0 8481238.0 9215089.0 9688528.0 9949222.0 10043231.0 10010674.0 9884594.0 9691291.0 9451240.0 9180126.0 8889815.0
20 1.0 160.96513630234585 -87.19090839957092 0.7585984861241891 -0.6306718559962099 -0.2531439151024448 0.021497827889439967 -0.0436800639947755 0.0013539800111441315 1339753.0 2824426.0 4509707.0 6104673.0 7446222.0 8479411.0 9213496.0 9687270.0 9948355.0 10042768.0 10010603.0 9884882.0 9691897.0 9452117.0 9181227.0 8891097.0
21 1.0 304.707122089606 -12.816769950317195 0.7585984861241891 -0.6306718559962099 -0.2531439151024448 0.021497827889439967 -0.0436800639947755 0.0013539800111441315 1339057.0 2824028.0 4510391.0 6107117.0 7450877.0 8486489.0 9223008.0 9699076.0 9962218.0 10058402.0 10027704.0 9903152.0 9711060.0 9471927.0 9201468.0 8911584.0
22 1.0 251.81253911430156 -77.74666668455036 0.7585984861241891 -0.6306718559962099 -0.2531439151024448 0.021497827889439967 -0.0436800639947755 0.0013539800111441315 1340608.0 2825968.0 4511851.0 6107180.0 7448794.0 8481766.0 9215417.0 9688617.0 9949058.0 10042815.0 10010018.0 9883715.0 9690212.0 9449981.0 9178708.0 8888257.0
23 1.0 107.07730230784811 -44.65062211570328 0.7585984861241891 -0.6306718559962099 -0.2531439151024448 0.021497827889439967 -0.0436800639947755 0.0013539800111441315 1341604.0 2827530.0 4513639.0 6108858.0 7450170.0 8482799.0 9216161.0 9689168.0 9949516.0 10043268.0 10010537.0 9884349.0 9690994.0 9450932.0 9179836.0 8889564.0
24 1.0 292.9672150928918 -50.19103523770491 0.7585984861241891 -0.6306718559962099 -0.2531439151024448 0.021497827889439967 -0.0436800639947755 0.0013539800111441315 1341723.0 2827459.0 4513253.0 6108104.0 7449023.0 8481234.0 9214148.0 9686683.0 9946548.0 10039819.0 10006622.0 9879995.0 9686235.0 9445806.0 9174386.0 8883832.0
25 1.0 142.74206670491446 -44.425585129886656 0.7585984861241891 -0.6306718559962099 -0.2531439151024448 0.021497827889439967 -0.0436800639947755 0.0013539800111441315 1341994.0 2827840.0 4513561.0 6108160.0 7448705.0 8480481.0 9212945.0 9685045.0 9944507.0 10037421.0 10003915.0 9877031.0 9683063.0 9442475.0 9170939.0 8880308.0
26 1.0 317.1971509600182 -66.4100583812536 0.7585984861241891 -0.6306718559962099 -0.2531439151024448 0.021497827889439967 -0.0436800639947755 0.0013539800111441315 1341854.0 2827610.0 4513219.0 6107643.0 7447965.0 8479529.0 9211861.0 9683955.0 9943557.0 10036747.0 10003634.0 9877228.0 9683795.0 9443769.0 9172799.0 8882720.0
27 1.0 209.25823414890914 -87.83347987842222 0.7585984861241891 -0.6306718559962099 -0.2531439151024448 0.021497827889439967 -0.0436800639947755 0.0013539800111441315 1339427.0 2823808.0 4508664.0 6103112.0 7444146.0 8476917.0 9210735.0 9684409.0 9945542.0 10040122.0 10008208.0 9882792.0 9690139.0 9450701.0 9180146.0 8890335.0
28 1.0 317.424730267747 -69.21282651502534 0.7585984861241891 -0.6306718559962099 -0.2531439151024448 0.021497827889439967 -0.0436800639947755 0.0013539800111441315 1341689.0 2827336.0 4512918.0 6107505.0 7448240.0 8480452.0 9213600.0 9686590.0 9947086.0 10041107.0 10008721.0 9882921.0 9689964.0 9450290.0 9179561.0 8889624.0
29 1.0 249.3113724279957 21.32644671229461 0.7585984861241891 -0.6306718559962099 -0.2531439151024448 0.021497827889439967 -0.0436800639947755 0.0013539800111441315 1340398.0 2825574.0 4511296.0 6106675.0 7448680.0 8482391.0 9217041.0 9691377.0 9952975.0 10047821.0 10015990.0 9890500.0 9697647.0 9457912.0 9186990.0 8896766.0
0 1.0 261.09154073507057 85.36611830724905 0.7585984861241891 -0.6306718559962099 -0.2531439151024448 0.021497827889439967 -0.0436800639947755 0.0013539800111441315 1339405.0 2824071.0 4509418.0 6104352.0 7445679.0 8478462.0 9212017.0 9685210.0 9945723.0 10039616.0 10007004.0 9880921.0 9687658.0 9447678.0 9176658.0 8886456.0
1 1.0 180.47677749361281 88.26210028096091 0.7585984861241891 -0.6306718559962099 -0.2531439151024448 0.021497827889439967 -0.0436800639947755 0.0013539800111441315 1339807.0 2824749.0 4510472.0 6105941.0 7447938.0 8481447.0 9215701.0 9689502.0 9950495.0 10044727.0 10012318.0 9886314.0 9693024.0 9452932.0 9181734.0 8891305.0
2 1.0 344.1901085003606 -16.37026283284891 0.7585984861241891 -0.6306718559962099 -0.2531439151024448 0.021497827889439967 -0.0436800639947755 0.0013539800111441315 1342050.0 2828794.0 4515763.0 6111519.0 7452898.0 8485168.0 9217873.0 9690066.0 9949558.0 10042488.0 10009011.0 9882175.0 9688274.0 9447763.0 9176309.0 8885757.0
3 1.0 231.83647172266947 -60.66820331161104 0.7585984861241891 -0.6306718559962099 -0.2531439151024448 0.021497827889439967 -0.0436800639947755 0.0013539800111441315 1340273.0 2825285.0 4510718.0 6105648.0 7447078.0 8480164.0 9214217.0 9688045.0 9949255.0 10043844.0 10011881.0 9886369.0 9693587.0 9453996.0 9183275.0 8893289.0
4 1.0 152.5878174809447 24.977116325975274 0.7585984861241891 -0.6306718559962099 -0.2531439151024448 0.021497827889439967 -0.0436800639947755 0.0013539800111441315 1340975.0 2827134.0 4514047.0 6110503.0 7453277.0 8487400.0 9222141.0 9696324.0 9957601.0 10052030.0 10019737.0 9893779.0 9700477.0 9460324.0 9189027.0 8898470.0
5 1.0 218.30155708605275 -1.7450376212273113 0.7585984861241891 -0.6306718559962099 -0.2531439151024448 0.021497827889439967 -0.0436800639947755 0.0013539800111441315 1339271.0 2823737.0 4508980.0 6104087.0 7445910.0 8479445.0 9213891.0 9687999.0 9949362.0 10043986.0 10011961.0 9886313.0 9693344.0 9453531.0 9182570.0 8892339.0
6 1.0 6.909551391360069 88.09375991119765 0.7585984861241891 -0.6306718559962099 -0.2531439151024448 0.021497827889439967 -0.0436800639947755 0.0013539800111441315 1339734.0 2824539.0 4509963.0 6104923.0 7446225.0 8478926.0 9212344.0 9685353.0 9945646.0 10039298.0 10006436.0 9880102.0 9686595.0 9446385.0 9175149.0 8884750.0
7 1.0 108.56693400283775 -78.24524271267956 0.7585984861241891 -0.6306718559962099 -0.2531439151024448 0.021497827889439967 -0.0436800639947755 0.0013539800111441315 1339321.0 2823833.0 4508723.0 6102928.0 7443473.0 8475668.0 9208992.0 9682370.0 9943456.0 10038238.0 10006741.0 9881908.0 9689955.0 9451286.0 9181532.0 8892521.0
8 1.0 237.66247349736662 50.98219889648635 0.7585984861241891 -0.6306718559962099 -0.2531439151024448 0.021497827889439967 -0.0436800639947755 0.0013539800111441315 1339020.0 2823321.0 4508447.0 6103545.0 7445510.0 8479348.0 9214236.0 9688887.0 9950855.0 10046105.0 10014698.0 9889638.0 9697212.0 9457890.0 9187363.0 8897510.0
9 1.0 104.42793859575987 -38.0882704803311 0.7585984861241891 -0.6306718559962099 -0.2531439151024448 0.021497827889439967 -0.0436800639947755 0.0013539800111441315 1341881.0 2827971.0 4514273.0 6109703.0 7451199.0 8483934.0 9217292.0 9690180.0 9950307.0 10043756.0 10010666.0 9884086.0 9690325.0 9449858.0 9178371.0 8887731.0
10 1.0 222.48555443958296 -46.54464838621668 0.7585984861241891 -0.6306718559962099 -0.2531439151024448 0.021497827889439967 -0.0436800639947755 0.0013539800111441315 1339666.0 2824347.0 4509648.0 6104723.0 7446558.0 8480241.0 9214999.0 9689563.0 9951482.0 10046717.0 10015317.0 9890278.0 9697877.0 9458582.0 9188080.0 8898246.0
11 1.0 154.35673234047582 29.250822875881667 0.7585984861241891 -0.6306718559962099 -0.2531439151024448 0.021497827889439967 -0.0436800639947755 0.0013539800111441315 1341385.0 2827681.0 4514444.0 6110266.0 7451833.0 8484224.0 9216856.0 9688735.0 9947688.0 10039903.0 10005600.0 9877885.0 9683100.0 9441739.0 9169494.0 8878225.0
12 1.0 48.770663120082084 -45.70862670162639 0.7585984861241891 -0.6306718559962099 -0.2531439151024448 0.021497827889439967 -0.0436800639947755 0.0013539800111441315 1339013.0 2822777.0 4506983.0 6100909.0 7441578.0 8474095.0 9207718.0 9681215.0 9942172.0 10036577.0 10004491.0 9878914.0 9686118.0 9446559.0 9175910.0 8886032.0
13 1.0 107.38163734417108 29.854641160653784 0.7585984861241891 -0.6306718559962099 -0.2531439151024448 0.021497827889439967 -0.0436800639947755 0.0013539800111441315 1341142.0 2826869.0 4513032.0 6108513.0 7450151.0 8483039.0 9216518.0 9689480.0 9949638.0 10043087.0 10009975.0 9883362.0 9689564.0 9449063.0 9177545.0 8886879.0
14 1.0 205.18736785245537 3.11553309641198 0.7585984861241891 -0.6306718559962099 -0.2531439151024448 0.021497827889439967 -0.0436800639947755 0.0013539800111441315 1340259.0 2825154.0 4510433.0 6105171.0 7446353.0 8479138.0 9212859.0 9686351.0 9947250.0 10041569.0 10009389.0 9883713.0 9690819.0 9451160.0 9180410.0 8890427.0
15 1.0 212.71419404934235 -13.663982081547132 0.7585984861241891 -0.6306718559962099 -0.2531439151024448 0.021497827889439967 -0.0436800639947755 0.0013539800111441315 1339440.0 2823948.0 4509080.0 6103931.0 7445429.0 8478648.0 9212847.0 9686805.0 9948120.0 10042789.0 10010886.0 9885421.0 9692675.0 9453114.0 9182419.0 8892458.0
16 1.0 206.75708958584838 9.843805559055411 0.7585984861241891 -0.6306718559962099 -0.2531439151024448 0.021497827889439967 -0.0436800639947755 0.0013539800111441315 1340202.0 2825005.0 4510136.0 6104664.0 7445584.0 8478073.0 9211488.0 9684688.0 9945322.0 10039416.0 10007053.0 9881239.0 9688246.0 9448526.0 9177747.0 8887762.0
17 1.0 235.1522951485681 -38.330726414466646 0.7585984861241891 -0.6306718559962099 -0.2531439151024448 0.021497827889439967 -0.0436800639947755 0.0013539800111441315 1340515.0 2825774.0 4511310.0 6106009.0 7446833.0 8479033.0 9212064.0 9684868.0 9945149.0 10038957.0 10006383.0 9880430.0 9687360.0 9447613.0 9176845.0 8886901.0
18 1.0 234.757177200608 37.1834471291362 0.7585984861241891 -0.6306718559962099 -0.2531439151024448 0.021497827889439967 -0.0436800639947755 0.0013539800111441315 1339369.0 2824244.0 4510132.0 6105967.0 7448470.0 8482562.0 9217423.0 9691814.0 9953353.0 10048073.0 10016089.0 9890447.0 9697460.0 9457619.0 9186624.0 8896357.0
19 1.0 155.31063675623062 -15.325763519958471 0.7585984861241891 -0.6306718559962099 -0.2531439151024448 0.021497827889439967 -0.0436800639947755 0.0013539800111441315 1341538.0 2827608.0 4514110.0 6109924.0 7451921.0 8485216.0 9219151.0 9692601.0 9953255.0 10047182.0 10014509.0 9888283.0 9694810.0 9454570.0 9183252.0 8892726.0
20 1.0 322.75677450638267 -25.101799112539396 0.7585984861241891 -0.6306718559962099 -0.2531439151024448 0.021497827889439967 -0.0436800639947755 0.0013539800111441315 1340492.0 2826691.0 4513774.0 6110208.0 7452600.0 8486020.0 9219884.0 9693173.0 9953660.0 10047471.0 10014758.0 9888572.0 9695213.0 9455147.0 9184048.0 8893772.0
21 1.0 132.32227321724275 59.158244620032804 0.7585984861241891 -0.6306718559962099 -0.2531439151024448 0.021497827889439967 -0.0436800639947755 0.0013539800111441315 1342197.0 2828282.0 4514330.0 6109302.0 7450237.0 8482404.0 9215250.0 9687718.0 9947527.0 10040756.0 10007530.0 9880885.0 9687115.0 9446682.0 9175261.0 8884709.0
22 1.0 156.91137309562566 76.4940441515746 0.7585984861241891 -0.6306718559962099 -0.2531439151024448 0.021497827889439967 -0.0436800639947755 0.0013539800111441315 1340446.0 2825551.0 4511153.0 6106291.0 7447881.0 8481017.0 9214988.0 9688616.0 9949539.0 10043789.0 10011467.0 9885598.0 9692479.0 9452579.0 9181584.0 8891363.0
23 1.0 321.092407805642 -81.71868404028655 0.7585984861241891 -0.6306718559962099 -0.2531439151024448 0.021497827889439967 -0.0436800639947755 0.0013539800111441315 1340606.0 2825754.0 4511252.0 6106111.0 7447268.0 8479858.0 9213221.0 9686224.0 9946542.0 10040235.0 10007417.0 9881125.0 9687655.0 9447475.0 9176267.0 8885892.0
24 1.0 290.22983605659084 -48.12714129064221 0.7585984861241891 -0.6306718559962099 -0.2531439151024448 0.021497827889439967 -0.0436800639947755 0.0013539800111441315 1341757.0 2827588.0 4513570.0 6108741.0 7450136.0 8482964.0 9216596.0 9689898.0 9950527.0 10044520.0 10011973.0 9885910.0 9692620.0 9452568.0 9181437.0 8891091.0
25 1.0 253.39989007453187 -27.266513491338614 0.7585984861241891 -0.6306718559962099 -0.2531439151024448 0.021497827889439967 -0.0436800639947755 0.0013539800111441315 1342120.0 2828406.0 4514742.0 6109941.0 7450954.0 8483043.0 9215693.0 9687895.0 9947414.0 10040365.0 10006891.0 9880041.0 9686109.0 9445559.0 9174059.0 8883459.0
26 1.0 36.0816794324284 56.693966286644525 0.7585984861241891 -0.6306718559962099 -0.2531439151024448 0.021497827889439967 -0.0436800639947755 0.0013539800111441315 1339706.0 2824319.0 4509469.0 6104172.0 7445298.0 8477928.0 9211375.0 9684502.0 9944982.0 10038875.0 10006292.0 9880263.0 9687074.0 9447187.0 9176272.0 8886184.0
27 1.0 331.0137409480825 87.38845697579356 0.7585984861241891 -0.6306718559962099 -0.2531439151024448 0.021497827889439967 -0.0436800639947755 0.0013539800111441315 1338432.0 2821593.0 4505005.0 6097919.0 7437342.0 8468414.0 9200463.0 9672346.0 9931733.0 10024672.0 9991268.0 9864542.0 9670775.0 9430419.0 9159137.0 8868774.0
28 1.0 257.1268678376801 84.41490684066332 0.7585984861241891 -0.6306718559962099 -0.2531439151024448 0.021497827889439967 -0.0436800639947755 0.0013539800111441315 1339204.0 2823777.0 4509256.0 6104591.0 7446495.0 8479895.0 9213994.0 9687594.0 9948352.0 10042334.0 10009678.0 9883443.0 9689948.0 9449683.0 9178346.0 8887811.0
29 1.0 359.5849223644319 72.89070219898684 0.7585984861241891 -0.6306718559962099 -0.2531439151024448 0.021497827889439967 -0.0436800639947755 0.0013539800111441315 1339634.0 2824744.0 4510586.0 6105750.0 7446832.0 8478873.0 9211302.0 9683148.0 9942248.0 10034781.0 10000944.0 9873811.0 9679690.0 9439043.0 9167532.0 8876996.0
0 1.0 53.80138967687775 -36.619872288474625 0.7585984861241891 -0.6306718559962099 -0.2531439151024448 0.021497827889439967 -0.0436800639947755 0.0013539800111441315 1339721.0 2824659.0 4510415.0 6105885.0 7447796.0 8481127.0 9215139.0 9688677.0 9949426.0 10043463.0 10010925.0 9884865.0 9691590.0 9451577.0 9180511.0 8890258.0
1 1.0 312.52538065255715 88.56202381460534 0.7585984861241891 -0.6306718559962099 -0.2531439151024448 0.021497827889439967 -0.0436800639947755 0.0013539800111441315 1339705.0 2824377.0 4509720.0 6104811.0 7446525.0 8479886.0 9214124.0 9688011.0 9949160.0 10043587.0 10011388.0 9885592.0 9692498.0 9452585.0 9181545.0 8891253.0
2 1.0 58.497456483494936 -45.10439260983878 0.7585984861241891 -0.6306718559962099 -0.2531439151024448 0.021497827889439967 -0.0436800639947755 0.0013539800111441315 1339520.0 2824084.0 4509294.0 6104187.0 7445643.0 8478733.0 9212738.0 9686472.0 9947562.0 10042028.0 10009952.0 9884348.0 9691496.0 9451857.0 9181108.0 8891113.0
3 1.0 221.6014431421839 -70.9368921211982 0.7585984861241891 -0.6306718559962099 -0.2531439151024448 0.021497827889439967 -0.0436800639947755 0.0013539800111441315 1339863.0 2824914.0 4510789.0 6106365.0 7448311.0 8481534.0 9215249.0 9688292.0 9948368.0 10041594.0 10008155.0 9881148.0 9686921.0 9445982.0 9174041.0 8882977.0
4 1.0 44.57519382579895 81.17146998997094 0.7585984861241891 -0.6306718559962099 -0.2531439151024448 0.021497827889439967 -0.0436800639947755 0.0013539800111441315 1339546.0 2823812.0 4508493.0 6102764.0 7443616.0 8476167.0 9209703.0 9683023.0 9943742.0 10037867.0 10005478.0 9879587.0 9686475.0 9446605.0 9175655.0 8885487.0
5 1.0 305.2829625560044 -47.98435401574267 0.7585984861241891 -0.6306718559962099 -0.2531439151024448 0.021497827889439967 -0.0436800639947755 0.0013539800111441315 1341803.0 2827809.0 4513939.0 6109096.0 7450249.0 8482620.0 9215632.0 9688217.0 9948091.0 10041338.0 10008091.0 9881392.0 9687545.0 9447018.0 9175494.0 8884834.0
6 1.0 290.63482514100383 34.15828771399508 0.7585984861241891 -0.6306718559962099 -0.2531439151024448 0.021497827889439967 -0.0436800639947755 0.0013539800111441315 1342406.0 2828607.0 4514597.0 6109342.0 7449995.0 8481955.0 9214756.0 9687370.0 9947505.0 10041208.0 10008561.0 9882558.0 9689455.0 9449686.0 9178905.0 8888951.0
7 1.0 204.8762659012536 -79.49585538349405 0.7585984861241891 -0.6306718559962099 -0.2531439151024448 0.021497827889439967 -0.0436800639947755 0.0013539800111441315 1339449.0 2824222.0 4509734.0 6104844.0 7446299.0 8479119.0 9212606.0 9685636.0 9945910.0 10039513.0 10006585.0 9880178.0 9686599.0 9446322.0 9175030.0 8884585.0
8 1.0 146.58598700135988 41.52763784294572 0.7585984861241891 -0.6306718559962099 -0.2531439151024448 0.021497827889439967 -0.0436800639947755 0.0013539800111441315 1342015.0 2828483.0 4515210.0 6111014.0 7452834.0 8485885.0 9219588.0 9692871.0 9953442.0 10047374.0 10014789.0 9888718.0 9695454.0 9455461.0 9184414.0 8894173.0
9 1.0 24.900118363849696 68.70963822009114 0.7585984861241891 -0.6306718559962099 -0.2531439151024448 0.021497827889439967 -0.0436800639947755 0.0013539800111441315 1339859.0 2824729.0 4510209.0 6105239.0 7446636.0 8479461.0 9213023.0 9686190.0 9946650.0 10040475.0 10007787.0 9881628.0 9688294.0 9448252.0 9177179.0 8886934.0
10 1.0 251.07435833204292 -40.96135881612675 0.7585984861241891 -0.6306718559962099 -0.2531439151024448 0.021497827889439967 -0.0436800639947755 0.0013539800111441315 1341709.0 2827554.0 4513408.0 6108263.0 7449224.0 8481609.0 9214879.0 9687945.0 9948479.0 10042504.0 10010096.0 9884250.0 9691229.0 9451480.0 9180665.0 8890636.0
11 1.0 163.27536576410478 -21.76975870606286 0.7585984861241891 -0.6306718559962099 -0.2531439151024448 0.021497827889439967 -0.0436800639947755 0.0013539800111441315 1341771.0 2827496.0 4513230.0 6108013.0 7448906.0 8481164.0 9214202.0 9686927.0 9947027.0 10040560.0 10007633.0 9881274.0 9687769.0 9447578.0 9176375.0 8886015.0
12 1.0 259.94001580932525 -22.6266870022351 0.7585984861241891 -0.6306718559962099 -0.2531439151024448 0.021497827889439967 -0.0436800639947755 0.0013539800111441315 1342328.0 2828574.0 4514701.0 6109617.0 7450407.0 8482422.0 9215184.0 9687673.0 9947617.0 10041086.0 10008180.0 9881913.0 9688552.0 9448541.0 9177537.0 8887386.0
13 1.0 311.8976373343065 44.781886357223954 0.7585984861241891 -0.6306718559962099 -0.2531439151024448 0.021497827889439967 -0.0436800639947755 0.0013539800111441315 1342356.0 2828802.0 4515320.0 6110773.0 7452152.0 8484718.0 9217933.0 9690746.0 9950883.0 10044422.0 10011485.0 9885106.0 9691573.0 9451349.0 9180106.0 8889701.0
14 1.0 351.1877418010389 -47.19469634297301 0.7585984861241891 -0.6306718559962099 -0.2531439151024448 0.021497827889439967 -0.0436800639947755 0.0013539800111441315 1342084.0 2828102.0 4514237.0 6109553.0 7451076.0 8483987.0 9217624.0 9690834.0 9951276.0 10045002.0 10012129.0 9885704.0 9692035.0 9451607.0 9180113.0 8889428.0
15 1.0 308.08920326133995 -59.06644217142426 0.7585984861241891 -0.6306718559962099 -0.2531439151024448 0.021497827889439967 -0.0436800639947755 0.0013539800111441315 1341909.0 2827793.0 4513725.0 6108636.0 7449456.0 8481350.0 9213720.0 9685511.0 9944485.0 10036779.0 10002577.0 9874962.0 9680266.0 9438979.0 9166789.0 8875562.0
16 1.0 4.21707030660071 -9.127503236207147 0.7585984861241891 -0.6306718559962099 -0.2531439151024448 0.021497827889439967 -0.0436800639947755 0.0013539800111441315 1342354.0 2828546.0 4514707.0 6109825.0 7450946.0 8483317.0 9216359.0 9688985.0 9948898.0 10042175.0 10008940.0 9882238.0 9688371.0 9447812.0 9176244.0 8885531.0
17 1.0 129.592103212211 -35.19568667208249 0.7585984861241891 -0.6306718559962099 -0.2531439151024448 0.021497827889439967 -0.0436800639947755 0.0013539800111441315 1342203.0 2828365.0 4514560.0 6109756.0 7450999.0 8483560.0 9216876.0 9689866.0 9950222.0 10043996.0 10011293.0 9885130.0 9691789.0 9451728.0 9180619.0 8890318.0
18 1.0 262.7966024726609 61.05404200655744 0.7585984861241891 -0.6306718559962099 -0.2531439151024448 0.021497827889439967 -0.0436800639947755 0.0013539800111441315 1339467.0 2824372.0 4510150.0 6105542.0 7447108.0 8479725.0 9212643.0 9684761.0 9943851.0 10036088.0 10001698.0 9873809.0 9678785.0 9437141.0 9164589.0 8873006.0
19 1.0 61.78668381411859 -47.20647131718502 0.7585984861241891 -0.6306718559962099 -0.2531439151024448 0.021497827889439967 -0.0436800639947755 0.0013539800111441315 1339566.0 2824184.0 4509459.0 6104404.0 7445866.0 8478883.0 9212719.0 9686189.0 9946937.0 10041001.0 10008489.0 9882437.0 9689143.0 9449082.0 9177941.0 8887590.0
20 1.0 187.57317823348654 0.4301023480670665 0.7585984861241891 -0.6306718559962099 -0.2531439151024448 0.021497827889439967 -0.0436800639947755 0.0013539800111441315 1341757.0 2827532.0 4513329.0 6108084.0 7448769.0 8480603.0 9213022.0 9684982.0 9944231.0 10036883.0 10003092.0 9875918.0 9681668.0 9440816.0 9169038.0 8878191.0
21 1.0 19.561675802131305 79.66504794562746 0.7585984861241891 -0.6306718559962099 -0.2531439151024448 0.021497827889439967 -0.0436800639947755 0.0013539800111441315 1339874.0 2824769.0 4510364.0 6105666.0 7447495.0 8480855.0 9214981.0 9688675.0 9949580.0 10043744.0 10011286.0 9885253.0 9691954.0 9451873.0 9180702.0 8890314.0
22 1.0 71.99874896270403 24.119585594038938 0.7585984861241891 -0.6306718559962099 -0.2531439151024448 0.021497827889439967 -0.0436800639947755 0.0013539800111441315 1341807.0 2827758.0 4513760.0 6108753.0 7449777.0 8482117.0 9215240.0 9688087.0 9948367.0 10042140.0 10009506.0 9883475.0 9690320.0 9450484.0 9179629.0 8889600.0
23 1.0 6.66784600582103 66.11209298324366 0.7585984861241891 -0.6306718559962099 -0.2531439151024448 0.021497827889439967 -0.0436800639947755 0.0013539800111441315 1339649.0 2824391.0 4509815.0 6104998.0 7446845.0 8480401.0 9214891.0 9689076.0 9950546.0 10045297.0 10013410.0 9887905.0 9695075.0 9455396.0 9184560.0 8894442.0
24 1.0 285.7311732086714 79.23774408385813 0.7585984861241891 -0.6306718559962099 -0.2531439151024448 0.021497827889439967 -0.0436800639947755 0.0013539800111441315 1339686.0 2824534.0 4510173.0 6105576.0 7447520.0 8480985.0 9215199.0 9688966.0 9949932.0 10044148.0 10011734.0 9885738.0 9692470.0 9452411.0 9181256.0 8890877.0
25 1.0 80.61288770173685 45.13767513954335 0.7585984861241891 -0.6306718559962099 -0.2531439151024448 0.021497827889439967 -0.0436800639947755 0.0013539800111441315 1341458.0 2827043.0 4512729.0 6107543.0 7448527.0 8480926.0 9214150.0 9687098.0 9947447.0 10041243.0 10008579.0 9882471.0 9689197.0 9449211.0 9178184.0 8887971.0
26 1.0 124.32660505088496 35.92351084045525 0.7585984861241891 -0.6306718559962099 -0.2531439151024448 0.021497827889439967 -0.0436800639947755 0.0013539800111441315 1341320.0 2827676.0 4514695.0 6111062.0 7453517.0 8487138.0 9221281.0 9694857.0 9955586.0 10049563.0 10016931.0 9890745.0 9697316.0 9457124.0 9185856.0 8895383.0
27 1.0 334.1092656476127 84.23380198876086 0.7585984861241891 -0.6306718559962099 -0.2531439151024448 0.021497827889439967 -0.0436800639947755 0.0013539800111441315 1339539.0 2824270.0 4509531.0 6104245.0 7445328.0 8477967.0 9211562.0 9685008.0 9945973.0 10040483.0 10008605.0 9883325.0 9690894.0 9451742.0 9181521.0 8892071.0
28 1.0 253.5891846924718 88.99214213658229 0.7585984861241891 -0.6306718559962099 -0.2531439151024448 0.021497827889439967 -0.0436800639947755 0.0013539800111441315 1339332.0 2823903.0 4509381.0 6104871.0 7447194.0 8481289.0 9216302.0 9690943.0 9952782.0 10047812.0 10016121.0 9890740.0 9697973.0 9458307.0 9187445.0 8897272.0
29 1.0 11.462014631270826 -8.672097119443265 0.7585984861241891 -0.6306718559962099 -0.2531439151024448 0.021497827889439967 -0.0436800639947755 0.0013539800111441315 1342106.0 2828196.0 4514312.0 6109421.0 7450572.0 8483037.0 9216261.0 9689167.0 9949455.0 10043182.0 10010453.0 9884288.0 9690968.0 9450949.0 9179900.0 8889676.0
0 1.0 59.289896339248585 -77.2434399268425 0.7585984861241891 -0.6306718559962099 -0.2531439151024448 0.021497827889439967 -0.0436800639947755 0.0013539800111441315 1339705.0 2824299.0 4509487.0 6104381.0 7445913.0 8479152.0 9213351.0 9687289.0 9948567.0 10043188.0 10011229.0 9885703.0 9692895.0 9453271.0 9182515.0 8892496.0
1 1.0 223.73222453991488 -37.29707434070661 0.7585984861241891 -0.6306718559962099 -0.2531439151024448 0.021497827889439967 -0.0436800639947755 0.0013539800111441315 1339672.0 2824364.0 4509603.0 6104502.0 7446069.0 8479448.0 9213925.0 9688268.0 9950046.0 10045224.0 10013840.0 9888878.0 9696602.0 9457465.0 9187143.0 8897501.0
2 1.0 207.80229189750034 -62.57615297620852 0.7585984861241891 -0.6306718559962099 -0.2531439151024448 0.021497827889439967 -0.0436800639947755 0.0013539800111441315 1339250.0 2823963.0 4509918.0 6106265.0 7449709.0 8485000.0 9221107.0 9696628.0 9959079.0 10054452.0 10022860.0 9897375.0 9704348.0 9464306.0 9192990.0 8902314.0
3 1.0 85.64141569482311 -14.852452536717877 0.7585984861241891 -0.6306718559962099 -0.2531439151024448 0.021497827889439967 -0.0436800639947755 0.0013539800111441315 1342328.0 2828571.0 4514794.0 6109972.0 7451163.0 8483631.0 9216805.0 9689598.0 9949704.0 10043187.0 10010160.0 9883660.0 9689979.0 9449587.0 9178163.0 8887572.0
4 1.0 336.3170392529258 -66.36792087481392 0.7585984861241891 -0.6306718559962099 -0.2531439151024448 0.021497827889439967 -0.0436800639947755 0.0013539800111441315 1341670.0 2827276.0 4512923.0 6107740.0 7448838.0 8481468.0 9215008.0 9688310.0 9949013.0 10043131.0 10010745.0 9884861.0 9691758.0 9451893.0 9180943.0 8890769.0
5 1.0 221.02774414772256 18.741204723758756 0.7585984861241891 -0.6306718559962099 -0.2531439151024448 0.021497827889439967 -0.0436800639947755 0.0013539800111441315 1339262.0 2823741.0 4508991.0 6104016.0 7445612.0 8478768.0 9212724.0 9686288.0 9947108.0 10041233.0 10008780.0 9882789.0 9689564.0 9449580.0 9178524.0 8888265.0
6 1.0 192.827809088985 -21.094549351586267 0.7585984861241891 -0.6306718559962099 -0.2531439151024448 0.021497827889439967 -0.0436800639947755 0.0013539800111441315 1340606.0 2825770.0 4511291.0 6106164.0 7447331.0 8479959.0 9213419.0 9686599.0 9947178.0 10041204.0 10008773.0 9882902.0 9689864.0 9450113.0 9179314.0 8889318.0
7 1.0 212.36759148764554 71.1694591718778 0.7585984861241891 -0.6306718559962099 -0.2531439151024448 0.021497827889439967 -0.0436800639947755 0.0013539800111441315 1339936.0 2824608.0 4509815.0 6104623.0 7445898.0 8478678.0 9212229.0 9685379.0 9945790.0 10039523.0 10006704.0 9880379.0 9686854.0 9446606.0 9175321.0 8884865.0
8 1.0 262.8439306260371 84.20304092373033 0.7585984861241891 -0.6306718559962099 -0.2531439151024448 0.021497827889439967 -0.0436800639947755 0.0013539800111441315 1339351.0 2823907.0 4509085.0 6103852.0 7445076.0 8477852.0 9211498.0 9684864.0 9945606.0 10039760.0 10007420.0 9881603.0 9688589.0 9448838.0 9178021.0 8887997.0
9 1.0 112.30019837265667 8.43928230049599 0.7585984861241891 -0.6306718559962099 -0.2531439151024448 0.021497827889439967 -0.0436800639947755 0.0013539800111441315 1340086.0 2825275.0 4511228.0 6106926.0 7449210.0 8483117.0 9217896.0 9692334.0 9954042.0 10049032.0 10017387.0 9892127.0 9699539.0 9460094.0 9189479.0 8899564.0
10 1.0 143.35958239779308 -40.531757423832616 0.7585984861241891 -0.6306718559962099 -0.2531439151024448 0.021497827889439967 -0.0436800639947755 0.0013539800111441315 1342428.0 2828837.0 4515302.0 6110732.0 7452108.0 8484649.0 9217772.0 9690406.0 9950273.0 10043469.0 10010137.0 9883334.0 9689371.0 9448727.0 9177088.0 8886319.0
11 1.0 75.54374963104397 16.601475377130626 0.7585984861241891 -0.6306718559962099 -0.2531439151024448 0.021497827889439967 -0.0436800639947755 0.0013539800111441315 1342309.0 2828757.0 4515303.0 6110813.0 7452284.0 8484984.0 9218370.0 9691379.0 9951722.0 10045465.0 10012715.0 9886499.0 9693100.0 9452977.0 9181804.0 8891440.0
12 1.0 67.02948211692102 71.41700848039378 0.7585984861241891 -0.6306718559962099 -0.2531439151024448 0.021497827889439967 -0.0436800639947755 0.0013539800111441315 1340136.0 2825338.0 4511432.0 6107416.0 7450039.0 8484213.0 9219100.0 9693454.0 9954893.0 10049463.0 10017288.0 9891430.0 9698214.0 9458139.0 9186912.0 8896422.0
13 1.0 339.9740603942161 -16.787997749565307 0.7585984861241891 -0.6306718559962099 -0.2531439151024448 0.021497827889439967 -0.0436800639947755 0.0013539800111441315 1341315.0 2827639.0 4514567.0 6110737.0 7452826.0 8485865.0 9219208.0 9691797.0 9951411.0 10044206.0 10010383.0 9883046.0 9688541.0 9447368.0 9175231.0 8884003.0
14 1.0 266.2382862177435 9.374089804554757 0.7585984861241891 -0.6306718559962099 -0.2531439151024448 0.021497827889439967 -0.0436800639947755 0.0013539800111441315 1342343.0 2828750.0 4515151.0 6110333.0 7451250.0 8483181.0 9215644.0 9687659.0 9947012.0 10039831.0 10006267.0 9879366.0 9685422.0 9444890.0 9173434.0 8882899.0
15 1.0 176.56517110232414 -41.10250183089374 0.7585984861241891 -0.6306718559962099 -0.2531439151024448 0.021497827889439967 -0.0436800639947755 0.0013539800111441315 1340815.0 2825974.0 4511290.0 6105818.0 7446605.0 8478898.0 9212105.0 9685116.0 9945594.0 10039569.0 10007121.0 9881251.0 9688224.0 9448487.0 9177702.0 8887721.0
16 1.0 81.86926607039636 -8.020053098995149 0.7585984861241891 -0.6306718559962099 -0.2531439151024448 0.021497827889439967 -0.0436800639947755 0.0013539800111441315 1342186.0 2828259.0 4514234.0 6109053.0 7449749.0 8481606.0 9214094.0 9686180.0 9945606.0 10038468.0 10004903.0 9877956.0 9683922.0 9443265.0 9171658.0 8880954.0
17 1.0 91.56833343734147 -17.69156363167224 0.7585984861241891 -0.6306718559962099 -0.2531439151024448 0.021497827889439967 -0.0436800639947755 0.0013539800111441315 1342748.0 2829520.0 4516295.0 6111819.0 7453033.0 8485216.0 9217885.0 9690062.0 9949536.0 10042436.0 10008917.0 9882031.0 9688073.0 9447505.0 9175995.0 8885392.0
18 1.0 20.89049771659522 -45.28557628506522 0.7585984861241891 -0.6306718559962099 -0.2531439151024448 0.021497827889439967 -0.0436800639947755 0.0013539800111441315 1340680.0 2825785.0 4511154.0 6105790.0 7446644.0 8478886.0 9211895.0 9684573.0 9944614.0 10038083.0 10005095.0 9878681.0 9685129.0 9444899.0 9173664.0 8883279.0
19 1.0 156.3899852009235 1.0559490885555078 0.7585984861241891 -0.6306718559962099 -0.2531439151024448 0.021497827889439967 -0.0436800639947755 0.0013539800111441315 1341070.0 2827393.0 4514499.0 6110975.0 7453437.0 8486880.0 9220634.0 9693635.0 9953651.0 10046833.0 10013378.0 9886385.0 9692195.0 9451309.0 9179426.0 8888422.0
20 1.0 112.24651751787692 -34.13145132363395 0.7585984861241891 -0.6306718559962099 -0.2531439151024448 0.021497827889439967 -0.0436800639947755 0.0013539800111441315 1342131.0 2828163.0 4514108.0 6108982.0 7449930.0 8482303.0 9215577.0 9688670.0 9949251.0 10043338.0 10010999.0 9885223.0 9692271.0 9452584.0 9181822.0 8891838.0
21 1.0 250.6836559735654 -22.85372450146545 0.7585984861241891 -0.6306718559962099 -0.2531439151024448 0.021497827889439967 -0.0436800639947755 0.0013539800111441315 1341658.0 2827518.0 4513539.0 6108689.0 7449944.0 8482490.0 9215707.0 9688488.0 9948530.0 10041909.0 10008755.0 9882115.0 9688297.0 9447777.0 9176241.0 8885554.0
22 1.0 135.99066214529313 4.494679605767573 0.7585984861241891 -0.6306718559962099 -0.2531439151024448 0.021497827889439967 -0.0436800639947755 0.0013539800111441315 1338618.0 2823252.0 4509390.0 6105944.0 7449410.0 8484461.0 9220100.0 9695009.0 9956792.0 10051513.0 10019332.0 9893348.0 9699921.0 9459579.0 9188054.0 8897251.0
23 1.0 64.65732392146853 45.10710412721775 0.7585984861241891 -0.6306718559962099 -0.2531439151024448 0.021497827889439967 -0.0436800639947755 0.0013539800111441315 1340840.0 2826252.0 4511996.0 6106969.0 7448041.0 8480343.0 9213258.0 9685712.0 9945442.0 10038554.0 10005200.0 9878434.0 9684563.0 9444058.0 9172595.0 8882029.0
24 1.0 8.884342220879242 -29.968656157570443 0.7585984861241891 -0.6306718559962099 -0.2531439151024448 0.021497827889439967 -0.0436800639947755 0.0013539800111441315 1341828.0 2827499.0 4513031.0 6107432.0 7447788.0 8479419.0 9211816.0 9683945.0 9943535.0 10036661.0 10003434.0 9876873.0 9683251.0 9443014.0 9171821.0 8881515.0
25 1.0 24.20986732676949 76.34857799173744 0.7585984861241891 -0.6306718559962099 -0.2531439151024448 0.021497827889439967 -0.0436800639947755 0.0013539800111441315 1339866.0 2824697.0 4510142.0 6105199.0 7446716.0 8479738.0 9213538.0 9686942.0 9947603.0 10041570.0 10008958.0 9882805.0 9689415.0 9449265.0 9178041.0 8887615.0
26 1.0 244.58139845948423 65.21733843046243 0.7585984861241891 -0.6306718559962099 -0.2531439151024448 0.021497827889439967 -0.0436800639947755 0.0013539800111441315 1339021.0 2823590.0 4509417.0 6105623.0 7448905.0 8484028.0 9219987.0 9695402.0 9957800.0 10053176.0 10021639.0 9896249.0 9703349.0 9463457.0 9192304.0 8901799.0
27 1.0 163.33086404017632 -81.23574672440486 0.7585984861241891 -0.6306718559962099 -0.2531439151024448 0.021497827889439967 -0.0436800639947755 0.0013539800111441315 1339749.0 2824729.0 4510568.0 6106186.0 7448318.0 8481925.0 9216241.0 9690084.0 9951117.0 10045403.0 10013070.0 9887171.0 9694014.0 9454082.0 9183064.0 8892831.0
28 1.0 193.16851599914 -44.3443456337719 0.7585984861241891 -0.6306718559962099 -0.2531439151024448 0.021497827889439967 -0.0436800639947755 0.0013539800111441315 1339737.0 2824453.0 4509782.0 6104824.0 7446515.0 8479928.0 9214310.0 9688428.0 9949873.0 10044639.0 10012797.0 9887358.0 9694610.0 9455020.0 9184275.0 8894248.0
29 1.0 322.80166549452315 -9.695607721343649 0.7585984861241891 -0.6306718559962099 -0.2531439151024448 0.021497827889439967 -0.0436800639947755 0.0013539800111441315 1339462.0 2825054.0 4512139.0 6109444.0 7453483.0 8489032.0 9225189.0 9700680.0 9963119.0 10058551.0 10027106.0 9901854.0 9709129.0 9469440.0 9198507.0 8908227.0
0 1.0 356.52202106281356 -71.16698002635466 0.7585984861241891 -0.6306718559962099 -0.2531439151024448 0.021497827889439967 -0.0436800639947755 0.0013539800111441315 1340462.0 2825284.0 4510295.0 6104558.0 7445066.0 8477014.0 9209789.0 9682289.0 9942203.0 10035589.0 10002553.0 9876119.0 9682569.0 9442359.0 9171156.0 8880813.0
1 1.0 78.08291438345061 -27.274321973970522 0.7585984861241891 -0.6306718559962099 -0.2531439151024448 0.021497827889439967 -0.0436800639947755 0.0013539800111441315 1341465.0 2827354.0 4513402.0 6108448.0 7449448.0 8481654.0 9214539.0 9687072.0 9946989.0 10040377.0 10007356.0 9880951.0 9687443.0 9447282.0 9176133.0 8885843.0
2 1.0 238.70815311603627 43.21755461118286 0.7585984861241891 -0.6306718559962099 -0.2531439151024448 0.021497827889439967 -0.0436800639947755 0.0013539800111441315 1339269.0 2824074.0 4509953.0 6105831.0 7448365.0 8482410.0 9217107.0 9691213.0 9952361.0 10046612.0 10014112.0 9887932.0 9694410.0 9454052.0 9182572.0 8891858.0
3 1.0 94.79605562537424 32.49260660570866 0.7585984861241891 -0.6306718559962099 -0.2531439151024448 0.021497827889439967 -0.0436800639947755 0.0013539800111441315 1341844.0 2827799.0 4513938.0 6109236.0 7450656.0 8483363.0 9216723.0 9689619.0 9949741.0 10043165.0 10010021.0 9883362.0 9689497.0 9448908.0 9177286.0 8886500.0
4 1.0 7.434359807662325 22.02919714188087 0.7585984861241891 -0.6306718559962099 -0.2531439151024448 0.021497827889439967 -0.0436800639947755 0.0013539800111441315 1341593.0 2827367.0 4513270.0 6108274.0 7449377.0 8481792.0 9214921.0 9687666.0 9947721.0 10041151.0 10008076.0 9881531.0 9687813.0 9447392.0 9175947.0 8885341.0
5 1.0 273.01631538101094 37.895112490022214 0.7585984861241891 -0.6306718559962099 -0.2531439151024448 0.021497827889439967 -0.0436800639947755 0.0013539800111441315 1341770.0 2827920.0 4514172.0 6109325.0 7450360.0 8482583.0 9215511.0 9688137.0 9948201.0 10041783.0 10008988.0 9882829.0 9689573.0 9449660.0 9178745.0 8888672.0
6 1.0 115.20617429608842 -53.113736347253685 0.7585984861241891 -0.6306718559962099 -0.2531439151024448 0.021497827889439967 -0.0436800639947755 0.0013539800111441315 1341130.0 2826879.0 4513004.0 6108384.0 7449907.0 8482719.0 9216189.0 9689213.0 9949493.0 10043103.0 10010173.0 9883748.0 9690130.0 9449794.0 9178424.0 8887885.0
7 1.0 138.04700190188328 -28.494339324348218 0.7585984861241891 -0.6306718559962099 -0.2531439151024448 0.021497827889439967 -0.0436800639947755 0.0013539800111441315 1341971.0 2828036.0 4514172.0 6109304.0 7450440.0 8482839.0 9215949.0 9688707.0 9948828.0 10042383.0 10009487.0 9883167.0 9689708.0 9449566.0 9178412.0 8888099.0
8 1.0 211.79416087929806 31.723646809943318 0.7585984861241891 -0.6306718559962099 -0.2531439151024448 0.021497827889439967 -0.0436800639947755 0.0013539800111441315 1339810.0 2824251.0 4509115.0 6103564.0 7444574.0 8477253.0 9210886.0 9684284.0 9945071.0 10039264.0 10006951.0 9881145.0 9688128.0 9448362.0 9177522.0 8887469.0
9 1.0 299.17744388502854 68.26225734563889 0.7585984861241891 -0.6306718559962099 -0.2531439151024448 0.021497827889439967 -0.0436800639947755 0.0013539800111441315 1340259.0 2825428.0 4511149.0 6106338.0 7447823.0 8480671.0 9214196.0 9687270.0 9947583.0 10041216.0 10008303.0 9881895.0 9688300.0 9447996.0 9176667.0 8886178.0
10 1.0 226.43346369281355 7.86204968905713 0.7585984861241891 -0.6306718559962099 -0.2531439151024448 0.021497827889439967 -0.0436800639947755 0.0013539800111441315 1339140.0 2823528.0 4508719.0 6103782.0 7445536.0 8478954.0 9213229.0 9687122.0 9948243.0 10042618.0 10010353.0 9884485.0 9691324.0 9451352.0 9180265.0 8889939.0
11 1.0 314.1542359610623 -39.11406282980341 0.7585984861241891 -0.6306718559962099 -0.2531439151024448 0.021497827889439967 -0.0436800639947755 0.0013539800111441315 1341398.0 2827544.0 4514081.0 6109786.0 7451532.0 8484496.0 9218085.0 9691220.0 9951615.0 10045345.0 10012538.0 9886231.0 9692723.0 9452483.0 9181194.0 8890718.0
12 1.0 98.47513253362888 -84.55765355892314 0.7585984861241891 -0.6306718559962099 -0.2531439151024448 0.021497827889439967 -0.0436800639947755 0.0013539800111441315 1339716.0 2824786.0 4510688.0 6106425.0 7448900.0 8483182.0 9218508.0 9693621.0 9956077.0 10051832.0 10020927.0 9896350.0 9704371.0 9465452.0 9195277.0 8905722.0
13 1.0 287.29686020852296 37.8606292153584 0.7585984861241891 -0.6306718559962099 -0.2531439151024448 0.021497827889439967 -0.0436800639947755 0.0013539800111441315 1342313.0 2828650.0 4514920.0 6109906.0 7450565.0 8482190.0 9214313.0 9685975.0 9944978.0 10037464.0 10003595.0 9876423.0 9682246.0 9441519.0 9169906.0 8879249.0
14 1.0 66.8289399501428 -88.58086136848073 0.7585984861241891 -0.6306718559962099 -0.2531439151024448 0.021497827889439967 -0.0436800639947755 0.0013539800111441315 1339769.0 2824257.0 4509133.0 6103520.0 7444421.0 8477003.0 9210597.0 9684031.0 9944925.0 10039279.0 10007160.0 9881560.0 9688748.0 9449171.0 9178499.0 8888589.0
15 1.0 343.0049965099 -22.9177674322208 0.7585984861241891 -0.6306718559962099 -0.2531439151024448 0.021497827889439967 -0.0436800639947755 0.0013539800111441315 1342181.0 2829010.0 4515995.0 6111685.0 7452954.0 8485122.0 9217778.0 9689997.0 9949592.0 10042694.0 10009443.0 9882869.0 9689249.0 9449025.0 9177852.0 8887568.0
16 1.0 247.4957794996135 5.496698621300723 0.7585984861241891 -0.6306718559962099 -0.2531439151024448 0.021497827889439967 -0.0436800639947755 0.0013539800111441315 1340915.0 2826646.0 4512953.0 6108615.0 7450337.0 8483112.0 9216250.0 9688662.0 9948109.0 10040742.0 10006764.0 9879281.0 9684643.0 9443354.0 9171118.0 8879811.0
17 1.0 77.58276376088104 75.98006311809476 0.7585984861241891 -0.6306718559962099 -0.2531439151024448 0.021497827889439967 -0.0436800639947755 0.0013539800111441315 1340089.0 2825075.0 4510662.0 6105859.0 7447533.0 8480740.0 9214750.0 9688376.0 9949259.0 10043437.0 10011017.0 9885035.0 9691792.0 9451766.0 9180647.0 8890306.0
18 1.0 341.0534125760127 -73.89098189407798 0.7585984861241891 -0.6306718559962099 -0.2531439151024448 0.021497827889439967 -0.0436800639947755 0.0013539800111441315 1341175.0 2826633.0 4512233.0 6106942.0 7447756.0 8479917.0 9212865.0 9685535.0 9945634.0 10039227.0 10006417.0 9880222.0 9686916.0 9446946.0 9175973.0 8885846.0
19 1.0 263.1080904372568 -16.930382045708924 0.7585984861241891 -0.6306718559962099 -0.2531439151024448 0.021497827889439967 -0.0436800639947755 0.0013539800111441315 1342221.0 2828240.0 4514098.0 6108811.0 7449514.0 8481559.0 9214435.0 9687086.0 9947209.0 10040853.0 10008109.0 9881981.0 9688737.0 9448819.0 9177888.0 8887790.0
20 1.0 91.4189913342093 -85.6236240521716 0.7585984861241891 -0.6306718559962099 -0.2531439151024448 0.021497827889439967 -0.0436800639947755 0.0013539800111441315 1338535.0 2821974.0 4505879.0 6099454.0 7439620.0 8471435.0 9204167.0 9676640.0 9936507.0 10029818.0 9996684.0 9870138.0 9676473.0 9436153.0 9164853.0 8874430.0
21 1.0 76.79231185229351 -28.33002281851374 0.7585984861241891 -0.6306718559962099 -0.2531439151024448 0.021497827889439967 -0.0436800639947755 0.0013539800111441315 1341259.0 2827030.0 4513046.0 6108149.0 7449241.0 8481519.0 9214414.0 9686884.0 9946668.0 10039869.0 10006623.0 9879977.0 9686223.0 9445826.0 9174456.0 8883966.0
22 1.0 186.55225701503878 22.00159059116308 0.7585984861241891 -0.6306718559962099 -0.2531439151024448 0.021497827889439967 -0.0436800639947755 0.0013539800111441315 1342179.0 2828171.0 4514097.0 6108948.0 7449755.0 8481762.0 9214401.0 9686611.0 9946119.0 10039023.0 10005465.0 9878497.0 9684423.0 9443714.0 9172050.0 8881289.0
23 1.0 9.238578499631366 -39.767769318852295 0.7585984861241891 -0.6306718559962099 -0.2531439151024448 0.021497827889439967 -0.0436800639947755 0.0013539800111441315 1341646.0 2827233.0 4512662.0 6106892.0 7447020.0 8478413.0 9210618.0 9682643.0 9942236.0 10035473.0 10002454.0 9876178.0 9682899.0 9443043.0 9172250.0 8882351.0
24 1.0 74.68922715879938 -52.245009061985684 0.7585984861241891 -0.6306718559962099 -0.2531439151024448 0.021497827889439967 -0.0436800639947755 0.0013539800111441315 1339741.0 2824436.0 4509675.0 6104471.0 7445710.0 8478474.0 9212060.0 9685304.0 9945860.0 10039770.0 10007142.0 9881005.0 9687656.0 9447563.0 9176409.0 8886058.0
25 1.0 152.88676875054225 -69.17341800112314 0.7585984861241891 -0.6306718559962099 -0.2531439151024448 0.021497827889439967 -0.0436800639947755 0.0013539800111441315 1340189.0 2825339.0 4511091.0 6106361.0 7447960.0 8480946.0 9214626.0 9687865.0 9948351.0 10042160.0 10009423.0 9883187.0 9689758.0 9449608.0 9178422.0 8888063.0
26 1.0 134.7011929203212 13.88524392366152 0.7585984861241891 -0.6306718559962099 -0.2531439151024448 0.021497827889439967 -0.0436800639947755 0.0013539800111441315 1339046.0 2823978.0 4509764.0 6105053.0 7446567.0 8479433.0 9213078.0 9686458.0 9947294.0 10041653.0 10009627.0 9884215.0 9691673.0 9452432.0 9182141.0 8892639.0
27 1.0 166.88715277133184 35.14860106284348 0.7585984861241891 -0.6306718559962099 -0.2531439151024448 0.021497827889439967 -0.0436800639947755 0.0013539800111441315 1342421.0 2828971.0 4515620.0 6111179.0 7452561.0 8484963.0 9217815.0 9690077.0 9949513.0 10042252.0 10008466.0 9881230.0 9686869.0 9445867.0 9173914.0 8882874.0
28 1.0 99.94633426610349 30.95228530724802 0.7585984861241891 -0.6306718559962099 -0.2531439151024448 0.021497827889439967 -0.0436800639947755 0.0013539800111441315 1341526.0 2827234.0 4513133.0 6108262.0 7449647.0 8482500.0 9216190.0 9689578.0 9950317.0 10044436.0 10012026.0 9886105.0 9692956.0 9453043.0 9182044.0 8891822.0
29 1.0 211.24236472494076 80.79498372969132 0.7585984861241891 -0.6306718559962099 -0.2531439151024448 0.021497827889439967 -0.0436800639947755 0.0013539800111441315 1340011.0 2824824.0 4510165.0 6105017.0 7446214.0 8478804.0 9212085.0 9684915.0 9944986.0 10038377.0 10005228.0 9878596.0 9684792.0 9444298.0 9172800.0 8882166.0
0 1.0 310.9880181323633 -89.51342149916951 0.7585984861241891 -0.6306718559962099 -0.2531439151024448 0.021497827889439967 -0.0436800639947755 0.0013539800111441315 1339694.0 2824190.0 4509025.0 6103248.0 7443856.0 8476065.0 9209271.0 9682360.0 9942988.0 10037174.0 10004986.0 9879411.0 9686701.0 9447290.0 9176832.0 8887169.0
1 1.0 42.31146814633191 26.49539770092649 0.7585984861241891 -0.6306718559962099 -0.2531439151024448 0.021497827889439967 -0.0436800639947755 0.0013539800111441315 1339789.0 2824658.0 4510263.0 6105574.0 7447362.0 8480590.0 9214474.0 9687813.0 9948263.0 10041893.0 10008847.0 9882196.0 9688272.0 9447575.0 9175812.0 8884868.0
2 1.0 186.2564785754811 18.070602677575124 0.7585984861241891 -0.6306718559962099 -0.2531439151024448 0.021497827889439967 -0.0436800639947755 0.0013539800111441315 1342229.0 2828341.0 4514482.0 6109641.0 7450825.0 8483243.0 9216291.0 9688876.0 9948708.0 10041873.0 10008509.0 9881670.0 9687666.0 9446975.0 9175286.0 8884463.0
3 1.0 47.54451828425519 15.973129794651868 0.7585984861241891 -0.6306718559962099 -0.2531439151024448 0.021497827889439967 -0.0436800639947755 0.0013539800111441315 1339819.0 2824634.0 4510020.0 6104916.0 7446166.0 8478866.0 9212358.0 9685529.0 9946074.0 10040056.0 10007588.0 9881692.0 9688650.0 9448915.0 9178152.0 8888210.0
4 1.0 258.06948522933374 83.29865757124364 0.7585984861241891 -0.6306718559962099 -0.2531439151024448 0.021497827889439967 -0.0436800639947755 0.0013539800111441315 1339222.0 2823819.0 4509291.0 6104568.0 7446372.0 8479650.0 9213629.0 9687125.0 9947804.0 10041736.0 10009056.0 9882821.0 9689346.0 9449117.0 9177827.0 8887347.0
5 1.0 142.58149301062573 -86.96309879339286 0.7585984861241891 -0.6306718559962099 -0.2531439151024448 0.021497827889439967 -0.0436800639947755 0.0013539800111441315 1339857.0 2824641.0 4509993.0 6104914.0 7446278.0 8479165.0 9212881.0 9686274.0 9947004.0 10041117.0 10008719.0 9882836.0 9689755.0 9449939.0 9179064.0 8888987.0
6 1.0 203.55167226906323 35.36683752626102 0.7585984861241891 -0.6306718559962099 -0.2531439151024448 0.021497827889439967 -0.0436800639947755 0.0013539800111441315 1340741.0 2825764.0 4510903.0 6105183.0 7445616.0 8477436.0 9210077.0 9682471.0 9942328.0 10035714.0 10002736.0 9876412.0 9683015.0 9442988.0 9171992.0 8881868.0
7 1.0 65.9807410370683 56.462156946335426 0.7585984861241891 -0.6306718559962099 -0.2531439151024448 0.021497827889439967 -0.0436800639947755 0.0013539800111441315 1340597.0 2825807.0 4511349.0 6106195.0 7447290.0 8479806.0 9213114.0 9686104.0 9946457.0 10040228.0 10007526.0 9881377.0 9688067.0 9448055.0 9177015.0 8886803.0
8 1.0 52.1451933636158 1.7652953918851466 0.7585984861241891 -0.6306718559962099 -0.2531439151024448 0.021497827889439967 -0.0436800639947755 0.0013539800111441315 1340021.0 2825062.0 4510694.0 6105829.0 7447310.0 8480234.0 9213940.0 9687305.0 9948008.0 10042105.0 10009703.0 9883825.0 9690755.0 9450954.0 9180091.0 8890026.0
9 1.0 175.70026103362363 -29.886323472574354 0.7585984861241891 -0.6306718559962099 -0.2531439151024448 0.021497827889439967 -0.0436800639947755 0.0013539800111441315 1341423.0 2827004.0 4512755.0 6107706.0 7448864.0 8481429.0 9214786.0 9687821.0 9948211.0 10042009.0 10009318.0 9883164.0 9689832.0 9449782.0 9178690.0 8888413.0
10 1.0 128.020585625984 52.35122938093289 0.7585984861241891 -0.6306718559962099 -0.2531439151024448 0.021497827889439967 -0.0436800639947755 0.0013539800111441315 1342266.0 2828557.0 4514903.0 6110247.0 7451622.0 8484281.0 9217644.0 9690615.0 9950883.0 10044505.0 10011594.0 9885181.0 9691562.0 9451209.0 9179803.0 8889211.0
11 1.0 338.5555002910127 -72.49627338616357 0.7585984861241891 -0.6306718559962099 -0.2531439151024448 0.021497827889439967 -0.0436800639947755 0.0013539800111441315 1340938.0 2825936.0 4510954.0 6105091.0 7445396.0 8477097.0 9209601.0 9681813.0 9941431.0 10034517.0 10001186.0 9874466.0 9680644.0 9440180.0 9168743.0 8878189.0
12 1.0 275.5170913705075 -10.43358520861345 0.7585984861241891 -0.6306718559962099 -0.2531439151024448 0.021497827889439967 -0.0436800639947755 0.0013539800111441315 1341941.0 2828004.0 4514144.0 6109288.0 7450467.0 8482965.0 9216238.0 9689220.0 9949610.0 10043460.0 10010865.0 9884838.0 9691651.0 9451757.0 9180819.0 8890691.0
13 1.0 269.51890314619703 3.5914274227508827 0.7585984861241891 -0.6306718559962099 -0.2531439151024448 0.021497827889439967 -0.0436800639947755 0.0013539800111441315 1342420.0 2828916.0 4515611.0 6111471.0 7453524.0 8486994.0 9221257.0 9695174.0 9956388.0 10050924.0 10018867.0 9893233.0 9700309.0 9460561.0 9189671.0 8899510.0
14 1.0 325.33910630853603 34.91215396821855 0.7585984861241891 -0.6306718559962099 -0.2531439151024448 0.021497827889439967 -0.0436800639947755 0.0013539800111441315 1341923.0 2827824.0 4513730.0 6108558.0 7449297.0 8481209.0 9213780.0 9685998.0 9945626.0 10038767.0 10005554.0 9879020.0 9685444.0 9445272.0 9174161.0 8883950.0
15 1.0 30.032076759126678 -73.6405682341663 0.7585984861241891 -0.6306718559962099 -0.2531439151024448 0.021497827889439967 -0.0436800639947755 0.0013539800111441315 1339771.0 2824523.0 4509972.0 6105120.0 7446753.0 8479846.0 9213630.0 9686919.0 9947381.0 10041087.0 10008180.0 9881722.0 9688035.0 9447608.0 9176137.0 8885497.0
16 1.0 198.78928917206636 -49.00328972318503 0.7585984861241891 -0.6306718559962099 -0.2531439151024448 0.021497827889439967 -0.0436800639947755 0.0013539800111441315 1339585.0 2824588.0 4510525.0 6106220.0 7448297.0 8481645.0 9215476.0 9688629.0 9948812.0 10042145.0 10008808.0 9881898.0 9687758.0 9446896.0 9175017.0 8884003.0
17 1.0 210.4113848240768 -16.14571871577739 0.7585984861241891 -0.6306718559962099 -0.2531439151024448 0.021497827889439967 -0.0436800639947755 0.0013539800111441315 1339477.0 2823964.0 4509009.0 6103693.0 7444958.0 8477916.0 9211863.0 9685608.0 9946766.0 10041339.0 10009399.0 9883946.0 9691254.0 9451775.0 9181183.0 8891339.0
18 1.0 346.2970962770024 22.193041143623518 0.7585984861241891 -0.6306718559962099 -0.2531439151024448 0.021497827889439967 -0.0436800639947755 0.0013539800111441315 1342121.0 2828369.0 4514864.0 6110611.0 7452625.0 8486091.0 9220350.0 9694234.0 9955376.0 10049795.0 10017583.0 9891763.0 9698632.0 9458664.0 9187551.0 8897171.0
19 1.0 105.17310964531758 69.65294061913514 0.7585984861241891 -0.6306718559962099 -0.2531439151024448 0.021497827889439967 -0.0436800639947755 0.0013539800111441315 1341353.0 2826888.0 4512524.0 6107245.0 7448047.0 8480147.0 9212960.0 9685407.0 9945199.0 10038416.0 10005184.0 9878540.0 9684779.0 9444365.0 9172973.0 8882457.0
20 1.0 86.69836076956085 21.388710283447764 0.7585984861241891 -0.6306718559962099 -0.2531439151024448 0.021497827889439967 -0.0436800639947755 0.0013539800111441315 1341989.0 2827814.0 4513641.0 6108620.0 7449897.0 8482741.0 9216525.0 9690085.0 9951039.0 10045386.0 10013194.0 9887466.0 9694479.0 9454692.0 9183786.0 8893626.0
21 1.0 36.10581921557922 -65.9769352317118 0.7585984861241891 -0.6306718559962099 -0.2531439151024448 0.021497827889439967 -0.0436800639947755 0.0013539800111441315 1339810.0 2824502.0 4509756.0 6104583.0 7445822.0 8478509.0 9211926.0 9684919.0 9945171.0 10038756.0 10005812.0 9879391.0 9685803.0 9445525.0 9174242.0 8883818.0
22 1.0 5.9146666529307135 86.50442390171082 0.7585984861241891 -0.6306718559962099 -0.2531439151024448 0.021497827889439967 -0.0436800639947755 0.0013539800111441315 1339681.0 2824523.0 4510130.0 6105439.0 7447191.0 8480347.0 9214145.0 9687413.0 9947831.0 10041485.0 10008526.0 9882023.0 9688301.0 9447851.0 9176369.0 8885728.0
23 1.0 334.6305540451886 66.92143225598872 0.7585984861241891 -0.6306718559962099 -0.2531439151024448 0.021497827889439967 -0.0436800639947755 0.0013539800111441315 1339534.0 2823994.0 4508802.0 6103003.0 7443612.0 8475858.0 9209141.0 9682338.0 9943093.0 10037413.0 10005355.0 9879898.0 9687293.0 9447969.0 9177580.0 8887970.0
24 1.0 241.16995677272763 0.4897370061583217 0.7585984861241891 -0.6306718559962099 -0.2531439151024448 0.021497827889439967 -0.0436800639947755 0.0013539800111441315 1340515.0 2826106.0 4512608.0 6108966.0 7451885.0 8486235.0 9221147.0 9695364.0 9956518.0 10050677.0 10017999.0 9891577.0 9697765.0 9457087.0 9185270.0 8894216.0
25 1.0 282.6550483283296 76.02263672339393 0.7585984861241891 -0.6306718559962099 -0.2531439151024448 0.021497827889439967 -0.0436800639947755 0.0013539800111441315 1339522.0 2824078.0 4509205.0 6103917.0 7445099.0 8477840.0 9211444.0 9684753.0 9945421.0 10039486.0 10007048.0 9881132.0 9688023.0 9448185.0 9177292.0 8887204.0
26 1.0 101.42283807142167 7.448542876284435 0.7585984861241891 -0.6306718559962099 -0.2531439151024448 0.021497827889439967 -0.0436800639947755 0.0013539800111441315 1341573.0 2827739.0 4514495.0 6110733.0 7453260.0 8487102.0 9221526.0 9695363.0 9956288.0 10050376.0 10017771.0 9891543.0 9698017.0 9457692.0 9186271.0 8895634.0
27 1.0 211.1076598270776 76.19509222004936 0.7585984861241891 -0.6306718559962099 -0.2531439151024448 0.021497827889439967 -0.0436800639947755 0.0013539800111441315 1340026.0 2824845.0 4510242.0 6105235.0 7446652.0 8479507.0 9213061.0 9686148.0 9946444.0 10040026.0 10007033.0 9880526.0 9686821.0 9446402.0 9174961.0 8884366.0
28 1.0 23.023895803553206 59.38152634860177 0.7585984861241891 -0.6306718559962099 -0.2531439151024448 0.021497827889439967 -0.0436800639947755 0.0013539800111441315 1339785.0 2824558.0 4509930.0 6104905.0 7446354.0 8479347.0 9213180.0 9686682.0 9947500.0 10041672.0 10009297.0 9883399.0 9690270.0 9450374.0 9179394.0 8889193.0
29 1.0 174.82593453646425 84.29155385297352 0.7585984861241891 -0.6306718559962099 -0.2531439151024448 0.021497827889439967 -0.0436800639947755 0.0013539800111441315 1339830.0 2824671.0 4510224.0 6105506.0 7447339.0 8480726.0 9214905.0 9688675.0 9949676.0 10043950.0 10011613.0 9885703.0 9692526.0 9452561.0 9181498.0 8891209.0
0 1.0 351.89825030800085 75.5609059400685 0.7585984861241891 -0.6306718559962099 -0.2531439151024448 0.021497827889439967 -0.0436800639947755 0.0013539800111441315 1339229.0 2823810.0 4509475.0 6105485.0 7448715.0 8484035.0 9220455.0 9696545.0 9959761.0 10056024.0 10025384.0 9900857.0 9708756.0 9469583.0 9199060.0 8909095.0
1 1.0 315.54188831397266 -83.5139128628575 0.7585984861241891 -0.6306718559962099 -0.2531439151024448 0.021497827889439967 -0.0436800639947755 0.0013539800111441315 1340348.0 2825412.0 4511040.0 6106269.0 7447950.0 8481099.0 9214953.0 9688319.0 9948851.0 10042610.0 10009732.0 9883278.0 9689570.0 9449100.0 9177567.0 8886850.0
2 1.0 121.73722266126443 -58.54103925103081 0.7585984861241891 -0.6306718559962099 -0.2531439151024448 0.021497827889439967 -0.0436800639947755 0.0013539800111441315 1340679.0 2826169.0 4512274.0 6107906.0 7449835.0 8483050.0 9216809.0 9689957.0 9950188.0 10043600.0 10010359.0 9883546.0 9689497.0 9448711.0 9176895.0 8885926.0
3 1.0 346.16525563493946 -19.95575812178656 0.7585984861241891 -0.6306718559962099 -0.2531439151024448 0.021497827889439967 -0.0436800639947755 0.0013539800111441315 1342319.0 2829154.0 4516193.0 6112156.0 7454007.0 8487046.0 9220766.0 9694129.0 9954850.0 10048987.0 10016639.0 9890816.0 9697794.0 9458021.0 9187168.0 8897087.0
4 1.0 83.41258552963363 81.38568551317573 0.7585984861241891 -0.6306718559962099 -0.2531439151024448 0.021497827889439967 -0.0436800639947755 0.0013539800111441315 1339902.0 2824770.0 4510266.0 6105376.0 7446941.0 8480008.0 9213864.0 9687345.0 9948111.0 10042214.0 10009766.0 9883801.0 9690617.0 9450682.0 9179677.0 8889468.0
5 1.0 341.75477606964535 -35.99479449433267 0.7585984861241891 -0.6306718559962099 -0.2531439151024448 0.021497827889439967 -0.0436800639947755 0.0013539800111441315 1342158.0 2828589.0 4515252.0 6111067.0 7453023.0 8486322.0 9220339.0 9693948.0 9954814.0 10048979.0 10016549.0 9890554.0 9697290.0 9457230.0 9186060.0 8895653.0
6 1.0 338.8959736943395 -61.11582410023181 0.7585984861241891 -0.6306718559962099 -0.2531439151024448 0.021497827889439967 -0.0436800639947755 0.0013539800111441315 1341784.0 2827336.0 4512692.0 6106905.0 7447096.0 8478595.0 9210890.0 9682938.0 9942458.0 10035518.0 10002227.0 9875602.0 9681919.0 9441622.0 9170373.0 8880016.0
7 1.0 287.71293144686103 69.53483989558077 0.7585984861241891 -0.6306718559962099 -0.2531439151024448 0.021497827889439967 -0.0436800639947755 0.0013539800111441315 1340046.0 2825145.0 4510913.0 6106280.0 7448045.0 8481232.0 9215111.0 9688516.0 9949115.0 10042975.0 10010228.0 9883926.0 9690385.0 9450088.0 9178729.0 8888180.0
8 1.0 226.9612572720448 -9.649005213023472 0.7585984861241891 -0.6306718559962099 -0.2531439151024448 0.021497827889439967 -0.0436800639947755 0.0013539800111441315 1339624.0 2824500.0 4510067.0 6105236.0 7446821.0 8479877.0 9213703.0 9687144.0 9947864.0 10041917.0 10009415.0 9883393.0 9690149.0 9450152.0 9179085.0 8888814.0
9 1.0 314.7436679849809 73.41760698377868 0.7585984861241891 -0.6306718559962099 -0.2531439151024448 0.021497827889439967 -0.0436800639947755 0.0013539800111441315 1339759.0 2824654.0 4510259.0 6105519.0 7447242.0 8480459.0 9214446.0 9688034.0 9948883.0 10043046.0 10010638.0 9884695.0 9691516.0 9451574.0 9180553.0 8890319.0
10 1.0 105.48730242280682 -61.15851606237421 0.7585984861241891 -0.6306718559962099 -0.2531439151024448 0.021497827889439967 -0.0436800639947755 0.0013539800111441315 1339971.0 2824979.0 4510609.0 6105813.0 7447428.0 8480508.0 9214345.0 9687779.0 9948472.0 10042479.0 10009916.0 9883821.0 9690496.0 9450414.0 9179262.0 8888907.0
11 1.0 305.61967991265055 29.00115207145791 0.7585984861241891 -0.6306718559962099 -0.2531439151024448 0.021497827889439967 -0.0436800639947755 0.0013539800111441315 1342158.0 2828419.0 4514810.0 6110213.0 7451590.0 8484166.0 9217376.0 9690161.0 9950245.0 10043716.0 10010702.0 9884240.0 9690627.0 9450326.0 9179013.0 8888544.0
12 1.0 222.43560909030856 -10.75252449069147 0.7585984861241891 -0.6306718559962099 -0.2531439151024448 0.021497827889439967 -0.0436800639947755 0.0013539800111441315 1339353.0 2824005.0 4509488.0 6104804.0 7446744.0 8480280.0 9214623.0 9688551.0 9949688.0 10044070.0 10011808.0 9885943.0 9692783.0 9452811.0 9181723.0 8891394.0
13 1.0 4.765268793203816 -76.23238157454863 0.7585984861241891 -0.6306718559962099 -0.2531439151024448 0.021497827889439967 -0.0436800639947755 0.0013539800111441315 1339869.0 2824440.0 4509501.0 6104183.0 7445430.0 8478323.0 9212129.0 9685649.0 9946507.0 10040724.0 10008391.0 9882533.0 9689438.0 9449576.0 9178627.0 8888459.0
14 1.0 125.00406645559904 35.363366037450106 0.7585984861241891 -0.6306718559962099 -0.2531439151024448 0.021497827889439967 -0.0436800639947755 0.0013539800111441315 1341242.0 2827570.0 4514588.0 6110969.0 7453434.0 8487048.0 9221160.0 9694680.0 9955331.0 10049215.0 10016480.0 9890187.0 9696652.0 9456358.0 9184995.0 8894434.0
15 1.0 53.330709941339414 -45.46822400295233 0.7585984861241891 -0.6306718559962099 -0.2531439151024448 0.021497827889439967 -0.0436800639947755 0.0013539800111441315 1339402.0 2823835.0 4508994.0 6103956.0 7445534.0 8478698.0 9212652.0 9686179.0 9946917.0 10040916.0 10008299.0 9882118.0 9688688.0 9448495.0 9177232.0 8886774.0
16 1.0 353.45858033457114 -82.86920593568681 0.7585984861241891 -0.6306718559962099 -0.2531439151024448 0.021497827889439967 -0.0436800639947755 0.0013539800111441315 1340152.0 2825098.0 4510534.0 6105447.0 7446727.0 8479476.0 9213019.0 9686213.0 9946726.0 10040608.0 10007969.0 9881836.0 9688502.0 9448432.0 9177307.0 8886988.0
17 1.0 172.2133105343957 -79.21002631507682 0.7585984861241891 -0.6306718559962099 -0.2531439151024448 0.021497827889439967 -0.0436800639947755 0.0013539800111441315 1339497.0 2824154.0 4509483.0 6104428.0 7445784.0 8478581.0 9212109.0 9685220.0 9945597.0 10039313.0 10006498.0 9880201.0 9686726.0 9446546.0 9175345.0 8884985.0
18 1.0 179.06089157951857 -79.00586332797828 0.7585984861241891 -0.6306718559962099 -0.2531439151024448 0.021497827889439967 -0.0436800639947755 0.0013539800111441315 1338899.0 2823000.0 4507876.0 6102615.0 7444027.0 8477084.0 9210993.0 9684537.0 9945347.0 10039462.0 10006995.0 9880984.0 9687734.0 9447722.0 9176635.0 8886343.0
19 1.0 230.2101059035405 73.39193234730709 0.7585984861241891 -0.6306718559962099 -0.2531439151024448 0.021497827889439967 -0.0436800639947755 0.0013539800111441315 1339492.0 2824085.0 4509397.0 6104527.0 7446385.0 8480018.0 9214658.0 9689057.0 9950795.0 10045852.0 10014292.0 9889118.0 9696612.0 9457238.0 9186682.0 8896816.0
20 1.0 132.6904582066623 43.17910520923817 0.7585984861241891 -0.6306718559962099 -0.2531439151024448 0.021497827889439967 -0.0436800639947755 0.0013539800111441315 1341609.0 2827635.0 4513920.0 6109355.0 7450869.0 8483634.0 9217032.0 9689967.0 9950144.0 10043644.0 10010600.0 9884061.0 9690334.0 9449896.0 9178431.0 8887806.0
21 1.0 49.284097806815616 71.6512242984723 0.7585984861241891 -0.6306718559962099 -0.2531439151024448 0.021497827889439967 -0.0436800639947755 0.0013539800111441315 1339317.0 2823227.0 4507439.0 6101194.0 7441522.0 8473565.0 9206625.0 9679519.0 9939873.0 10033705.0 10001097.0 9875060.0 9681870.0 9441983.0 9171066.0 8880976.0
22 1.0 295.9623839499284 31.064816033373845 0.7585984861241891 -0.6306718559962099 -0.2531439151024448 0.021497827889439967 -0.0436800639947755 0.0013539800111441315 1342447.0 2828877.0 4515423.0 6111031.0 7452703.0 8485646.0 9219249.0 9692400.0 9952787.0 10046474.0 10013586.0 9887166.0 9693520.0 9453127.0 9181675.0 8891035.0
23 1.0 68.34524828499286 5.2091872255589635 0.7585984861241891 -0.6306718559962099 -0.2531439151024448 0.021497827889439967 -0.0436800639947755 0.0013539800111441315 1341641.0 2827611.0 4513638.0 6108523.0 7449221.0 8481016.0 9213428.0 9685470.0 9944917.0 10037882.0 10004500.0 9877804.0 9684074.0 9443757.0 9172512.0 8882176.0
24 1.0 184.07483371672416 -35.19965441747191 0.7585984861241891 -0.6306718559962099 -0.2531439151024448 0.021497827889439967 -0.0436800639947755 0.0013539800111441315 1340669.0 2825864.0 4511416.0 6106362.0 7447667.0 8480485.0 9214154.0 9687523.0 9948243.0 10042348.0 10009930.0 9884009.0 9690869.0 9450973.0 9179997.0 8889806.0
25 1.0 80.75413043090613 89.63320523916121 0.7585984861241891 -0.6306718559962099 -0.2531439151024448 0.021497827889439967 -0.0436800639947755 0.0013539800111441315 1339595.0 2824405.0 4509886.0 6104915.0 7446273.0 8479014.0 9212459.0 9685488.0 9945798.0 10039468.0 10006626.0 9880318.0 9686842.0 9446668.0 9175476.0 8885125.0
26 1.0 35.22401441785226 -24.805969390909922 0.7585984861241891 -0.6306718559962099 -0.2531439151024448 0.021497827889439967 -0.0436800639947755 0.0013539800111441315 1339852.0 2824527.0 4509770.0 6104643.0 7446035.0 8479009.0 9212845.0 9686364.0 9947210.0 10041419.0 10009093.0 9883257.0 9690201.0 9450389.0 9179501.0 8889398.0
27 1.0 310.388946271806 -5.28318914149628 0.7585984861241891 -0.6306718559962099 -0.2531439151024448 0.021497827889439967 -0.0436800639947755 0.0013539800111441315 1339064.0 2824282.0 4511136.0 6108504.0 7452904.0 8489017.0 9225822.0 9701944.0 9964927.0 10060784.0 10029634.0 9904554.0 9711892.0 9472177.0 9201147.0 8910716.0
28 1.0 350.2510160483269 -21.915868513776886 0.7585984861241891 -0.6306718559962099 -0.2531439151024448 0.021497827889439967 -0.0436800639947755 0.0013539800111441315 1342051.0 2828243.0 4514573.0 6110019.0 7451590.0 8484491.0 9218095.0 9691277.0 9951711.0 10045454.0 10012622.0 9886257.0 9692661.0 9452312.0 9180899.0 8890291.0
29 1.0 345.90047690268005 86.31484728038254 0.7585984861241891 -0.6306718559962099 -0.2531439151024448 0.021497827889439967 -0.0436800639947755 0.0013539800111441315 1339192.0 2823803.0 4509466.0 6105173.0 7447594.0 8481567.0 9216212.0 9690272.0 9951376.0 10045585.0 10013045.0 9886833.0 9693286.0 9452912.0 9181424.0 8890711.0
