idx D_km lam beta x1 y1 z1 x2 y2 z2 flux5 flux6 flux7 flux8 flux9 flux10 flux11 flux12 flux13 flux14 flux15 flux16 flux17 flux18 flux19 flux20
0 1.0 197.5728614138369 73.17998985981222 1.1095065382744886 -0.2532311796968003 -0.07311163124877755 0.18662167071602567 0.050525658206721134 0.05795292180192941 7394.0 23439.0 49958.0 83797.0 120513.0 156277.0 188551.0 216023.0 238279.0 255477.0 268076.0 276672.0 281884.0 284301.0 284451.0 282792.0
1 1.0 257.468171894071 49.328519885754986 1.1095065382744886 -0.2532311796968003 -0.07311163124877755 0.18662167071602567 0.050525658206721134 0.05795292180192941 7085.0 23016.0 49849.0 84533.0 122504.0 159727.0 193472.0 222295.0 245710.0 263845.0 277163.0 286277.0 291833.0 294448.0 294675.0 292998.0
2 1.0 216.99481538579178 -30.033872634844457 1.1095065382744886 -0.2532311796968003 -0.07311163124877755 0.18662167071602567 0.050525658206721134 0.05795292180192941 17292.0 48712.0 95262.0 149614.0 204267.0 253960.00000000003 295929.0 329289.0 354315.0 371876.0 383070.0 389014.0 390740.0 389147.0 384992.0 378901.0
3 1.0 196.15794587888288 -75.40174980216058 1.1095065382744886 -0.2532311796968003 -0.07311163124877755 0.18662167071602567 0.050525658206721134 0.05795292180192941 7010.0 22892.0 49752.0 84567.0 122755.0 160237.0 194245.0 223307.0 246923.0 265215.0 278649.0 287841.0 293444.0 296078.0 296304.0 294611.0
4 1.0 152.5157277620057 -16.69658914551468 1.1095065382744886 -0.2532311796968003 -0.07311163124877755 0.18662167071602567 0.050525658206721134 0.05795292180192941 35739.0 84397.0 146413.0 211173.0 270799.0 321106.0 360732.0 390013.0 410115.0 422497.0 428613.0 429783.0 427132.0 421593.0 413918.0 404708.0
5 1.0 232.5218807039962 -48.19785440923031 1.1095065382744886 -0.2532311796968003 -0.07311163124877755 0.18662167071602567 0.050525658206721134 0.05795292180192941 8010.0 25718.0 55177.0 92837.0 133648.0 173268.0 208844.0 238928.0 263102.0 281583.0 294926.0 303824.0 308993.0 311102.0 310747.0 308444.0
6 1.0 157.5313960545693 -66.15222574356306 1.1095065382744886 -0.2532311796968003 -0.07311163124877755 0.18662167071602567 0.050525658206721134 0.05795292180192941 9227.0 28873.0 60827.0 100968.0 143859.0 185002.0 221546.0 252129.0 276433.0 294777.0 307797.0 316253.0 320907.0 322463.0 321544.0 318678.0
7 1.0 321.03828028154874 -80.38310727837145 1.1095065382744886 -0.2532311796968003 -0.07311163124877755 0.18662167071602567 0.050525658206721134 0.05795292180192941 6121.0 20006.0 43585.0 74321.0 108257.0 141816.0 172518.0 199000.0 220756.0 237835.0 250601.00000000003 259567.0 265289.0 268304.0 269105.0 268122.0
8 1.0 346.91859378037054 40.60698555790418 1.1095065382744886 -0.2532311796968003 -0.07311163124877755 0.18662167071602567 0.050525658206721134 0.05795292180192941 26053.0 66870.0 122877.0 184707.0 244218.0 296375.0 338958.0 371649.0 395190.0 410793.0 419796.0 423475.0 422960.0 419210.0 413016.0 405018.0
9 1.0 138.03894677727996 -87.94305744749441 1.1095065382744886 -0.2532311796968003 -0.07311163124877755 0.18662167071602567 0.050525658206721134 0.05795292180192941 6162.0 20347.0 44614.0 76387.0 111563.0 146399.0 178289.0 205795.0 228378.0 246084.0 259293.0 268543.0 274413.0 277468.0 278222.0 277125.0
10 1.0 285.02101370975925 48.70453473049972 1.1095065382744886 -0.2532311796968003 -0.07311163124877755 0.18662167071602567 0.050525658206721134 0.05795292180192941 7966.000000000001 25330.0 54031.0 90590.0 130143.00000000001 168525.0 203005.0 232199.0 255701.0 273717.0 286775.0 295538.0 300689.0 302871.0 302659.0 300547.0
11 1.0 190.40217111104562 -63.549603827932486 1.1095065382744886 -0.2532311796968003 -0.07311163124877755 0.18662167071602567 0.050525658206721134 0.05795292180192941 9915.0 30743.0 64313.99999999999 106168.0 150592.0 192947.0 230348.0 261458.00000000003 286019.0 304406.0 317314.0 325547.0 329904.0 331118.0 329829.0 326584.0
12 1.0 204.49604199381562 -75.68602513438397 1.1095065382744886 -0.2532311796968003 -0.07311163124877755 0.18662167071602567 0.050525658206721134 0.05795292180192941 6819.0 22332.0 48648.0 82846.0 120446.0 157434.0 191066.0 219870.0 243334.0 261560.00000000003 274993.0 284234.0 289921.0 292663.0 293013.0 291451.0
13 1.0 333.214789785358 -73.87145383705104 1.1095065382744886 -0.2532311796968003 -0.07311163124877755 0.18662167071602567 0.050525658206721134 0.05795292180192941 6577.0 21086.0 45341.0 76601.0 110821.0 144432.0 175008.0 201250.0 222703.0 239455.0 251898.0 260558.0 266000.0 268767.0 269349.0 268177.0
14 1.0 25.5729809512393 30.968605323704594 1.1095065382744886 -0.2532311796968003 -0.07311163124877755 0.18662167071602567 0.050525658206721134 0.05795292180192941 23862.0 63276.0 118706.0 180905.0 241450.0 294953.0 338923.0 372882.0 397494.0 413956.0 423615.0 427772.0 427586.0 424045.0 417965.0 410008.0
15 1.0 31.366547892554657 -45.83390222648794 1.1095065382744886 -0.2532311796968003 -0.07311163124877755 0.18662167071602567 0.050525658206721134 0.05795292180192941 12115.0 35078.0 70249.0 112624.0 156532.0 197661.0 233480.0 262927.0 285917.0 302918.0 314660.0 321949.0 325567.0 326221.0 324525.0 320999.0
16 1.0 7.278623078517259 -14.302895997582283 1.1095065382744886 -0.2532311796968003 -0.07311163124877755 0.18662167071602567 0.050525658206721134 0.05795292180192941 40895.0 95520.0 164264.0 235214.0 299801.0 353658.0 395530.0 425975.0 446404.0 458495.0 463884.0 464031.0 460169.0 453309.0 444261.0 433666.0
17 1.0 299.74314439725765 10.326382438305046 1.1095065382744886 -0.2532311796968003 -0.07311163124877755 0.18662167071602567 0.050525658206721134 0.05795292180192941 13175.0 36421.0 70817.0 111313.0 152614.0 190860.0 223880.0 250834.99999999997 271744.0 287101.0 297611.0 304036.0 307103.0 307465.0 305688.0 302245.0
18 1.0 280.13643034194615 64.89921128918289 1.1095065382744886 -0.2532311796968003 -0.07311163124877755 0.18662167071602567 0.050525658206721134 0.05795292180192941 7263.0 23521.0 50827.0 86039.0 124512.0 162159.0 196228.0 225276.0 248830.0 267031.0 280359.0 289440.0 294933.0 297462.0 297591.0 295806.0
19 1.0 313.2043733688549 40.8679672880391 1.1095065382744886 -0.2532311796968003 -0.07311163124877755 0.18662167071602567 0.050525658206721134 0.05795292180192941 15087.0 42189.0 82414.0 129684.0 177655.0 221765.0 259511.0 289988.0 313304.0 330110.0 341289.0 347768.0 350420.0 350022.0 347234.0 342611.0
20 1.0 352.30260320379506 -41.34097705703137 1.1095065382744886 -0.2532311796968003 -0.07311163124877755 0.18662167071602567 0.050525658206721134 0.05795292180192941 20122.0 51220.0 94024.0 141714.0 188232.0 229683.0 264216.0 291400.0 311636.0 325726.0 334610.0 339214.0 340381.0 338841.0 335206.0 329983.0
21 1.0 287.6970831180205 -66.33309612759703 1.1095065382744886 -0.2532311796968003 -0.07311163124877755 0.18662167071602567 0.050525658206721134 0.05795292180192941 5925.0 19274.0 41884.0 71328.0 103842.0 136019.0 165495.0 190964.0 211933.0 228439.0 240822.0 249566.0 255197.0 258226.99999999997 259124.00000000003 258299.0
22 1.0 166.13257041105547 -80.03262232418437 1.1095065382744886 -0.2532311796968003 -0.07311163124877755 0.18662167071602567 0.050525658206721134 0.05795292180192941 6670.0 21901.0 47804.0 81539.0 118699.0 155318.0 188673.0 217290.0 240645.0 258828.0 272268.0 281553.0 287309.0 290138.0 290586.0 289128.0
23 1.0 280.99050346312396 -35.712245793430355 1.1095065382744886 -0.2532311796968003 -0.07311163124877755 0.18662167071602567 0.050525658206721134 0.05795292180192941 6097.0 19456.0 41761.0 70529.0 102084.0 133167.0 161545.0 186006.0 206108.0 221908.0 233746.0 242091.0 247452.0 250320.0 251143.99999999997 250319.0
24 1.0 42.57879331281596 -42.818733136857915 1.1095065382744886 -0.2532311796968003 -0.07311163124877755 0.18662167071602567 0.050525658206721134 0.05795292180192941 10417.0 31361.0 64440.0 105173.0 148079.0 188800.0 224666.0 254464.00000000003 277983.0 295600.0 307982.0 315899.0 320111.0 321313.0 320115.0 317038.0
25 1.0 230.3715676779086 -7.894697975913658 1.1095065382744886 -0.2532311796968003 -0.07311163124877755 0.18662167071602567 0.050525658206721134 0.05795292180192941 13288.0 39241.0 79292.0 127550.0 177343.0 223651.0 263602.0 296061.0 321030.0 339132.0 351268.0 358409.0 361475.0 361289.0 358557.0 353867.0
26 1.0 51.607183467256704 32.990640398582485 1.1095065382744886 -0.2532311796968003 -0.07311163124877755 0.18662167071602567 0.050525658206721134 0.05795292180192941 10025.0 31129.0 65153.0 107556.0 152529.0 195364.0 233145.0 264528.0 289264.0 307744.0 320679.0 328890.0 333188.0 334317.0 332927.0 329570.0
27 1.0 340.0808101378502 35.21258021499429 1.1095065382744886 -0.2532311796968003 -0.07311163124877755 0.18662167071602567 0.050525658206721134 0.05795292180192941 28981.0 72453.0 130782.00000000001 194121.0 254303.0 306478.0 348653.0 380696.0 403481.0 418305.0 426556.0 429535.0 428384.0 424065.0 417365.0 408922.0
28 1.0 187.8653958300258 -38.96660761521 1.1095065382744886 -0.2532311796968003 -0.07311163124877755 0.18662167071602567 0.050525658206721134 0.05795292180192941 25668.0 66678.0 123437.0 186424.0 247238.0 300629.0 344256.0 377755.0 401870.0 417841.0 427042.0 430784.0 430229.0 426364.0 420001.0 411798.0
29 1.0 149.2782983965885 -21.61314793797831 1.1095065382744886 -0.2532311796968003 -0.07311163124877755 0.18662167071602567 0.050525658206721134 0.05795292180192941 31209.0 75391.0 133004.0 194315.0 251712.0 300901.0 340276.0 369914.0 390766.0 404126.0 411337.0 413638.0 412106.0 407641.0 400982.0 392717.0
0 1.0 95.24002035766571 -57.39282688735745 1.1095065382744886 -0.2532311796968003 -0.07311163124877755 0.18662167071602567 0.050525658206721134 0.05795292180192941 6630.0 21790.0 47587.0 81200.0 118243.0 154760.0 188036.0 216598.0 239919.0 258087.0 271528.0 280824.0 286600.0 289455.0 289932.0 288505.0
1 1.0 278.724128196318 51.93819221517336 1.1095065382744886 -0.2532311796968003 -0.07311163124877755 0.18662167071602567 0.050525658206721134 0.05795292180192941 7463.0 24027.0 51705.0 87259.0 125985.00000000001 163781.0 197908.0 226945.0 250438.0 268551.0 281775.0 290747.0 296131.0 298556.0 298587.0 296713.0
2 1.0 164.21411959795748 -79.76734624201674 1.1095065382744886 -0.2532311796968003 -0.07311163124877755 0.18662167071602567 0.050525658206721134 0.05795292180192941 6697.0 21982.0 47965.0 81793.0 119045.0 155744.0 189161.0 217822.0 241206.0 259404.00000000003 272849.0 282130.0 287876.0 290691.0 291122.0 289645.0
3 1.0 204.63622159271347 35.459503510497726 1.1095065382744886 -0.2532311796968003 -0.07311163124877755 0.18662167071602567 0.050525658206721134 0.05795292180192941 19606.0 51929.0 97748.0 149772.0 201141.0 247287.0 285935.0 316468.0 339255.0 355155.0 365206.0 370444.0 371816.0 370145.0 366125.0 360325.0
4 1.0 6.764328157087851 50.1651712693986 1.1095065382744886 -0.2532311796968003 -0.07311163124877755 0.18662167071602567 0.050525658206721134 0.05795292180192941 17774.0 49527.0 96209.0 150450.0 204815.0 254137.0 295722.0 328733.0 353464.0 370790.0 381804.0 387620.0 389258.0 387611.0 383430.0 377333.0
5 1.0 222.34877894731574 49.93336113277556 1.1095065382744886 -0.2532311796968003 -0.07311163124877755 0.18662167071602567 0.050525658206721134 0.05795292180192941 9844.0 29964.0 62014.0 101726.0 143762.0 183820.0 219231.0 248756.0 272151.0 289757.0 302212.0 310260.0 314641.0 316039.0 315052.0 312191.0
6 1.0 220.3544601800717 -43.303938417836115 1.1095065382744886 -0.2532311796968003 -0.07311163124877755 0.18662167071602567 0.050525658206721134 0.05795292180192941 11708.0 35392.0 72686.0 118317.0 165989.0 210802.0 249849.0 281892.0 306813.0 325132.0 337663.0 345311.0 348949.0 349367.0 347245.0 343158.0
7 1.0 222.0962388749125 -22.713635172138936 1.1095065382744886 -0.2532311796968003 -0.07311163124877755 0.18662167071602567 0.050525658206721134 0.05795292180192941 16306.000000000002 46449.0 91530.0 144548.0 198174.0 247184.0 288775.0 322001.0 347071.0 364798.0 376237.0 382475.0 384518.0 383250.0 379420.0 373644.0
8 1.0 339.7493082652647 15.76793433535002 1.1095065382744886 -0.2532311796968003 -0.07311163124877755 0.18662167071602567 0.050525658206721134 0.05795292180192941 41660.0 96824.0 165898.0 236892.0 301286.0 354798.0 396257.0 426279.0 446310.0 458047.0 463134.0 463030.0 458967.0 451948.0 442778.0 432093.0
9 1.0 245.45530767725404 -40.892057563595934 1.1095065382744886 -0.2532311796968003 -0.07311163124877755 0.18662167071602567 0.050525658206721134 0.05795292180192941 6669.0 21829.0 47564.0 81051.0 117929.0 154272.0 187385.0 215808.0 239020.0 257106.0 270489.0 279750.0 285507.0 288357.0 288840.0 287427.0
10 1.0 129.42284420656296 -23.246496140780025 1.1095065382744886 -0.2532311796968003 -0.07311163124877755 0.18662167071602567 0.050525658206721134 0.05795292180192941 16892.0 45035.0 85338.0 131587.0 177750.0 219687.0 255237.0 283710.0 305322.0 320756.0 330884.0 336599.0 338735.0 338024.0 335089.0 330447.0
11 1.0 157.33150336776293 -54.530229566584865 1.1095065382744886 -0.2532311796968003 -0.07311163124877755 0.18662167071602567 0.050525658206721134 0.05795292180192941 14023.0 40385.0 80384.0 128082.0 176982.0 222277.0 261253.0 292869.0 317160.0 334752.0 346532.0 353446.0 356391.0 356167.0 353459.0 348841.0
12 1.0 251.14723053381536 -7.225940923918671 1.1095065382744886 -0.2532311796968003 -0.07311163124877755 0.18662167071602567 0.050525658206721134 0.05795292180192941 6852.0 22324.0 48478.0 82396.0 119646.0 156270.0 189570.0 218096.0 241345.0 259419.0 272756.0 281947.0 287620.0 290379.0 290766.0 289257.0
13 1.0 21.68116978653714 -81.96978577425946 1.1095065382744886 -0.2532311796968003 -0.07311163124877755 0.18662167071602567 0.050525658206721134 0.05795292180192941 6226.0 20405.0 44523.0 75979.0 110712.0 145046.0 176436.0 203487.0 225682.0 243077.0 256050.99999999997 265132.0 270894.0 273891.0 274626.0 273544.0
14 1.0 240.03601756044037 53.96325922271123 1.1095065382744886 -0.2532311796968003 -0.07311163124877755 0.18662167071602567 0.050525658206721134 0.05795292180192941 7673.0 24554.0 52614.0 88517.0 127503.0 165455.0 199649.0 228681.0 252124.00000000003 270156.0 283284.0 292153.0 297434.0 299759.0 299696.0 297734.0
15 1.0 241.4296330625374 -76.1478395424061 1.1095065382744886 -0.2532311796968003 -0.07311163124877755 0.18662167071602567 0.050525658206721134 0.05795292180192941 6112.0 20182.0 44259.0 75802.0 110750.0 145388.0 177126.0 204528.0 227051.0 244735.0 257950.0 267226.0 273138.0 276245.0 277055.0 276018.0
16 1.0 75.73772198658273 3.3903267896746883 1.1095065382744886 -0.2532311796968003 -0.07311163124877755 0.18662167071602567 0.050525658206721134 0.05795292180192941 6137.0 20252.0 44398.0 76025.0 111059.0 145779.0 177589.0 205050.0 227620.0 245337.0 258575.0 267864.0 273780.0 276885.0 277688.0 276640.0
17 1.0 46.41346715574719 -34.7741820818647 1.1095065382744886 -0.2532311796968003 -0.07311163124877755 0.18662167071602567 0.050525658206721134 0.05795292180192941 10956.0 32863.0 67312.0 109559.0 153886.0 195793.0 232557.0 262970.0 286856.0 304637.0 317026.0 324832.0 328847.0 329795.0 328305.0 324913.0
18 1.0 113.55420633270619 13.957730789647584 1.1095065382744886 -0.2532311796968003 -0.07311163124877755 0.18662167071602567 0.050525658206721134 0.05795292180192941 8981.0 26304.0 53289.0 86367.0 121250.0 154519.0 184048.0 208837.0 228668.0 243792.0 254699.0 261971.0 266195.0 267916.0 267618.0 265716.0
19 1.0 130.93587753934415 82.69800135001651 1.1095065382744886 -0.2532311796968003 -0.07311163124877755 0.18662167071602567 0.050525658206721134 0.05795292180192941 6494.0 21072.0 45657.0 77520.0 112528.0 146996.0 178399.0 205377.0 227445.0 244682.0 257486.0 266397.0 271996.0 274840.0 275437.0 274229.0
20 1.0 205.27083735043666 26.20264400208069 1.1095065382744886 -0.2532311796968003 -0.07311163124877755 0.18662167071602567 0.050525658206721134 0.05795292180192941 24447.0 62617.00000000001 115049.0 173092.0 229177.0 278571.0 319139.0 350516.0 373336.0 388693.0 397811.0 401866.0 401912.0 398844.0 393408.0 386210.0
21 1.0 157.89654484643532 -83.63476156401164 1.1095065382744886 -0.2532311796968003 -0.07311163124877755 0.18662167071602567 0.050525658206721134 0.05795292180192941 6374.0 21016.0 46018.0 78696.0 114811.0 150513.0 183136.0 211217.0 234218.0 252203.0 265572.0 274882.0 280737.0 283717.0 284353.0 283106.0
22 1.0 355.8145817013214 -12.527560888548976 1.1095065382744886 -0.2532311796968003 -0.07311163124877755 0.18662167071602567 0.050525658206721134 0.05795292180192941 44397.0 101645.0 172242.0 243871.0 308080.0 360827.0 401187.0 429972.0 448762.0 459336.0 463381.0 462373.0 457545.0 449893.0 440209.0 429114.0
23 1.0 36.736131869290105 1.803033417285036 1.1095065382744886 -0.2532311796968003 -0.07311163124877755 0.18662167071602567 0.050525658206721134 0.05795292180192941 22862.0 60692.0 114057.0 174155.0 232884.0 285001.0 328032.0 361446.0 385835.0 402314.0 412165.0 416633.0 416837.0 413731.0 408109.0 400618.0
24 1.0 75.19563219414049 6.511949046621353 1.1095065382744886 -0.2532311796968003 -0.07311163124877755 0.18662167071602567 0.050525658206721134 0.05795292180192941 6141.0 20260.0 44408.0 76034.0 111066.0 145783.0 177590.0 205048.0 227615.0 245330.0 258566.00000000003 267854.0 273769.0 276873.0 277675.0 276626.0
25 1.0 58.07142643859865 32.65065190869082 1.1095065382744886 -0.2532311796968003 -0.07311163124877755 0.18662167071602567 0.050525658206721134 0.05795292180192941 8262.0 26410.0 56473.0 94771.0 136152.0 176222.0 212112.0 242389.0 266654.0 285148.0 298445.0 307258.0 312315.0 314295.0 313803.0 311359.0
26 1.0 235.11899716754343 -40.032702408282105 1.1095065382744886 -0.2532311796968003 -0.07311163124877755 0.18662167071602567 0.050525658206721134 0.05795292180192941 8333.0 26611.0 56862.0 95367.0 136942.0 177172.0 213185.0 243545.0 267861.0 286378.0 299679.0 308479.0 313512.0 315460.0 314932.0 312448.0
27 1.0 91.18497691432157 -66.80509821606236 1.1095065382744886 -0.2532311796968003 -0.07311163124877755 0.18662167071602567 0.050525658206721134 0.05795292180192941 6455.0 21291.0 46624.0 79724.0 116284.0 152402.0 185377.0 213735.0 236938.0 255056.0 268499.0 277838.0 283685.0 286629.0 287208.0 285889.0
28 1.0 167.87187822827028 -19.31837822152302 1.1095065382744886 -0.2532311796968003 -0.07311163124877755 0.18662167071602567 0.050525658206721134 0.05795292180192941 42845.0 100062.0 171982.0 246081.0 313386.0 369353.0 412713.0 444092.0 464996.0 477205.0 482445.0 482249.0 477910.0 470484.0 460815.0 449570.0
29 1.0 87.99321312057698 82.1530301032708 1.1095065382744886 -0.2532311796968003 -0.07311163124877755 0.18662167071602567 0.050525658206721134 0.05795292180192941 6418.0 20929.0 45502.0 77440.0 112606.0 147283.0 178916.0 206115.0 228380.0 245782.0 258716.0 267723.0 273387.0 276271.0 276886.0 275678.0
0 1.0 57.2290501123871 -56.31643948484795 1.1095065382744886 -0.2532311796968003 -0.07311163124877755 0.18662167071602567 0.050525658206721134 0.05795292180192941 7057.0 22856.0 49406.0 83677.0 121165.0 157898.0 191194.0 219634.0 242746.0 260655.00000000003 273818.0 282839.0 288352.0 290963.0 291220.0 289597.0
1 1.0 39.73505081914985 72.71711188708267 1.1095065382744886 -0.2532311796968003 -0.07311163124877755 0.18662167071602567 0.050525658206721134 0.05795292180192941 7129.0 23138.0 50090.0 84917.0 123037.0 160400.0 194264.0 223180.0 246664.0 264845.0 278188.0 287311.0 292863.0 295462.0 295668.0 293963.0
2 1.0 236.27865220749842 7.885071013918747 1.1095065382744886 -0.2532311796968003 -0.07311163124877755 0.18662167071602567 0.050525658206721134 0.05795292180192941 10647.0 32626.000000000004 67679.0 111018.0 156704.0 199999.0 238017.0 269464.0 294140.0 312477.0 325218.0 333207.0 337271.0 338165.0 336544.0 332965.0
3 1.0 49.74586248550097 -7.755944103762147 1.1095065382744886 -0.2532311796968003 -0.07311163124877755 0.18662167071602567 0.050525658206721134 0.05795292180192941 13088.0 38519.0 77734.0 125010.00000000001 173855.0 219363.0 258710.0 290762.0 315495.0 333501.0 345650.0 352881.0 356092.0 356089.0 353561.0 349087.0
4 1.0 70.76965020481926 68.76745384138013 1.1095065382744886 -0.2532311796968003 -0.07311163124877755 0.18662167071602567 0.050525658206721134 0.05795292180192941 6308.0 20647.0 45014.0 76772.0 111822.0 146455.0 178107.0 205375.0 227740.0 245261.0 258321.00000000003 267455.0 273243.0 276242.0 276963.0 275851.0
5 1.0 132.74106143794708 -7.451286881654539 1.1095065382744886 -0.2532311796968003 -0.07311163124877755 0.18662167071602567 0.050525658206721134 0.05795292180192941 21025.0 52969.0 96528.0 144713.0 191442.0 232874.0 267230.0 294146.0 314071.0 327840.0 336412.0 340725.0 341626.0 339848.0 336004.0 330598.0
6 1.0 295.55756274525663 40.350174590077785 1.1095065382744886 -0.2532311796968003 -0.07311163124877755 0.18662167071602567 0.050525658206721134 0.05795292180192941 9966.0 30189.0 62292.0 101974.0 143908.0 183820.0 219068.0 248435.0 271687.0 289173.0 301531.0 309503.0 313830.0 315189.0 314179.0 311305.0
7 1.0 34.956459285502056 -18.17544209344163 1.1095065382744886 -0.2532311796968003 -0.07311163124877755 0.18662167071602567 0.050525658206721134 0.05795292180192941 20815.0 55429.0 104579.0 160337.0 215258.0 264413.0 305383.0 337548.0 361354.0 377767.0 387929.0 392975.0 393933.0 391692.0 386997.0 380457.0
8 1.0 301.6601666995694 72.7279907221724 1.1095065382744886 -0.2532311796968003 -0.07311163124877755 0.18662167071602567 0.050525658206721134 0.05795292180192941 7479.0 24145.0 52053.0 87950.0 127081.0 165288.0 199793.0 229148.0 252892.99999999997 271190.0 284538.0 293583.0 298997.0 301418.0 301419.0 299495.0
9 1.0 34.59542684182671 34.20450363442093 1.1095065382744886 -0.2532311796968003 -0.07311163124877755 0.18662167071602567 0.050525658206721134 0.05795292180192941 17183.0 48469.0 94868.0 149088.0 203642.0 253273.00000000003 295211.0 328564.0 353600.0 371182.0 382404.0 388381.0 390141.0 388582.0 384461.0 378402.0
10 1.0 351.5254074048225 35.931969765093015 1.1095065382744886 -0.2532311796968003 -0.07311163124877755 0.18662167071602567 0.050525658206721134 0.05795292180192941 30736.0 76726.0 138231.0 204759.0 267696.0 321993.0 365633.0 398557.0 421745.0 436606.0 444622.0 447177.0 445475.0 440523.0 433147.0 424008.0
11 1.0 168.71443259317257 -31.010327719718596 1.1095065382744886 -0.2532311796968003 -0.07311163124877755 0.18662167071602567 0.050525658206721134 0.05795292180192941 33996.0 82897.0 146971.0 215228.0 279024.0 333491.0 376837.0 409192.0 431671.0 445772.0 453035.0 454872.0 452502.0 446941.0 439012.0 429375.0
12 1.0 351.6339917485214 46.22015569264005 1.1095065382744886 -0.2532311796968003 -0.07311163124877755 0.18662167071602567 0.050525658206721134 0.05795292180192941 21770.0 58010.0 109363.0 167438.0 224427.0 275213.0 317335.0 350214.0 374369.0 390845.0 400861.0 405612.0 406175.0 403476.0 398286.0 391236.0
13 1.0 217.74438710821656 24.490989980485438 1.1095065382744886 -0.2532311796968003 -0.07311163124877755 0.18662167071602567 0.050525658206721134 0.05795292180192941 17943.0 49156.0 94554.0 146998.0 199417.0 246931.0 287011.0 318874.0 342805.0 359636.0 370406.0 376174.0 377913.0 376476.0 372580.0 366820.0
14 1.0 266.1348885833886 -46.79635079165228 1.1095065382744886 -0.2532311796968003 -0.07311163124877755 0.18662167071602567 0.050525658206721134 0.05795292180192941 5627.0 18500.0 40505.0 69362.0 101406.0 133272.0 162590.0 188030.0 209066.0 225706.0 238263.0 247203.0 253037.0 256268.0 257357.0 256713.00000000003
15 1.0 14.107605211555443 -61.103011952653844 1.1095065382744886 -0.2532311796968003 -0.07311163124877755 0.18662167071602567 0.050525658206721134 0.05795292180192941 9117.0 27555.0 56884.0 93283.0 131941.0 168949.0 201846.0 229457.0 251508.0 268272.0 280301.0 288251.0 292790.0 294533.0 294029.0 291747.0
16 1.0 101.81050652750744 53.35046541311971 1.1095065382744886 -0.2532311796968003 -0.07311163124877755 0.18662167071602567 0.050525658206721134 0.05795292180192941 6053.0 19486.0 42056.0 71285.0 103435.0 135160.0 164159.0 189172.0 209732.0 225892.0 237994.0 246518.0 251984.0 254896.0 255716.0 254848.00000000003
17 1.0 43.270762036740805 82.64998854634004 1.1095065382744886 -0.2532311796968003 -0.07311163124877755 0.18662167071602567 0.050525658206721134 0.05795292180192941 6654.0 21706.0 47182.0 80260.0 116634.0 152447.0 185059.0 213046.0 235905.0 253722.0 266917.0 276059.0 281757.0 284595.0 285103.0 283745.0
18 1.0 106.61047110797217 -7.535011093192281 1.1095065382744886 -0.2532311796968003 -0.07311163124877755 0.18662167071602567 0.050525658206721134 0.05795292180192941 7946.999999999999 24344.0 50775.0 83944.0 119524.0 153901.0 184734.0 210853.0 231928.0 248147.0 259975.99999999997 267995.0 272802.0 274959.0 274971.0 273272.0
19 1.0 42.74197882352786 16.377149758263286 1.1095065382744886 -0.2532311796968003 -0.07311163124877755 0.18662167071602567 0.050525658206721134 0.05795292180192941 16888.0 47717.0 93534.0 147172.0 201236.0 250502.99999999997 292204.0 325431.0 350429.0 368036.0 379329.0 385406.0 387285.0 385855.0 381868.0 375942.0
20 1.0 114.47394458183138 64.39007595483983 1.1095065382744886 -0.2532311796968003 -0.07311163124877755 0.18662167071602567 0.050525658206721134 0.05795292180192941 6434.0 20562.0 44137.0 74498.0 107732.0 140386.0 170113.0 195653.0 216559.0 232912.0 245085.0 253585.99999999997 258959.0 261728.00000000003 262368.0 261297.0
21 1.0 149.13467802528118 -7.699778396305732 1.1095065382744886 -0.2532311796968003 -0.07311163124877755 0.18662167071602567 0.050525658206721134 0.05795292180192941 35210.0 82455.0 142231.0 204320.0 261258.0 309144.0 346762.0 374488.0 393465.0 405099.0 410783.0 411774.0 409143.0 403777.0 396389.0 387550.0
22 1.0 23.09309868556237 81.3374058298925 1.1095065382744886 -0.2532311796968003 -0.07311163124877755 0.18662167071602567 0.050525658206721134 0.05795292180192941 6868.0 22358.0 48516.0 82413.0 119613.0 156168.0 189390.0 217838.0 241016.0 259029.0 272317.0 281470.0 287115.0 289855.0 290232.0 288719.0
23 1.0 249.28996297320714 13.63520916807704 1.1095065382744886 -0.2532311796968003 -0.07311163124877755 0.18662167071602567 0.050525658206721134 0.05795292180192941 7443.0 24051.0 51883.0 87705.0 126772.0 164934.0 199407.0 228745.0 252481.99999999997 270778.0 284131.0 293183.0 298608.0 301040.0 301054.0 299142.0
24 1.0 203.97652351436705 57.738081726236686 1.1095065382744886 -0.2532311796968003 -0.07311163124877755 0.18662167071602567 0.050525658206721134 0.05795292180192941 10155.0 30325.0 62020.0 100951.0 141924.0 180821.0 215118.0 243664.0 266253.0 283234.0 295235.0 302977.0 307179.0 308498.0 307513.0 304718.0
25 1.0 95.54021673820034 73.5918693142929 1.1095065382744886 -0.2532311796968003 -0.07311163124877755 0.18662167071602567 0.050525658206721134 0.05795292180192941 6217.0 20250.0 44012.0 74916.0 108980.0 142620.0 173361.0 199852.0 221593.0 238642.0 251369.0 260291.0 265965.0 268932.0 269684.0 268654.0
26 1.0 188.36929924801188 56.7942873783424 1.1095065382744886 -0.2532311796968003 -0.07311163124877755 0.18662167071602567 0.050525658206721134 0.05795292180192941 11500.0 33152.0 66256.0 106140.0 147516.0 186350.0 220264.0 248242.0 270185.0 286511.0 297889.0 305064.0 308762.0 309644.0 308286.0 305174.0
27 1.0 33.818583873039 -61.30539657918793 1.1095065382744886 -0.2532311796968003 -0.07311163124877755 0.18662167071602567 0.050525658206721134 0.05795292180192941 8007.0 25086.0 53029.0 88405.0 126539.00000000001 163474.0 196628.0 224702.0 247323.0 264690.0 277309.0 285813.0 290852.0 293040.0 292923.0 290975.0
28 1.0 207.34073840022455 23.201719031106066 1.1095065382744886 -0.2532311796968003 -0.07311163124877755 0.18662167071602567 0.050525658206721134 0.05795292180192941 24764.0 63536.99999999999 116837.0 175843.0 232836.0 282993.0 324144.0 355927.0 378998.0 394477.0 403617.0 407618.0 407554.0 404339.0 398729.0 391341.0
29 1.0 334.5466311274371 -18.28183344845813 1.1095065382744886 -0.2532311796968003 -0.07311163124877755 0.18662167071602567 0.050525658206721134 0.05795292180192941 32467.999999999996 75952.0 130981.99999999999 188199.0 240758.0 285065.0 319981.0 345829.0 363636.0 374679.0 380229.0 381432.0 379271.0 374560.0 367955.0 359983.0
0 1.0 114.68482288247652 -78.71166863579778 1.1095065382744886 -0.2532311796968003 -0.07311163124877755 0.18662167071602567 0.050525658206721134 0.05795292180192941 6455.0 21274.0 46559.0 79582.0 116048.0 152067.0 184948.0 213223.0 236357.0 254421.0 267825.0 277135.0 282964.0 285899.0 286476.0 285161.0
1 1.0 240.2677367869254 -13.674194659828444 1.1095065382744886 -0.2532311796968003 -0.07311163124877755 0.18662167071602567 0.050525658206721134 0.05795292180192941 8838.0 27966.0 59355.0 99037.0 141637.0 182650.0 219190.0 249851.0 274283.0 292779.0 305959.0 314572.0 319374.0 321068.0 320273.0 317520.0
2 1.0 47.447230465581185 -43.436867959906614 1.1095065382744886 -0.2532311796968003 -0.07311163124877755 0.18662167071602567 0.050525658206721134 0.05795292180192941 9310.0 28708.0 59952.0 98980.0 140554.0 180378.0 215740.0 245350.0 268913.0 286733.0 299423.0 307709.0 312320.0 313933.0 313144.0 310463.0
3 1.0 257.8777934826836 62.82689551713193 1.1095065382744886 -0.2532311796968003 -0.07311163124877755 0.18662167071602567 0.050525658206721134 0.05795292180192941 7017.0 22799.0 49394.0 83786.0 121457.0 158406.0 191922.0 220567.0 243854.0 261907.0 275180.0 284280.0 289846.0 292487.0 292756.0 291129.0
4 1.0 104.1861934609924 -84.00516722159469 1.1095065382744886 -0.2532311796968003 -0.07311163124877755 0.18662167071602567 0.050525658206721134 0.05795292180192941 6239.0 20599.0 45156.0 77293.0 112853.0 148046.0 180241.0 207988.0 230749.0 248576.0 261855.99999999997 271136.0 277004.0 280033.0 280742.0 279587.0
5 1.0 65.94889032256206 82.61688993542523 1.1095065382744886 -0.2532311796968003 -0.07311163124877755 0.18662167071602567 0.050525658206721134 0.05795292180192941 6505.0 21234.0 46183.0 78610.0 114304.0 149484.0 181557.0 209115.0 231655.0 249254.0 262317.0 271398.0 277091.0 279970.0 280552.0 279292.0
6 1.0 211.14465653162995 -26.033607275052667 1.1095065382744886 -0.2532311796968003 -0.07311163124877755 0.18662167071602567 0.050525658206721134 0.05795292180192941 22560.0 60464.0 114266.0 175063.0 234585.0 287451.0 331110.0 365005.0 389729.0 406418.0 416376.0 420871.0 421041.0 417859.0 412130.0 404512.0
7 1.0 7.238716627497679 -25.792759727542276 1.1095065382744886 -0.2532311796968003 -0.07311163124877755 0.18662167071602567 0.050525658206721134 0.05795292180192941 32171.0 77264.0 135732.0 197668.0 255421.99999999997 304740.0 344075.0 373565.0 394205.0 407324.0 414285.0 416340.0 414575.0 409894.0 403036.0 394593.0
8 1.0 298.4184105182507 -87.06086951693258 1.1095065382744886 -0.2532311796968003 -0.07311163124877755 0.18662167071602567 0.050525658206721134 0.05795292180192941 6055.0 19965.0 43746.0 74882.0 109367.0 143541.0 174851.0 201885.0 224109.0 241560.0 254606.0 263767.0 269610.0 272686.0 273498.0 272486.0
9 1.0 1.6903714293169436 -56.65818145748689 1.1095065382744886 -0.2532311796968003 -0.07311163124877755 0.18662167071602567 0.050525658206721134 0.05795292180192941 11060.0 31859.0 63707.0 102163.0 142162.0 179811.0 212793.0 240098.0 261600.0 277681.0 288971.0 296179.0 300001.0 301073.0 299949.0 297102.0
10 1.0 244.01395324664284 -17.773289855350427 1.1095065382744886 -0.2532311796968003 -0.07311163124877755 0.18662167071602567 0.050525658206721134 0.05795292180192941 7742.0 24934.0 53635.0 90444.0 130453.99999999999 169409.0 204485.0 234234.0 258214.99999999997 276617.0 289968.0 298940.0 304227.0 306485.0 306300.0 304176.0
11 1.0 97.20287034917935 77.27245511448851 1.1095065382744886 -0.2532311796968003 -0.07311163124877755 0.18662167071602567 0.050525658206721134 0.05795292180192941 6300.0 20519.0 44584.0 75866.0 110325.0 144330.0 175382.0 202117.0 224037.0 241205.0 253998.99999999997 262947.0 268614.0 271549.0 272251.0 271157.0
12 1.0 264.66984796413414 -72.06931256017117 1.1095065382744886 -0.2532311796968003 -0.07311163124877755 0.18662167071602567 0.050525658206721134 0.05795292180192941 5844.0 19282.0 42287.0 72460.0 105944.0 139196.0 169734.0 196168.0 217962.0 235136.0 248031.0 257145.0 263021.0 266190.0 267139.0 266295.0
13 1.0 346.38787624227774 80.15427602623433 1.1095065382744886 -0.2532311796968003 -0.07311163124877755 0.18662167071602567 0.050525658206721134 0.05795292180192941 7183.0 23296.0 50396.0 85387.0 123660.0 161149.0 195108.0 224088.0 247610.0 265808.0 279153.0 288266.0 293799.0 296374.0 296551.0 294816.0
14 1.0 89.55113166718489 66.5079354983938 1.1095065382744886 -0.2532311796968003 -0.07311163124877755 0.18662167071602567 0.050525658206721134 0.05795292180192941 6056.0 19769.0 43043.0 73378.0 106879.0 140024.0 170368.0 196566.0 218111.0 235046.0 247726.0 256652.0 262370.0 265410.0 266255.0 265331.0
15 1.0 207.4166403904213 -8.25076855664068 1.1095065382744886 -0.2532311796968003 -0.07311163124877755 0.18662167071602567 0.050525658206721134 0.05795292180192941 31350.999999999996 78853.0 142650.0 211766.0 277138.0 333453.0 378601.0 412537.0 436307.0 451404.0 459394.0 461729.0 459670.0 454272.0 446393.0 436718.0
16 1.0 213.13509525786205 -31.19384128171319 1.1095065382744886 -0.2532311796968003 -0.07311163124877755 0.18662167071602567 0.050525658206721134 0.05795292180192941 19095.0 52784.0 101896.0 158539.0 214929.0 265756.0 308328.0 341878.0 366794.0 384040.0 394789.0 400212.0 401379.0 399216.0 394498.0 387861.0
17 1.0 206.01068608471442 -48.10605672976977 1.1095065382744886 -0.2532311796968003 -0.07311163124877755 0.18662167071602567 0.050525658206721134 0.05795292180192941 14262.0 41520.0 83098.0 132761.0 183652.0 230704.0 271080.0 303710.0 328658.0 346608.0 358505.0 365354.0 368100.0 367582.0 364518.0 359503.0
18 1.0 80.30938775062259 20.603647165837387 1.1095065382744886 -0.2532311796968003 -0.07311163124877755 0.18662167071602567 0.050525658206721134 0.05795292180192941 5745.0 18959.0 41603.0 71332.0 104361.0 137200.0 167395.0 193565.0 215171.0 232224.0 245055.0 254149.0 260039.00000000003 263248.0 264256.0 263485.0
19 1.0 342.9896441461146 -84.04657353440899 1.1095065382744886 -0.2532311796968003 -0.07311163124877755 0.18662167071602567 0.050525658206721134 0.05795292180192941 6111.0 20060.0 43821.0 74855.0 109165.0 143120.0 174200.0 201016.0 223048.0 240342.0 253266.0 262338.0 268122.0 271163.0 271961.0 270951.0
20 1.0 160.96513630234585 -87.19090839957092 1.1095065382744886 -0.2532311796968003 -0.07311163124877755 0.18662167071602567 0.050525658206721134 0.05795292180192941 6197.0 20461.0 44860.0 76801.0 112156.0 147162.0 179201.0 206828.0 229504.0 247277.0 260531.0 269804.0 275683.0 278734.0 279475.0 278357.0
21 1.0 304.707122089606 -12.816769950317195 1.1095065382744886 -0.2532311796968003 -0.07311163124877755 0.18662167071602567 0.050525658206721134 0.05795292180192941 14052.0 37542.0 71399.0 110555.0 149986.0 186156.0 217154.0 242300.0 261689.0 275834.0 285429.0 291201.0 293841.0 293964.0 292099.0 288689.0
22 1.0 251.81253911430156 -77.74666668455036 1.1095065382744886 -0.2532311796968003 -0.07311163124877755 0.18662167071602567 0.050525658206721134 0.05795292180192941 6004.0 19833.0 43512.0 74556.0 108978.0 143122.0 174435.0 201497.0 223766.0 241273.0 254380.0 263605.0 269510.0 272645.0 273512.0 272550.0
23 1.0 107.07730230784811 -44.65062211570328 1.1095065382744886 -0.2532311796968003 -0.07311163124877755 0.18662167071602567 0.050525658206721134 0.05795292180192941 7622.0 24328.0 52052.0 87493.0 125961.99999999999 163411.0 197160.0 225829.0 248994.0 266830.0 279833.0 288636.0 293899.0 296243.0 296227.0 294333.0
24 1.0 292.9672150928918 -50.19103523770491 1.1095065382744886 -0.2532311796968003 -0.07311163124877755 0.18662167071602567 0.050525658206721134 0.05795292180192941 6523.0 20526.0 43637.0 73188.0 105383.0 136919.0 165567.0 190146.0 210249.0 225967.0 237668.0 245843.0 251016.00000000003 253690.00000000003 254322.0 253309.99999999997
25 1.0 142.74206670491446 -44.425585129886656 1.1095065382744886 -0.2532311796968003 -0.07311163124877755 0.18662167071602567 0.050525658206721134 0.05795292180192941 16138.0 44658.0 86617.0 135593.0 185020.0 230244.0 268758.0 299699.0 323231.0 340061.0 351123.0 357384.0 359751.0 359023.0 355880.0 350890.0
26 1.0 317.1971509600182 -66.4100583812536 1.1095065382744886 -0.2532311796968003 -0.07311163124877755 0.18662167071602567 0.050525658206721134 0.05795292180192941 6852.0 21597.0 45929.0 77008.0 110813.0 143856.0 173803.0 199425.0 220314.0 236581.0 248627.0 256977.0 262189.0 264796.0 265277.0 264054.0
27 1.0 209.25823414890914 -87.83347987842222 1.1095065382744886 -0.2532311796968003 -0.07311163124877755 0.18662167071602567 0.050525658206721134 0.05795292180192941 6133.0 20251.0 44406.0 76040.0 111071.0 145771.0 177547.0 204963.0 227481.0 245144.0 258328.99999999997 267570.0 273443.0 276511.0 277284.0 276211.0
28 1.0 317.424730267747 -69.21282651502534 1.1095065382744886 -0.2532311796968003 -0.07311163124877755 0.18662167071602567 0.050525658206721134 0.05795292180192941 6615.0 21054.0 45069.0 75914.0 109606.0 142649.0 172680.0 198439.0 219491.0 235929.0 248139.0 256641.99999999997 261989.00000000003 264712.0 265294.0 264154.0
29 1.0 249.3113724279957 21.32644671229461 1.1095065382744886 -0.2532311796968003 -0.07311163124877755 0.18662167071602567 0.050525658206721134 0.05795292180192941 7490.0 24182.0 52130.0 88075.0 127253.0 165502.0 200038.0 229414.0 253170.0 271470.0 284816.0 293853.0 299257.0 301666.0 301654.0 299716.0
0 1.0 261.09154073507057 85.36611830724905 1.1095065382744886 -0.2532311796968003 -0.07311163124877755 0.18662167071602567 0.050525658206721134 0.05795292180192941 6697.0 21809.0 47344.0 80457.0 116828.0 152603.0 185148.0 213052.0 235818.0 253542.0 266647.0 275708.0 281333.0 284110.0 284566.0 283165.0
1 1.0 180.47677749361281 88.26210028096091 1.1095065382744886 -0.2532311796968003 -0.07311163124877755 0.18662167071602567 0.050525658206721134 0.05795292180192941 6585.0 21439.0 46542.0 79112.0 114911.0 150153.0 182247.0 209795.0 232300.0 249850.0 262855.0 271873.0 277502.0 280316.0 280837.0 279518.0
2 1.0 344.1901085003606 -16.37026283284891 1.1095065382744886 -0.2532311796968003 -0.07311163124877755 0.18662167071602567 0.050525658206721134 0.05795292180192941 38994.0 89708.0 152664.0 216967.0 275016.0 323072.0 360180.0 386968.0 404776.0 415154.0 419589.0 419393.0 415669.0 409316.0 401051.0 391440.0
3 1.0 231.83647172266947 -60.66820331161104 1.1095065382744886 -0.2532311796968003 -0.07311163124877755 0.18662167071602567 0.050525658206721134 0.05795292180192941 7000.0 22847.0 49645.0 84383.0 122493.0 159910.0 193869.0 222899.0 246500.0 264789.0 278230.0 287436.0 293057.0 295712.0 295961.0 294290.0
4 1.0 152.5878174809447 24.977116325975274 1.1095065382744886 -0.2532311796968003 -0.07311163124877755 0.18662167071602567 0.050525658206721134 0.05795292180192941 27129.0 64959.0 114051.0 166223.0 215116.0 257141.99999999997 290945.0 316570.0 334788.0 346668.0 353323.0 355785.0 354955.0 351591.0 346315.0 339629.0
5 1.0 218.30155708605275 -1.7450376212273113 1.1095065382744886 -0.2532311796968003 -0.07311163124877755 0.18662167071602567 0.050525658206721134 0.05795292180192941 22071.0 59118.0 111746.0 171304.0 229722.0 281718.0 324767.0 358288.0 382833.0 399494.0 409535.0 414192.0 414575.0 411638.0 406173.0 398825.0
6 1.0 6.909551391360069 88.09375991119765 1.1095065382744886 -0.2532311796968003 -0.07311163124877755 0.18662167071602567 0.050525658206721134 0.05795292180192941 6639.0 21647.0 47033.0 79984.0 116206.0 151860.0 184320.0 212170.0 234911.0 252634.00000000003 265756.0 274844.0 280506.0 283324.0 283824.0 282468.0
7 1.0 108.56693400283775 -78.24524271267956 1.1095065382744886 -0.2532311796968003 -0.07311163124877755 0.18662167071602567 0.050525658206721134 0.05795292180192941 6412.0 21142.0 46291.0 79150.0 115450.0 151318.0 184073.0 212252.0 235317.0 253336.99999999997 266717.0 276020.0 281854.0 284804.0 285403.0 284115.0
8 1.0 237.66247349736662 50.98219889648635 1.1095065382744886 -0.2532311796968003 -0.07311163124877755 0.18662167071602567 0.050525658206721134 0.05795292180192941 7985.000000000001 25391.0 54158.0 90796.0 130429.99999999999 168885.0 203426.0 232666.0 256201.0 274238.0 287306.0 296071.0 301218.0 303392.0 303168.0 301042.0
9 1.0 104.42793859575987 -38.0882704803311 1.1095065382744886 -0.2532311796968003 -0.07311163124877755 0.18662167071602567 0.050525658206721134 0.05795292180192941 7495.0 23899.0 51118.0 85927.0 123737.0 160580.0 193821.0 222096.0 244981.0 262637.0 275544.0 284319.0 289607.0 292016.0 292093.0 290312.0
10 1.0 222.48555443958296 -46.54464838621668 1.1095065382744886 -0.2532311796968003 -0.07311163124877755 0.18662167071602567 0.050525658206721134 0.05795292180192941 10314.0 31868.0 66467.0 109442.0 154898.0 198093.0 236109.0 267622.0 292403.0 310867.0 323741.0 331862.0 336051.0 337061.0 335548.0 332065.0
11 1.0 154.35673234047582 29.250822875881667 1.1095065382744886 -0.2532311796968003 -0.07311163124877755 0.18662167071602567 0.050525658206721134 0.05795292180192941 25211.0 61099.0 108247.0 158872.0 206747.0 248251.0 281926.0 307706.0 326267.0 338602.0 345768.0 348761.0 348458.0 345601.0 340804.0 334562.0
12 1.0 48.770663120082084 -45.70862670162639 1.1095065382744886 -0.2532311796968003 -0.07311163124877755 0.18662167071602567 0.050525658206721134 0.05795292180192941 8771.0 27345.0 57538.0 95522.0 136214.0 175381.0 210315.0 239692.0 263176.0 281033.0 293840.0 302297.0 307114.0 308952.0 308396.0 305950.0
13 1.0 107.38163734417108 29.854641160653784 1.1095065382744886 -0.2532311796968003 -0.07311163124877755 0.18662167071602567 0.050525658206721134 0.05795292180192941 6856.0 21268.0 44786.0 74617.0 106925.0 138421.0 166921.0 191285.0 211141.0 226605.0 238060.0 246008.0 250975.99999999997 253469.0 253944.0 252797.0
14 1.0 205.18736785245537 3.11553309641198 1.1095065382744886 -0.2532311796968003 -0.07311163124877755 0.18662167071602567 0.050525658206721134 0.05795292180192941 33523.0 82736.0 147806.0 217515.0 282893.0 338823.0 383380.0 416650.0 439763.0 454251.0 461702.0 463570.0 461115.0 455384.0 447227.0 437323.0
15 1.0 212.71419404934235 -13.663982081547132 1.1095065382744886 -0.2532311796968003 -0.07311163124877755 0.18662167071602567 0.050525658206721134 0.05795292180192941 25493.0 66718.0 124048.0 187833.0 249497.0 303661.0 347916.0 381883.0 406313.0 422470.0 431753.0 435497.0 434885.0 430922.0 424431.0 416082.0
16 1.0 206.75708958584838 9.843805559055411 1.1095065382744886 -0.2532311796968003 -0.07311163124877755 0.18662167071602567 0.050525658206721134 0.05795292180192941 30658.0 76530.0 137884.0 204258.0 267062.0 321256.0 364824.0 397705.0 420873.0 435731.0 443759.0 446334.0 444658.0 439738.0 432395.0 423289.0
17 1.0 235.1522951485681 -38.330726414466646 1.1095065382744886 -0.2532311796968003 -0.07311163124877755 0.18662167071602567 0.050525658206721134 0.05795292180192941 8482.0 27017.0 57619.0 96493.0 138395.0 178879.0 215067.0 245531.0 269892.0 288410.0 301679.0 310425.0 315389.0 317260.0 316650.0 314082.0
18 1.0 234.757177200608 37.1834471291362 1.1095065382744886 -0.2532311796968003 -0.07311163124877755 0.18662167071602567 0.050525658206721134 0.05795292180192941 9349.0 29042.0 60900.0 100784.0 143307.0 184039.0 220188.0 250425.0 274449.0 292580.0 305451.0 313813.0 318418.0 319961.0 319057.0 316228.0
19 1.0 155.31063675623062 -15.325763519958471 1.1095065382744886 -0.2532311796968003 -0.07311163124877755 0.18662167071602567 0.050525658206721134 0.05795292180192941 38305.0 89633.0 154420.0 221510.0 282812.0 334147.0 374262.0 403625.0 423519.0 435500.0 441097.0 441679.0 438411.0 432247.0 423960.0 414158.0
20 1.0 322.75677450638267 -25.101799112539396 1.1095065382744886 -0.2532311796968003 -0.07311163124877755 0.18662167071602567 0.050525658206721134 0.05795292180192941 21110.0 52313.0 94271.0 140222.0 184453.0 223447.0 255631.0 280740.0 299250.0 311974.0 319830.0 323705.0 324397.0 322592.0 318863.0 313681.0
21 1.0 132.32227321724275 59.158244620032804 1.1095065382744886 -0.2532311796968003 -0.07311163124877755 0.18662167071602567 0.050525658206721134 0.05795292180192941 7732.0 23666.0 49343.0 81574.0 116167.0 149617.0 179650.0 205123.0 225709.0 241585.0 253195.99999999997 261101.00000000003 265878.0 268073.0 268172.0 266599.0
22 1.0 156.91137309562566 76.4940441515746 1.1095065382744886 -0.2532311796968003 -0.07311163124877755 0.18662167071602567 0.050525658206721134 0.05795292180192941 6890.0 21995.0 47137.0 79410.0 114613.0 149072.0 180313.0 207033.0 228793.0 245709.0 258199.0 266820.0 272157.0 274772.0 275171.0 273796.0
23 1.0 321.092407805642 -81.71868404028655 1.1095065382744886 -0.2532311796968003 -0.07311163124877755 0.18662167071602567 0.050525658206721134 0.05795292180192941 6095.0 19963.0 43554.0 74340.0 108359.0 142019.0 172829.0 199415.0 221264.0 238421.0 251249.99999999997 260264.0 266021.0 269060.0 269874.0 268896.0
24 1.0 290.22983605659084 -48.12714129064221 1.1095065382744886 -0.2532311796968003 -0.07311163124877755 0.18662167071602567 0.050525658206721134 0.05795292180192941 6404.0 20221.0 43093.0 72401.0 104388.0 135765.0 164306.0 188824.0 208902.0 224625.0 236350.0 244563.0 249783.0 252510.0 253195.99999999997 252239.0
25 1.0 253.39989007453187 -27.266513491338614 1.1095065382744886 -0.2532311796968003 -0.07311163124877755 0.18662167071602567 0.050525658206721134 0.05795292180192941 6213.0 20411.0 44617.0 76254.0 111252.0 145903.0 177630.0 205009.0 227503.0 245157.0 258344.00000000003 267595.0 273485.0 276571.0 277364.0 276311.0
26 1.0 36.0816794324284 56.693966286644525 1.1095065382744886 -0.2532311796968003 -0.07311163124877755 0.18662167071602567 0.050525658206721134 0.05795292180192941 9610.0 30016.0 63102.00000000001 104527.0 148639.0 190805.0 228122.0 259229.0 283838.0 302309.0 315319.0 323664.0 328135.0 329461.0 328280.0 325136.0
27 1.0 331.0137409480825 87.38845697579356 1.1095065382744886 -0.2532311796968003 -0.07311163124877755 0.18662167071602567 0.050525658206721134 0.05795292180192941 6686.0 21795.0 47345.0 80494.0 116920.0 152760.0 185375.0 213345.0 236172.0 253950.0 267102.0 276200.0 281855.0 284654.0 285127.0 283736.0
28 1.0 257.1268678376801 84.41490684066332 1.1095065382744886 -0.2532311796968003 -0.07311163124877755 0.18662167071602567 0.050525658206721134 0.05795292180192941 6706.0 21831.0 47384.0 80513.0 116896.0 152677.0 185224.0 213125.0 235885.0 253601.00000000003 266698.0 275749.0 281365.0 284132.0 284580.0 283171.0
29 1.0 359.5849223644319 72.89070219898684 1.1095065382744886 -0.2532311796968003 -0.07311163124877755 0.18662167071602567 0.050525658206721134 0.05795292180192941 8210.0 26210.0 56015.0 93989.0 135036.0 174803.0 210448.0 240542.0 264684.0 283106.0 296374.0 305190.0 310274.0 312299.0 311864.0 309484.0
0 1.0 53.80138967687775 -36.619872288474625 1.1095065382744886 -0.2532311796968003 -0.07311163124877755 0.18662167071602567 0.050525658206721134 0.05795292180192941 8877.0 27781.0 58575.0 97347.0 138884.0 178845.0 214454.0 244360.0 268229.0 286338.0 299285.0 307792.0 312588.0 314351.0 313683.0 311096.0
1 1.0 312.52538065255715 88.56202381460534 1.1095065382744886 -0.2532311796968003 -0.07311163124877755 0.18662167071602567 0.050525658206721134 0.05795292180192941 6647.0 21666.0 47065.0 80026.0 116253.0 151907.0 184362.0 212205.0 234936.0 252647.99999999997 265759.0 274837.0 280489.0 283297.0 283790.0 282426.0
2 1.0 58.497456483494936 -45.10439260983878 1.1095065382744886 -0.2532311796968003 -0.07311163124877755 0.18662167071602567 0.050525658206721134 0.05795292180192941 7554.0 24277.0 52171.0 87947.0 126865.0 164804.0 199025.0 228109.0 251614.99999999997 269714.0 282906.0 291835.0 297168.0 299539.0 299515.0 297585.0
3 1.0 221.6014431421839 -70.9368921211982 1.1095065382744886 -0.2532311796968003 -0.07311163124877755 0.18662167071602567 0.050525658206721134 0.05795292180192941 6780.0 22209.0 48393.0 82438.0 119888.0 156747.0 190279.0 219015.0 242436.0 260643.0 274076.0 283329.0 289037.0 291807.0 292189.0 290662.0
4 1.0 44.57519382579895 81.17146998997094 1.1095065382744886 -0.2532311796968003 -0.07311163124877755 0.18662167071602567 0.050525658206721134 0.05795292180192941 6670.0 21756.0 47288.0 80437.0 116886.0 152770.0 185445.0 213482.0 236379.0 254222.0 267434.0 276583.0 282282.0 285116.0 285616.0 284246.0
5 1.0 305.2829625560044 -47.98435401574267 1.1095065382744886 -0.2532311796968003 -0.07311163124877755 0.18662167071602567 0.050525658206721134 0.05795292180192941 8045.999999999999 24136.0 49692.0 81466.0 115347.0 147956.0 177135.0 201819.0 221723.0 237041.0 248219.0 255803.99999999997 260361.0 262418.0 262450.0 260865.0
6 1.0 290.63482514100383 34.15828771399508 1.1095065382744886 -0.2532311796968003 -0.07311163124877755 0.18662167071602567 0.050525658206721134 0.05795292180192941 9297.0 28396.0 58948.0 96958.0 137350.0 175992.0 210290.0 239012.0 261884.0 279204.0 291562.0 299659.0 304199.0 305832.0 305135.0 302599.0
7 1.0 204.8762659012536 -79.49585538349405 1.1095065382744886 -0.2532311796968003 -0.07311163124877755 0.18662167071602567 0.050525658206721134 0.05795292180192941 6489.0 21352.0 46686.0 79747.0 116239.0 152270.0 185153.0 213424.0 236549.0 254602.0 267993.0 277291.0 283107.0 286030.0 286595.0 285269.0
8 1.0 146.58598700135988 41.52763784294572 1.1095065382744886 -0.2532311796968003 -0.07311163124877755 0.18662167071602567 0.050525658206721134 0.05795292180192941 14978.0 39654.0 74921.0 115432.0 155992.0 193006.0 224569.0 250039.99999999997 269563.0 283698.0 293177.0 298762.0 301165.0 301021.0 298873.0 295173.0
9 1.0 24.900118363849696 68.70963822009114 1.1095065382744886 -0.2532311796968003 -0.07311163124877755 0.18662167071602567 0.050525658206721134 0.05795292180192941 8242.0 26316.0 56243.0 94367.0 135566.0 175470.0 211227.0 241406.0 265607.0 284066.0 297351.0 306170.0 311245.0 313253.0 312796.0 310390.0
10 1.0 251.07435833204292 -40.96135881612675 1.1095065382744886 -0.2532311796968003 -0.07311163124877755 0.18662167071602567 0.050525658206721134 0.05795292180192941 6165.0 20290.0 44412.0 75978.0 110929.0 145561.0 177290.0 204685.0 227205.0 244889.0 258108.0 267388.0 273305.0 276416.0 277231.0 276196.0
11 1.0 163.27536576410478 -21.76975870606286 1.1095065382744886 -0.2532311796968003 -0.07311163124877755 0.18662167071602567 0.050525658206721134 0.05795292180192941 39539.0 93202.0 161327.0 232128.0 296956.0 351299.0 393772.0 424840.0 445856.0 458470.0 464307.0 464828.0 461269.0 454651.0 445791.0 435338.0
12 1.0 259.94001580932525 -22.6266870022351 1.1095065382744886 -0.2532311796968003 -0.07311163124877755 0.18662167071602567 0.050525658206721134 0.05795292180192941 5904.0 19397.0 42428.0 72575.0 105986.0 139136.0 169560.0 195886.0 217582.0 234676.0 247510.0 256579.0 262426.0 265579.0 266522.0 265682.0
13 1.0 311.8976373343065 44.781886357223954 1.1095065382744886 -0.2532311796968003 -0.07311163124877755 0.18662167071602567 0.050525658206721134 0.05795292180192941 13471.0 38664.0 76853.0 122427.0 169231.0 212695.0 250218.0 280778.0 304378.0 321590.0 333240.0 340216.0 343365.0 343448.0 341118.0 336923.0
14 1.0 351.1877418010389 -47.19469634297301 1.1095065382744886 -0.2532311796968003 -0.07311163124877755 0.18662167071602567 0.050525658206721134 0.05795292180192941 15945.999999999998 42341.0 80100.0 123454.0 166805.0 206288.0 239870.0 266881.0 287496.0 302332.0 312186.0 317885.0 320200.0 319812.0 317305.0 313164.0
15 1.0 308.08920326133995 -59.06644217142426 1.1095065382744886 -0.2532311796968003 -0.07311163124877755 0.18662167071602567 0.050525658206721134 0.05795292180192941 7062.0 21959.0 46294.0 77164.0 110577.0 143120.0 172531.0 197634.0 218054.0 233921.0 245638.0 253730.99999999997 258749.0 261218.0 261610.99999999997 260339.0
16 1.0 4.21707030660071 -9.127503236207147 1.1095065382744886 -0.2532311796968003 -0.07311163124877755 0.18662167071602567 0.050525658206721134 0.05795292180192941 45078.0 104014.0 177220.0 251917.0 319194.0 374697.0 417347.0 447916.0 468007.0 479455.0 484015.0 483228.0 478387.0 470542.0 460529.0 449003.0
17 1.0 129.592103212211 -35.19568667208249 1.1095065382744886 -0.2532311796968003 -0.07311163124877755 0.18662167071602567 0.050525658206721134 0.05795292180192941 14410.0 40196.0 78499.0 123612.0 169536.0 211917.0 248336.0 277885.0 300625.0 317147.0 328269.0 334865.0 337760.0 337692.0 335294.0 331096.0
18 1.0 262.7966024726609 61.05404200655744 1.1095065382744886 -0.2532311796968003 -0.07311163124877755 0.18662167071602567 0.050525658206721134 0.05795292180192941 7029.0 22852.0 49525.0 84024.0 121817.0 158886.0 192510.0 221245.0 244603.0 262707.0 276015.0 285136.0 290710.0 293351.0 293611.0 291971.0
19 1.0 61.78668381411859 -47.20647131718502 1.1095065382744886 -0.2532311796968003 -0.07311163124877755 0.18662167071602567 0.050525658206721134 0.05795292180192941 7162.0 23222.0 50226.0 85078.0 123185.0 160499.0 194291.0 223123.0 246521.0 264620.0 277892.0 286955.0 292457.0 295018.0 295195.0 293470.0
20 1.0 187.57317823348654 0.4301023480670665 1.1095065382744886 -0.2532311796968003 -0.07311163124877755 0.18662167071602567 0.050525658206721134 0.05795292180192941 46909.0 108712.0 185715.0 264408.0 335315.0 393784.0 438649.0 470722.0 491705.0 503548.0 508117.00000000006 507051.99999999994 501723.99999999994 493247.0 482505.0 470193.0
21 1.0 19.561675802131305 79.66504794562746 1.1095065382744886 -0.2532311796968003 -0.07311163124877755 0.18662167071602567 0.050525658206721134 0.05795292180192941 7011.0 22784.0 49373.0 83772.0 121466.0 158451.0 192013.0 220707.0 244043.0 262139.99999999997 275452.0 284583.0 290174.0 292835.0 293116.0 291497.0
22 1.0 71.99874896270403 24.119585594038938 1.1095065382744886 -0.2532311796968003 -0.07311163124877755 0.18662167071602567 0.050525658206721134 0.05795292180192941 6248.0 20566.0 45011.0 76984.0 112364.0 147395.0 179462.0 207124.0 229836.0 247646.0 260934.99999999997 270240.0 276146.0 279219.0 279976.0 278869.0
23 1.0 6.66784600582103 66.11209298324366 1.1095065382744886 -0.2532311796968003 -0.07311163124877755 0.18662167071602567 0.050525658206721134 0.05795292180192941 9778.0 30402.0 63719.0 105330.0 149558.0 191774.0 229091.0 260162.99999999997 284720.0 303129.0 316074.0 324355.0 328765.0 330035.0 328803.0 325614.0
24 1.0 285.7311732086714 79.23774408385813 1.1095065382744886 -0.2532311796968003 -0.07311163124877755 0.18662167071602567 0.050525658206721134 0.05795292180192941 6924.0 22527.0 48854.0 82940.0 120316.0 157013.0 190335.0 218844.0 242049.0 260064.00000000003 273333.0 282456.0 288062.0 290758.0 291089.0 289529.0
25 1.0 80.61288770173685 45.13767513954335 1.1095065382744886 -0.2532311796968003 -0.07311163124877755 0.18662167071602567 0.050525658206721134 0.05795292180192941 5789.0 19039.0 41682.0 71358.0 104285.0 136994.0 167050.0 193089.0 214579.0 231535.0 244289.0 253324.0 259172.0 262353.0 263343.0 262564.0
26 1.0 124.32660505088496 35.92351084045525 1.1095065382744886 -0.2532311796968003 -0.07311163124877755 0.18662167071602567 0.050525658206721134 0.05795292180192941 9774.0 27999.0 55886.0 89630.0 124866.0 158200.0 187580.0 212081.0 231547.0 246274.0 256784.0 263678.0 267554.0 268961.0 268385.0 266240.0
27 1.0 334.1092656476127 84.23380198876086 1.1095065382744886 -0.2532311796968003 -0.07311163124877755 0.18662167071602567 0.050525658206721134 0.05795292180192941 6855.0 22320.0 48439.0 82286.0 119433.0 155936.0 189111.0 217521.0 240669.0 258660.99999999997 271936.0 281082.0 286728.0 289471.0 289855.0 288352.0
28 1.0 253.5891846924718 88.99214213658229 1.1095065382744886 -0.2532311796968003 -0.07311163124877755 0.18662167071602567 0.050525658206721134 0.05795292180192941 6615.0 21553.0 46809.0 79582.0 115604.0 151059.0 183338.0 211035.0 233652.0 251278.99999999997 264331.0 273372.0 279005.0 281809.0 282309.0 280962.0
29 1.0 11.462014631270826 -8.672097119443265 1.1095065382744886 -0.2532311796968003 -0.07311163124877755 0.18662167071602567 0.050525658206721134 0.05795292180192941 41930.0 98390.0 169687.0 243416.0 310596.0 366622.0 410156.0 441768.0 462929.0 475392.0 480872.0 480894.0 476750.0 469495.0 459976.0 448859.0
0 1.0 59.289896339248585 -77.2434399268425 1.1095065382744886 -0.2532311796968003 -0.07311163124877755 0.18662167071602567 0.050525658206721134 0.05795292180192941 6283.0 20662.0 45175.0 77185.0 112549.0 147509.0 179464.0 206987.0 229551.0 247214.0 260366.0 269548.0 275348.0 278333.0 279018.0 277855.0
1 1.0 223.73222453991488 -37.29707434070661 1.1095065382744886 -0.2532311796968003 -0.07311163124877755 0.18662167071602567 0.050525658206721134 0.05795292180192941 12053.0 36267.0 74231.0 120525.0 168753.0 213976.0 253286.0 285468.0 310431.0 328718.0 341168.0 348701.0 352205.0 352477.0 350204.0 345966.0
2 1.0 207.80229189750034 -62.57615297620852 1.1095065382744886 -0.2532311796968003 -0.07311163124877755 0.18662167071602567 0.050525658206721134 0.05795292180192941 8842.0 27972.0 59354.0 99017.0 141588.0 182566.0 219070.0 249698.0 274100.0 292571.0 305731.0 314329.0 319121.0 320807.0 320008.0 317254.0
3 1.0 85.64141569482311 -14.852452536717877 1.1095065382744886 -0.2532311796968003 -0.07311163124877755 0.18662167071602567 0.050525658206721134 0.05795292180192941 6092.0 20057.0 43903.0 75096.0 109621.0 143817.0 175136.0 202169.0 224385.0 241827.0 254863.0 264013.0 269846.0 272912.0 273714.0 272693.0
4 1.0 336.3170392529258 -66.36792087481392 1.1095065382744886 -0.2532311796968003 -0.07311163124877755 0.18662167071602567 0.050525658206721134 0.05795292180192941 7586.0 23478.0 49306.0 81911.0 117045.0 151114.0 181768.0 207811.0 228888.0 245164.0 257087.0 265222.0 270159.0 272452.0 272600.0 271035.0
5 1.0 221.02774414772256 18.741204723758756 1.1095065382744886 -0.2532311796968003 -0.07311163124877755 0.18662167071602567 0.050525658206721134 0.05795292180192941 17509.0 48475.0 93862.0 146558.0 199411.0 247435.0 288020.0 320335.0 344641.0 361766.0 372755.0 378675.0 380511.0 379126.0 375247.0 369476.0
6 1.0 192.827809088985 -21.094549351586267 1.1095065382744886 -0.2532311796968003 -0.07311163124877755 0.18662167071602567 0.050525658206721134 0.05795292180192941 37667.0 91645.0 161989.0 236420.0 305439.0 363830.0 409795.0 443632.0 466684.0 480672.0 487327.0 488216.0 484679.0 477820.0 468528.0 457507.0
7 1.0 212.36759148764554 71.1694591718778 1.1095065382744886 -0.2532311796968003 -0.07311163124877755 0.18662167071602567 0.050525658206721134 0.05795292180192941 7433.0 23633.0 50461.0 84733.0 121940.0 158188.0 190894.0 218722.0 241256.0 258653.00000000003 271384.0 280053.0 285292.0 287699.0 287811.0 286093.0
8 1.0 262.8439306260371 84.20304092373033 1.1095065382744886 -0.2532311796968003 -0.07311163124877755 0.18662167071602567 0.050525658206721134 0.05795292180192941 6721.0 21885.0 47505.0 80722.0 117201.0 153074.0 185703.0 213671.0 236483.0 254238.00000000003 267361.0 276428.0 282052.0 284820.0 285264.0 283847.0
9 1.0 112.30019837265667 8.43928230049599 1.1095065382744886 -0.2532311796968003 -0.07311163124877755 0.18662167071602567 0.050525658206721134 0.05795292180192941 8936.0 26295.0 53430.0 86766.0 121975.0 155591.0 185452.0 210535.0 230612.0 245930.0 256983.00000000003 264359.0 268648.0 270404.0 270115.0 268202.0
10 1.0 143.35958239779308 -40.531757423832616 1.1095065382744886 -0.2532311796968003 -0.07311163124877755 0.18662167071602567 0.050525658206721134 0.05795292180192941 18189.0 49022.0 93396.0 144355.0 195129.0 241089.0 279850.0 310686.0 333880.0 350234.0 360743.0 366423.0 368208.0 366915.0 363235.0 357739.0
11 1.0 75.54374963104397 16.601475377130626 1.1095065382744886 -0.2532311796968003 -0.07311163124877755 0.18662167071602567 0.050525658206721134 0.05795292180192941 6017.0 19854.0 43542.0 74596.0 109035.0 143208.0 174558.0 201665.0 223982.0 241537.0 254690.00000000003 263956.0 269897.0 273062.0 273951.0 273007.0
12 1.0 67.02948211692102 71.41700848039378 1.1095065382744886 -0.2532311796968003 -0.07311163124877755 0.18662167071602567 0.050525658206721134 0.05795292180192941 6404.0 20946.0 45631.0 77774.0 113215.0 148202.0 180147.0 207640.0 230164.0 247787.0 260899.0 270048.0 275818.0 278778.0 279443.0 278263.0
13 1.0 339.9740603942161 -16.787997749565307 1.1095065382744886 -0.2532311796968003 -0.07311163124877755 0.18662167071602567 0.050525658206721134 0.05795292180192941 36666.0 84756.0 144792.0 206439.0 262385.0 308960.0 345159.0 371506.0 389234.0 399794.0 404593.0 404881.0 401714.0 395958.0 388305.0 379305.0
14 1.0 266.2382862177435 9.374089804554757 1.1095065382744886 -0.2532311796968003 -0.07311163124877755 0.18662167071602567 0.050525658206721134 0.05795292180192941 6449.0 20963.0 45478.0 77286.0 112266.0 146730.0 178149.0 205156.0 227259.0 244533.0 257373.00000000003 266318.0 271947.0 274818.0 275437.0 274248.0
15 1.0 176.56517110232414 -41.10250183089374 1.1095065382744886 -0.2532311796968003 -0.07311163124877755 0.18662167071602567 0.050525658206721134 0.05795292180192941 25424.0 65775.0 121508.0 183324.0 243029.0 295501.0 338445.0 371490.0 395349.0 411223.0 420448.0 424302.0 423920.0 420268.0 414143.0 406191.0
16 1.0 81.86926607039636 -8.020053098995149 1.1095065382744886 -0.2532311796968003 -0.07311163124877755 0.18662167071602567 0.050525658206721134 0.05795292180192941 6010.0 19840.0 43506.0 74519.0 108891.0 142973.0 174218.0 201210.0 223410.0 240853.0 253903.0 263076.0 268936.0 272033.0 272868.0 271881.0
17 1.0 91.56833343734147 -17.69156363167224 1.1095065382744886 -0.2532311796968003 -0.07311163124877755 0.18662167071602567 0.050525658206721134 0.05795292180192941 6291.0 20535.0 44683.0 76108.0 110749.0 144950.0 176188.0 203086.0 225139.0 242411.0 255280.99999999997 264281.0 269981.0 272933.0 273639.0 272539.0
18 1.0 20.89049771659522 -45.28557628506522 1.1095065382744886 -0.2532311796968003 -0.07311163124877755 0.18662167071602567 0.050525658206721134 0.05795292180192941 14631.0 40483.0 78655.0 123440.0 168910.0 210796.0 246740.0 275874.0 298273.0 314532.0 325462.0 331929.0 334747.0 334644.0 332246.0 328073.0
19 1.0 156.3899852009235 1.0559490885555078 1.1095065382744886 -0.2532311796968003 -0.07311163124877755 0.18662167071602567 0.050525658206721134 0.05795292180192941 41160.0 94312.0 159980.0 226755.0 286766.0 336210.0 374178.0 401387.0 419279.0 429491.0 433586.0 432934.0 428682.0 421761.0 412912.0 402717.0
20 1.0 112.24651751787692 -34.13145132363395 1.1095065382744886 -0.2532311796968003 -0.07311163124877755 0.18662167071602567 0.050525658206721134 0.05795292180192941 8939.0 27409.0 57089.0 94160.0 133697.0 171649.0 205444.0 233841.0 256537.00000000003 273800.0 286190.0 294383.0 299063.0 300867.0 300358.0 298020.0
21 1.0 250.6836559735654 -22.85372450146545 1.1095065382744886 -0.2532311796968003 -0.07311163124877755 0.18662167071602567 0.050525658206721134 0.05795292180192941 6554.0 21448.0 46740.0 79674.0 115974.0 151788.0 184461.0 212547.0 235523.0 253463.0 266776.0 276025.0 281816.0 284734.0 285308.0 284003.0
22 1.0 135.99066214529313 4.494679605767573 1.1095065382744886 -0.2532311796968003 -0.07311163124877755 0.18662167071602567 0.050525658206721134 0.05795292180192941 22935.0 56422.0 101094.0 149677.0 196143.0 236853.0 270237.0 296095.0 314985.0 327804.0 335541.0 339143.0 339454.0 337196.0 332970.0 327266.0
23 1.0 64.65732392146853 45.10710412721775 1.1095065382744886 -0.2532311796968003 -0.07311163124877755 0.18662167071602567 0.050525658206721134 0.05795292180192941 6720.0 21959.0 47787.0 81357.0 118293.0 154669.0 187791.0 216205.0 239397.0 257456.00000000003 270810.0 280040.0 285768.0 288590.0 289046.0 287610.0
24 1.0 8.884342220879242 -29.968656157570443 1.1095065382744886 -0.2532311796968003 -0.07311163124877755 0.18662167071602567 0.050525658206721134 0.05795292180192941 28181.0 69040.0 123090.0 181310.0 236400.0 284095.0 322676.0 352064.0 373059.0 386832.0 394630.0 397621.0 396833.0 393132.0 387231.0 379706.0
25 1.0 24.20986732676949 76.34857799173744 1.1095065382744886 -0.2532311796968003 -0.07311163124877755 0.18662167071602567 0.050525658206721134 0.05795292180192941 7232.0 23437.0 50678.0 85831.0 124262.0 161886.0 195949.0 225001.0 248566.0 266783.0 280127.0 289225.0 294733.0 297277.0 297418.0 295644.0
26 1.0 244.58139845948423 65.21733843046243 1.1095065382744886 -0.2532311796968003 -0.07311163124877755 0.18662167071602567 0.050525658206721134 0.05795292180192941 7127.0 23040.0 49742.0 84168.0 121791.0 158629.0 191999.0 220485.0 243620.0 261535.00000000003 274691.0 283695.0 289185.0 291770.0 291997.0 290343.0
27 1.0 163.33086404017632 -81.23574672440486 1.1095065382744886 -0.2532311796968003 -0.07311163124877755 0.18662167071602567 0.050525658206721134 0.05795292180192941 6559.0 21574.0 47150.0 80505.0 117296.0 153596.0 186701.0 215139.0 238381.0 256504.99999999997 269931.0 279234.0 285032.0 287922.0 288441.0 287061.0
28 1.0 193.16851599914 -44.3443456337719 1.1095065382744886 -0.2532311796968003 -0.07311163124877755 0.18662167071602567 0.050525658206721134 0.05795292180192941 20105.0 54745.0 104681.0 161844.0 218449.0 269263.0 311679.0 344998.0 369654.0 386639.0 397140.0 402336.0 403300.0 400956.0 396078.0 389300.0
29 1.0 322.80166549452315 -9.695607721343649 1.1095065382744886 -0.2532311796968003 -0.07311163124877755 0.18662167071602567 0.050525658206721134 0.05795292180192941 27725.0 66202.0 115987.0 168763.0 218108.0 260430.0 294392.0 320067.0 338259.0 350059.0 356597.0 358920.0 357941.0 354424.0 348995.0 342159.0
0 1.0 356.52202106281356 -71.16698002635466 1.1095065382744886 -0.2532311796968003 -0.07311163124877755 0.18662167071602567 0.050525658206721134 0.05795292180192941 7152.0 22610.0 48144.0 80744.0 116160.0 150717.0 181967.0 208634.0 230304.0 247112.0 259491.00000000003 268002.0 273237.0 275760.0 276076.0 274627.0
1 1.0 78.08291438345061 -27.274321973970522 1.1095065382744886 -0.2532311796968003 -0.07311163124877755 0.18662167071602567 0.050525658206721134 0.05795292180192941 6351.0 20959.0 45919.0 78555.0 114633.0 150302.0 182898.0 210957.0 233941.0 251913.0 265273.0 274578.0 280430.0 283410.0 284047.0 282804.0
2 1.0 238.70815311603627 43.21755461118286 1.1095065382744886 -0.2532311796968003 -0.07311163124877755 0.18662167071602567 0.050525658206721134 0.05795292180192941 8311.0 26312.0 55936.0 93524.0 134047.0 173242.0 208339.0 237954.0 261708.0 279835.0 292895.0 301579.0 306593.0 308599.0 308185.0 305855.0
3 1.0 94.79605562537424 32.49260660570866 1.1095065382744886 -0.2532311796968003 -0.07311163124877755 0.18662167071602567 0.050525658206721134 0.05795292180192941 5790.0 18749.0 40643.0 69121.0 100562.0 131689.0 160226.0 184913.0 205268.0 221321.0 233394.0 241950.0 247491.0 250510.99999999997 251460.00000000003 250734.0
4 1.0 7.434359807662325 22.02919714188087 1.1095065382744886 -0.2532311796968003 -0.07311163124877755 0.18662167071602567 0.050525658206721134 0.05795292180192941 39963.0 96071.0 168395.0 244273.0 314138.0 372869.0 418807.0 452375.0 475014.0 488514.0 494654.0 495028.0 490994.0 483665.0 473935.0 462511.0
5 1.0 273.01631538101094 37.895112490022214 1.1095065382744886 -0.2532311796968003 -0.07311163124877755 0.18662167071602567 0.050525658206721134 0.05795292180192941 7197.0 23207.0 50018.0 84532.0 122208.0 159063.0 192422.0 220880.0 243976.0 261848.00000000003 274962.0 283925.0 289379.0 291932.0 292131.0 290453.0
6 1.0 115.20617429608842 -53.113736347253685 1.1095065382744886 -0.2532311796968003 -0.07311163124877755 0.18662167071602567 0.050525658206721134 0.05795292180192941 8063.000000000001 25602.0 54550.0 91380.0 131184.0 169773.0 204408.0 233705.0 257268.0 275308.0 288364.0 297103.0 302217.0 304352.0 304087.0 301918.0
7 1.0 138.04700190188328 -28.494339324348218 1.1095065382744886 -0.2532311796968003 -0.07311163124877755 0.18662167071602567 0.050525658206721134 0.05795292180192941 20782.0 53826.0 99862.0 151522.0 202107.0 247264.0 284892.0 314483.0 336462.0 351705.0 361248.0 366111.0 367223.0 365387.0 361278.0 355451.0
8 1.0 211.79416087929806 31.723646809943318 1.1095065382744886 -0.2532311796968003 -0.07311163124877755 0.18662167071602567 0.050525658206721134 0.05795292180192941 18384.0 49691.0 94790.0 146574.0 198132.0 244748.0 284005.0 315180.0 338575.0 355018.0 365531.0 371150.0 372828.0 371397.0 367561.0 361897.0
9 1.0 299.17744388502854 68.26225734563889 1.1095065382744886 -0.2532311796968003 -0.07311163124877755 0.18662167071602567 0.050525658206721134 0.05795292180192941 7750.0 24893.0 53461.0 90059.0 129817.99999999999 168521.0 203372.0 232936.0 256778.0 275084.0 288377.0 297322.0 302607.0 304881.0 304726.0 302642.0
10 1.0 226.43346369281355 7.86204968905713 1.1095065382744886 -0.2532311796968003 -0.07311163124877755 0.18662167071602567 0.050525658206721134 0.05795292180192941 15609.0 44505.0 87849.0 139001.0 190932.0 238583.0 279196.0 311799.0 336545.0 354183.0 365709.0 372159.0 374500.0 373586.0 370140.0 364766.0
11 1.0 314.1542359610623 -39.11406282980341 1.1095065382744886 -0.2532311796968003 -0.07311163124877755 0.18662167071602567 0.050525658206721134 0.05795292180192941 11778.0 32488.999999999996 63200.00000000001 99502.0 136717.0 171386.0 201525.0 226324.0 245747.0 260193.0 270263.0 276620.0 279903.0 280695.0 279500.0 276748.0
12 1.0 98.47513253362888 -84.55765355892314 1.1095065382744886 -0.2532311796968003 -0.07311163124877755 0.18662167071602567 0.050525658206721134 0.05795292180192941 6220.0 20539.0 45025.0 77075.0 112543.0 147651.0 179774.0 207466.0 230187.0 247987.0 261253.0 270528.0 276400.0 279438.0 280160.0 279021.0
13 1.0 287.29686020852296 37.8606292153584 1.1095065382744886 -0.2532311796968003 -0.07311163124877755 0.18662167071602567 0.050525658206721134 0.05795292180192941 8567.0 26685.0 56138.0 93208.0 132955.0 171255.0 205463.0 234277.0 257359.0 274956.0 287624.0 296039.0 300889.0 302816.0 302392.0 300106.0
14 1.0 66.8289399501428 -88.58086136848073 1.1095065382744886 -0.2532311796968003 -0.07311163124877755 0.18662167071602567 0.050525658206721134 0.05795292180192941 6131.0 20232.0 44347.0 75918.0 110874.0 145496.0 177198.0 204550.0 227014.0 244634.0 257787.0 267004.0 272862.0 275921.0 276690.0 275619.0
15 1.0 343.0049965099 -22.9177674322208 1.1095065382744886 -0.2532311796968003 -0.07311163124877755 0.18662167071602567 0.050525658206721134 0.05795292180192941 33512.0 78378.0 135121.0 194072.0 248172.0 293725.0 329572.0 356057.0 374253.0 385482.0 391060.0 392173.0 389833.0 384879.0 377989.0 369703.0
16 1.0 247.4957794996135 5.496698621300723 1.1095065382744886 -0.2532311796968003 -0.07311163124877755 0.18662167071602567 0.050525658206721134 0.05795292180192941 7613.0 24541.0 52840.0 89181.0 128734.99999999999 167296.0 202066.0 231597.0 255439.00000000003 273770.0 287103.0 296097.0 301436.0 303766.0 303666.0 301636.0
17 1.0 77.58276376088104 75.98006311809476 1.1095065382744886 -0.2532311796968003 -0.07311163124877755 0.18662167071602567 0.050525658206721134 0.05795292180192941 6322.0 20659.0 44984.0 76652.0 111570.0 146045.0 177532.0 204637.0 226853.0 244243.0 257191.0 266233.0 271948.0 274891.0 275572.0 274433.0
18 1.0 341.0534125760127 -73.89098189407798 1.1095065382744886 -0.2532311796968003 -0.07311163124877755 0.18662167071602567 0.050525658206721134 0.05795292180192941 6679.0 21373.0 45897.0 77458.0 111967.0 145825.0 176594.0 202976.0 224521.0 241324.0 253784.99999999997 262439.0 267857.0 270585.0 271120.0 269894.0
19 1.0 263.1080904372568 -16.930382045708924 1.1095065382744886 -0.2532311796968003 -0.07311163124877755 0.18662167071602567 0.050525658206721134 0.05795292180192941 5905.0 19345.0 42236.0 72153.0 105274.0 138112.0 168236.0 194294.0 215768.0 232684.0 245384.0 254359.99999999997 260146.0 263265.0 264198.0 263364.0
20 1.0 91.4189913342093 -85.6236240521716 1.1095065382744886 -0.2532311796968003 -0.07311163124877755 0.18662167071602567 0.050525658206721134 0.05795292180192941 6180.0 20402.0 44724.0 76560.0 111796.0 146681.0 178607.0 206136.0 228729.0 246436.0 259639.0 268877.0 274732.0 277770.0 278506.0 277391.0
21 1.0 76.79231185229351 -28.33002281851374 1.1095065382744886 -0.2532311796968003 -0.07311163124877755 0.18662167071602567 0.050525658206721134 0.05795292180192941 6408.0 21135.0 46284.0 79149.0 115459.0 151340.0 184111.0 212305.0 235384.0 253417.0 266807.0 276119.0 281961.0 284917.0 285520.0 284235.0
22 1.0 186.55225701503878 22.00159059116308 1.1095065382744886 -0.2532311796968003 -0.07311163124877755 0.18662167071602567 0.050525658206721134 0.05795292180192941 36283.0 85863.0 149139.0 215252.0 276126.0 327465.0 367875.0 397701.0 418139.0 430687.0 436837.0 437940.0 435149.0 429416.0 421513.0 412052.0
23 1.0 9.238578499631366 -39.767769318852295 1.1095065382744886 -0.2532311796968003 -0.07311163124877755 0.18662167071602567 0.050525658206721134 0.05795292180192941 20413.0 52625.0 97376.0 147523.0 196607.0 240434.0 276980.0 305756.0 327169.0 342062.0 351431.0 356261.0 357448.0 355769.0 351875.0 346303.0
24 1.0 74.68922715879938 -52.245009061985684 1.1095065382744886 -0.2532311796968003 -0.07311163124877755 0.18662167071602567 0.050525658206721134 0.05795292180192941 6489.0 21376.0 46766.0 79908.0 116486.0 152596.0 185541.0 213856.0 237008.0 255071.0 268462.0 277750.0 283550.0 286453.0 286995.0 285646.0
25 1.0 152.88676875054225 -69.17341800112314 1.1095065382744886 -0.2532311796968003 -0.07311163124877755 0.18662167071602567 0.050525658206721134 0.05795292180192941 8284.0 26399.0 56343.0 94439.0 135570.0 175379.0 211030.0 241107.0 265215.0 283594.0 296817.0 305587.0 310627.0 312611.0 312139.0 309726.0
26 1.0 134.7011929203212 13.88524392366152 1.1095065382744886 -0.2532311796968003 -0.07311163124877755 0.18662167071602567 0.050525658206721134 0.05795292180192941 19897.0 49837.0 90517.0 135446.0 179004.0 217655.0 249756.0 274967.0 293696.0 306709.0 314888.0 319096.0 320116.0 318626.0 315194.0 310287.0
27 1.0 166.88715277133184 35.14860106284348 1.1095065382744886 -0.2532311796968003 -0.07311163124877755 0.18662167071602567 0.050525658206721134 0.05795292180192941 24972.0 61157.0 109141.0 161025.0 210361.0 253326.0 288330.0 315236.0 334697.0 347711.0 355358.0 358661.0 358524.0 355718.0 350878.0 344522.0
28 1.0 99.94633426610349 30.95228530724802 1.1095065382744886 -0.2532311796968003 -0.07311163124877755 0.18662167071602567 0.050525658206721134 0.05795292180192941 6072.0 19390.0 41640.0 70347.0 101848.0 132884.0 161227.0 185663.0 205748.0 221538.0 233370.0 241713.0 247073.0 249943.0 250770.0 249947.0
29 1.0 211.24236472494076 80.79498372969132 1.1095065382744886 -0.2532311796968003 -0.07311163124877755 0.18662167071602567 0.050525658206721134 0.05795292180192941 6797.0 21981.0 47496.0 80458.0 116566.0 152014.0 184218.0 211801.0 234288.0 251784.0 264714.0 273648.0 279189.0 281917.0 282353.0 280956.0
0 1.0 310.9880181323633 -89.51342149916951 1.1095065382744886 -0.2532311796968003 -0.07311163124877755 0.18662167071602567 0.050525658206721134 0.05795292180192941 6104.0 20143.0 44158.0 75604.0 110429.0 144932.0 176533.0 203805.0 226212.0 243795.0 256927.00000000003 266137.0 271998.0 275068.0 275854.0 274804.0
1 1.0 42.31146814633191 26.49539770092649 1.1095065382744886 -0.2532311796968003 -0.07311163124877755 0.18662167071602567 0.050525658206721134 0.05795292180192941 15242.0 43959.0 87369.0 138842.0 191255.0 239437.0 280552.0 313584.0 338671.0 356563.0 368264.0 374823.0 377220.0 376320.0 372857.0 367442.0
2 1.0 186.2564785754811 18.070602677575124 1.1095065382744886 -0.2532311796968003 -0.07311163124877755 0.18662167071602567 0.050525658206721134 0.05795292180192941 39362.0 92237.0 159015.0 228153.0 291282.0 344085.0 385278.0 415357.0 435663.0 447811.0 453388.0 453812.0 450286.0 443796.0 435138.0 424939.0
3 1.0 47.54451828425519 15.973129794651868 1.1095065382744886 -0.2532311796968003 -0.07311163124877755 0.18662167071602567 0.050525658206721134 0.05795292180192941 13923.0 40776.0 81922.0 131232.0 181885.0 228813.0 269154.0 301811.0 326828.0 344871.0 356873.0 363830.0 366683.0 366269.0 363301.0 358377.0
4 1.0 258.06948522933374 83.29865757124364 1.1095065382744886 -0.2532311796968003 -0.07311163124877755 0.18662167071602567 0.050525658206721134 0.05795292180192941 6728.0 21903.0 47533.0 80757.0 117238.0 153108.0 185730.0 213688.0 236490.0 254234.00000000003 267346.0 276403.0 282017.0 284776.0 285212.0 283788.0
5 1.0 142.58149301062573 -86.96309879339286 1.1095065382744886 -0.2532311796968003 -0.07311163124877755 0.18662167071602567 0.050525658206721134 0.05795292180192941 6204.0 20484.0 44909.0 76884.0 112275.0 147314.0 179380.0 207029.0 229720.0 247503.0 260762.0 270037.0 275915.0 278962.0 279697.0 278573.0
6 1.0 203.55167226906323 35.36683752626102 1.1095065382744886 -0.2532311796968003 -0.07311163124877755 0.18662167071602567 0.050525658206721134 0.05795292180192941 20073.0 52887.0 99192.0 151591.0 203194.0 249445.0 288100.0 318575.0 341262.0 357042.0 366963.0 372070.0 373316.0 371527.0 367396.0 361495.0
7 1.0 65.9807410370683 56.462156946335426 1.1095065382744886 -0.2532311796968003 -0.07311163124877755 0.18662167071602567 0.050525658206721134 0.05795292180192941 6454.0 21129.0 46062.0 78546.0 114377.0 149755.0 182058.0 209854.0 232618.0 250417.99999999997 263652.0 272872.0 278673.0 281630.0 282266.0 281037.0
8 1.0 52.1451933636158 1.7652953918851466 1.1095065382744886 -0.2532311796968003 -0.07311163124877755 0.18662167071602567 0.050525658206721134 0.05795292180192941 12087.0 36227.0 73993.0 119998.0 167910.0 212840.0 251909.0 283912.0 308755.0 326975.0 339399.0 346939.0 350472.0 350789.0 348574.0 344400.0
9 1.0 175.70026103362363 -29.886323472574354 1.1095065382744886 -0.2532311796968003 -0.07311163124877755 0.18662167071602567 0.050525658206721134 0.05795292180192941 35643.0 86678.0 153299.0 224001.0 289819.0 345771.0 390080.0 422951.0 445594.0 459598.0 466576.0 468002.0 465141.0 459043.0 450557.0 440359.0
10 1.0 128.020585625984 52.35122938093289 1.1095065382744886 -0.2532311796968003 -0.07311163124877755 0.18662167071602567 0.050525658206721134 0.05795292180192941 8130.0 24476.0 50485.0 82847.0 117360.0 150571.0 180273.0 205381.0 225607.0 241151.0 252471.0 260131.0 264705.0 266737.0 266709.0 265039.0
11 1.0 338.5555002910127 -72.49627338616357 1.1095065382744886 -0.2532311796968003 -0.07311163124877755 0.18662167071602567 0.050525658206721134 0.05795292180192941 6773.0 21568.0 46165.0 77734.0 112180.0 145922.0 176546.0 202771.0 224164.0 240831.0 253174.0 261730.00000000003 267069.0 269737.0 270227.0 268970.0
12 1.0 275.5170913705075 -10.43358520861345 1.1095065382744886 -0.2532311796968003 -0.07311163124877755 0.18662167071602567 0.050525658206721134 0.05795292180192941 6327.0 20239.0 43482.0 73447.0 106281.0 138575.0 168004.0 193314.0 214057.0 230305.0 242423.0 250908.00000000003 256297.0 259104.0 259801.99999999997 258799.0
13 1.0 269.51890314619703 3.5914274227508827 1.1095065382744886 -0.2532311796968003 -0.07311163124877755 0.18662167071602567 0.050525658206721134 0.05795292180192941 6377.0 20642.0 44673.0 75806.0 110018.0 143719.0 174448.0 200873.0 222517.0 239453.0 252062.0 260869.00000000003 266438.0 269310.0 269980.0 268879.0
14 1.0 325.33910630853603 34.91215396821855 1.1095065382744886 -0.2532311796968003 -0.07311163124877755 0.18662167071602567 0.050525658206721134 0.05795292180192941 22842.0 58973.0 109011.0 164789.0 219024.0 267075.0 306784.0 337710.0 360398.0 375859.0 385246.0 389684.0 390182.0 387608.0 382683.0 375999.0
15 1.0 30.032076759126678 -73.6405682341663 1.1095065382744886 -0.2532311796968003 -0.07311163124877755 0.18662167071602567 0.050525658206721134 0.05795292180192941 6669.0 21580.0 46663.0 79103.0 114680.0 149647.0 181452.0 208726.0 230991.0 248343.0 261193.0 270097.0 275650.0 278419.0 278920.0 277604.0
16 1.0 198.78928917206636 -49.00328972318503 1.1095065382744886 -0.2532311796968003 -0.07311163124877755 0.18662167071602567 0.050525658206721134 0.05795292180192941 15640.999999999998 44694.0 88329.0 139853.0 192170.0 240167.0 281060.0 313870.0 338753.0 356469.0 368025.0 374468.0 376775.0 375807.0 372296.0 366846.0
17 1.0 210.4113848240768 -16.14571871577739 1.1095065382744886 -0.2532311796968003 -0.07311163124877755 0.18662167071602567 0.050525658206721134 0.05795292180192941 26771.0 69462.0 128377.99999999999 193539.0 256220.99999999997 311032.0 355619.0 389674.0 414019.0 429975.0 438982.0 442408.0 441458.0 437150.0 430320.0 421642.0
18 1.0 346.2970962770024 22.193041143623518 1.1095065382744886 -0.2532311796968003 -0.07311163124877755 0.18662167071602567 0.050525658206721134 0.05795292180192941 41080.0 96709.0 167175.0 240228.0 306938.0 362686.0 406097.0 437701.0 458932.0 471517.0 477150.0 477343.0 473377.0 466301.0 456957.0 446010.0
19 1.0 105.17310964531758 69.65294061913514 1.1095065382744886 -0.2532311796968003 -0.07311163124877755 0.18662167071602567 0.050525658206721134 0.05795292180192941 6226.0 20164.0 43665.0 74148.0 107689.0 140772.0 170980.0 196998.0 218345.0 235083.0 247578.0 256340.0 261917.0 264839.0 265588.0 264589.0
20 1.0 86.69836076956085 21.388710283447764 1.1095065382744886 -0.2532311796968003 -0.07311163124877755 0.18662167071602567 0.050525658206721134 0.05795292180192941 5653.0 18561.0 40604.0 69487.0 101541.0 133399.0 162696.0 188106.0 209109.0 225714.0 238240.0 247151.0 252961.0 256170.99999999997 257243.99999999997 256585.99999999997
21 1.0 36.10581921557922 -65.9769352317118 1.1095065382744886 -0.2532311796968003 -0.07311163124877755 0.18662167071602567 0.050525658206721134 0.05795292180192941 7265.0 23187.0 49649.0 83547.0 120435.0 156448.0 189004.0 216758.0 239276.0 256702.0 269493.0 278242.0 283572.0 286076.0 286286.0 284664.0
22 1.0 5.9146666529307135 86.50442390171082 1.1095065382744886 -0.2532311796968003 -0.07311163124877755 0.18662167071602567 0.050525658206721134 0.05795292180192941 6689.0 21809.0 47380.0 80562.0 117029.0 152912.0 185570.0 213580.0 236442.0 254249.0 267423.0 276539.0 282206.0 285013.0 285489.0 284100.0
23 1.0 334.6305540451886 66.92143225598872 1.1095065382744886 -0.2532311796968003 -0.07311163124877755 0.18662167071602567 0.050525658206721134 0.05795292180192941 9540.0 29707.0 62355.0 103215.0 146736.0 188364.0 225241.0 256018.00000000003 280406.0 298747.0 311703.0 320052.0 324571.0 325976.0 324897.0 321869.0
24 1.0 241.16995677272763 0.4897370061583217 1.1095065382744886 -0.2532311796968003 -0.07311163124877755 0.18662167071602567 0.050525658206721134 0.05795292180192941 8975.0 28310.0 59956.0 99883.0 142678.0 183824.0 220439.0 251128.00000000003 275555.0 294020.0 307153.0 315710.0 320453.0 322085.0 321229.0 318416.0
25 1.0 282.6550483283296 76.02263672339393 1.1095065382744886 -0.2532311796968003 -0.07311163124877755 0.18662167071602567 0.050525658206721134 0.05795292180192941 7002.0 22764.0 49338.0 83717.0 121386.0 158345.0 191879.0 220547.0 243860.0 261938.99999999997 275238.0 284361.0 289946.0 292606.0 292888.0 291273.0
26 1.0 101.42283807142167 7.448542876284435 1.1095065382744886 -0.2532311796968003 -0.07311163124877755 0.18662167071602567 0.050525658206721134 0.05795292180192941 6692.0 21074.0 44808.0 75139.0 108157.0 140465.0 169782.0 194899.0 215409.0 231414.0 243297.0 251566.99999999997 256764.0 259406.00000000003 259963.0 258844.00000000003
27 1.0 211.1076598270776 76.19509222004936 1.1095065382744886 -0.2532311796968003 -0.07311163124877755 0.18662167071602567 0.050525658206721134 0.05795292180192941 7046.0 22622.0 48636.0 82085.0 118589.0 154312.0 186673.0 214315.0 236788.0 254217.00000000003 267047.0 275861.0 281272.0 283867.0 284174.0 282651.0
28 1.0 23.023895803553206 59.38152634860177 1.1095065382744886 -0.2532311796968003 -0.07311163124877755 0.18662167071602567 0.050525658206721134 0.05795292180192941 10730.0 32893.0 68235.0 111916.0 157937.0 201523.0 239769.0 271380.0 296160.0 314553.0 327311.0 335287.0 339316.0 340160.0 338479.0 334833.0
29 1.0 174.82593453646425 84.29155385297352 1.1095065382744886 -0.2532311796968003 -0.07311163124877755 0.18662167071602567 0.050525658206721134 0.05795292180192941 6620.0 21463.0 46469.0 78843.0 114373.0 149316.0 181115.0 208398.0 230683.0 248061.0 260940.0 269874.0 275456.0 278252.0 278779.0 277484.0
0 1.0 351.89825030800085 75.5609059400685 1.1095065382744886 -0.2532311796968003 -0.07311163124877755 0.18662167071602567 0.050525658206721134 0.05795292180192941 7778.0 25001.0 53716.0 90508.0 130475.00000000001 169372.0 204386.0 234076.0 258004.99999999997 276364.0 289683.0 298632.0 303903.0 306151.0 305961.0 303836.0
1 1.0 315.54188831397266 -83.5139128628575 1.1095065382744886 -0.2532311796968003 -0.07311163124877755 0.18662167071602567 0.050525658206721134 0.05795292180192941 6050.0 19876.0 43451.0 74266.0 108360.0 142125.0 173052.0 199756.0 221713.0 238964.0 251869.0 260942.99999999997 266744.0 269813.0 270645.0 269675.0
2 1.0 121.73722266126443 -58.54103925103081 1.1095065382744886 -0.2532311796968003 -0.07311163124877755 0.18662167071602567 0.050525658206721134 0.05795292180192941 8199.0 26039.0 55471.0 92890.0 133292.0 172420.0 207496.0 237127.0 260919.0 279099.0 292219.0 300965.0 306041.0 308106.0 307746.0 305466.0
3 1.0 346.16525563493946 -19.95575812178656 1.1095065382744886 -0.2532311796968003 -0.07311163124877755 0.18662167071602567 0.050525658206721134 0.05795292180192941 37041.0 85779.0 146725.0 209394.0 266333.0 313790.0 350717.0 377630.0 395770.0 406607.0 411569.0 411926.0 408753.0 402932.0 395170.0 386026.0
4 1.0 83.41258552963363 81.38568551317573 1.1095065382744886 -0.2532311796968003 -0.07311163124877755 0.18662167071602567 0.050525658206721134 0.05795292180192941 6409.0 20912.0 45481.0 77424.0 112604.0 147301.0 178956.0 206179.0 228465.0 245886.0 258834.99999999997 267855.0 273529.0 276421.0 277042.0 275839.0
5 1.0 341.75477606964535 -35.99479449433267 1.1095065382744886 -0.2532311796968003 -0.07311163124877755 0.18662167071602567 0.050525658206721134 0.05795292180192941 22528.0 55797.0 100453.0 149253.0 196106.0 237292.0 271168.0 297489.0 316785.0 329942.0 337949.0 341758.0 342219.0 340064.0 335900.0 330226.0
6 1.0 338.8959736943395 -61.11582410023181 1.1095065382744886 -0.2532311796968003 -0.07311163124877755 0.18662167071602567 0.050525658206721134 0.05795292180192941 8870.0 26497.0 54336.0 88760.0 125267.99999999999 160214.0 191308.0 217451.0 238384.0 254355.0 265875.0 273554.0 278011.0 279823.0 279502.0 277488.0
7 1.0 287.71293144686103 69.53483989558077 1.1095065382744886 -0.2532311796968003 -0.07311163124877755 0.18662167071602567 0.050525658206721134 0.05795292180192941 7312.0 23662.0 51106.0 86477.0 125102.99999999999 162880.0 197051.0 226171.0 249768.0 267990.0 281321.0 290392.0 295865.0 298367.0 298464.0 296645.0
8 1.0 226.9612572720448 -9.649005213023472 1.1095065382744886 -0.2532311796968003 -0.07311163124877755 0.18662167071602567 0.050525658206721134 0.05795292180192941 15174.0 43734.0 86899.0 138085.0 190217.0 238154.0 279076.0 311969.0 336965.0 354805.0 366486.0 373050.0 375470.0 374607.0 371190.0 365827.0
9 1.0 314.7436679849809 73.41760698377868 1.1095065382744886 -0.2532311796968003 -0.07311163124877755 0.18662167071602567 0.050525658206721134 0.05795292180192941 7715.0 24813.0 53338.0 89912.0 129669.0 168388.0 203269.0 232868.0 256745.0 275085.0 288409.0 297380.0 302687.0 304979.0 304838.0 302765.0
10 1.0 105.48730242280682 -61.15851606237421 1.1095065382744886 -0.2532311796968003 -0.07311163124877755 0.18662167071602567 0.050525658206721134 0.05795292180192941 6930.0 22635.0 49208.0 83670.0 121495.0 158649.0 192390.0 221251.0 244733.0 262948.0 276352.0 285551.0 291188.0 293876.0 294171.0 292555.0
11 1.0 305.61967991265055 29.00115207145791 1.1095065382744886 -0.2532311796968003 -0.07311163124877755 0.18662167071602567 0.050525658206721134 0.05795292180192941 14746.0 40792.0 79209.0 124221.0 169863.0 211852.0 247838.0 276964.0 299322.0 315518.0 326375.0 332762.0 335502.0 335325.0 332856.0 328619.0
12 1.0 222.43560909030856 -10.75252449069147 1.1095065382744886 -0.2532311796968003 -0.07311163124877755 0.18662167071602567 0.050525658206721134 0.05795292180192941 18175.0 50655.0 98358.0 153702.0 209075.0 259211.00000000003 301390.0 334785.0 359725.0 377120.0 388100.0 393804.0 395280.0 393435.0 389035.0 382708.0
13 1.0 4.765268793203816 -76.23238157454863 1.1095065382744886 -0.2532311796968003 -0.07311163124877755 0.18662167071602567 0.050525658206721134 0.05795292180192941 6577.0 21230.0 45846.0 77664.0 112559.0 146868.0 178095.0 204896.0 226800.0 243895.0 256579.99999999997 265395.0 270920.0 273711.0 274270.0 273040.0
14 1.0 125.00406645559904 35.363366037450106 1.1095065382744886 -0.2532311796968003 -0.07311163124877755 0.18662167071602567 0.050525658206721134 0.05795292180192941 10046.0 28605.0 56866.0 90942.0 126423.00000000001 159912.0 189369.0 213885.0 233321.0 247990.0 258423.0 265230.0 269014.0 270329.0 269662.0 267431.0
15 1.0 53.330709941339414 -45.46822400295233 1.1095065382744886 -0.2532311796968003 -0.07311163124877755 0.18662167071602567 0.050525658206721134 0.05795292180192941 8140.0 25782.0 54842.0 91763.0 131624.0 170237.0 204871.0 234152.0 257687.99999999997 275699.0 288723.0 297432.0 302518.0 304628.0 304340.0 302150.0
16 1.0 353.45858033457114 -82.86920593568681 1.1095065382744886 -0.2532311796968003 -0.07311163124877755 0.18662167071602567 0.050525658206721134 0.05795292180192941 6173.0 20224.0 44123.0 75300.0 109736.0 143790.0 174940.0 201801.0 223856.0 241158.0 254077.0 263136.0 268901.0 271921.0 272694.0 271659.0
17 1.0 172.2133105343957 -79.21002631507682 1.1095065382744886 -0.2532311796968003 -0.07311163124877755 0.18662167071602567 0.050525658206721134 0.05795292180192941 6751.0 22141.0 48279.0 82284.0 119705.0 156547.0 190074.0 218812.0 242242.0 260460.00000000003 273907.0 283174.0 288897.0 291682.0 292077.0 290562.0
18 1.0 179.06089157951857 -79.00586332797828 1.1095065382744886 -0.2532311796968003 -0.07311163124877755 0.18662167071602567 0.050525658206721134 0.05795292180192941 6750.0 22136.0 48267.0 82261.0 119670.0 156501.0 190017.0 218746.0 242168.0 260380.0 273822.0 283087.0 288807.0 291591.0 291986.0 290472.0
19 1.0 230.2101059035405 73.39193234730709 1.1095065382744886 -0.2532311796968003 -0.07311163124877755 0.18662167071602567 0.050525658206721134 0.05795292180192941 7035.0 22681.0 48892.0 82660.0 119557.0 155691.0 188439.0 216418.0 239164.0 256803.99999999997 269785.0 278697.0 284163.0 286777.0 287074.0 285518.0
20 1.0 132.6904582066623 43.17910520923817 1.1095065382744886 -0.2532311796968003 -0.07311163124877755 0.18662167071602567 0.050525658206721134 0.05795292180192941 10523.0 29794.0 58984.0 94028.0 130385.0 164588.0 194578.0 219458.0 239114.0 253884.0 264327.0 271074.0 274749.0 275919.0 275084.0 272670.0
21 1.0 49.284097806815616 71.6512242984723 1.1095065382744886 -0.2532311796968003 -0.07311163124877755 0.18662167071602567 0.050525658206721134 0.05795292180192941 6872.0 22376.0 48562.0 82502.0 119754.0 156365.0 189638.0 218130.0 241341.0 259378.0 272680.0 281840.0 287487.0 290222.0 290591.0 289066.0
22 1.0 295.9623839499284 31.064816033373845 1.1095065382744886 -0.2532311796968003 -0.07311163124877755 0.18662167071602567 0.050525658206721134 0.05795292180192941 10795.0 31868.0 64667.0 104660.0 146507.0 186036.0 220732.0 249483.0 272125.0 289050.0 300917.0 308474.0 312460.0 313547.0 312323.0 309288.0
23 1.0 68.34524828499286 5.2091872255589635 1.1095065382744886 -0.2532311796968003 -0.07311163124877755 0.18662167071602567 0.050525658206721134 0.05795292180192941 6927.0 22639.0 49243.0 83766.0 121675.0 158926.0 192761.0 221709.0 245263.0 263536.0 276981.0 286208.0 291860.0 294555.0 294849.0 293224.0
24 1.0 184.07483371672416 -35.19965441747191 1.1095065382744886 -0.2532311796968003 -0.07311163124877755 0.18662167071602567 0.050525658206721134 0.05795292180192941 29883.0 75395.0 136779.0 203561.0 266998.0 321891.0 366116.0 399555.0 423164.0 438347.0 446598.0 449312.0 447706.0 442804.0 435439.0 426283.0
25 1.0 80.75413043090613 89.63320523916121 1.1095065382744886 -0.2532311796968003 -0.07311163124877755 0.18662167071602567 0.050525658206721134 0.05795292180192941 6597.0 21497.0 46699.0 79410.0 115373.0 150779.0 183021.0 210693.0 233296.0 250917.99999999997 263972.0 273021.0 278665.0 281482.0 281997.0 280666.0
26 1.0 35.22401441785226 -24.805969390909922 1.1095065382744886 -0.2532311796968003 -0.07311163124877755 0.18662167071602567 0.050525658206721134 0.05795292180192941 18431.0 49968.0 95502.0 147863.0 200044.0 247246.0 287004.0 318574.0 342259.0 358894.0 369518.0 375182.0 376852.0 375374.0 371460.0 365698.0
27 1.0 310.388946271806 -5.28318914149628 1.1095065382744886 -0.2532311796968003 -0.07311163124877755 0.18662167071602567 0.050525658206721134 0.05795292180192941 18881.0 48000.0 88089.0 132809.0 176508.0 215540.0 248152.0 273917.0 293189.0 306700.0 315317.0 319901.0 321237.0 320006.0 316783.0 312043.0
28 1.0 350.2510160483269 -21.915868513776886 1.1095065382744886 -0.2532311796968003 -0.07311163124877755 0.18662167071602567 0.050525658206721134 0.05795292180192941 36518.0 84930.0 145742.0 208515.0 265757.0 313638.0 351037.0 378418.0 396991.0 408204.0 413480.0 414090.0 411114.0 405439.0 397780.0 388702.0
29 1.0 345.90047690268005 86.31484728038254 1.1095065382744886 -0.2532311796968003 -0.07311163124877755 0.18662167071602567 0.050525658206721134 0.05795292180192941 6725.0 21918.0 47605.0 80925.0 117529.0 153536.0 186295.0 214380.0 237293.0 255130.00000000003 268318.0 277433.0 283091.0 285879.0 286333.0 284917.0
