idx D_km lam beta x1 y1 z1 x2 y2 z2 flux5 flux6 flux7 flux8 flux9 flux10 flux11 flux12 flux13 flux14 flux15 flux16 flux17 flux18 flux19 flux20
0 1.0 197.5728614138369 73.17998985981222 -0.02118423383035894 0.9808626779725655 0.4731818569088809 0.011843991872318516 0.05767966395050103 0.07395541689962025 56288.0 168275.0 342988.0 555305.0 775934.0 982409.0 1161595.0 1308065.0 1421497.0 1504439.0 1560754.0 1594662.0 1610223.0 1611079.0 1600372.0 1580735.0
1 1.0 257.468171894071 49.328519885754986 -0.02118423383035894 0.9808626779725655 0.4731818569088809 0.011843991872318516 0.05767966395050103 0.07395541689962025 36206.0 113015.0 238328.0 396678.0 567163.0 732148.0 880171.0 1005471.9999999999 1106419.0 1183926.0 1240257.0 1278237.0 1300772.0 1310595.0 1310143.0 1301522.0
2 1.0 216.99481538579178 -30.033872634844457 -0.02118423383035894 0.9808626779725655 0.4731818569088809 0.011843991872318516 0.05767966395050103 0.07395541689962025 125232.00000000001 319051.0 583122.0 872940.0 1150449.0 1392474.0 1589087.0 1739177.0 1846478.0 1916837.0 1956598.0 1971766.0 1967632.0 1948664.0 1918536.0 1880213.0
3 1.0 196.15794587888288 -75.40174980216058 -0.02118423383035894 0.9808626779725655 0.4731818569088809 0.011843991872318516 0.05767966395050103 0.07395541689962025 83567.0 233311.0 453221.0 708154.0 962928.0 1193295.0 1386804.0 1539747.0 1653714.0 1732963.0 1782736.0 1808307.0 1814500.0 1805505.0 1784837.0 1755383.0
4 1.0 152.5157277620057 -16.69658914551468 -0.02118423383035894 0.9808626779725655 0.4731818569088809 0.011843991872318516 0.05767966395050103 0.07395541689962025 38581.0 119427.0 250313.99999999997 414680.0 590709.0 760258.0 911697.0 1039309.0 1141604.0 1219674.0 1275956.0 1313426.0 1335115.0 1343859.0 1342174.0 1332226.0
5 1.0 232.5218807039962 -48.19785440923031 -0.02118423383035894 0.9808626779725655 0.4731818569088809 0.011843991872318516 0.05767966395050103 0.07395541689962025 190989.0 455615.0 794255.0 1147476.0 1471065.0 1741788.0 1952482.0 2105533.0 2207902.0 2268055.0 2294319.0 2294131.0 2273781.0 2238417.0 2192161.0 2138256.0
6 1.0 157.5313960545693 -66.15222574356306 -0.02118423383035894 0.9808626779725655 0.4731818569088809 0.011843991872318516 0.05767966395050103 0.07395541689962025 48546.0 148767.0 308674.0 506468.00000000006 715040.0 912753.0 1086400.0 1230057.0 1342792.0 1426580.0 1484804.0 1521316.0 1539897.0 1543991.0 1536599.0 1520260.0
7 1.0 321.03828028154874 -80.38310727837145 -0.02118423383035894 0.9808626779725655 0.4731818569088809 0.011843991872318516 0.05767966395050103 0.07395541689962025 93492.0 255116.99999999997 487976.0 754085.0 1017006.0000000001 1252412.0 1448338.0 1601715.0 1714724.0 1792101.0 1839447.0 1862288.0 1865626.0 1853765.0 1830297.0 1798153.0
8 1.0 346.91859378037054 40.60698555790418 -0.02118423383035894 0.9808626779725655 0.4731818569088809 0.011843991872318516 0.05767966395050103 0.07395541689962025 41141.0 128442.0 270436.0 449029.0 640204.0 823987.0 987633.0 1124957.0 1234443.0 1317404.0 1376610.0 1415393.0 1437121.0 1444924.0 1441566.0 1429413.0
9 1.0 138.03894677727996 -87.94305744749441 -0.02118423383035894 0.9808626779725655 0.4731818569088809 0.011843991872318516 0.05767966395050103 0.07395541689962025 70086.0 202097.0 401462.0 637600.0 877787.0 1098347.0 1286351.0 1437221.0 1551646.0 1633106.0 1686234.0 1715848.0 1726451.0 1722003.0 1705870.0 1680838.0
10 1.0 285.02101370975925 48.70453473049972 -0.02118423383035894 0.9808626779725655 0.4731818569088809 0.011843991872318516 0.05767966395050103 0.07395541689962025 35943.0 111953.0 235797.0 392183.0 560507.0 723406.0 869587.0 993379.0 1093166.0 1169840.0 1225630.0 1263310.0 1285742.0 1295618.0 1295340.0 1286983.0
11 1.0 190.40217111104562 -63.549603827932486 -0.02118423383035894 0.9808626779725655 0.4731818569088809 0.011843991872318516 0.05767966395050103 0.07395541689962025 77048.0 218228.0 428201.0 674017.0 921687.0 1147248.0 1338029.0 1489907.0 1604041.0 1684315.0 1735677.0 1763178.0 1771487.0 1764681.0 1746202.0 1718885.0
12 1.0 204.49604199381562 -75.68602513438397 -0.02118423383035894 0.9808626779725655 0.4731818569088809 0.011843991872318516 0.05767966395050103 0.07395541689962025 90767.0 249523.0 479588.0 743595.0 1005257.0000000001 1240136.0 1436071.0 1589808.0 1703384.0 1781434.0 1829489.0 1853037.0 1857055.0 1845834.0 1822959.0 1791361.0
13 1.0 333.214789785358 -73.87145383705104 -0.02118423383035894 0.9808626779725655 0.4731818569088809 0.011843991872318516 0.05767966395050103 0.07395541689962025 94385.0 256633.99999999997 489787.0 755790.0 1018311.0 1253172.0 1448525.0 1601373.0 1713930.0 1790944.0 1838009.0 1860644.0 1863838.0 1851885.0 1828364.0 1796199.0
14 1.0 25.5729809512393 30.968605323704594 -0.02118423383035894 0.9808626779725655 0.4731818569088809 0.011843991872318516 0.05767966395050103 0.07395541689962025 91546.0 249063.0 475859.0 735226.0 991875.0 1222146.0 1414293.0 1565194.0 1676842.0 1753746.0 1801290.0 1824815.0 1829173.0 1818552.0 1796457.0 1765755.0
15 1.0 31.366547892554657 -45.83390222648794 -0.02118423383035894 0.9808626779725655 0.4731818569088809 0.011843991872318516 0.05767966395050103 0.07395541689962025 39610.0 123986.0 261585.99999999997 435065.0 621191.0 800533.0 960611.0 1095301.0 1203024.0 1284970.0 1343771.0 1382626.0 1404788.0 1413285.0 1410806.0 1399654.0
16 1.0 7.278623078517259 -14.302895997582283 -0.02118423383035894 0.9808626779725655 0.4731818569088809 0.011843991872318516 0.05767966395050103 0.07395541689962025 40790.0 127428.99999999999 268399.0 445747.0 635629.0 818209.0 980822.0 1117323.0 1226195.0 1308735.0 1367686.0 1406351.0 1428073.0 1435954.0 1432739.0 1420776.0
17 1.0 299.74314439725765 10.326382438305046 -0.02118423383035894 0.9808626779725655 0.4731818569088809 0.011843991872318516 0.05767966395050103 0.07395541689962025 82480.0 214934.0 400997.0 611465.0 819207.0 1006181.0 1163369.0 1288248.0 1382187.0 1448511.0 1491275.0 1514554.0 1522101.0 1517190.0 1502593.0 1480602.0
18 1.0 280.13643034194615 64.89921128918289 -0.02118423383035894 0.9808626779725655 0.4731818569088809 0.011843991872318516 0.05767966395050103 0.07395541689962025 36620.0 115636.0 245636.0 410782.0 589175.0 762157.0 917517.0 1049072.0 1155028.0 1236307.0 1295283.0 1334928.0 1358312.0 1368321.0 1367530.0 1358165.0
19 1.0 313.2043733688549 40.8679672880391 -0.02118423383035894 0.9808626779725655 0.4731818569088809 0.011843991872318516 0.05767966395050103 0.07395541689962025 36273.0 113057.0 238180.0 396158.0 566140.0 730571.0 878052.0 1002869.0 1103412.0 1180603.0 1236703.0 1274526.0 1296969.0 1306752.0 1306303.0 1297717.0
20 1.0 352.30260320379506 -41.34097705703137 -0.02118423383035894 0.9808626779725655 0.4731818569088809 0.011843991872318516 0.05767966395050103 0.07395541689962025 59758.0 175362.0 353152.0 567096.0 787858.0 993369.0 1170963.0 1315593.0 1427187.0 1508435.0 1563265.0 1595918.0 1610444.0 1610465.0 1599095.0 1578941.0
21 1.0 287.6970831180205 -66.33309612759703 -0.02118423383035894 0.9808626779725655 0.4731818569088809 0.011843991872318516 0.05767966395050103 0.07395541689962025 170250.0 415003.0 734368.0 1072550.0 1386287.0 1651798.0 1860861.0 2014802.0 2119712.0 2183409.0 2213762.0 2217898.0 2201904.0 2170801.0 2128632.0 2078601.0
22 1.0 166.13257041105547 -80.03262232418437 -0.02118423383035894 0.9808626779725655 0.4731818569088809 0.011843991872318516 0.05767966395050103 0.07395541689962025 65936.0 192281.0 384960.0 614892.0 850196.0 1067419.0 1253499.0 1403584.0 1518071.0 1600186.0 1654360.0 1685260.0 1697278.0 1694301.0 1679641.0 1656050.0
23 1.0 280.99050346312396 -35.712245793430355 -0.02118423383035894 0.9808626779725655 0.4731818569088809 0.011843991872318516 0.05767966395050103 0.07395541689962025 273202.0 605802.0 1002664.0 1394090.0 1735865.0 2009212.0000000002 2212103.0 2351194.0 2436515.0 2478553.0 2486873.0 2469613.0 2433420.0 2383583.0 2324233.0 2258558.0
24 1.0 42.57879331281596 -42.818733136857915 -0.02118423383035894 0.9808626779725655 0.4731818569088809 0.011843991872318516 0.05767966395050103 0.07395541689962025 39065.0 121841.0 256523.0 426129.0 608030.0 783327.0 939883.0 1071731.0 1177317.0 1257782.0 1315667.0 1354075.0 1376162.0 1384875.0 1382828.0 1372268.0
25 1.0 230.3715676779086 -7.894697975913658 -0.02118423383035894 0.9808626779725655 0.4731818569088809 0.011843991872318516 0.05767966395050103 0.07395541689962025 123957.0 309459.0 558833.0 830527.0 1089783.0 1315684.0 1499381.0 1639988.0 1740976.0 1807715.0 1846024.0 1861413.0 1858748.0 1842148.0 1815011.0 1780087.0
26 1.0 51.607183467256704 32.990640398582485 -0.02118423383035894 0.9808626779725655 0.4731818569088809 0.011843991872318516 0.05767966395050103 0.07395541689962025 193011.0 455966.0 789948.0 1136651.0 1453311.0 1717746.0 1923318.0 2072557.0000000002 2172343.0 2230964.0 2256541.0 2256315.0 2236410.0 2201838.0 2156610.0 2103890.0
27 1.0 340.0808101378502 35.21258021499429 -0.02118423383035894 0.9808626779725655 0.4731818569088809 0.011843991872318516 0.05767966395050103 0.07395541689962025 37914.0 119043.0 251815.99999999997 419767.0 600539.0 775273.0 931744.0 1063857.0 1169936.0 1251022.0 1309586.0 1348681.0 1371435.0 1380774.0 1379305.0 1369271.0
28 1.0 187.8653958300258 -38.96660761521 -0.02118423383035894 0.9808626779725655 0.4731818569088809 0.011843991872318516 0.05767966395050103 0.07395541689962025 57277.0 170605.0 346864.0 560563.0 782221.0 989337.0 1168829.0 1315345.0 1428642.0 1511330.0 1567321.0 1600868.0 1616055.0 1616540.0 1605472.0 1585492.0
29 1.0 149.2782983965885 -21.61314793797831 -0.02118423383035894 0.9808626779725655 0.4731818569088809 0.011843991872318516 0.05767966395050103 0.07395541689962025 37849.0 117352.0 246279.0 408422.0 582305.0 749997.0 899961.0 1026491.0 1128060.0 1205705.0 1261803.0 1299277.0 1321113.0 1330108.0 1328748.0 1319176.0
0 1.0 95.24002035766571 -57.39282688735745 -0.02118423383035894 0.9808626779725655 0.4731818569088809 0.011843991872318516 0.05767966395050103 0.07395541689962025 35870.0 112701.0 238676.0 398402.0 570782.0 737899.0 888036.0 1015265.0000000001 1117854.0 1196682.0 1254017.0 1292705.0 1315690.0 1325743.0 1325341.0 1316623.0
1 1.0 278.724128196318 51.93819221517336 -0.02118423383035894 0.9808626779725655 0.4731818569088809 0.011843991872318516 0.05767966395050103 0.07395541689962025 35361.0 110733.0 234055.0 390246.0 558730.0 722061.0 868839.0 993293.0 1093740.0 1171029.0 1227363.0 1265508.0 1288325.0 1298509.0 1298470.0 1290291.0
2 1.0 164.21411959795748 -79.76734624201674 -0.02118423383035894 0.9808626779725655 0.4731818569088809 0.011843991872318516 0.05767966395050103 0.07395541689962025 64853.99999999999 189675.0 380511.0 608691.0 842579.0 1058799.0 1244266.0 1394058.0 1508497.0 1590740.0 1645162.0 1676386.0 1688773.0 1686188.0 1671927.0 1648731.0
3 1.0 204.63622159271347 35.459503510497726 -0.02118423383035894 0.9808626779725655 0.4731818569088809 0.011843991872318516 0.05767966395050103 0.07395541689962025 37209.0 117755.0 250392.0 418887.0 600785.0 776983.0 935013.0 1068601.0 1175967.0 1258107.0 1317489.0 1357180.0 1380336.0 1389916.0 1388556.0 1378525.0
4 1.0 6.764328157087851 50.1651712693986 -0.02118423383035894 0.9808626779725655 0.4731818569088809 0.011843991872318516 0.05767966395050103 0.07395541689962025 65704.0 191498.0 383300.0 612195.0 846476.0 1062809.0 1248186.0 1397761.0 1511914.0 1593844.0 1647950.0 1678873.0 1690981.0 1688141.0 1673651.0 1650251.0
5 1.0 222.34877894731574 49.93336113277556 -0.02118423383035894 0.9808626779725655 0.4731818569088809 0.011843991872318516 0.05767966395050103 0.07395541689962025 36366.0 115065.0 244717.0 409546.0 587666.0 760409.0 915550.0 1046902.0 1152669.0 1233777.0 1292603.0 1332122.0 1355405.0 1365338.0 1364495.0 1355099.0
6 1.0 220.3544601800717 -43.303938417836115 -0.02118423383035894 0.9808626779725655 0.4731818569088809 0.011843991872318516 0.05767966395050103 0.07395541689962025 149759.0 372113.0 667728.0 985635.0 1284617.0 1540955.0 1745555.0 1898622.0 2005204.0 2072269.0 2107042.0 2116185.0 2105463.0 2079675.0 2042723.0 1997721.0
7 1.0 222.0962388749125 -22.713635172138936 -0.02118423383035894 0.9808626779725655 0.4731818569088809 0.011843991872318516 0.05767966395050103 0.07395541689962025 132279.0 331425.0 599142.0 890218.0 1167004.0 1407070.0 1601154.0 1748606.0 1853424.0 1921585.0 1959478.0 1973102.0 1967717.0 1947756.0 1916852.0 1877932.0
8 1.0 339.7493082652647 15.76793433535002 -0.02118423383035894 0.9808626779725655 0.4731818569088809 0.011843991872318516 0.05767966395050103 0.07395541689962025 39412.0 122344.0 256782.99999999997 425656.0 606445.0 780441.0 935680.0 1066317.0 1170867.0 1250495.0 1307746.0 1345703.0 1367501.0 1376060.0 1373972.0 1363459.0
9 1.0 245.45530767725404 -40.892057563595934 -0.02118423383035894 0.9808626779725655 0.4731818569088809 0.011843991872318516 0.05767966395050103 0.07395541689962025 243120.0 554694.0 936994.0 1322659.0 1666044.0 1945788.0 2157532.0 2306264.0 2400987.0 2451633.0 2467525.0 2456746.0 2425993.0 2380651.0 2324971.0 2262258.0
10 1.0 129.42284420656296 -23.246496140780025 -0.02118423383035894 0.9808626779725655 0.4731818569088809 0.011843991872318516 0.05767966395050103 0.07395541689962025 46185.0 135902.0 275402.0 445597.0 623951.0 792799.0 941419.0 1064990.0 1162717.0 1236167.0 1288069.0 1321556.0 1339728.0 1345432.0 1341162.0 1329049.0
11 1.0 157.33150336776293 -54.530229566584865 -0.02118423383035894 0.9808626779725655 0.4731818569088809 0.011843991872318516 0.05767966395050103 0.07395541689962025 40879.0 127982.00000000001 269972.0 448828.0 640481.0 824853.0 989102.0 1126979.0 1236933.0 1320265.0 1379748.0 1418724.0 1440573.0 1448439.0 1445096.0 1432923.0
12 1.0 251.14723053381536 -7.225940923918671 -0.02118423383035894 0.9808626779725655 0.4731818569088809 0.011843991872318516 0.05767966395050103 0.07395541689962025 183564.0 423565.0 723104.0 1030810.9999999999 1310238.0 1543008.0 1723987.0 1855706.0 1944273.0 1996911.0 2020652.9999999998 2021763.0 2005538.0 1976321.0 1937598.0 1892126.0
13 1.0 21.68116978653714 -81.96978577425946 -0.02118423383035894 0.9808626779725655 0.4731818569088809 0.011843991872318516 0.05767966395050103 0.07395541689962025 65307.00000000001 190579.0 381791.0 610167.0 844072.0 1060182.0 1245467.0 1395048.0 1509275.0 1591322.0 1645570.0 1676646.0 1688909.0 1686221.0 1671877.0 1648615.0
14 1.0 240.03601756044037 53.96325922271123 -0.02118423383035894 0.9808626779725655 0.4731818569088809 0.011843991872318516 0.05767966395050103 0.07395541689962025 35653.0 112623.0 239336.0 400431.0 574598.0 743644.0 895630.0 1024483.0 1128409.0 1208273.0 1266361.0 1305556.0 1328841.0 1339025.0 1338622.0 1329801.0
15 1.0 241.4296330625374 -76.1478395424061 -0.02118423383035894 0.9808626779725655 0.4731818569088809 0.011843991872318516 0.05767966395050103 0.07395541689962025 120402.0 313852.0 581604.0 878248.0 1163910.0 1413881.0 1617340.0 1772819.0 1884034.0 1956988.0 1998247.0 2014043.0 2009872.9999999998 1990377.0 1959370.0 1919925.0
16 1.0 75.73772198658273 3.3903267896746883 -0.02118423383035894 0.9808626779725655 0.4731818569088809 0.011843991872318516 0.05767966395050103 0.07395541689962025 177064.0 409228.0 699595.0 998495.0 1270492.0 1497583.0 1674608.0 1803875.0 1891214.0 1943572.0 1967743.0 1969794.0 1954865.0 1927183.0 1890141.0 1846432.0
17 1.0 46.41346715574719 -34.7741820818647 -0.02118423383035894 0.9808626779725655 0.4731818569088809 0.011843991872318516 0.05767966395050103 0.07395541689962025 41854.0 128383.0 267210.0 440217.0 624252.0 800407.0 956790.0 1087747.0 1192002.0 1270909.0 1327163.0 1363963.0 1384526.0 1391831.0 1388508.0 1376806.0
18 1.0 113.55420633270619 13.957730789647584 -0.02118423383035894 0.9808626779725655 0.4731818569088809 0.011843991872318516 0.05767966395050103 0.07395541689962025 185087.0 423996.0 720175.0 1022867.0 1296591.0 1523778.0 1699790.0 1827381.0 1912708.0 1962938.0 1985006.0 1985059.0 1968282.0 1938919.0 1900369.0 1855317.0
19 1.0 130.93587753934415 82.69800135001651 -0.02118423383035894 0.9808626779725655 0.4731818569088809 0.011843991872318516 0.05767966395050103 0.07395541689962025 90481.0 248213.0 476576.0 738568.0 998275.0 1231495.0 1426164.0 1579029.0 1692079.0 1769884.0 1817914.0 1841597.0 1845863.0 1834969.0 1812471.0 1781279.0
20 1.0 205.27083735043666 26.20264400208069 -0.02118423383035894 0.9808626779725655 0.4731818569088809 0.011843991872318516 0.05767966395050103 0.07395541689962025 38072.0 119915.0 254139.0 424119.0 607169.0 784121.0 942542.0 1076235.0 1183499.0 1265401.0 1324459.0 1363782.0 1386550.0 1395740.0 1393999.0 1383605.0
21 1.0 157.89654484643532 -83.63476156401164 -0.02118423383035894 0.9808626779725655 0.4731818569088809 0.011843991872318516 0.05767966395050103 0.07395541689962025 66742.0 194181.0 388135.0 619229.0 855422.0 1073227.0 1259612.0 1409785.0 1524202.0 1606141.0 1660072.0 1690691.0 1702410.0 1699131.0 1684174.0 1660298.0
22 1.0 355.8145817013214 -12.527560888548976 -0.02118423383035894 0.9808626779725655 0.4731818569088809 0.011843991872318516 0.05767966395050103 0.07395541689962025 42545.0 131759.0 275835.0 456064.0 648162.0 832179.0 995533.0 1132227.0 1240905.0 1322995.0 1381343.0 1419324.0 1440330.0 1447497.0 1443589.0 1430966.0
23 1.0 36.736131869290105 1.803033417285036 -0.02118423383035894 0.9808626779725655 0.4731818569088809 0.011843991872318516 0.05767966395050103 0.07395541689962025 75906.0 210161.0 407206.0 636460.0 866993.0 1077119.0 1255351.0 1397899.0 1505738.0 1582329.0 1632126.0 1659706.0 1669321.0 1664708.0 1649035.0 1624927.0
24 1.0 75.19563219414049 6.511949046621353 -0.02118423383035894 0.9808626779725655 0.4731818569088809 0.011843991872318516 0.05767966395050103 0.07395541689962025 191350.0 438125.0 743656.0 1055403.0 1336788.0 1569819.0 1749876.0 1879942.0 1966470.0 2016919.0000000002 2038476.9999999998 2037497.9999999998 2019331.0000000002 1988341.0 1948022.0 1901126.0
25 1.0 58.07142643859865 32.65065190869082 -0.02118423383035894 0.9808626779725655 0.4731818569088809 0.011843991872318516 0.05767966395050103 0.07395541689962025 219263.0 506461.00000000006 863421.0 1227568.0 1555187.0 1824920.0 2031521.0000000002 2178854.0 2274876.0 2328658.0 2348867.0 2343102.0 2317716.0 2277859.0 2227621.0 2170203.0
26 1.0 235.11899716754343 -40.032702408282105 -0.02118423383035894 0.9808626779725655 0.4731818569088809 0.011843991872318516 0.05767966395050103 0.07395541689962025 206878.0 484454.0 833852.0 1193783.0 1520213.0 1790894.0 1999702.0 2149845.0 2248848.0 2305533.0 2328432.0 2325092.0 2301850.0 2263870.0 2215263.0 2159258.0
27 1.0 91.18497691432157 -66.80509821606236 -0.02118423383035894 0.9808626779725655 0.4731818569088809 0.011843991872318516 0.05767966395050103 0.07395541689962025 38246.0 120168.0 254303.99999999997 424028.0 606729.0 783322.0 941432.0 1074888.0 1181995.0 1263811.0 1322841.0 1362179.0 1384994.0 1394251.0 1392590.0 1382281.0
28 1.0 167.87187822827028 -19.31837822152302 -0.02118423383035894 0.9808626779725655 0.4731818569088809 0.011843991872318516 0.05767966395050103 0.07395541689962025 36498.0 115481.0 245589.0 410978.0 589673.0 762938.0 918509.0 1050184.0 1156168.0 1237400.0 1296270.0 1335773.0 1358991.0 1368826.0 1367863.0 1358332.0
29 1.0 87.99321312057698 82.1530301032708 -0.02118423383035894 0.9808626779725655 0.4731818569088809 0.011843991872318516 0.05767966395050103 0.07395541689962025 100904.0 271457.0 514196.0 789021.0 1058487.0 1298130.0 1496292.0 1650349.0 1762916.0 1839089.0 1884744.0 1905610.0 1906833.0 1892814.0 1867209.0 1832992.0
0 1.0 57.2290501123871 -56.31643948484795 -0.02118423383035894 0.9808626779725655 0.4731818569088809 0.011843991872318516 0.05767966395050103 0.07395541689962025 37706.0 118313.0 250174.99999999997 416932.0 596390.0 769836.0 925140.0 1056254.0 1161519.0 1241970.0 1300064.0 1338832.0 1361381.0 1370620.0 1369135.0 1359153.0
1 1.0 39.73505081914985 72.71711188708267 -0.02118423383035894 0.9808626779725655 0.4731818569088809 0.011843991872318516 0.05767966395050103 0.07395541689962025 111431.0 294757.0 551754.0 839286.0 1118414.0 1364429.0 1566074.0 1721346.0 1833471.0 1908064.0 1951401.0 1969507.0 1967739.0 1950644.0 1921976.0 1884773.0
2 1.0 236.27865220749842 7.885071013918747 -0.02118423383035894 0.9808626779725655 0.4731818569088809 0.011843991872318516 0.05767966395050103 0.07395541689962025 89730.0 234783.0 438672.0 668975.0 895660.0 1098902.0 1268937.0 1403197.0 1503383.0 1573307.0 1617535.0 1640617.0 1646710.0 1639422.0 1621794.0 1596326.0
3 1.0 49.74586248550097 -7.755944103762147 -0.02118423383035894 0.9808626779725655 0.4731818569088809 0.011843991872318516 0.05767966395050103 0.07395541689962025 81961.0 220279.0 418798.0 646313.0 872665.0 1077334.0 1249816.0 1386966.0 1490103.0 1562820.0 1609568.0 1634856.0 1642839.0 1637147.0 1620848.0 1596477.0
4 1.0 70.76965020481926 68.76745384138013 -0.02118423383035894 0.9808626779725655 0.4731818569088809 0.011843991872318516 0.05767966395050103 0.07395541689962025 158472.0 392429.0 701907.0 1032997.0 1342704.0 1606719.0 1816093.0 1971506.0 2078560.0 2144735.0 2177679.0 2184380.0 2170848.0 2142060.0 2102041.0 2053989.0
5 1.0 132.74106143794708 -7.451286881654539 -0.02118423383035894 0.9808626779725655 0.4731818569088809 0.011843991872318516 0.05767966395050103 0.07395541689962025 65612.0 179962.0 347695.0 543638.0 742025.0 924448.0 1080832.0 1207519.0 1304919.0 1375641.0 1423236.0 1451451.0 1463826.0 1463515.0 1453222.0 1435210.0
6 1.0 295.55756274525663 40.350174590077785 -0.02118423383035894 0.9808626779725655 0.4731818569088809 0.011843991872318516 0.05767966395050103 0.07395541689962025 38338.0 117392.0 244405.0 403168.0 572733.0 735820.0 881410.0 1004118.0000000001 1102566.0 1177817.0 1232205.0 1268571.0 1289806.0 1298616.0 1297401.0 1288231.0
7 1.0 34.956459285502056 -18.17544209344163 -0.02118423383035894 0.9808626779725655 0.4731818569088809 0.011843991872318516 0.05767966395050103 0.07395541689962025 48124.0 144962.0 297711.0 485450.0 682803.0 869706.0 1033963.0 1170110.0 1277288.0 1357316.0 1413323.0 1448876.0 1467488.0 1472368.0 1466320.0 1451723.0
8 1.0 301.6601666995694 72.7279907221724 -0.02118423383035894 0.9808626779725655 0.4731818569088809 0.011843991872318516 0.05767966395050103 0.07395541689962025 43409.0 134993.0 283261.0 468912.0 666781.0 856180.0 1024083.0000000001 1164316.0 1275526.0 1359242.0 1418452.0 1456683.0 1477464.0 1484050.0 1479302.0 1465662.0
9 1.0 34.59542684182671 34.20450363442093 -0.02118423383035894 0.9808626779725655 0.4731818569088809 0.011843991872318516 0.05767966395050103 0.07395541689962025 125284.0 320967.0 588435.0 882408.0 1164013.0 1409545.0 1608854.0 1760815.0 1869256.0 1940155.0 1979993.0 1994894.0 1990248.0 1970601.0 1939689.0 1900520.0
10 1.0 351.5254074048225 35.931969765093015 -0.02118423383035894 0.9808626779725655 0.4731818569088809 0.011843991872318516 0.05767966395050103 0.07395541689962025 42127.0 131204.0 275729.0 457110.0 650885.0 836815.0 1002062.9999999999 1140459.0 1250558.0 1333761.0 1392924.0 1431456.0 1452786.0 1460092.0 1456175.0 1443430.0
11 1.0 168.71443259317257 -31.010327719718596 -0.02118423383035894 0.9808626779725655 0.4731818569088809 0.011843991872318516 0.05767966395050103 0.07395541689962025 37758.0 119238.0 253184.00000000003 423127.0 606413.0 783817.0 942818.0 1077136.0 1185010.0 1267467.0 1327007.0 1366731.0 1389820.0 1399258.0 1397699.0 1387431.0
12 1.0 351.6339917485214 46.22015569264005 -0.02118423383035894 0.9808626779725655 0.4731818569088809 0.011843991872318516 0.05767966395050103 0.07395541689962025 46088.0 142101.0 296274.0 488027.0 691225.0 884721.0 1055415.0 1197273.0 1309161.0 1392836.0 1451487.0 1488802.0 1508437.0 1513741.0 1507643.0 1492632.0
13 1.0 217.74438710821656 24.490989980485438 -0.02118423383035894 0.9808626779725655 0.4731818569088809 0.011843991872318516 0.05767966395050103 0.07395541689962025 42147.0 129587.00000000001 270113.0 445419.0 632014.0 810681.0 969325.0 1102183.0 1207950.0 1287998.0 1345061.0 1382386.0 1403240.0 1410647.0 1407276.0 1395410.0
14 1.0 266.1348885833886 -46.79635079165228 -0.02118423383035894 0.9808626779725655 0.4731818569088809 0.011843991872318516 0.05767966395050103 0.07395541689962025 267123.0 601263.0 1005633.9999999999 1408836.0 1764032.0 2050335.0 2264479.0 2412602.0 2504684.0 2551411.0 2562652.0 2546869.0 2511013.0 2460638.0 2400099.0 2332759.0
15 1.0 14.107605211555443 -61.103011952653844 -0.02118423383035894 0.9808626779725655 0.4731818569088809 0.011843991872318516 0.05767966395050103 0.07395541689962025 51602.0 156341.0 321794.0 524884.0 737720.0 938413.0 1113832.0 1258271.0 1371043.0 1454340.0 1511723.0 1547176.0 1564577.0 1567438.0 1558805.0 1541249.0
16 1.0 101.81050652750744 53.35046541311971 -0.02118423383035894 0.9808626779725655 0.4731818569088809 0.011843991872318516 0.05767966395050103 0.07395541689962025 232303.0 534412.0 908073.0 1287459.0 1627142.0 1905336.0 2117093.0 2266869.0 2363259.0 2415905.0 2433937.0 2425316.0 2396661.0 2353318.0 2299513.0 2238544.0
17 1.0 43.270762036740805 82.64998854634004 -0.02118423383035894 0.9808626779725655 0.4731818569088809 0.011843991872318516 0.05767966395050103 0.07395541689962025 89592.0 246690.0 474732.0 736791.0 996852.0 1230574.0 1425779.0 1579145.0 1692628.0 1770787.0 1819093.0 1842983.0 1847399.0 1836606.0 1814172.0 1783012.0
18 1.0 106.61047110797217 -7.535011093192281 -0.02118423383035894 0.9808626779725655 0.4731818569088809 0.011843991872318516 0.05767966395050103 0.07395541689962025 113165.0 277205.0 495137.0 731252.0 956204.0 1152461.0 1312615.0 1435915.0 1525255.0 1585138.0 1620463.0 1635890.0 1635552.0 1622969.0 1601053.0 1572177.0
19 1.0 42.74197882352786 16.377149758263286 -0.02118423383035894 0.9808626779725655 0.4731818569088809 0.011843991872318516 0.05767966395050103 0.07395541689962025 124819.0 315447.0 573731.0 856301.0 1126429.0 1361877.0 1553182.0 1699346.0 1804009.0 1872832.0 1911948.0 1927162.0 1923588.0 1905554.0 1876619.0 1839659.0
20 1.0 114.47394458183138 64.39007595483983 -0.02118423383035894 0.9808626779725655 0.4731818569088809 0.011843991872318516 0.05767966395050103 0.07395541689962025 167982.0 409225.0 724123.0 1057858.0 1367839.0 1630558.0 1837796.0 1990749.0 2095333.0 2159195.0 2190061.0 2194942.0 2179838.0 2149706.0 2108544.0 2059523.0
21 1.0 149.13467802528118 -7.699778396305732 -0.02118423383035894 0.9808626779725655 0.4731818569088809 0.011843991872318516 0.05767966395050103 0.07395541689962025 45338.0 135760.0 278127.0 453215.0 637659.0 812880.0 967476.0 1096232.0 1198192.0 1274915.0 1329207.0 1364314.0 1383461.0 1389614.0 1385374.0 1372960.0
22 1.0 23.09309868556237 81.3374058298925 -0.02118423383035894 0.9808626779725655 0.4731818569088809 0.011843991872318516 0.05767966395050103 0.07395541689962025 83220.0 232397.0 451554.0 705706.0 959793.0 1189622.0 1382751.0 1535459.0 1649308.0 1728531.0 1778347.0 1804006.0 1810322.0 1801469.0 1780956.0 1751662.0
23 1.0 249.28996297320714 13.63520916807704 -0.02118423383035894 0.9808626779725655 0.4731818569088809 0.011843991872318516 0.05767966395050103 0.07395541689962025 91188.0 235099.0 435156.0 659495.0 879233.0 1075580.0 1239448.0 1368599.0 1464818.0 1531860.0 1574160.0 1596115.0 1601729.0 1594474.0 1577272.0 1552527.0
24 1.0 203.97652351436705 57.738081726236686 -0.02118423383035894 0.9808626779725655 0.4731818569088809 0.011843991872318516 0.05767966395050103 0.07395541689962025 42141.0 131595.0 276968.0 459557.0 654674.0 841879.0 1008207.0000000001 1147440.0 1258130.0 1341704.0 1401054.0 1439626.0 1460886.0 1468040.0 1463914.0 1450921.0
25 1.0 95.54021673820034 73.5918693142929 -0.02118423383035894 0.9808626779725655 0.4731818569088809 0.011843991872318516 0.05767966395050103 0.07395541689962025 139637.0 353233.0 641375.0 954481.0 1251289.0 1507437.0 1713128.0 1868004.0 1976725.0 2046015.0000000002 2082960.0 2094145.9999999998 2085303.0000000002 2061223.0 2025811.0 1982189.0
26 1.0 188.36929924801188 56.7942873783424 -0.02118423383035894 0.9808626779725655 0.4731818569088809 0.011843991872318516 0.05767966395050103 0.07395541689962025 50011.0 152150.0 314139.0 513632.0 723299.0 921522.0 1095224.0 1238625.0 1350918.0 1434166.0 1491815.0 1527754.0 1545786.0 1549369.0 1541508.0 1524742.0
27 1.0 33.818583873039 -61.30539657918793 -0.02118423383035894 0.9808626779725655 0.4731818569088809 0.011843991872318516 0.05767966395050103 0.07395541689962025 43006.0 133634.0 280334.0 464071.0 660004.0 847684.0 1014205.0 1153424.0 1263964.0 1347303.0 1406374.0 1444647.0 1465606.0 1472466.0 1468059.0 1454801.0
28 1.0 207.34073840022455 23.201719031106066 -0.02118423383035894 0.9808626779725655 0.4731818569088809 0.011843991872318516 0.05767966395050103 0.07395541689962025 39163.0 122657.0 258919.0 430834.0 615408.0 793377.0 952343.0 1086200.0 1193352.0 1274954.0 1333596.0 1372438.0 1394699.0 1403380.0 1401142.0 1390273.0
29 1.0 334.5466311274371 -18.28183344845813 -0.02118423383035894 0.9808626779725655 0.4731818569088809 0.011843991872318516 0.05767966395050103 0.07395541689962025 67972.0 190900.0 373769.0 588894.0 807310.0 1008170.9999999999 1180048.0 1318808.0 1424944.0 1501427.0 1552285.0 1581746.0 1593793.0 1591954.0 1579248.0 1558191.0
0 1.0 114.68482288247652 -78.71166863579778 -0.02118423383035894 0.9808626779725655 0.4731818569088809 0.011843991872318516 0.05767966395050103 0.07395541689962025 50263.0 153204.0 316631.0 517965.0 729549.0 929511.0 1104632.0 1249092.0 1362097.0 1445759.0 1503578.0 1539499.0 1557373.0 1560695.0 1552504.0 1535363.0
1 1.0 240.2677367869254 -13.674194659828444 -0.02118423383035894 0.9808626779725655 0.4731818569088809 0.011843991872318516 0.05767966395050103 0.07395541689962025 177880.0 416933.0 719563.0 1033803.0 1321617.0 1563141.0 1752239.0 1890910.0 1985079.0 2041985.0 2068791.0 2071928.0000000002 2056871.9999999998 2028131.0000000002 1989338.0 1943374.0
2 1.0 47.447230465581185 -43.436867959906614 -0.02118423383035894 0.9808626779725655 0.4731818569088809 0.011843991872318516 0.05767966395050103 0.07395541689962025 39041.0 121515.0 255509.0 424092.0 604794.0 778879.0 934329.0 1065245.0 1170097.0 1250023.0 1307548.0 1345747.0 1367750.0 1376478.0 1374525.0 1364118.0
3 1.0 257.8777934826836 62.82689551713193 -0.02118423383035894 0.9808626779725655 0.4731818569088809 0.011843991872318516 0.05767966395050103 0.07395541689962025 36094.0 114127.0 242669.0 406128.0 582853.0 754356.0 908508.0 1039149.0000000001 1144465.0 1225348.0 1284126.0 1323734.0 1347205.0 1357394.0 1356852.0 1347783.0
4 1.0 104.1861934609924 -84.00516722159469 -0.02118423383035894 0.9808626779725655 0.4731818569088809 0.011843991872318516 0.05767966395050103 0.07395541689962025 58868.0 174997.0 355150.0 573029.0 798480.0 1008642.0 1190329.0 1338248.0 1452280.0 1535178.0 1590984.0 1624066.0 1638594.0 1638295.0 1626371.0 1605498.0
5 1.0 65.94889032256206 82.61688993542523 -0.02118423383035894 0.9808626779725655 0.4731818569088809 0.011843991872318516 0.05767966395050103 0.07395541689962025 96450.0 261821.00000000003 498979.0 769021.0 1035015.0 1272516.0 1469652.0 1623526.0 1736501.0 1813471.0 1860161.0 1882192.0 1884634.0 1871840.0 1847434.0 1814370.0
6 1.0 211.14465653162995 -26.033607275052667 -0.02118423383035894 0.9808626779725655 0.4731818569088809 0.011843991872318516 0.05767966395050103 0.07395541689962025 98697.0 262851.0 495401.0 758408.0 1016556.0 1246698.0 1437685.0 1586873.0 1696586.0 1771538.0 1817226.0 1839048.0 1841875.0 1829897.0 1806607.0 1774857.0
7 1.0 7.238716627497679 -25.792759727542276 -0.02118423383035894 0.9808626779725655 0.4731818569088809 0.011843991872318516 0.05767966395050103 0.07395541689962025 41923.0 130547.0 274316.0 454749.0 647532.0 832554.0 997051.0 1134881.0 1244596.0 1327576.0 1386649.0 1425196.0 1446621.0 1454080.0 1450356.0 1437829.0
8 1.0 298.4184105182507 -87.06086951693258 -0.02118423383035894 0.9808626779725655 0.4731818569088809 0.011843991872318516 0.05767966395050103 0.07395541689962025 82293.0 230260.0 448009.0 700864.0 953936.0 1183077.0 1375817.0 1528376.0 1642256.0 1721634.0 1771687.0 1797634.0 1804263.0 1795735.0 1775545.0 1746567.0
9 1.0 1.6903714293169436 -56.65818145748689 -0.02118423383035894 0.9808626779725655 0.4731818569088809 0.011843991872318516 0.05767966395050103 0.07395541689962025 58803.0 174044.0 352359.0 567755.0 790552.0 998272.0 1177943.0 1324344.0 1437340.0 1519621.0 1575152.0 1608226.0 1622945.0 1622982.0 1611493.0 1591120.0
10 1.0 244.01395324664284 -17.773289855350427 -0.02118423383035894 0.9808626779725655 0.4731818569088809 0.011843991872318516 0.05767966395050103 0.07395541689962025 205523.0 471748.0 801568.0 1137842.0 1440813.0 1691026.0 1883608.0 2021952.0000000002 2113190.0 2165506.0 2186753.0 2183848.0 2162593.0 2127712.0 2082974.0 2031339.0
11 1.0 97.20287034917935 77.27245511448851 -0.02118423383035894 0.9808626779725655 0.4731818569088809 0.011843991872318516 0.05767966395050103 0.07395541689962025 121874.0 316279.0 584504.0 881077.0 1166288.0 1415631.0 1618428.0 1773298.0 1883996.0 1956532.0 1997470.0 2013026.0 2008684.9999999998 1989073.0 1957993.0 1918508.0
12 1.0 264.66984796413414 -72.06931256017117 -0.02118423383035894 0.9808626779725655 0.4731818569088809 0.011843991872318516 0.05767966395050103 0.07395541689962025 149206.0 373475.0 673016.0 995896.0 1299839.0 1560438.0 1768309.0 1923635.0 2031578.9999999998 2099275.0 2134118.0 2142918.0 2131562.0 2104946.0 2067044.0 2021021.9999999998
13 1.0 346.38787624227774 80.15427602623433 -0.02118423383035894 0.9808626779725655 0.4731818569088809 0.011843991872318516 0.05767966395050103 0.07395541689962025 65608.0 191429.0 383417.0 612633.0 847303.0 1064025.0 1249748.0 1399604.0 1513969.0 1596046.0 1650245.0 1681215.0 1693335.0 1690479.0 1675953.0 1652504.0
14 1.0 89.55113166718489 66.5079354983938 -0.02118423383035894 0.9808626779725655 0.4731818569088809 0.011843991872318516 0.05767966395050103 0.07395541689962025 177618.0 430282.0 758034.0 1103438.0 1422536.0 1691512.0 1902421.0 2056957.0000000002 2161555.0 2224320.0 2253338.0 2255897.0 2238198.0 2205343.0 2161426.0 2109688.0
15 1.0 207.4166403904213 -8.25076855664068 -0.02118423383035894 0.9808626779725655 0.4731818569088809 0.011843991872318516 0.05767966395050103 0.07395541689962025 62876.0 181571.0 361951.0 577276.0 798200.0 1002979.0000000001 1179327.0 1322494.0 1432610.0 1512481.0 1566090.0 1597694.0 1611341.0 1610639.0 1598682.0 1578060.0
16 1.0 213.13509525786205 -31.19384128171319 -0.02118423383035894 0.9808626779725655 0.4731818569088809 0.011843991872318516 0.05767966395050103 0.07395541689962025 112839.0 293660.0 544584.0 823817.0 1094208.0 1332348.0 1527633.0 1678224.0 1787238.0 1860048.0 1902664.0 1920863.0 1919783.0 1903799.0 1876530.0 1840908.0
17 1.0 206.01068608471442 -48.10605672976977 -0.02118423383035894 0.9808626779725655 0.4731818569088809 0.011843991872318516 0.05767966395050103 0.07395541689962025 104158.0 277635.0 522811.0 799066.0 1068986.0 1308372.0 1505845.0 1659002.0 1770602.0 1845830.0 1890607.0 1910683.0 1911206.0 1896578.0 1870445.0 1835773.0
18 1.0 80.30938775062259 20.603647165837387 -0.02118423383035894 0.9808626779725655 0.4731818569088809 0.011843991872318516 0.05767966395050103 0.07395541689962025 258641.99999999997 572933.0 947895.0 1317917.0 1641352.0 1900449.0 2093211.0000000002 2225822.0 2307668.0 2348588.0 2357574.0 2342289.0 2309001.0 2262703.0 2207303.0 2145819.0
19 1.0 342.9896441461146 -84.04657353440899 -0.02118423383035894 0.9808626779725655 0.4731818569088809 0.011843991872318516 0.05767966395050103 0.07395541689962025 79006.0 222654.0 435386.0 683634.0 933112.0 1159821.0 1351181.0 1503203.0 1617173.0 1697076.0 1747939.0 1774871.0 1782578.0 1775165.0 1756089.0 1728198.0
20 1.0 160.96513630234585 -87.19090839957092 -0.02118423383035894 0.9808626779725655 0.4731818569088809 0.011843991872318516 0.05767966395050103 0.07395541689962025 71304.0 204975.0 406305.0 644272.0 885903.0 1107454.0 1296034.0 1447143.0 1561554.0 1642825.0 1695647.0 1724883.0 1735068.0 1730186.0 1713617.0 1688158.0
21 1.0 304.707122089606 -12.816769950317195 -0.02118423383035894 0.9808626779725655 0.4731818569088809 0.011843991872318516 0.05767966395050103 0.07395541689962025 144185.0 344482.0 603531.0 877718.0 1133423.0 1351932.0 1526422.0 1657455.0 1749383.0 1808033.0 1839401.0 1849009.0 1841644.0 1821309.0 1791270.0 1754150.0
22 1.0 251.81253911430156 -77.74666668455036 -0.02118423383035894 0.9808626779725655 0.4731818569088809 0.011843991872318516 0.05767966395050103 0.07395541689962025 118802.0 310389.0 576109.0 870978.0 1155319.0 1404446.0 1607468.0 1762827.0 1874148.0 1947361.0 1988977.0 2005186.0000000002 2001455.0 1982407.0 1951841.0 1912824.0
23 1.0 107.07730230784811 -44.65062211570328 -0.02118423383035894 0.9808626779725655 0.4731818569088809 0.011843991872318516 0.05767966395050103 0.07395541689962025 37484.0 115477.0 241405.0 399373.0 568545.0 731600.0 877416.0 1000502.0 1099395.0 1175097.0 1229904.0 1266637.0 1288180.0 1297237.0 1296213.0 1287183.0
24 1.0 292.9672150928918 -50.19103523770491 -0.02118423383035894 0.9808626779725655 0.4731818569088809 0.011843991872318516 0.05767966395050103 0.07395541689962025 222505.0 513665.00000000006 875219.0 1243678.0 1574799.0 1847058.0 2055257.9999999998 2203411.0 2299646.0 2353193.0 2372850.0 2366323.0 2340043.0 2299219.0 2247981.0 2189561.0
25 1.0 142.74206670491446 -44.425585129886656 -0.02118423383035894 0.9808626779725655 0.4731818569088809 0.011843991872318516 0.05767966395050103 0.07395541689962025 35163.0 111010.0 235877.0 394679.0 566470.0 733336.0 883494.0 1010930.0000000001 1113836.0 1193033.0 1250748.0 1289806.0 1313134.0 1323498.0 1323373.0 1314898.0
26 1.0 317.1971509600182 -66.4100583812536 -0.02118423383035894 0.9808626779725655 0.4731818569088809 0.011843991872318516 0.05767966395050103 0.07395541689962025 127265.99999999999 326219.0 598037.0 896519.0 1182091.0 1430714.0 1632174.0 1785439.0 1894487.0 1965456.0 2004970.0000000002 2019270.0000000002 2013840.0 1993295.0 1961422.0 1921267.0
27 1.0 209.25823414890914 -87.83347987842222 -0.02118423383035894 0.9808626779725655 0.4731818569088809 0.011843991872318516 0.05767966395050103 0.07395541689962025 77285.0 218855.0 429333.0 675648.0 923731.0 1149585.0 1340543.0 1492499.0 1606637.0 1686861.0 1738136.0 1765528.0 1773716.0 1766784.0 1748178.0 1720738.0
28 1.0 317.424730267747 -69.21282651502534 -0.02118423383035894 0.9808626779725655 0.4731818569088809 0.011843991872318516 0.05767966395050103 0.07395541689962025 121155.0 313805.0 579345.0 872863.0 1155175.0 1402091.0 1603051.0 1756663.0 1866606.0 1938798.0 1979707.0 1995468.0 1991498.0 1972371.0 1941850.0 1902966.0
29 1.0 249.3113724279957 21.32644671229461 -0.02118423383035894 0.9808626779725655 0.4731818569088809 0.011843991872318516 0.05767966395050103 0.07395541689962025 68497.0 186692.0 359096.0 559614.0 761893.0 947294.0 1105742.0 1233693.0 1331711.0 1402554.0 1449903.0 1477611.0 1489303.0 1488194.0 1477036.0 1458127.0
0 1.0 261.09154073507057 85.36611830724905 -0.02118423383035894 0.9808626779725655 0.4731818569088809 0.011843991872318516 0.05767966395050103 0.07395541689962025 60525.0 178991.0 361953.0 582482.0 810052.0 1021693.0 1204264.0 1352581.0 1466644.0 1549315.0 1604719.0 1637290.0 1651245.0 1650344.0 1637811.0 1616338.0
1 1.0 180.47677749361281 88.26210028096091 -0.02118423383035894 0.9808626779725655 0.4731818569088809 0.011843991872318516 0.05767966395050103 0.07395541689962025 72645.0 207869.0 410816.0 650099.0 892613.0 1114639.0 1303372.0 1454407.0 1568599.0 1649563.0 1702033.0 1730900.0 1740715.0 1735475.0 1718566.0 1692787.0
2 1.0 344.1901085003606 -16.37026283284891 -0.02118423383035894 0.9808626779725655 0.4731818569088809 0.011843991872318516 0.05767966395050103 0.07395541689962025 51970.0 154641.0 314829.0 510031.0 713776.0 905530.0 1073068.0 1211122.0 1319100.0 1399092.0 1454460.0 1488958.0 1506244.0 1509635.0 1502012.0 1485810.0
3 1.0 231.83647172266947 -60.66820331161104 -0.02118423383035894 0.9808626779725655 0.4731818569088809 0.011843991872318516 0.05767966395050103 0.07395541689962025 162143.0 399775.0 712906.0 1046913.9999999999 1358591.0 1623701.0 1833482.0 1988809.0 2095447.0 2160999.0 2193204.0 2199111.0 2184770.0 2155185.0 2114395.0 2065610.0
4 1.0 152.5878174809447 24.977116325975274 -0.02118423383035894 0.9808626779725655 0.4731818569088809 0.011843991872318516 0.05767966395050103 0.07395541689962025 76728.0 210170.0 404704.0 630182.0 856454.0 1062493.0 1237206.0 1376966.0 1482760.0 1557980.0 1606974.0 1634209.0 1643839.0 1639511.0 1624323.0 1600841.0
5 1.0 218.30155708605275 -1.7450376212273113 -0.02118423383035894 0.9808626779725655 0.4731818569088809 0.011843991872318516 0.05767966395050103 0.07395541689962025 75126.0 207423.0 401435.0 627208.0 854415.0 1061742.0 1237843.0 1378924.0 1485880.0 1562065.0 1611825.0 1639643.0 1649694.0 1645652.0 1630638.0 1607241.0
6 1.0 6.909551391360069 88.09375991119765 -0.02118423383035894 0.9808626779725655 0.4731818569088809 0.011843991872318516 0.05767966395050103 0.07395541689962025 73608.0 210208.0 414837.0 655736.0 899570.0 1122538.0 1311852.0 1463167.0 1577407.0 1658251.0 1710487.0 1739046.0 1748511.0 1742898.0 1725610.0 1699456.0
7 1.0 108.56693400283775 -78.24524271267956 -0.02118423383035894 0.9808626779725655 0.4731818569088809 0.011843991872318516 0.05767966395050103 0.07395541689962025 48994.0 149880.0 310603.0 509174.0 718368.0 916510.0 1090402.0 1234157.0 1346877.0 1430572.0 1488652.0 1524990.0 1543380.0 1547278.0 1539690.0 1523161.0
8 1.0 237.66247349736662 50.98219889648635 -0.02118423383035894 0.9808626779725655 0.4731818569088809 0.011843991872318516 0.05767966395050103 0.07395541689962025 35808.0 112920.0 239695.0 400714.0 574678.0 743443.0 895120.0 1023678.0000000001 1127345.0 1206997.0 1264925.0 1304006.0 1327217.0 1337362.0 1336946.0 1328134.0
9 1.0 104.42793859575987 -38.0882704803311 -0.02118423383035894 0.9808626779725655 0.4731818569088809 0.011843991872318516 0.05767966395050103 0.07395541689962025 41938.0 125789.00000000001 258235.0 421720.0 594620.0 759561.0 905744.0 1028105.0 1125573.0 1199460.0 1252286.0 1287021.0 1306642.0 1313904.0 1311239.0 1300729.0
10 1.0 222.48555443958296 -46.54464838621668 -0.02118423383035894 0.9808626779725655 0.4731818569088809 0.011843991872318516 0.05767966395050103 0.07395541689962025 157200.0 387796.0 692227.0 1017725.0 1322285.0 1582138.0 1788498.0 1941976.0 2048004.0000000002 2113868.0 2147034.0 2154339.0 2141670.0 2113912.0 2075021.0 2028144.0000000002
11 1.0 154.35673234047582 29.250822875881667 -0.02118423383035894 0.9808626779725655 0.4731818569088809 0.011843991872318516 0.05767966395050103 0.07395541689962025 77747.0 213211.0 410738.0 639620.0 869165.0 1078006.0 1254906.0 1396229.0 1503023.0 1578773.0 1627924.0 1655032.0 1664322.0 1659504.0 1643722.0 1619581.0
12 1.0 48.770663120082084 -45.70862670162639 -0.02118423383035894 0.9808626779725655 0.4731818569088809 0.011843991872318516 0.05767966395050103 0.07395541689962025 38627.0 120475.0 253689.0 421525.0 601628.0 775304.0 930525.0 1061359.0 1166238.0 1246264.0 1303936.0 1342307.0 1364495.0 1373410.0 1371639.0 1361405.0
13 1.0 107.38163734417108 29.854641160653784 -0.02118423383035894 0.9808626779725655 0.4731818569088809 0.011843991872318516 0.05767966395050103 0.07395541689962025 250512.0 558050.0 927199.0 1293459.0 1615269.0 1874467.0 2068528.9999999998 2203170.0 2287419.0 2330864.0 2342335.0 2329395.0 2298259.0 2253898.0 2200216.0 2140240.0
14 1.0 205.18736785245537 3.11553309641198 -0.02118423383035894 0.9808626779725655 0.4731818569088809 0.011843991872318516 0.05767966395050103 0.07395541689962025 48266.0 146245.0 301426.0 492619.0 693878.0 884600.0 1052233.0 1191140.0 1300416.0 1381922.0 1438864.0 1474902.0 1493638.0 1498360.0 1491942.0 1476817.0
15 1.0 212.71419404934235 -13.663982081547132 -0.02118423383035894 0.9808626779725655 0.4731818569088809 0.011843991872318516 0.05767966395050103 0.07395541689962025 83085.0 227081.0 436017.0 676913.0 917289.0 1134845.0 1318094.0 1463555.0 1572617.0 1649144.0 1697939.0 1723865.0 1731395.0 1724430.0 1706262.0 1679604.0
16 1.0 206.75708958584838 9.843805559055411 -0.02118423383035894 0.9808626779725655 0.4731818569088809 0.011843991872318516 0.05767966395050103 0.07395541689962025 44919.0 137595.0 285845.0 469953.0 665050.0 851029.0 1015404.9999999999 1152378.0 1260798.0 1342271.0 1399779.0 1436799.0 1456791.0 1462938.0 1458033.0 1444458.0
17 1.0 235.1522951485681 -38.330726414466646 -0.02118423383035894 0.9808626779725655 0.4731818569088809 0.011843991872318516 0.05767966395050103 0.07395541689962025 207136.0 484386.0 833000.0 1191875.0 1517209.0 1786909.0 1994931.0 2144498.0 2243120.0 2299587.0 2322400.0 2319073.0 2295918.0 2258075.0 2209642.0 2153832.0
18 1.0 234.757177200608 37.1834471291362 -0.02118423383035894 0.9808626779725655 0.4731818569088809 0.011843991872318516 0.05767966395050103 0.07395541689962025 39744.0 122392.0 255593.00000000003 422282.0 600298.0 771352.0 923809.0 1052019.0 1154581.0 1232672.0 1288801.0 1326003.0 1347352.0 1355713.0 1353625.0 1343271.0
19 1.0 155.31063675623062 -15.325763519958471 -0.02118423383035894 0.9808626779725655 0.4731818569088809 0.011843991872318516 0.05767966395050103 0.07395541689962025 38178.0 118653.0 249349.0 413833.0 590263.0 760394.0 912483.0 1040731.0000000001 1143598.0 1222151.0 1278821.0 1316590.0 1338499.0 1347395.0 1345808.0 1335914.0
20 1.0 322.75677450638267 -25.101799112539396 -0.02118423383035894 0.9808626779725655 0.4731818569088809 0.011843991872318516 0.05767966395050103 0.07395541689962025 109226.0 279078.0 512157.0 770150.0 1019560.0 1239414.0 1420217.0 1560307.0 1662451.0 1731452.0 1772709.0 1791428.0 1792263.0 1779194.0 1755524.0 1723946.0
21 1.0 132.32227321724275 59.158244620032804 -0.02118423383035894 0.9808626779725655 0.4731818569088809 0.011843991872318516 0.05767966395050103 0.07395541689962025 148126.0 367117.0 657926.0 970613.0 1264828.0 1517317.0 1719121.0 1870379.0 1975986.0 2042733.9999999998 2077686.0 2087364.0 2077421.9999999998 2052575.0 2016661.0 1972745.0
22 1.0 156.91137309562566 76.4940441515746 -0.02118423383035894 0.9808626779725655 0.4731818569088809 0.011843991872318516 0.05767966395050103 0.07395541689962025 86106.0 237991.0 459444.0 714968.0 969518.0 1199147.0 1391680.0 1543600.0 1656606.0 1735009.0 1784067.0 1809050.0 1814772.0 1805403.0 1784446.0 1754769.0
23 1.0 321.092407805642 -81.71868404028655 -0.02118423383035894 0.9808626779725655 0.4731818569088809 0.011843991872318516 0.05767966395050103 0.07395541689962025 90664.0 248906.0 478064.0 740962.0 1001525.0 1235456.0 1430658.0 1583883.0 1697145.0 1775044.0 1823075.0 1846693.0 1850847.0 1839809.0 1817147.0 1785778.0
24 1.0 290.22983605659084 -48.12714129064221 -0.02118423383035894 0.9808626779725655 0.4731818569088809 0.011843991872318516 0.05767966395050103 0.07395541689962025 234615.0 536568.0 908109.0 1283945.0 1619519.0 1893750.0 2102096.0 2249173.0 2343579.0 2394885.0 2412116.0 2403125.0 2374434.0 2331305.0 2277897.0 2217454.0
25 1.0 253.39989007453187 -27.266513491338614 -0.02118423383035894 0.9808626779725655 0.4731818569088809 0.011843991872318516 0.05767966395050103 0.07395541689962025 260450.00000000003 580708.0 965190.0 1346510.0 1681261.0 1950521.0 2151721.0 2290897.0 2377532.0 2421676.0 2432572.0 2418128.0 2384832.0 2337869.0 2281305.0 2218287.0
26 1.0 36.0816794324284 56.693966286644525 -0.02118423383035894 0.9808626779725655 0.4731818569088809 0.011843991872318516 0.05767966395050103 0.07395541689962025 132109.0 338081.0 618681.0 925841.0 1218742.0 1472837.0 1677912.0 1833185.0 1942964.0 2013709.0 2052318.0 2065252.9999999998 2058163.0 2035788.9999999998 2002004.0 1959918.0
27 1.0 331.0137409480825 87.38845697579356 -0.02118423383035894 0.9808626779725655 0.4731818569088809 0.011843991872318516 0.05767966395050103 0.07395541689962025 69228.0 199943.0 397673.0 632192.0 871015.0 1090562.0 1277902.0 1428408.0 1542706.0 1624214.0 1677515.0 1707387.0 1718298.0 1714190.0 1698410.0 1673734.0
28 1.0 257.1268678376801 84.41490684066332 -0.02118423383035894 0.9808626779725655 0.4731818569088809 0.011843991872318516 0.05767966395050103 0.07395541689962025 58480.0 173954.0 353225.0 570182.0 794815.0 1004339.0000000001 1185581.0 1333229.0 1447135.0 1530017.0 1585889.0 1619094.0 1633782.0 1633668.0 1621940.0 1601269.0
29 1.0 359.5849223644319 72.89070219898684 -0.02118423383035894 0.9808626779725655 0.4731818569088809 0.011843991872318516 0.05767966395050103 0.07395541689962025 69277.0 200236.0 398404.0 633469.0 872841.0 1092867.0 1280584.0 1431358.0 1545824.0 1627420.0 1680744.0 1710590.0 1721440.0 1717247.0 1701367.0 1676580.0
0 1.0 53.80138967687775 -36.619872288474625 -0.02118423383035894 0.9808626779725655 0.4731818569088809 0.011843991872318516 0.05767966395050103 0.07395541689962025 42279.0 128969.0 267476.0 439614.0 622390.0 797128.0 952132.0 1081870.0 1185125.0 1263267.0 1318976.0 1355426.0 1375800.0 1383046.0 1379766.0 1368183.0
1 1.0 312.52538065255715 88.56202381460534 -0.02118423383035894 0.9808626779725655 0.4731818569088809 0.011843991872318516 0.05767966395050103 0.07395541689962025 69782.0 201212.0 399750.0 634984.0 874339.0 1094219.0 1281721.0 1432258.0 1546492.0 1627878.0 1681018.0 1710709.0 1721432.0 1717135.0 1701172.0 1676320.0
2 1.0 58.497456483494936 -45.10439260983878 -0.02118423383035894 0.9808626779725655 0.4731818569088809 0.011843991872318516 0.05767966395050103 0.07395541689962025 38845.0 120387.0 252466.00000000003 418332.0 595918.0 766885.0 919492.0 1047989.0000000001 1150902.0 1229358.0 1285839.0 1323363.0 1345002.0 1353619.0 1351755.0 1341595.0
3 1.0 221.6014431421839 -70.9368921211982 -0.02118423383035894 0.9808626779725655 0.4731818569088809 0.011843991872318516 0.05767966395050103 0.07395541689962025 117793.0 308325.0 572992.0 867027.0 1150818.0 1399654.0 1602585.0 1757993.0 1869454.0 1942861.0 1984700.0 2001143.0 1997647.0 1978827.0 1948480.0 1909669.0
4 1.0 44.57519382579895 81.17146998997094 -0.02118423383035894 0.9808626779725655 0.4731818569088809 0.011843991872318516 0.05767966395050103 0.07395541689962025 93901.0 256317.00000000003 490315.0 757677.0 1021755.0 1258105.0 1454723.0 1608553.0 1721810.0 1799274.0 1846582.0 1869297.0 1872447.0 1860359.0 1836638.0 1804229.0
5 1.0 305.2829625560044 -47.98435401574267 -0.02118423383035894 0.9808626779725655 0.4731818569088809 0.011843991872318516 0.05767966395050103 0.07395541689962025 189871.0 448236.0 776407.0 1117265.0 1428874.0 1689419.0 1892307.0 2039931.9999999998 2138981.0 2197537.0 2223544.0 2224097.0 2205205.0 2171790.0 2127802.0 2076356.0
6 1.0 290.63482514100383 34.15828771399508 -0.02118423383035894 0.9808626779725655 0.4731818569088809 0.011843991872318516 0.05767966395050103 0.07395541689962025 43920.0 130248.0 265367.0 431056.0 605406.0 771057.0 917354.0 1039409.0 1136307.0 1209478.0 1261528.0 1295480.0 1314347.0 1320905.0 1317594.0 1306500.0
7 1.0 204.8762659012536 -79.49585538349405 -0.02118423383035894 0.9808626779725655 0.4731818569088809 0.011843991872318516 0.05767966395050103 0.07395541689962025 86928.0 240922.0 465651.0 724916.0 983002.0 1215560.0 1410269.0 1563633.0 1677452.0 1756162.0 1805145.0 1829774.0 1834947.0 1824905.0 1803196.0 1772727.0
8 1.0 146.58598700135988 41.52763784294572 -0.02118423383035894 0.9808626779725655 0.4731818569088809 0.011843991872318516 0.05767966395050103 0.07395541689962025 112979.0 290243.0 534190.0 804447.0 1065595.0 1295467.0 1484078.0 1629741.0 1735456.0 1806358.0 1848187.0 1866460.0 1866098.0 1851293.0 1825520.0 1791600.0
9 1.0 24.900118363849696 68.70963822009114 -0.02118423383035894 0.9808626779725655 0.4731818569088809 0.011843991872318516 0.05767966395050103 0.07395541689962025 98039.0 265666.0 505599.0 778341.0 1046584.0 1285742.0 1483956.0 1638416.0 1751589.0 1828471.0 1874870.0 1896474.0 1898403.0 1885048.0 1860057.0 1826403.0
10 1.0 251.07435833204292 -40.96135881612675 -0.02118423383035894 0.9808626779725655 0.4731818569088809 0.011843991872318516 0.05767966395050103 0.07395541689962025 258718.0 584260.0 979650.0 1375184.0 1724735.0 2007440.0 2219734.0 2367360.0 2459926.0 2507806.0 2520631.0 2506686.0 2472796.0 2424429.0 2365877.0 2300469.0
11 1.0 163.27536576410478 -21.76975870606286 -0.02118423383035894 0.9808626779725655 0.4731818569088809 0.011843991872318516 0.05767966395050103 0.07395541689962025 36162.0 114262.0 242817.0 406189.0 582717.0 753936.0 907750.0 1038028.0 1142982.0 1223517.0 1281974.0 1321293.0 1344508.0 1354476.0 1353746.0 1344520.0
12 1.0 259.94001580932525 -22.6266870022351 -0.02118423383035894 0.9808626779725655 0.4731818569088809 0.011843991872318516 0.05767966395050103 0.07395541689962025 262550.0 581301.0 961342.0 1336133.0 1663513.0 1925563.0 2120329.0 2254130.0 2336514.0 2377471.0 2386125.0 2370244.0 2336180.0 2288988.0 2232625.0 2170144.0
13 1.0 311.8976373343065 44.781886357223954 -0.02118423383035894 0.9808626779725655 0.4731818569088809 0.011843991872318516 0.05767966395050103 0.07395541689962025 35716.0 111851.0 236397.0 394090.0 564131.0 728905.0 876916.0 1002356.0 1103541.0 1181343.0 1237994.0 1276296.0 1299139.0 1309247.0 1309054.0 1300662.0
14 1.0 351.1877418010389 -47.19469634297301 -0.02118423383035894 0.9808626779725655 0.4731818569088809 0.011843991872318516 0.05767966395050103 0.07395541689962025 65433.00000000001 189104.0 376749.0 600178.0 828718.0 1039831.0 1220939.0 1367329.0 1479328.0 1559995.0 1613562.0 1644507.0 1657056.0 1654959.0 1641419.0 1619105.0
15 1.0 308.08920326133995 -59.06644217142426 -0.02118423383035894 0.9808626779725655 0.4731818569088809 0.011843991872318516 0.05767966395050103 0.07395541689962025 161930.0 396035.0 702895.0 1029323.0 1333586.0 1592381.0 1797327.0 1949311.0 2053922.0 2118521.0 2150601.0 2156997.0 2143579.0 2115213.0 2075832.0000000002 2028563.9999999998
16 1.0 4.21707030660071 -9.127503236207147 -0.02118423383035894 0.9808626779725655 0.4731818569088809 0.011843991872318516 0.05767966395050103 0.07395541689962025 40719.0 127210.99999999999 267952.0 445023.0 634624.0 816948.0 979351.0 1115690.0 1224447.0 1306915.0 1365828.0 1404484.0 1426218.0 1434128.0 1430954.0 1419041.0
17 1.0 129.592103212211 -35.19568667208249 -0.02118423383035894 0.9808626779725655 0.4731818569088809 0.011843991872318516 0.05767966395050103 0.07395541689962025 37721.0 116074.0 242464.0 400902.0 570486.0 733866.0 879920.0 1003168.0000000001 1102161.0 1177916.0 1232742.0 1269470.0 1290990.0 1300012.0 1298944.0 1289864.0
18 1.0 262.7966024726609 61.05404200655744 -0.02118423383035894 0.9808626779725655 0.4731818569088809 0.011843991872318516 0.05767966395050103 0.07395541689962025 35565.0 112439.0 239100.0 400232.0 574536.0 743796.0 896041.0 1025169.9999999999 1129369.0 1209489.0 1267810.0 1307212.0 1330676.0 1341013.0 1340736.0 1332018.0
19 1.0 61.78668381411859 -47.20647131718502 -0.02118423383035894 0.9808626779725655 0.4731818569088809 0.011843991872318516 0.05767966395050103 0.07395541689962025 38266.0 118843.0 249606.0 414067.0 590371.0 760293.0 912128.0 1040114.9999999999 1142742.0 1221091.0 1277606.0 1315266.0 1337112.0 1345986.0 1344409.0 1334551.0
20 1.0 187.57317823348654 0.4301023480670665 -0.02118423383035894 0.9808626779725655 0.4731818569088809 0.011843991872318516 0.05767966395050103 0.07395541689962025 38756.0 122263.0 259322.0 432916.0 619799.0 800341.0 961826.0 1097939.0 1206974.0 1290057.0 1349793.0 1389383.0 1412095.0 1420983.0 1418757.0 1407747.0
21 1.0 19.561675802131305 79.66504794562746 -0.02118423383035894 0.9808626779725655 0.4731818569088809 0.011843991872318516 0.05767966395050103 0.07395541689962025 82993.0 231926.0 450846.0 704823.0 958811.0 1188607.0 1381754.0 1534510.0 1648426.0 1727723.0 1777614.0 1803347.0 1809732.0 1800943.0 1780487.0 1751245.0
22 1.0 71.99874896270403 24.119585594038938 -0.02118423383035894 0.9808626779725655 0.4731818569088809 0.011843991872318516 0.05767966395050103 0.07395541689962025 252498.99999999997 564493.0 940181.0 1313809.0 1642704.0 1908027.0 2106970.0 2245225.0 2331931.0 2376850.0 2388992.0 2376094.0 2344517.0 2299355.0 2244613.0 2183395.0
23 1.0 6.66784600582103 66.11209298324366 -0.02118423383035894 0.9808626779725655 0.4731818569088809 0.011843991872318516 0.05767966395050103 0.07395541689962025 73826.0 210904.0 416240.0 657914.0 902450.0 1125974.0 1315674.0 1467219.0 1581558.0 1662403.0 1714566.0 1743004.0 1752314.0 1746529.0 1729059.0 1702721.0
24 1.0 285.7311732086714 79.23774408385813 -0.02118423383035894 0.9808626779725655 0.4731818569088809 0.011843991872318516 0.05767966395050103 0.07395541689962025 49325.0 150809.0 312373.0 511850.99999999994 721873.0 920681.0 1095058.0 1239125.0 1352014.0 1435764.0 1493814.0 1530059.0 1548315.0 1552051.0 1544285.0 1527569.0
25 1.0 80.61288770173685 45.13767513954335 -0.02118423383035894 0.9808626779725655 0.4731818569088809 0.011843991872318516 0.05767966395050103 0.07395541689962025 268048.0 603012.0 1008165.0 1411978.0 1767584.0 2054120.9999999998 2268364.0 2416490.0 2508509.0 2555132.0 2566241.0 2550314.0 2514308.0 2463783.0 2403094.0 2335610.0
26 1.0 124.32660505088496 35.92351084045525 -0.02118423383035894 0.9808626779725655 0.4731818569088809 0.011843991872318516 0.05767966395050103 0.07395541689962025 192613.0 447808.0 767970.0 1097758.0 1397534.0 1647181.0 1841001.0 1981678.0 2075816.0 2131246.0 2155598.0 2155656.0 2137155.0 2104790.0 2062323.0000000002 2012724.0
27 1.0 334.1092656476127 84.23380198876086 -0.02118423383035894 0.9808626779725655 0.4731818569088809 0.011843991872318516 0.05767966395050103 0.07395541689962025 65674.0 191541.0 383547.0 612747.0 847378.0 1064053.0 1249730.0 1399547.0 1513881.0 1595937.0 1650122.0 1681084.0 1693200.0 1690345.0 1675823.0 1652378.0
28 1.0 253.5891846924718 88.99214213658229 -0.02118423383035894 0.9808626779725655 0.4731818569088809 0.011843991872318516 0.05767966395050103 0.07395541689962025 69975.0 201634.0 400408.0 635830.0 875305.0 1095242.0 1282752.0 1433263.0 1547450.0 1628777.0 1681853.0 1711480.0 1722140.0 1717784.0 1701766.0 1676863.0
29 1.0 11.462014631270826 -8.672097119443265 -0.02118423383035894 0.9808626779725655 0.4731818569088809 0.011843991872318516 0.05767966395050103 0.07395541689962025 41612.0 129669.0 272614.0 452109.0 643983.0 828215.0 992078.0 1129440.0 1238836.0 1321625.0 1380611.0 1419151.0 1440631.0 1448190.0 1444598.0 1432227.0
0 1.0 59.289896339248585 -77.2434399268425 -0.02118423383035894 0.9808626779725655 0.4731818569088809 0.011843991872318516 0.05767966395050103 0.07395541689962025 49577.0 151368.0 313254.0 512995.0 723192.0 922096.0 1096509.0 1240570.0 1353427.0 1437130.0 1495126.0 1531313.0 1549510.0 1553190.0 1545369.0 1528601.0
1 1.0 223.73222453991488 -37.29707434070661 -0.02118423383035894 0.9808626779725655 0.4731818569088809 0.011843991872318516 0.05767966395050103 0.07395541689962025 160588.0 392563.0 696705.0 1020435.0 1322431.0 1579555.0 1783423.0 1934838.0 2039282.0 2104009.0 2136424.0 2143291.0 2130430.0 2102665.0 2063904.0 2017255.0
2 1.0 207.80229189750034 -62.57615297620852 -0.02118423383035894 0.9808626779725655 0.4731818569088809 0.011843991872318516 0.05767966395050103 0.07395541689962025 107004.0 284904.0 535799.0 817853.0 1092785.0 1336007.0 1536103.0 1690807.0 1803088.0 1878335.0 1922651.0 1941935.0 1941447.0 1925674.0 1898325.0 1862410.0
3 1.0 85.64141569482311 -14.852452536717877 -0.02118423383035894 0.9808626779725655 0.4731818569088809 0.011843991872318516 0.05767966395050103 0.07395541689962025 99335.0 250027.99999999997 455224.0 681811.0 901075.0 1095009.0 1255361.0 1380555.0 1472823.0 1536183.0 1575204.0 1594331.0 1597563.0 1588344.0 1569548.0 1543534.0
4 1.0 336.3170392529258 -66.36792087481392 -0.02118423383035894 0.9808626779725655 0.4731818569088809 0.011843991872318516 0.05767966395050103 0.07395541689962025 96091.0 259708.0 493792.0 760082.0 1022361.0000000001 1256661.0 1451319.0 1603462.0 1715374.0 1791832.0 1838438.0 1860704.0 1863610.0 1851436.0 1827750.0 1795464.0
5 1.0 221.02774414772256 18.741204723758756 -0.02118423383035894 0.9808626779725655 0.4731818569088809 0.011843991872318516 0.05767966395050103 0.07395541689962025 48674.0 145352.0 296947.0 482599.0 677331.0 861508.0 1023250.0 1157269.0 1262768.0 1341560.0 1396731.0 1431789.0 1450184.0 1455069.0 1449196.0 1434902.0
6 1.0 192.827809088985 -21.094549351586267 -0.02118423383035894 0.9808626779725655 0.4731818569088809 0.011843991872318516 0.05767966395050103 0.07395541689962025 51449.0 155586.0 319903.0 521494.0 732736.0 931956.0 1106149.0 1249654.0 1361776.0 1444675.0 1501867.0 1537292.0 1554788.0 1557835.0 1549453.0 1532189.0
7 1.0 212.36759148764554 71.1694591718778 -0.02118423383035894 0.9808626779725655 0.4731818569088809 0.011843991872318516 0.05767966395050103 0.07395541689962025 48000.0 147281.0 305896.0 502314.99999999994 709657.0 906398.0 1079363.0 1222606.0 1335149.0 1418918.0 1477249.0 1513957.0 1532792.0 1537177.0 1530095.0 1514073.0
8 1.0 262.8439306260371 84.20304092373033 -0.02118423383035894 0.9808626779725655 0.4731818569088809 0.011843991872318516 0.05767966395050103 0.07395541689962025 57834.0 172371.0 350493.0 566353.0 790101.0 999003.0 1179872.0 1327354.0 1441249.0 1524232.0 1580279.0 1613705.0 1628641.0 1628785.0 1617319.0 1596905.0
9 1.0 112.30019837265667 8.43928230049599 -0.02118423383035894 0.9808626779725655 0.4731818569088809 0.011843991872318516 0.05767966395050103 0.07395541689962025 167637.0 388255.0 665076.0 951001.0 1212131.0 1431013.0 1602427.0 1728332.0 1814118.0 1866311.0 1891341.0 1894980.0 1882138.0 1856864.0 1822423.0 1781410.0
10 1.0 143.35958239779308 -40.531757423832616 -0.02118423383035894 0.9808626779725655 0.4731818569088809 0.011843991872318516 0.05767966395050103 0.07395541689962025 35149.0 110763.0 235078.0 393040.0 563824.0 729656.0 878863.0 1005492.0 1107763.0 1186498.0 1243910.0 1282800.0 1306074.0 1316472.0 1316449.0 1308130.0
11 1.0 75.54374963104397 16.601475377130626 -0.02118423383035894 0.9808626779725655 0.4731818569088809 0.011843991872318516 0.05767966395050103 0.07395541689962025 236563.0 529462.0 882964.0 1235488.0 1546805.0 1798926.0 1988912.0 2121863.0 2206200.0 2250992.0 2264655.0 2254445.0 2226349.0 2185177.0 2134722.0 2077934.0
12 1.0 67.02948211692102 71.41700848039378 -0.02118423383035894 0.9808626779725655 0.4731818569088809 0.011843991872318516 0.05767966395050103 0.07395541689962025 143212.0 361252.0 654482.0 972245.0 1272695.0 1531330.0 1738456.0 1893919.0 2002593.0 2071390.0 2107544.0 2117755.0 2107835.0 2082634.0 2046096.0 2001370.0
13 1.0 339.9740603942161 -16.787997749565307 -0.02118423383035894 0.9808626779725655 0.4731818569088809 0.011843991872318516 0.05767966395050103 0.07395541689962025 57414.0 167167.0 335354.0 537595.0 746496.0 941399.0 1110367.0 1248545.0 1355739.0 1434363.0 1488019.0 1520636.0 1535987.0 1537464.0 1527996.0 1510044.0
14 1.0 266.2382862177435 9.374089804554757 -0.02118423383035894 0.9808626779725655 0.4731818569088809 0.011843991872318516 0.05767966395050103 0.07395541689962025 120510.0 292843.0 519958.00000000006 764383.0 995888.0 1196757.0 1359769.0 1484498.0 1574176.0 1633605.0 1667923.0 1681975.0 1680034.0 1665718.0 1642013.0 1611340.0
15 1.0 176.56517110232414 -41.10250183089374 -0.02118423383035894 0.9808626779725655 0.4731818569088809 0.011843991872318516 0.05767966395050103 0.07395541689962025 45680.0 141177.0 294799.0 486108.0 689026.0 882398.0 1053090.0 1195030.0 1307052.0 1390888.0 1449710.0 1487195.0 1506993.0 1512449.0 1506491.0 1491606.0
16 1.0 81.86926607039636 -8.020053098995149 -0.02118423383035894 0.9808626779725655 0.4731818569088809 0.011843991872318516 0.05767966395050103 0.07395541689962025 127306.0 307579.0 543667.0 796350.0 1034467.0 1240056.0 1406039.0 1532289.0 1622368.0 1681369.0 1714675.0 1727318.0 1723714.0 1707588.0 1682000.0 1649428.0
17 1.0 91.56833343734147 -17.69156363167224 -0.02118423383035894 0.9808626779725655 0.4731818569088809 0.011843991872318516 0.05767966395050103 0.07395541689962025 87920.0 225840.0 417199.0 631657.0 841773.0 1029695.0 1186761.0 1310806.0 1403487.0 1468340.0 1509554.0 1531297.0 1537369.0 1531074.0 1515194.0 1492025.0
18 1.0 20.89049771659522 -45.28557628506522 -0.02118423383035894 0.9808626779725655 0.4731818569088809 0.011843991872318516 0.05767966395050103 0.07395541689962025 41652.0 129842.00000000001 273049.0 452916.0 645218.0 829878.0 994128.0 1131814.0 1241462.0 1324433.0 1383538.0 1422145.0 1443648.0 1451195.0 1447565.0 1435136.0
19 1.0 156.3899852009235 1.0559490885555078 -0.02118423383035894 0.9808626779725655 0.4731818569088809 0.011843991872318516 0.05767966395050103 0.07395541689962025 45594.0 137404.0 282562.0 461511.0 650263.0 829678.0 987987.0 1119796.0 1224110.0 1302525.0 1357928.0 1393659.0 1413034.0 1419101.0 1414534.0 1401612.0
20 1.0 112.24651751787692 -34.13145132363395 -0.02118423383035894 0.9808626779725655 0.4731818569088809 0.011843991872318516 0.05767966395050103 0.07395541689962025 43512.0 129360.0 264007.0 429364.0 603566.0 769227.0 915644.0 1037879.0 1134974.0 1208336.0 1260553.0 1294641.0 1313611.0 1320239.0 1316971.0 1305896.0
21 1.0 250.6836559735654 -22.85372450146545 -0.02118423383035894 0.9808626779725655 0.4731818569088809 0.011843991872318516 0.05767966395050103 0.07395541689962025 242703.0 544733.0 910088.0 1274977.0 1597515.0 1858858.0 2055821.0 2193622.0 2280967.0 2327257.0 2341236.0 2330439.0 2301092.0 2258193.0 2205685.0 2146631.0
22 1.0 135.99066214529313 4.494679605767573 -0.02118423383035894 0.9808626779725655 0.4731818569088809 0.011843991872318516 0.05767966395050103 0.07395541689962025 83385.0 219510.0 412126.0 630988.0 847601.0 1042859.0 1207125.0 1337631.0 1435749.0 1504938.0 1549440.0 1573537.0 1581165.0 1575767.0 1560252.0 1537026.0
23 1.0 64.65732392146853 45.10710412721775 -0.02118423383035894 0.9808626779725655 0.4731818569088809 0.011843991872318516 0.05767966395050103 0.07395541689962025 236554.0 543924.0 923688.0 1308765.0 1653009.0 1934415.0 2148124.0 2298809.0 2395307.0 2447484.0 2464650.0 2454909.0 2424984.0 2380295.0 2325122.0 2262799.0
24 1.0 8.884342220879242 -29.968656157570443 -0.02118423383035894 0.9808626779725655 0.4731818569088809 0.011843991872318516 0.05767966395050103 0.07395541689962025 42194.0 131305.0 275773.0 456982.0 650497.0 836134.0 1001096.9999999999 1139250.0 1249158.0 1332227.0 1391307.0 1429799.0 1451126.0 1458455.0 1454582.0 1441894.0
25 1.0 24.20986732676949 76.34857799173744 -0.02118423383035894 0.9808626779725655 0.4731818569088809 0.011843991872318516 0.05767966395050103 0.07395541689962025 89613.0 246910.0 475320.0 737839.0 998366.0 1232497.0 1428026.0 1581626.0 1695262.0 1773505.0 1821841.0 1845720.0 1850095.0 1839240.0 1816728.0 1785482.0
26 1.0 244.58139845948423 65.21733843046243 -0.02118423383035894 0.9808626779725655 0.4731818569088809 0.011843991872318516 0.05767966395050103 0.07395541689962025 37627.0 118751.0 252070.00000000003 421207.0 603637.0 780242.0 938565.0 1072350.0 1179838.0 1262040.0 1321435.0 1361102.0 1384206.0 1393711.0 1392258.0 1382123.0
27 1.0 163.33086404017632 -81.23574672440486 -0.02118423383035894 0.9808626779725655 0.4731818569088809 0.011843991872318516 0.05767966395050103 0.07395541689962025 65927.0 192253.0 384900.0 614792.0 850054.0 1067239.0 1253287.0 1403346.0 1517812.0 1599913.0 1654079.0 1684974.0 1696991.0 1694015.0 1679358.0 1655772.0
28 1.0 193.16851599914 -44.3443456337719 -0.02118423383035894 0.9808626779725655 0.4731818569088809 0.011843991872318516 0.05767966395050103 0.07395541689962025 70807.0 203087.0 402167.0 637494.0 876575.0 1095975.0 1282924.0 1432925.0 1546687.0 1627680.0 1680510.0 1709965.0 1720516.0 1716099.0 1700056.0 1675158.0
29 1.0 322.80166549452315 -9.695607721343649 -0.02118423383035894 0.9808626779725655 0.4731818569088809 0.011843991872318516 0.05767966395050103 0.07395541689962025 80715.0 216152.0 410179.0 632408.0 853530.0 1053597.0 1222376.0 1356776.0 1458046.0 1529651.0 1575904.0 1601179.0 1609515.0 1604446.0 1588962.0 1565538.0
0 1.0 356.52202106281356 -71.16698002635466 -0.02118423383035894 0.9808626779725655 0.4731818569088809 0.011843991872318516 0.05767966395050103 0.07395541689962025 72151.0 206319.0 407650.0 645068.0 885780.0 1106266.0 1293808.0 1444003.0 1557669.0 1638365.0 1690772.0 1719729.0 1729745.0 1724785.0 1708206.0 1682790.0
1 1.0 78.08291438345061 -27.274321973970522 -0.02118423383035894 0.9808626779725655 0.4731818569088809 0.011843991872318516 0.05767966395050103 0.07395541689962025 60750.0 169271.0 330488.0 520575.0 714436.0 893794.0 1048416.0 1174383.0 1271840.0 1343168.0 1391735.0 1421149.0 1434852.0 1435925.0 1427023.0 1410378.0
2 1.0 238.70815311603627 43.21755461118286 -0.02118423383035894 0.9808626779725655 0.4731818569088809 0.011843991872318516 0.05767966395050103 0.07395541689962025 37469.0 116657.0 245490.0 407878.0 582301.0 750719.0 901480.0 1028794.9999999999 1131088.0 1209371.0 1266018.0 1303952.0 1326169.0 1335474.0 1334364.0 1324989.0
3 1.0 94.79605562537424 32.49260660570866 -0.02118423383035894 0.9808626779725655 0.4731818569088809 0.011843991872318516 0.05767966395050103 0.07395541689962025 281440.0 620463.0 1022566.0000000001 1417126.0 1760006.0 2032912.0 2234350.0 2371412.0 2454438.0 2494122.0 2500153.0 2480744.0 2442577.0 2390957.0 2330015.0 2262933.0
4 1.0 7.434359807662325 22.02919714188087 -0.02118423383035894 0.9808626779725655 0.4731818569088809 0.011843991872318516 0.05767966395050103 0.07395541689962025 48853.0 149141.0 308730.0 505812.00000000006 713433.0 910136.0 1082847.0 1225717.0 1337840.0 1421185.0 1479120.0 1515469.0 1533988.0 1538100.0 1530785.0 1514566.0
5 1.0 273.01631538101094 37.895112490022214 -0.02118423383035894 0.9808626779725655 0.4731818569088809 0.011843991872318516 0.05767966395050103 0.07395541689962025 43113.0 128601.0 263028.0 428418.0 602891.0 768993.0 915941.0 1038737.0 1136384.0 1210263.0 1262949.0 1297455.0 1316791.0 1323736.0 1320739.0 1309892.0
6 1.0 115.20617429608842 -53.113736347253685 -0.02118423383035894 0.9808626779725655 0.4731818569088809 0.011843991872318516 0.05767966395050103 0.07395541689962025 35279.0 110871.0 234888.0 392245.0 562207.0 727126.0 875438.0 1001262.0000000001 1102857.0 1181056.0 1238067.0 1276678.0 1299777.0 1310088.0 1310048.0 1301767.0
7 1.0 138.04700190188328 -28.494339324348218 -0.02118423383035894 0.9808626779725655 0.4731818569088809 0.011843991872318516 0.05767966395050103 0.07395541689962025 38434.0 118076.0 246337.0 406890.0 578515.0 743661.0 891117.0 1015393.9999999999 1115078.0 1191238.0 1246240.0 1282965.0 1304348.0 1313133.0 1311759.0 1302325.0
8 1.0 211.79416087929806 31.723646809943318 -0.02118423383035894 0.9808626779725655 0.4731818569088809 0.011843991872318516 0.05767966395050103 0.07395541689962025 37852.0 119026.0 252010.0 420329.0 601552.0 776744.0 933622.0 1066063.0 1172383.0 1253626.0 1312276.0 1351398.0 1374133.0 1383419.0 1381873.0 1371745.0
9 1.0 299.17744388502854 68.26225734563889 -0.02118423383035894 0.9808626779725655 0.4731818569088809 0.011843991872318516 0.05767966395050103 0.07395541689962025 39539.0 124112.0 262385.0 437044.0 624700.0 805701.0 967378.0 1103483.0 1212374.0 1295223.0 1354677.0 1393960.0 1416359.0 1424940.0 1422419.0 1411131.0
10 1.0 226.43346369281355 7.86204968905713 -0.02118423383035894 0.9808626779725655 0.4731818569088809 0.011843991872318516 0.05767966395050103 0.07395541689962025 71974.0 198348.0 383750.0 599840.0 817797.0 1017241.0000000001 1187211.0 1323926.0 1428096.0 1502815.0 1552155.0 1580354.0 1591378.0 1588730.0 1575399.0 1553871.0
11 1.0 314.1542359610623 -39.11406282980341 -0.02118423383035894 0.9808626779725655 0.4731818569088809 0.011843991872318516 0.05767966395050103 0.07395541689962025 159781.0 385277.0 678047.0 987896.0 1276051.0 1521074.0 1715354.0 1859819.0 1959717.0 2021922.0 2053427.9999999998 2060620.9999999998 2048997.0 2023120.0 1986691.0 1942661.0
12 1.0 98.47513253362888 -84.55765355892314 -0.02118423383035894 0.9808626779725655 0.4731818569088809 0.011843991872318516 0.05767966395050103 0.07395541689962025 59877.0 177486.0 359469.0 579121.0 806031.0 1017245.0 1199595.0 1347847.0 1461959.0 1544753.0 1600329.0 1633097.0 1647261.0 1646573.0 1634250.0 1612980.0
13 1.0 287.29686020852296 37.8606292153584 -0.02118423383035894 0.9808626779725655 0.4731818569088809 0.011843991872318516 0.05767966395050103 0.07395541689962025 41326.0 124309.0 255712.0 418220.0 590356.0 754796.0 900725.0 1023036.0 1120608.0 1194709.0 1247821.0 1282884.0 1302855.0 1310473.0 1308159.0 1297989.0
14 1.0 66.8289399501428 -88.58086136848073 -0.02118423383035894 0.9808626779725655 0.4731818569088809 0.011843991872318516 0.05767966395050103 0.07395541689962025 70354.0 202700.0 402437.0 638898.0 879322.0 1100028.0 1288103.0 1438985.0 1553383.0 1634789.0 1687848.0 1717385.0 1727907.0 1723378.0 1707166.0 1682058.0
15 1.0 343.0049965099 -22.9177674322208 -0.02118423383035894 0.9808626779725655 0.4731818569088809 0.011843991872318516 0.05767966395050103 0.07395541689962025 58547.0 170592.0 342252.0 548520.0 761364.0 959700.0 1131394.0 1271562.0 1380071.0 1459437.0 1513375.0 1545917.0 1560925.0 1561866.0 1551727.0 1533016.0
16 1.0 247.4957794996135 5.496698621300723 -0.02118423383035894 0.9808626779725655 0.4731818569088809 0.011843991872318516 0.05767966395050103 0.07395541689962025 119315.0 293930.0 526633.0 779013.0 1019382.0 1228812.0 1399346.0 1530230.0 1624646.0 1687497.0 1724094.0 1739471.0 1738085.0 1723715.0 1699485.0 1667931.0
17 1.0 77.58276376088104 75.98006311809476 -0.02118423383035894 0.9808626779725655 0.4731818569088809 0.011843991872318516 0.05767966395050103 0.07395541689962025 127409.0 328219.0 603407.0 906028.0 1195706.0 1447868.0 1652076.0 1807275.0 1917528.0 1989102.0 2028754.0000000002 2042843.0 2036951.0000000002 2015772.0000000002 1983152.0 1942182.0
18 1.0 341.0534125760127 -73.89098189407798 -0.02118423383035894 0.9808626779725655 0.4731818569088809 0.011843991872318516 0.05767966395050103 0.07395541689962025 86607.0 239387.0 462047.0 718818.0 974455.0 1204917.0 1398016.0 1550266.0 1663413.0 1741812.0 1790763.0 1815568.0 1821066.0 1811447.0 1790224.0 1760278.0
19 1.0 263.1080904372568 -16.930382045708924 -0.02118423383035894 0.9808626779725655 0.4731818569088809 0.011843991872318516 0.05767966395050103 0.07395541689962025 246575.0 547189.0 906757.0 1262532.0 1574404.0 1825053.0 2012281.0000000002 2141807.0 2222494.0 2263704.0 2274027.0 2260808.0 2230069.0 2186620.0 2134236.0 2075834.0
20 1.0 91.4189913342093 -85.6236240521716 -0.02118423383035894 0.9808626779725655 0.4731818569088809 0.011843991872318516 0.05767966395050103 0.07395541689962025 62272.0 183343.0 369563.0 593278.0 823491.0 1037056.0 1220848.0 1369790.0 1484017.0 1566511.0 1621505.0 1653512.0 1666809.0 1665201.0 1651943.0 1629747.0
21 1.0 76.79231185229351 -28.33002281851374 -0.02118423383035894 0.9808626779725655 0.4731818569088809 0.011843991872318516 0.05767966395050103 0.07395541689962025 58308.0 164016.0 322270.0 509916.99999999994 702131.0 880618.0 1034994.0 1161165.0 1259122.0 1331123.0 1380449.0 1410649.0 1425127.0 1426941.0 1418734.0 1402732.0
22 1.0 186.55225701503878 22.00159059116308 -0.02118423383035894 0.9808626779725655 0.4731818569088809 0.011843991872318516 0.05767966395050103 0.07395541689962025 38374.0 121175.0 257197.99999999997 429615.0 615364.0 794930.0 955649.0 1091211.0 1199891.0 1282781.0 1342456.0 1382085.0 1404910.0 1413965.0 1411942.0 1401158.0
23 1.0 9.238578499631366 -39.767769318852295 -0.02118423383035894 0.9808626779725655 0.4731818569088809 0.011843991872318516 0.05767966395050103 0.07395541689962025 44470.0 137448.0 287202.0 474011.0 672547.0 862154.0 1029922.0 1169800.0 1280536.0 1363731.0 1422420.0 1460157.0 1480483.0 1486660.0 1481550.0 1467592.0
24 1.0 74.68922715879938 -52.245009061985684 -0.02118423383035894 0.9808626779725655 0.4731818569088809 0.011843991872318516 0.05767966395050103 0.07395541689962025 37001.0 115473.0 243388.0 404851.0 578478.0 746290.0 896643.0 1023727.0 1125936.0 1204246.0 1260998.0 1299092.0 1321502.0 1331017.0 1330122.0 1320962.0
25 1.0 152.88676875054225 -69.17341800112314 -0.02118423383035894 0.9808626779725655 0.4731818569088809 0.011843991872318516 0.05767966395050103 0.07395541689962025 48943.0 149801.0 310542.0 509179.99999999994 718477.0 916735.0 1090743.0 1234601.0 1347408.0 1431172.0 1489304.0 1525678.0 1544092.0 1548003.0 1540421.0 1523890.0
26 1.0 134.7011929203212 13.88524392366152 -0.02118423383035894 0.9808626779725655 0.4731818569088809 0.011843991872318516 0.05767966395050103 0.07395541689962025 108954.0 274121.0 498395.0 745121.0 982820.0 1191998.0 1363940.0 1497225.0 1594538.0 1660443.0 1700040.0 1718243.0 1719446.0 1707406.0 1685247.0 1655516.0
27 1.0 166.88715277133184 35.14860106284348 -0.02118423383035894 0.9808626779725655 0.4731818569088809 0.011843991872318516 0.05767966395050103 0.07395541689962025 59113.0 172657.0 346896.0 556439.0 772729.0 974261.0 1148654.0 1290929.0 1400958.0 1481317.0 1535803.0 1568531.0 1583445.0 1584078.0 1573475.0 1554188.0
28 1.0 99.94633426610349 30.95228530724802 -0.02118423383035894 0.9808626779725655 0.4731818569088809 0.011843991872318516 0.05767966395050103 0.07395541689962025 271591.0 600028.0 990591.0 1374790.0 1709522.0 1976697.0 2174583.0 2309873.0 2392496.0 2432780.0 2440121.0 2422500.0 2386428.0 2337080.0 2278498.0 2213792.0
29 1.0 211.24236472494076 80.79498372969132 -0.02118423383035894 0.9808626779725655 0.4731818569088809 0.011843991872318516 0.05767966395050103 0.07395541689962025 59132.0 175461.0 355698.0 573508.0 798775.0 1008699.9999999999 1190144.0 1337843.0 1451692.0 1534448.0 1590150.0 1623161.0 1637645.0 1637325.0 1625395.0 1604530.0
0 1.0 310.9880181323633 -89.51342149916951 -0.02118423383035894 0.9808626779725655 0.4731818569088809 0.011843991872318516 0.05767966395050103 0.07395541689962025 75234.0 214091.0 421415.0 664841.0 910681.0 1135032.0 1325151.0 1476802.0 1591024.0 1671604.0 1723411.0 1751440.0 1760320.0 1754099.0 1736201.0 1709450.0
1 1.0 42.31146814633191 26.49539770092649 -0.02118423383035894 0.9808626779725655 0.4731818569088809 0.011843991872318516 0.05767966395050103 0.07395541689962025 144583.0 358385.0 642560.0 948508.0 1236840.0 1484751.0 1683353.0 1832650.0 1937319.0 2003923.0 2039317.0 2049855.0 2041055.0 2017529.9999999998 1983039.0 1940593.0
2 1.0 186.2564785754811 18.070602677575124 -0.02118423383035894 0.9808626779725655 0.4731818569088809 0.011843991872318516 0.05767966395050103 0.07395541689962025 38009.0 120174.0 255313.99999999997 426778.0 611653.0 790505.0 950698.0 1085911.0 1194393.0 1277207.0 1336897.0 1376610.0 1399566.0 1408783.0 1406943.0 1396353.0
3 1.0 47.54451828425519 15.973129794651868 -0.02118423383035894 0.9808626779725655 0.4731818569088809 0.011843991872318516 0.05767966395050103 0.07395541689962025 141904.0 349417.0 624155.0 919451.0 1197687.0 1437119.0 1629258.0 1774084.0 1876031.0 1941346.0 1976569.0 1987771.0 1980240.0 1958401.0 1925871.0 1885552.0
4 1.0 258.06948522933374 83.29865757124364 -0.02118423383035894 0.9808626779725655 0.4731818569088809 0.011843991872318516 0.05767966395050103 0.07395541689962025 56069.0 167965.0 342782.0 555404.0 776459.0 983391.0 1162999.0 1309822.0 1423525.0 1506661.0 1563100.0 1597076.0 1612659.0 1613503.0 1602758.0 1583066.0
5 1.0 142.58149301062573 -86.96309879339286 -0.02118423383035894 0.9808626779725655 0.4731818569088809 0.011843991872318516 0.05767966395050103 0.07395541689962025 68723.0 198889.0 396090.0 630235.0 868867.0 1088379.0 1275794.0 1426442.0 1540915.0 1622612.0 1676100.0 1706148.0 1717222.0 1713261.0 1697611.0 1673051.0
6 1.0 203.55167226906323 35.36683752626102 -0.02118423383035894 0.9808626779725655 0.4731818569088809 0.011843991872318516 0.05767966395050103 0.07395541689962025 37269.0 117960.0 250846.0 419657.0 601891.0 778406.0 936707.0 1070512.0 1178039.0 1260291.0 1319740.0 1359464.0 1382623.0 1392184.0 1390788.0 1380709.0
7 1.0 65.9807410370683 56.462156946335426 -0.02118423383035894 0.9808626779725655 0.4731818569088809 0.011843991872318516 0.05767966395050103 0.07395541689962025 206604.0 487819.0 843892.0 1211928.0 1546271.0 1823668.0 2037595.0 2191257.0 2292377.0 2350040.0 2373043.0 2369162.0 2344926.0 2305644.0 2255541.0 2197928.0
8 1.0 52.1451933636158 1.7652953918851466 -0.02118423383035894 0.9808626779725655 0.4731818569088809 0.011843991872318516 0.05767966395050103 0.07395541689962025 114375.0 289196.0 526941.0 788329.0 1039663.9999999999 1260194.0 1440770.0 1580053.0 1681057.0 1748765.0 1788686.0 1806096.0 1805691.0 1791467.0 1766739.0 1734196.0
9 1.0 175.70026103362363 -29.886323472574354 -0.02118423383035894 0.9808626779725655 0.4731818569088809 0.011843991872318516 0.05767966395050103 0.07395541689962025 40436.0 126887.0 268069.0 446143.0 637152.0 821057.0 985009.0 1122732.0 1232642.0 1316012.0 1375588.0 1414694.0 1436696.0 1444727.0 1441554.0 1429552.0
10 1.0 128.020585625984 52.35122938093289 -0.02118423383035894 0.9808626779725655 0.4731818569088809 0.011843991872318516 0.05767966395050103 0.07395541689962025 171608.0 412644.0 724202.0 1052355.0 1355947.0 1612604.0 1814731.0 1963746.0 2065544.0 2127630.0 2157548.0 2162128.0 2147212.0 2117624.0 2077255.0 2029196.0000000002
11 1.0 338.5555002910127 -72.49627338616357 -0.02118423383035894 0.9808626779725655 0.4731818569088809 0.011843991872318516 0.05767966395050103 0.07395541689962025 89921.0 246681.0 473700.0 734259.0 992681.0 1224889.0 1418852.0 1571293.0 1684155.0 1761954.0 1810111.0 1834013.0 1838559.0 1827981.0 1805818.0 1774966.0
12 1.0 275.5170913705075 -10.43358520861345 -0.02118423383035894 0.9808626779725655 0.4731818569088809 0.011843991872318516 0.05767966395050103 0.07395541689962025 215524.0 482876.0 806390.0 1130046.0 1416959.0 1650381.0 1827301.0 1952118.0 2032340.0 2076143.0 2091162.0000000002 2084010.0000000002 2060164.0 2024042.0000000002 1979138.0 1928180.0
13 1.0 269.51890314619703 3.5914274227508827 -0.02118423383035894 0.9808626779725655 0.4731818569088809 0.011843991872318516 0.05767966395050103 0.07395541689962025 148394.0 348804.0 604284.0 871803.0 1119205.0 1329146.0 1495732.0 1620016.0 1706526.0 1761065.0 1789506.0 1797201.0 1788764.0 1768035.0 1738137.0 1701569.0
14 1.0 325.33910630853603 34.91215396821855 -0.02118423383035894 0.9808626779725655 0.4731818569088809 0.011843991872318516 0.05767966395050103 0.07395541689962025 36798.0 114902.0 242295.0 403184.0 576281.0 743664.0 893708.0 1020600.0 1122717.0 1201016.0 1257820.0 1296009.0 1318544.0 1328204.0 1327467.0 1318470.0
15 1.0 30.032076759126678 -73.6405682341663 -0.02118423383035894 0.9808626779725655 0.4731818569088809 0.011843991872318516 0.05767966395050103 0.07395541689962025 53210.0 160653.0 329763.0 536686.0 752924.0 956284.0 1133569.0 1279147.0 1392456.0 1475827.0 1532942.0 1567889.0 1584624.0 1586721.0 1577271.0 1558874.0
16 1.0 198.78928917206636 -49.00328972318503 -0.02118423383035894 0.9808626779725655 0.4731818569088809 0.011843991872318516 0.05767966395050103 0.07395541689962025 86042.0 238021.0 459729.0 715622.0 970578.0 1200586.0 1393437.0 1545601.0 1658780.0 1737293.0 1786409.0 1811409.0 1817116.0 1807712.0 1786701.0 1756960.0
17 1.0 210.4113848240768 -16.14571871577739 -0.02118423383035894 0.9808626779725655 0.4731818569088809 0.011843991872318516 0.05767966395050103 0.07395541689962025 80880.0 222736.0 429778.0 669460.0 909339.0 1126952.0 1310613.0 1456677.0 1566413.0 1643616.0 1693049.0 1719554.0 1727598.0 1721083.0 1703305.0 1676984.0
18 1.0 346.2970962770024 22.193041143623518 -0.02118423383035894 0.9808626779725655 0.4731818569088809 0.011843991872318516 0.05767966395050103 0.07395541689962025 38597.0 120915.0 255330.99999999997 425027.0 607356.0 783303.0 940603.0 1073192.0 1179452.0 1260493.0 1318849.0 1357625.0 1379989.0 1388900.0 1386985.0 1376504.0
19 1.0 105.17310964531758 69.65294061913514 -0.02118423383035894 0.9808626779725655 0.4731818569088809 0.011843991872318516 0.05767966395050103 0.07395541689962025 154501.0 383109.0 686154.0 1011083.0 1315735.0 1576087.0 1783136.0 1937350.0 2044080.9999999998 2110575.0 2144285.0 2152049.0 2139762.0 2112320.0 2073687.0 2027022.0
20 1.0 86.69836076956085 21.388710283447764 -0.02118423383035894 0.9808626779725655 0.4731818569088809 0.011843991872318516 0.05767966395050103 0.07395541689962025 265539.0 585429.0 965166.0 1338278.0 1663094.0 1922215.0 2114059.0 2245169.0 2325193.0 2364152.0 2371157.0 2353946.0 2318831.0 2270833.0 2213870.0 2150966.0
21 1.0 36.10581921557922 -65.9769352317118 -0.02118423383035894 0.9808626779725655 0.4731818569088809 0.011843991872318516 0.05767966395050103 0.07395541689962025 44875.0 138772.0 290016.0 478638.0 679007.0 870244.0 1039323.0 1180163.0 1291534.0 1375085.0 1433903.0 1471593.0 1491743.0 1497651.0 1492209.0 1477877.0
22 1.0 5.9146666529307135 86.50442390171082 -0.02118423383035894 0.9808626779725655 0.4731818569088809 0.011843991872318516 0.05767966395050103 0.07395541689962025 73970.0 211080.0 416324.0 657805.0 902103.0 1125393.0 1314894.0 1466286.0 1580519.0 1661299.0 1713431.0 1741863.0 1751188.0 1745431.0 1727997.0 1701702.0
23 1.0 334.6305540451886 66.92143225598872 -0.02118423383035894 0.9808626779725655 0.4731818569088809 0.011843991872318516 0.05767966395050103 0.07395541689962025 47970.0 147204.0 305759.0 502113.99999999994 709386.0 906056.0 1078946.0 1222112.0 1334580.0 1418277.0 1476544.0 1513193.0 1531978.0 1536321.0 1529204.0 1513155.0
24 1.0 241.16995677272763 0.4897370061583217 -0.02118423383035894 0.9808626779725655 0.4731818569088809 0.011843991872318516 0.05767966395050103 0.07395541689962025 126057.0 309774.0 553743.0 817401.0 1067602.0 1284766.0 1460848.0 1595309.0 1691662.0 1755156.0 1791414.0 1805734.0 1802782.0 1786502.0 1760143.0 1726332.0
25 1.0 282.6550483283296 76.02263672339393 -0.02118423383035894 0.9808626779725655 0.4731818569088809 0.011843991872318516 0.05767966395050103 0.07395541689962025 44809.0 138823.0 290435.0 479639.0 680692.0 872605.0 1042279.0 1183601.0 1295331.0 1379128.0 1438096.0 1475857.0 1496015.0 1501884.0 1496369.0 1481939.0
26 1.0 101.42283807142167 7.448542876284435 -0.02118423383035894 0.9808626779725655 0.4731818569088809 0.011843991872318516 0.05767966395050103 0.07395541689962025 191191.0 434049.0 732381.0 1034969.0 1306786.0 1530978.0 1703541.0 1827669.0 1909780.0 1957169.0 1976813.0 1974854.0 1956445.0 1925786.0 1886231.0 1840423.0
27 1.0 211.1076598270776 76.19509222004936 -0.02118423383035894 0.9808626779725655 0.4731818569088809 0.011843991872318516 0.05767966395050103 0.07395541689962025 53464.0 161293.0 330877.0 538244.0 754825.0 958402.0 1135793.0 1281385.0 1394644.0 1477922.0 1534919.0 1569734.0 1586333.0 1588295.0 1578715.0 1560195.0
28 1.0 23.023895803553206 59.38152634860177 -0.02118423383035894 0.9808626779725655 0.4731818569088809 0.011843991872318516 0.05767966395050103 0.07395541689962025 99715.0 269149.0 510893.00000000006 785054.0 1054199.0 1293792.0 1492082.0 1646371.0 1759221.0 1835693.0 1881642.0 1902787.0 1904267.0 1890482.0 1865089.0 1831061.0
29 1.0 174.82593453646425 84.29155385297352 -0.02118423383035894 0.9808626779725655 0.4731818569088809 0.011843991872318516 0.05767966395050103 0.07395541689962025 73499.0 209727.0 413729.0 653880.0 896985.0 1119338.0 1308187.0 1459189.0 1573248.0 1654020.0 1706265.0 1734894.0 1744470.0 1738997.0 1721865.0 1695876.0
0 1.0 351.89825030800085 75.5609059400685 -0.02118423383035894 0.9808626779725655 0.4731818569088809 0.011843991872318516 0.05767966395050103 0.07395541689962025 65175.0 190424.0 381754.0 610378.0 844597.0 1061025.0 1246591.0 1396399.0 1510793.0 1592952.0 1647266.0 1678370.0 1690633.0 1687923.0 1673542.0 1650232.0
1 1.0 315.54188831397266 -83.5139128628575 -0.02118423383035894 0.9808626779725655 0.4731818569088809 0.011843991872318516 0.05767966395050103 0.07395541689962025 88699.0 244588.0 471171.0 731830.0 990741.0 1223629.0 1418304.0 1571396.0 1684806.0 1763040.0 1811522.0 1835657.0 1840359.0 1829876.0 1807760.0 1776919.0
2 1.0 121.73722266126443 -58.54103925103081 -0.02118423383035894 0.9808626779725655 0.4731818569088809 0.011843991872318516 0.05767966395050103 0.07395541689962025 35998.0 113557.0 241107.0 403149.0 578245.0 748120.0 900796.0 1030192.0 1134524.0 1214675.0 1272952.0 1312256.0 1335586.0 1345766.0 1345318.0 1336423.0
3 1.0 346.16525563493946 -19.95575812178656 -0.02118423383035894 0.9808626779725655 0.4731818569088809 0.011843991872318516 0.05767966395050103 0.07395541689962025 52306.0 155797.0 317338.0 514198.00000000006 719635.0 912913.0 1081699.0 1220692.0 1329317.0 1409700.0 1465249.0 1499763.0 1516938.0 1520126.0 1512233.0 1495717.0
4 1.0 83.41258552963363 81.38568551317573 -0.02118423383035894 0.9808626779725655 0.4731818569088809 0.011843991872318516 0.05767966395050103 0.07395541689962025 104042.0 278347.0 525234.0 803722.0 1075949.0 1317397.0 1516533.0 1670916.0 1783340.0 1859049.0 1904033.0 1924105.0 1924469.0 1909569.0 1883088.0 1848016.0
5 1.0 341.75477606964535 -35.99479449433267 -0.02118423383035894 0.9808626779725655 0.4731818569088809 0.011843991872318516 0.05767966395050103 0.07395541689962025 72606.0 204050.0 399162.0 627919.0 859224.0 1070937.0 1251132.0 1395695.0 1505409.0 1583639.0 1634806.0 1663490.0 1673969.0 1670011.0 1654817.0 1631042.0
6 1.0 338.8959736943395 -61.11582410023181 -0.02118423383035894 0.9808626779725655 0.4731818569088809 0.011843991872318516 0.05767966395050103 0.07395541689962025 92946.0 252240.00000000003 481074.0 742303.0 1000402.0 1231654.0 1424361.0 1575483.0 1687100.0 1763797.0 1811018.0 1834149.0 1838073.0 1827004.0 1804458.0 1773315.0
7 1.0 287.71293144686103 69.53483989558077 -0.02118423383035894 0.9808626779725655 0.4731818569088809 0.011843991872318516 0.05767966395050103 0.07395541689962025 39300.0 123457.0 261147.00000000003 435169.0 622233.0 802743.0 964051.0 1099905.0 1208646.0 1291430.0 1350882.0 1390212.0 1412692.0 1421377.0 1418976.0 1407815.0
8 1.0 226.9612572720448 -9.649005213023472 -0.02118423383035894 0.9808626779725655 0.4731818569088809 0.011843991872318516 0.05767966395050103 0.07395541689962025 117784.0 297815.0 542488.0 811227.0 1069302.0 1295391.0 1480164.0 1622335.0 1725091.0 1793621.0 1833638.0 1850597.0 1849342.0 1833990.0 1807946.0 1773972.0
9 1.0 314.7436679849809 73.41760698377868 -0.02118423383035894 0.9808626779725655 0.4731818569088809 0.011843991872318516 0.05767966395050103 0.07395541689962025 46740.0 143983.0 299933.0 493648.0 698665.0 893649.0 1065437.0 1208011.0 1320291.0 1404100.0 1462690.0 1499804.0 1519139.0 1524079.0 1517579.0 1502145.0
10 1.0 105.48730242280682 -61.15851606237421 -0.02118423383035894 0.9808626779725655 0.4731818569088809 0.011843991872318516 0.05767966395050103 0.07395541689962025 36228.0 114142.0 242140.0 404612.0 580048.0 750147.0 902935.0 1032350.0000000001 1136632.0 1216685.0 1274835.0 1313995.0 1337175.0 1347206.0 1346615.0 1337584.0
11 1.0 305.61967991265055 29.00115207145791 -0.02118423383035894 0.9808626779725655 0.4731818569088809 0.011843991872318516 0.05767966395050103 0.07395541689962025 43890.0 130677.99999999999 266900.0 434237.0 610526.0 778148.0 926267.0 1049893.0 1148071.0 1222235.0 1275013.0 1309464.0 1328636.0 1335338.0 1332043.0 1320863.0
12 1.0 222.43560909030856 -10.75252449069147 -0.02118423383035894 0.9808626779725655 0.4731818569088809 0.011843991872318516 0.05767966395050103 0.07395541689962025 105949.0 274236.0 507605.0 767828.0 1020755.0000000001 1244641.0 1429402.0 1573021.0 1678104.0 1749421.0 1792406.0 1812337.0 1813949.0 1801301.0 1777770.0 1746110.0
13 1.0 4.765268793203816 -76.23238157454863 -0.02118423383035894 0.9808626779725655 0.4731818569088809 0.011843991872318516 0.05767966395050103 0.07395541689962025 68364.0 197662.0 393483.0 625994.0 863020.0 1081138.0 1267453.0 1417309.0 1531267.0 1612681.0 1666070.0 1696160.0 1707380.0 1703639.0 1688261.0 1664003.0
14 1.0 125.00406645559904 35.363366037450106 -0.02118423383035894 0.9808626779725655 0.4731818569088809 0.011843991872318516 0.05767966395050103 0.07395541689962025 189420.0 441318.0 758051.0 1084937.0 1382603.0 1630926.0 1824084.0 1964604.0 2058946.9999999998 2114826.0 2139780.0 2140530.0 2122764.0 2091146.0000000002 2049416.0 2000532.0000000002
15 1.0 53.330709941339414 -45.46822400295233 -0.02118423383035894 0.9808626779725655 0.4731818569088809 0.011843991872318516 0.05767966395050103 0.07395541689962025 38685.0 120331.0 252950.99999999997 419814.0 598709.0 771110.0 925123.0 1054897.0 1158904.0 1238255.0 1295436.0 1333481.0 1355481.0 1364324.0 1362574.0 1352433.0
16 1.0 353.45858033457114 -82.86920593568681 -0.02118423383035894 0.9808626779725655 0.4731818569088809 0.011843991872318516 0.05767966395050103 0.07395541689962025 75832.0 215312.0 423214.0 667037.0 913070.0 1137451.0 1327491.0 1478998.0 1593049.0 1673448.0 1725080.0 1752945.0 1761675.0 1755320.0 1737302.0 1710445.0
17 1.0 172.2133105343957 -79.21002631507682 -0.02118423383035894 0.9808626779725655 0.4731818569088809 0.011843991872318516 0.05767966395050103 0.07395541689962025 68102.0 197444.0 393689.0 626950.0 864886.0 1083913.0 1271036.0 1421547.0 1535999.0 1617757.0 1671362.0 1701562.0 1712809.0 1709032.0 1693572.0 1669198.0
18 1.0 179.06089157951857 -79.00586332797828 -0.02118423383035894 0.9808626779725655 0.4731818569088809 0.011843991872318516 0.05767966395050103 0.07395541689962025 71602.0 205721.0 407617.0 646142.0 888239.0 1110130.0 1298923.0 1450138.0 1564572.0 1645803.0 1698544.0 1727672.0 1737731.0 1732716.0 1716012.0 1690419.0
19 1.0 230.2101059035405 73.39193234730709 -0.02118423383035894 0.9808626779725655 0.4731818569088809 0.011843991872318516 0.05767966395050103 0.07395541689962025 45270.0 140080.0 292776.0 483116.0 685171.0 877861.0 1048068.9999999999 1189705.0 1301570.0 1385365.0 1444231.0 1481822.0 1501768.0 1507397.0 1501629.0 1486942.0
20 1.0 132.6904582066623 43.17910520923817 -0.02118423383035894 0.9808626779725655 0.4731818569088809 0.011843991872318516 0.05767966395050103 0.07395541689962025 162355.0 390882.0 687163.0 1000359.9999999999 1291319.0 1538464.0 1734198.0 1879533.0 1979829.0 2042066.9999999998 2073335.0000000002 2080095.0 2067905.9999999998 2041377.0000000002 2004246.0000000002 1959489.0
21 1.0 49.284097806815616 71.6512242984723 -0.02118423383035894 0.9808626779725655 0.4731818569088809 0.011843991872318516 0.05767966395050103 0.07395541689962025 125207.00000000001 323977.0 597323.0 898665.0 1187661.0 1439622.0 1643960.0 1799490.0 1910185.0 1982247.0 2022396.0 2036968.0 2031530.0 2010774.0 1978542.0 1937925.0
22 1.0 295.9623839499284 31.064816033373845 -0.02118423383035894 0.9808626779725655 0.4731818569088809 0.011843991872318516 0.05767966395050103 0.07395541689962025 45479.0 133871.0 271374.0 439214.0 615194.0 781894.0 928725.0 1050912.0 1147650.0 1220466.0 1272037.0 1305442.0 1323731.0 1329704.0 1325821.0 1314177.0
23 1.0 68.34524828499286 5.2091872255589635 -0.02118423383035894 0.9808626779725655 0.4731818569088809 0.011843991872318516 0.05767966395050103 0.07395541689962025 171234.0 400061.0 689203.0 989246.0 1264123.0 1495012.0 1676087.0 1809220.0 1900000.0 1955273.0 1981818.0 1985732.0 1972213.0 1945548.0 1909194.0 1865901.0
24 1.0 184.07483371672416 -35.19965441747191 -0.02118423383035894 0.9808626779725655 0.4731818569088809 0.011843991872318516 0.05767966395050103 0.07395541689962025 49741.0 151703.0 313709.0 513464.99999999994 723580.0 922338.0 1096577.0 1240465.0 1353168.0 1436741.0 1494633.0 1530742.0 1548884.0 1552526.0 1544684.0 1527906.0
25 1.0 80.75413043090613 89.63320523916121 -0.02118423383035894 0.9808626779725655 0.4731818569088809 0.011843991872318516 0.05767966395050103 0.07395541689962025 73931.0 210904.0 415919.0 657126.0 901158.0 1124222.0 1313553.0 1464830.0 1578997.0 1659749.0 1711885.0 1740342.0 1749706.0 1743999.0 1726622.0 1700386.0
26 1.0 35.22401441785226 -24.805969390909922 -0.02118423383035894 0.9808626779725655 0.4731818569088809 0.011843991872318516 0.05767966395050103 0.07395541689962025 43996.0 134600.0 279490.0 459476.0 650334.0 832446.0 993592.0 1128064.0 1234688.0 1314988.0 1371844.0 1408630.0 1428714.0 1435200.0 1430816.0 1417890.0
27 1.0 310.388946271806 -5.28318914149628 -0.02118423383035894 0.9808626779725655 0.4731818569088809 0.011843991872318516 0.05767966395050103 0.07395541689962025 103370.0 261185.99999999997 476429.0 714132.0 943956.0 1146911.0 1314358.0 1444713.0 1540407.0 1605732.0 1645544.0 1664550.0 1666975.0 1656444.0 1635982.0 1608059.0
28 1.0 350.2510160483269 -21.915868513776886 -0.02118423383035894 0.9808626779725655 0.4731818569088809 0.011843991872318516 0.05767966395050103 0.07395541689962025 49506.0 149333.0 306806.0 500206.99999999994 703257.0 895243.0 1063636.0 1202885.0 1312187.0 1393495.0 1450089.0 1485685.0 1503926.0 1508130.0 1501190.0 1485554.0
29 1.0 345.90047690268005 86.31484728038254 -0.02118423383035894 0.9808626779725655 0.4731818569088809 0.011843991872318516 0.05767966395050103 0.07395541689962025 70244.0 202362.0 401763.0 637851.0 877924.0 1098338.0 1286190.0 1436919.0 1551221.0 1632581.0 1685630.0 1715185.0 1725744.0 1721268.0 1705117.0 1680077.0
