idx D_km lam beta x1 y1 z1 x2 y2 z2 flux5 flux6 flux7 flux8 flux9 flux10 flux11 flux12 flux13 flux14 flux15 flux16 flux17 flux18 flux19 flux20
0 1.0 197.5728614138369 73.17998985981222 -1.0757369285376213 0.2609360760089208 0.21158306412659922 -0.135736691790918 -0.04971051374243365 0.07586515932307063 19879.0 58754.0 118843.0 191370.0 266340.0 336197.0 396586.0 445764.0 483693.0 511287.99999999994 529886.0 540935.0 545817.0 545767.0 541848.0 534949.0
1 1.0 257.468171894071 49.328519885754986 -1.0757369285376213 0.2609360760089208 0.21158306412659922 -0.135736691790918 -0.04971051374243365 0.07586515932307063 11318.0 36480.0 78600.0 132794.0 191908.0 249678.0 301901.0 346380.0 382407.0 410213.0 430541.0 444358.0 452677.0 456460.0 456570.0 453754.0
2 1.0 216.99481538579178 -30.033872634844457 -1.0757369285376213 0.2609360760089208 0.21158306412659922 -0.135736691790918 -0.04971051374243365 0.07586515932307063 17305.0 51677.0 105494.0 171256.0 240042.0 304889.0 361625.0 408429.0 445075.0 472251.0 491086.0 502845.0 508764.0 509968.0 507433.0 501984.0
3 1.0 196.15794587888288 -75.40174980216058 -1.0757369285376213 0.2609360760089208 0.21158306412659922 -0.135736691790918 -0.04971051374243365 0.07586515932307063 10159.0 33216.0 72302.0 123101.0 178988.0 234020.0 284131.0 327122.0 362219.0 389558.0 409786.0 423782.0 432484.0 436793.0 437526.0 435394.0
4 1.0 152.5157277620057 -16.69658914551468 -1.0757369285376213 0.2609360760089208 0.21158306412659922 -0.135736691790918 -0.04971051374243365 0.07586515932307063 35759.0 87339.0 155724.0 229757.0 300306.0 361927.0 412316.0 451232.0 479562.0 498695.0 510144.00000000006 515352.00000000006 515601.0 511985.0 505413.0 496624.0
5 1.0 232.5218807039962 -48.19785440923031 -1.0757369285376213 0.2609360760089208 0.21158306412659922 -0.135736691790918 -0.04971051374243365 0.07586515932307063 10776.0 35045.0 75964.0 128896.00000000001 186881.0 243753.0 295334.0 339407.0 375225.0 402978.0 423370.0 437336.0 445861.0 449887.0 450262.0 447723.0
6 1.0 157.5313960545693 -66.15222574356306 -1.0757369285376213 0.2609360760089208 0.21158306412659922 -0.135736691790918 -0.04971051374243365 0.07586515932307063 10040.0 32468.999999999996 70198.0 119009.0 172570.0 225246.0 273197.0 314357.0 347998.0 374253.0 393735.0 407275.0 415762.0 420050.0 420913.0 419027.0
7 1.0 321.03828028154874 -80.38310727837145 -1.0757369285376213 0.2609360760089208 0.21158306412659922 -0.135736691790918 -0.04971051374243365 0.07586515932307063 14558.0 45273.0 94966.0 157142.0 223363.0 286714.0 342846.0 389709.0 426859.0 454814.0 474577.0 487329.0 494252.0 496432.0 494827.0 490252.0
8 1.0 346.91859378037054 40.60698555790418 -1.0757369285376213 0.2609360760089208 0.21158306412659922 -0.135736691790918 -0.04971051374243365 0.07586515932307063 19786.0 55113.0 107675.0 169783.0 233279.0 292178.0 343098.0 384710.0 417022.0 440782.0 457073.0 467062.0 471870.0 472503.0 469832.0 464589.0
9 1.0 138.03894677727996 -87.94305744749441 -1.0757369285376213 0.2609360760089208 0.21158306412659922 -0.135736691790918 -0.04971051374243365 0.07586515932307063 11312.0 36614.0 79074.0 133776.0 193478.0 251825.00000000003 304559.0 349452.0 385789.0 413809.0 434268.0 448147.0 456475.0 460225.0 460271.0 457370.0
10 1.0 285.02101370975925 48.70453473049972 -1.0757369285376213 0.2609360760089208 0.21158306412659922 -0.135736691790918 -0.04971051374243365 0.07586515932307063 9448.0 30571.0 66173.0 112353.0 163178.0 213334.0 259162.99999999997 298669.0 331117.0 356592.0 375644.0 389037.0 397598.0 402127.0 403354.0 401921.0
11 1.0 190.40217111104562 -63.549603827932486 -1.0757369285376213 0.2609360760089208 0.21158306412659922 -0.135736691790918 -0.04971051374243365 0.07586515932307063 10635.0 34271.0 73868.0 124898.0 180684.0 235349.0 284925.0 327311.0 361802.0 388578.0 408311.0 421887.0 430245.0 434282.0 434806.0 432520.0
12 1.0 204.49604199381562 -75.68602513438397 -1.0757369285376213 0.2609360760089208 0.21158306412659922 -0.135736691790918 -0.04971051374243365 0.07586515932307063 10229.0 33443.0 72786.0 123906.0 180127.0 235470.0 285844.0 329043.0 364293.0 391735.0 412023.0 426044.0 434744.0 439029.0 439722.0 437539.0
13 1.0 333.214789785358 -73.87145383705104 -1.0757369285376213 0.2609360760089208 0.21158306412659922 -0.135736691790918 -0.04971051374243365 0.07586515932307063 18699.0 55430.0 112489.0 181721.0 253668.99999999997 321075.0 379678.0 427700.0 465009.0 492409.0 511132.00000000006 522537.99999999994 527935.0 528505.0 525268.0 519081.0
14 1.0 25.5729809512393 30.968605323704594 -1.0757369285376213 0.2609360760089208 0.21158306412659922 -0.135736691790918 -0.04971051374243365 0.07586515932307063 22908.0 64404.0 126207.99999999999 198983.0 272922.0 340950.0 399181.0 446199.0 482164.0 508078.99999999994 525308.0 535282.0 539352.0 538715.0 534395.0 527246.0
15 1.0 31.366547892554657 -45.83390222648794 -1.0757369285376213 0.2609360760089208 0.21158306412659922 -0.135736691790918 -0.04971051374243365 0.07586515932307063 35841.0 95283.0 179074.0 273271.0 365109.0 446383.0 513273.0 565015.0 602592.0 627798.0 642666.0 649166.0 649053.0 643825.0 634723.0 622751.0
16 1.0 7.278623078517259 -14.302895997582283 -1.0757369285376213 0.2609360760089208 0.21158306412659922 -0.135736691790918 -0.04971051374243365 0.07586515932307063 75474.0 173555.0 294840.0 418022.0 528409.0 618949.0 688022.0 737048.0 768781.0 786322.0 792613.0 790221.0 781285.0 767537.0 750347.0 730787.0
17 1.0 299.74314439725765 10.326382438305046 -1.0757369285376213 0.2609360760089208 0.21158306412659922 -0.135736691790918 -0.04971051374243365 0.07586515932307063 15204.0 43360.0 86287.0 138092.0 192074.0 243056.0 287926.0 325293.0 354941.0 377337.0 393289.0 403721.0 409550.0 411618.0 410667.0 407329.0
18 1.0 280.13643034194615 64.89921128918289 -1.0757369285376213 0.2609360760089208 0.21158306412659922 -0.135736691790918 -0.04971051374243365 0.07586515932307063 10382.0 33616.0 72713.0 123279.0 178725.0 233203.0 282733.0 325184.0 359816.0 386780.0 406723.0 420515.0 429086.0 433322.0 434029.0 431909.0
19 1.0 313.2043733688549 40.8679672880391 -1.0757369285376213 0.2609360760089208 0.21158306412659922 -0.135736691790918 -0.04971051374243365 0.07586515932307063 12365.0 37297.0 77006.0 126434.99999999999 179150.0 229866.0 275209.0 313521.0 344366.0 368054.0 385289.0 396933.0 403871.0 406931.0 406852.0 404273.0
20 1.0 352.30260320379506 -41.34097705703137 -1.0757369285376213 0.2609360760089208 0.21158306412659922 -0.135736691790918 -0.04971051374243365 0.07586515932307063 59802.0 142312.0 247948.0 358410.0 460018.0 545497.0 612505.0 661659.0 695020.0 715147.0 724585.0 725624.0 720216.0 709968.0 696173.0 679855.0
21 1.0 287.6970831180205 -66.33309612759703 -1.0757369285376213 0.2609360760089208 0.21158306412659922 -0.135736691790918 -0.04971051374243365 0.07586515932307063 14683.0 45228.0 94325.0 155523.0 220566.0 282725.0 337786.0 383767.0 420245.0 447729.0 467197.0 479800.0 486690.0 488928.0 487447.0 483045.0
22 1.0 166.13257041105547 -80.03262232418437 -1.0757369285376213 0.2609360760089208 0.21158306412659922 -0.135736691790918 -0.04971051374243365 0.07586515932307063 10195.0 33325.0 72529.0 123475.0 179519.0 234705.0 284953.0 328063.0 363256.0 390670.0 410953.0 424986.0 433710.0 438028.0 438759.0 436617.0
23 1.0 280.99050346312396 -35.712245793430355 -1.0757369285376213 0.2609360760089208 0.21158306412659922 -0.135736691790918 -0.04971051374243365 0.07586515932307063 13419.0 40986.0 85181.0 140326.0 199125.0 255583.0 305893.0 348211.0 382082.0 407895.0 426475.0 438817.0 445933.0 448764.0 448144.0 444791.0
24 1.0 42.57879331281596 -42.818733136857915 -1.0757369285376213 0.2609360760089208 0.21158306412659922 -0.135736691790918 -0.04971051374243365 0.07586515932307063 28089.0 78303.0 152004.0 237429.0 322804.0 400010.0 464876.0 516155.99999999994 554379.0 580969.0 597679.0 606275.0 608375.0 605380.0 598470.0 588612.0
25 1.0 230.3715676779086 -7.894697975913658 -1.0757369285376213 0.2609360760089208 0.21158306412659922 -0.135736691790918 -0.04971051374243365 0.07586515932307063 17880.0 53798.0 110211.0 179157.0 251168.0 318880.0 377916.0 426407.0 464167.0 491970.0 511036.00000000006 522723.99999999994 528346.0 529091.0 525987.0 519899.0
26 1.0 51.607183467256704 32.990640398582485 -1.0757369285376213 0.2609360760089208 0.21158306412659922 -0.135736691790918 -0.04971051374243365 0.07586515932307063 13359.0 42088.0 89133.0 148573.0 212408.0 273924.0 328807.0 374942.0 411788.0 439762.0 459775.0 472938.0 480373.0 483128.0 482129.0 478168.0
27 1.0 340.0808101378502 35.21258021499429 -1.0757369285376213 0.2609360760089208 0.21158306412659922 -0.135736691790918 -0.04971051374243365 0.07586515932307063 22445.0 60447.0 115465.0 179208.0 243405.0 302236.0 352560.0 393270.0 424541.0 447232.0 462491.0 471527.0 475474.0 475345.0 472007.0 466186.0
28 1.0 187.8653958300258 -38.96660761521 -1.0757369285376213 0.2609360760089208 0.21158306412659922 -0.135736691790918 -0.04971051374243365 0.07586515932307063 20237.0 56991.0 112084.0 177465.0 244465.0 306680.0 360472.0 404404.0 438472.0 463467.0 480541.0 490940.0 495855.0 496359.0 493377.0 487688.0
29 1.0 149.2782983965885 -21.61314793797831 -1.0757369285376213 0.2609360760089208 0.21158306412659922 -0.135736691790918 -0.04971051374243365 0.07586515932307063 28618.0 72490.0 132760.0 199918.0 265512.0 324099.0 373061.0 411763.0 440731.0 461063.0 474053.0 480990.0 483048.0 481250.0 476456.0 469379.0
0 1.0 95.24002035766571 -57.39282688735745 -1.0757369285376213 0.2609360760089208 0.21158306412659922 -0.135736691790918 -0.04971051374243365 0.07586515932307063 9597.0 31399.999999999996 68445.0 116738.0 170050.0 222748.0 270929.0 312456.0 346534.0 373247.0 393176.0 407130.0 415988.0 420600.0 421739.0 420085.0
1 1.0 278.724128196318 51.93819221517336 -1.0757369285376213 0.2609360760089208 0.21158306412659922 -0.135736691790918 -0.04971051374243365 0.07586515932307063 9628.0 31267.999999999996 67831.0 115318.0 167613.0 219220.0 266355.0 306951.0 340252.0 366351.0 385819.0 399451.0 408107.0 412615.0 413732.0 412119.0
2 1.0 164.21411959795748 -79.76734624201674 -1.0757369285376213 0.2609360760089208 0.21158306412659922 -0.135736691790918 -0.04971051374243365 0.07586515932307063 10169.0 33245.0 72362.0 123201.0 179134.0 234217.0 284380.0 327423.0 362568.0 389950.0 410215.0 424242.0 432969.0 437296.0 438042.0 435918.0
3 1.0 204.63622159271347 35.459503510497726 -1.0757369285376213 0.2609360760089208 0.21158306412659922 -0.135736691790918 -0.04971051374243365 0.07586515932307063 50332.0 125856.0 226658.0 335261.0 437455.0 525044.0 594883.0 647042.0 683266.0 705957.0 717606.0 720504.0 716630.0 707633.0 694847.0 679338.0
4 1.0 6.764328157087851 50.1651712693986 -1.0757369285376213 0.2609360760089208 0.21158306412659922 -0.135736691790918 -0.04971051374243365 0.07586515932307063 15019.0 45158.0 92772.0 151481.0 213450.0 272419.0 324522.0 367976.0 402435.0 428407.0 446825.0 458776.0 465342.0 467519.0 466184.0 462085.0
5 1.0 222.34877894731574 49.93336113277556 -1.0757369285376213 0.2609360760089208 0.21158306412659922 -0.135736691790918 -0.04971051374243365 0.07586515932307063 25841.0 73180.0 143602.0 226068.0 309177.0 384885.0 448934.0 499935.0 538271.0 565243.0 582508.0 591763.0 594573.0 592306.0 586119.0 576963.0
6 1.0 220.3544601800717 -43.303938417836115 -1.0757369285376213 0.2609360760089208 0.21158306412659922 -0.135736691790918 -0.04971051374243365 0.07586515932307063 12465.0 39505.0 84064.0 140683.0 201809.0 261016.00000000003 314111.0 358986.0 395043.0 422621.0 442550.0 455862.0 463618.0 466814.0 466336.0 462946.0
7 1.0 222.0962388749125 -22.713635172138936 -1.0757369285376213 0.2609360760089208 0.21158306412659922 -0.135736691790918 -0.04971051374243365 0.07586515932307063 17955.0 53540.0 109116.0 176842.0 247484.0 313885.0 371798.0 419408.0 456533.0 483922.0 502762.00000000006 514372.00000000006 520032.00000000006 520900.99999999994 517983.0 512121.99999999994
8 1.0 339.7493082652647 15.76793433535002 -1.0757369285376213 0.2609360760089208 0.21158306412659922 -0.135736691790918 -0.04971051374243365 0.07586515932307063 42839.0 102390.0 179545.0 261432.0 338075.0 403870.0 456717.0 496711.0 525082.0 543519.0 553773.0 557468.0 556018.0 550613.0 542226.0 531643.0
9 1.0 245.45530767725404 -40.892057563595934 -1.0757369285376213 0.2609360760089208 0.21158306412659922 -0.135736691790918 -0.04971051374243365 0.07586515932307063 10391.0 33957.0 73870.0 125690.0 182634.0 238639.0 289569.0 333199.0 368758.0 396400.0 416796.0 430850.0 439525.0 443742.0 444334.0 442027.0
10 1.0 129.42284420656296 -23.246496140780025 -1.0757369285376213 0.2609360760089208 0.21158306412659922 -0.135736691790918 -0.04971051374243365 0.07586515932307063 15926.0 44948.0 88819.0 141430.0 195980.0 247289.0 292278.0 329610.0 359114.0 381296.0 396993.0 407149.0 412696.0 414485.0 413264.0 409671.0
11 1.0 157.33150336776293 -54.530229566584865 -1.0757369285376213 0.2609360760089208 0.21158306412659922 -0.135736691790918 -0.04971051374243365 0.07586515932307063 11575.0 36004.0 75828.0 126193.0 180516.0 233216.0 280641.0 320929.0 353525.0 378686.0 397105.0 409660.0 417263.0 420775.0 420969.0 418515.0
12 1.0 251.14723053381536 -7.225940923918671 -1.0757369285376213 0.2609360760089208 0.21158306412659922 -0.135736691790918 -0.04971051374243365 0.07586515932307063 10317.0 33660.0 73164.0 124450.0 180825.0 236305.0 286793.0 330087.0 365410.0 392906.0 413230.0 427272.0 435979.0 440261.0 440942.0 438739.0
13 1.0 21.68116978653714 -81.96978577425946 -1.0757369285376213 0.2609360760089208 0.21158306412659922 -0.135736691790918 -0.04971051374243365 0.07586515932307063 14001.0 43948.0 92767.0 154188.0 219884.0 282946.0 338988.0 385903.0 423198.0 451353.0 471343.0 484331.0 491486.0 493888.0 492491.0 488109.0
14 1.0 240.03601756044037 53.96325922271123 -1.0757369285376213 0.2609360760089208 0.21158306412659922 -0.135736691790918 -0.04971051374243365 0.07586515932307063 15973.000000000002 49240.0 102539.0 168643.0 238477.0 304764.0 363045.0 411306.0 449215.0 477421.0 497051.0 509391.99999999994 515711.00000000006 517163.00000000006 514753.0 509335.0
15 1.0 241.4296330625374 -76.1478395424061 -1.0757369285376213 0.2609360760089208 0.21158306412659922 -0.135736691790918 -0.04971051374243365 0.07586515932307063 10905.0 35446.0 76801.0 130264.99999999999 188797.0 246167.0 298162.0 342553.0 378596.0 406491.0 426957.0 440940.0 449440.0 453409.0 453703.0 451067.0
16 1.0 75.73772198658273 3.3903267896746883 -1.0757369285376213 0.2609360760089208 0.21158306412659922 -0.135736691790918 -0.04971051374243365 0.07586515932307063 10431.0 33760.0 73001.0 123732.0 179339.0 233955.0 283592.0 326120.0 360800.0 387789.0 407739.0 421525.0 430078.0 434290.0 434968.0 432816.0
17 1.0 46.41346715574719 -34.7741820818647 -1.0757369285376213 0.2609360760089208 0.21158306412659922 -0.135736691790918 -0.04971051374243365 0.07586515932307063 26944.0 75767.0 147937.0 232030.0 316426.0 393019.0 457582.0 508797.00000000006 547121.0 573923.0 590914.0 599829.0 602264.0 599607.0 593027.0 583488.0
18 1.0 113.55420633270619 13.957730789647584 -1.0757369285376213 0.2609360760089208 0.21158306412659922 -0.135736691790918 -0.04971051374243365 0.07586515932307063 17577.0 49528.0 97616.0 154997.0 214174.0 269520.0 317755.0 357512.0 388688.0 411897.0 428093.0 438334.0 443646.0 444961.0 443094.0 438731.0
19 1.0 130.93587753934415 82.69800135001651 -1.0757369285376213 0.2609360760089208 0.21158306412659922 -0.135736691790918 -0.04971051374243365 0.07586515932307063 14503.0 45180.0 94877.0 157113.0 223438.0 286912.0 343170.0 390146.0 427391.0 455420.0 475238.0 488028.0 494973.0 497164.0 495561.0 490980.0
20 1.0 205.27083735043666 26.20264400208069 -1.0757369285376213 0.2609360760089208 0.21158306412659922 -0.135736691790918 -0.04971051374243365 0.07586515932307063 54411.0 134086.0 239062.0 351045.0 455559.0 544478.0 614858.0 666985.0 702787.0 724811.0 735647.0 737660.0 732878.0 722978.0 709316.0 692969.0
21 1.0 157.89654484643532 -83.63476156401164 -1.0757369285376213 0.2609360760089208 0.21158306412659922 -0.135736691790918 -0.04971051374243365 0.07586515932307063 10558.0 34419.0 74748.0 127027.0 184406.0 240782.0 291998.0 335834.0 371524.0 399236.0 419653.0 433690.0 442320.0 446472.0 446985.0 444589.0
22 1.0 355.8145817013214 -12.527560888548976 -1.0757369285376213 0.2609360760089208 0.21158306412659922 -0.135736691790918 -0.04971051374243365 0.07586515932307063 78523.0 177415.0 297634.0 418067.0 524721.0 611235.0 676478.0 722138.0 751084.0 766430.0 771074.0 767517.0 757824.0 743655.0 726315.0 706820.0
23 1.0 36.736131869290105 1.803033417285036 -1.0757369285376213 0.2609360760089208 0.21158306412659922 -0.135736691790918 -0.04971051374243365 0.07586515932307063 33896.0 90415.0 170469.0 260906.00000000003 349519.0 428345.0 493585.0 544380.0 581574.0 606823.0 622044.0 629106.0 629692.0 625245.0 616964.0 605826.0
24 1.0 75.19563219414049 6.511949046621353 -1.0757369285376213 0.2609360760089208 0.21158306412659922 -0.135736691790918 -0.04971051374243365 0.07586515932307063 10514.0 34006.0 73490.0 124500.0 180375.0 235220.0 285034.0 327684.0 362439.0 389464.0 409418.0 423184.0 431701.0 435866.0 436488.0 434276.0
25 1.0 58.07142643859865 32.65065190869082 -1.0757369285376213 0.2609360760089208 0.21158306412659922 -0.135736691790918 -0.04971051374243365 0.07586515932307063 12282.0 39189.0 83776.0 140653.0 202231.0 261998.99999999997 315678.0 361100.0 397633.0 425598.0 445825.0 459353.0 467254.0 470534.0 470091.0 466698.0
26 1.0 235.11899716754343 -40.032702408282105 -1.0757369285376213 0.2609360760089208 0.21158306412659922 -0.135736691790918 -0.04971051374243365 0.07586515932307063 11067.0 35882.0 77598.0 131426.0 190264.0 247851.0 299976.0 344422.0 380461.0 408311.0 428703.0 442597.0 450998.0 454866.0 455060.0 452326.0
27 1.0 91.18497691432157 -66.80509821606236 -1.0757369285376213 0.2609360760089208 0.21158306412659922 -0.135736691790918 -0.04971051374243365 0.07586515932307063 10340.0 33713.0 73256.0 124580.0 180991.0 236501.0 287016.0 330330.0 365668.0 393174.0 413505.0 427550.0 436257.0 440536.0 441213.0 439004.0
28 1.0 167.87187822827028 -19.31837822152302 -1.0757369285376213 0.2609360760089208 0.21158306412659922 -0.135736691790918 -0.04971051374243365 0.07586515932307063 41515.0 100323.0 177331.0 259758.0 337462.0 404599.0 458866.0 500214.99999999994 529798.0 549263.0 560356.0 564707.0 563750.0 558694.0 550535.0 540077.0
29 1.0 87.99321312057698 82.1530301032708 -1.0757369285376213 0.2609360760089208 0.21158306412659922 -0.135736691790918 -0.04971051374243365 0.07586515932307063 13008.0 41192.0 87552.0 146331.0 209630.0 270772.0 325434.0 371474.0 408318.0 436355.0 456476.0 469771.0 477353.0 480261.0 479414.0 475602.0
0 1.0 57.2290501123871 -56.31643948484795 -1.0757369285376213 0.2609360760089208 0.21158306412659922 -0.135736691790918 -0.04971051374243365 0.07586515932307063 16209.000000000002 49841.0 103604.0 170167.0 240389.0 306964.0 365435.0 413800.0 451747.0 479942.0 499526.0 511798.0 518032.00000000006 519391.00000000006 516885.00000000006 511368.00000000006
1 1.0 39.73505081914985 72.71711188708267 -1.0757369285376213 0.2609360760089208 0.21158306412659922 -0.135736691790918 -0.04971051374243365 0.07586515932307063 11342.0 36516.0 78590.0 132656.0 191573.0 249104.0 301082.0 345334.0 381165.0 408815.0 429028.0 442767.0 451040.0 454803.0 454914.0 452117.0
2 1.0 236.27865220749842 7.885071013918747 -1.0757369285376213 0.2609360760089208 0.21158306412659922 -0.135736691790918 -0.04971051374243365 0.07586515932307063 17072.0 52007.0 107399.0 175552.0 247084.0 314605.0 373666.0 422325.0 460336.0 488427.0 507793.00000000006 519773.99999999994 525673.0 526674.0 523803.0 517924.00000000006
3 1.0 49.74586248550097 -7.755944103762147 -1.0757369285376213 0.2609360760089208 0.21158306412659922 -0.135736691790918 -0.04971051374243365 0.07586515932307063 22995.0 66432.0 132191.0 210255.0 289823.0 363034.0 425563.0 475848.0 514081.0 541388.0 559287.0 569366.0 573112.0 571838.0 566660.0 558502.0
4 1.0 70.76965020481926 68.76745384138013 -1.0757369285376213 0.2609360760089208 0.21158306412659922 -0.135736691790918 -0.04971051374243365 0.07586515932307063 12032.0 38461.0 82336.0 138398.0 199186.0 258272.99999999997 311419.0 356460.0 392750.0 420587.0 440778.0 454341.0 462328.0 465731.0 465435.0 462205.0
5 1.0 132.74106143794708 -7.451286881654539 -1.0757369285376213 0.2609360760089208 0.21158306412659922 -0.135736691790918 -0.04971051374243365 0.07586515932307063 25543.0 65653.0 121543.0 184541.0 246685.0 302692.0 349914.0 387594.0 416114.0 436435.0 449736.0 457211.0 459960.0 458951.0 455004.0 448801.0
6 1.0 295.55756274525663 40.350174590077785 -1.0757369285376213 0.2609360760089208 0.21158306412659922 -0.135736691790918 -0.04971051374243365 0.07586515932307063 9953.0 31462.999999999996 67070.0 112679.0 162420.0 211168.0 255467.99999999997 293478.0 324566.0 348868.0 366951.0 379576.0 387554.0 391664.0 392613.0 391019.0
7 1.0 34.956459285502056 -18.17544209344163 -1.0757369285376213 0.2609360760089208 0.21158306412659922 -0.135736691790918 -0.04971051374243365 0.07586515932307063 42454.0 109475.0 201436.0 302679.0 399690.0 484216.0 552732.0 604857.0 641934.0 666051.0 679462.0 684297.0 682422.0 675412.0 664555.0 650889.0
8 1.0 301.6601666995694 72.7279907221724 -1.0757369285376213 0.2609360760089208 0.21158306412659922 -0.135736691790918 -0.04971051374243365 0.07586515932307063 10557.0 34117.0 73683.0 124764.0 180685.0 235546.0 285350.0 327972.0 362687.0 389665.0 409572.0 423293.0 431768.0 435896.0 436486.0 434247.0
9 1.0 34.59542684182671 34.20450363442093 -1.0757369285376213 0.2609360760089208 0.21158306412659922 -0.135736691790918 -0.04971051374243365 0.07586515932307063 17730.0 52736.0 107330.0 173826.0 243192.0 308432.0 365386.0 412270.0 448892.0 475975.0 494672.0 506268.00000000006 512012.0 513036.00000000006 510324.0 504704.99999999994
10 1.0 351.5254074048225 35.931969765093015 -1.0757369285376213 0.2609360760089208 0.21158306412659922 -0.135736691790918 -0.04971051374243365 0.07586515932307063 24193.0 64907.00000000001 123558.0 191180.0 258959.0 320771.0 373375.0 415688.0 447966.0 471175.0 486567.0 495440.0 499007.0 498342.0 494360.0 487825.0
11 1.0 168.71443259317257 -31.010327719718596 -1.0757369285376213 0.2609360760089208 0.21158306412659922 -0.135736691790918 -0.04971051374243365 0.07586515932307063 27502.0 71466.0 133143.0 202894.0 271772.0 333817.0 386041.0 427596.0 458920.0 481102.0 495473.0 503376.00000000006 506049.0 504575.0 499870.0 492694.0
12 1.0 351.6339917485214 46.22015569264005 -1.0757369285376213 0.2609360760089208 0.21158306412659922 -0.135736691790918 -0.04971051374243365 0.07586515932307063 16744.0 48603.0 97596.0 156887.0 218623.0 276756.0 327681.0 369828.0 402998.0 427787.0 445168.0 456242.0 462087.0 463688.0 461902.0 457462.0
13 1.0 217.74438710821656 24.490989980485438 -1.0757369285376213 0.2609360760089208 0.21158306412659922 -0.135736691790918 -0.04971051374243365 0.07586515932307063 38198.0 100525.0 187573.0 284710.0 378822.0 461631.0 529400.0 581496.0 619037.0 643936.0 658318.0 664218.0 663445.0 657529.0 647736.0 635085.0
14 1.0 266.1348885833886 -46.79635079165228 -1.0757369285376213 0.2609360760089208 0.21158306412659922 -0.135736691790918 -0.04971051374243365 0.07586515932307063 11222.0 35984.0 77259.0 130217.0 187880.0 244173.0 295037.0 338360.0 373465.0 400584.0 420439.0 433970.0 442156.0 445929.0 446126.0 443472.0
15 1.0 14.107605211555443 -61.103011952653844 -1.0757369285376213 0.2609360760089208 0.21158306412659922 -0.135736691790918 -0.04971051374243365 0.07586515932307063 30053.0 81939.0 156870.0 242802.0 328050.0 404719.0 468846.0 519333.99999999994 556800.0 582712.0 598841.0 606952.0 608654.0 605339.0 598175.0 588118.0
16 1.0 101.81050652750744 53.35046541311971 -1.0757369285376213 0.2609360760089208 0.21158306412659922 -0.135736691790918 -0.04971051374243365 0.07586515932307063 15412.0 46721.0 96411.0 157800.0 222620.0 284256.0 338634.0 383885.0 419662.0 446518.0 465451.0 477616.0 484160.0 486133.0 484459.0 479924.0
17 1.0 43.270762036740805 82.64998854634004 -1.0757369285376213 0.2609360760089208 0.21158306412659922 -0.135736691790918 -0.04971051374243365 0.07586515932307063 11882.0 38070.0 81639.0 137407.0 197964.0 256899.0 309969.0 354994.0 391311.0 419206.0 439472.0 453119.0 461193.0 464683.0 464470.0 461318.0
18 1.0 106.61047110797217 -7.535011093192281 -1.0757369285376213 0.2609360760089208 0.21158306412659922 -0.135736691790918 -0.04971051374243365 0.07586515932307063 11246.0 34481.0 72007.0 119218.0 170003.0 219221.0 263517.0 301183.0 331710.0 355333.0 372690.0 384589.0 391871.0 395333.0 395689.0 393561.0
19 1.0 42.74197882352786 16.377149758263286 -1.0757369285376213 0.2609360760089208 0.21158306412659922 -0.135736691790918 -0.04971051374243365 0.07586515932307063 21332.0 61926.0 123792.0 197727.0 273588.0 343859.0 404300.0 453284.0 490873.0 518047.99999999994 536195.0 546792.0 551237.0 550777.0 546477.0 539228.0
20 1.0 114.47394458183138 64.39007595483983 -1.0757369285376213 0.2609360760089208 0.21158306412659922 -0.135736691790918 -0.04971051374243365 0.07586515932307063 17614.0 52475.0 106911.0 173274.0 242549.0 307738.0 364674.0 411563.0 448206.0 475319.0 494050.0 505681.00000000006 511461.00000000006 512520.0 509841.0 504252.00000000006
21 1.0 149.13467802528118 -7.699778396305732 -1.0757369285376213 0.2609360760089208 0.21158306412659922 -0.135736691790918 -0.04971051374243365 0.07586515932307063 41882.0 99668.0 174276.0 253276.99999999997 327107.0 390422.0 441244.0 479686.0 506946.0 524654.0 534496.0 538034.0 536628.0 531422.0 523348.99999999994 513166.0
22 1.0 23.09309868556237 81.3374058298925 -1.0757369285376213 0.2609360760089208 0.21158306412659922 -0.135736691790918 -0.04971051374243365 0.07586515932307063 11474.0 36890.0 79319.0 133786.0 193086.0 250942.0 303169.0 347594.0 383529.0 411225.0 431438.0 445143.0 453356.0 457043.0 457066.0 454175.0
23 1.0 249.28996297320714 13.63520916807704 -1.0757369285376213 0.2609360760089208 0.21158306412659922 -0.135736691790918 -0.04971051374243365 0.07586515932307063 11501.0 37108.0 79970.0 135081.0 195135.0 253747.99999999997 306657.0 351644.0 388012.0 416013.0 436420.0 450225.0 458464.0 462117.0 462063.0 459062.0
24 1.0 203.97652351436705 57.738081726236686 -1.0757369285376213 0.2609360760089208 0.21158306412659922 -0.135736691790918 -0.04971051374243365 0.07586515932307063 31043.0 84617.0 161830.0 250147.99999999997 337511.0 415837.0 481127.0 532328.0 570138.0 596106.0 612082.0 619891.0 621193.0 617416.0 609755.0 599186.0
25 1.0 95.54021673820034 73.5918693142929 -1.0757369285376213 0.2609360760089208 0.21158306412659922 -0.135736691790918 -0.04971051374243365 0.07586515932307063 13779.0 43162.0 91031.0 151274.0 215761.0 277735.0 332890.0 379142.0 415989.0 443881.0 463759.0 476753.0 484002.0 486563.0 485370.0 481220.0
26 1.0 188.36929924801188 56.7942873783424 -1.0757369285376213 0.2609360760089208 0.21158306412659922 -0.135736691790918 -0.04971051374243365 0.07586515932307063 37704.0 98648.0 183518.0 278148.0 369872.0 450685.0 516950.0 568028.0 604975.0 629620.0 644009.0 650108.0 649668.0 644177.0 634865.0 622728.0
27 1.0 33.818583873039 -61.30539657918793 -1.0757369285376213 0.2609360760089208 0.21158306412659922 -0.135736691790918 -0.04971051374243365 0.07586515932307063 23349.0 67065.0 132990.0 211062.0 290517.0 363547.0 425874.0 475967.0 514030.0 541198.0 558987.0 568983.0 572669.0 571353.0 566147.0 557974.0
28 1.0 207.34073840022455 23.201719031106066 -1.0757369285376213 0.2609360760089208 0.21158306412659922 -0.135736691790918 -0.04971051374243365 0.07586515932307063 52396.0 129929.99999999999 232668.0 342755.0 445887.0 533935.0 603871.0 655878.0 691791.0 714081.0 725283.0 727720.0 723391.0 713954.0 700751.0 684851.0
29 1.0 334.5466311274371 -18.28183344845813 -1.0757369285376213 0.2609360760089208 0.21158306412659922 -0.135736691790918 -0.04971051374243365 0.07586515932307063 64108.0 146370.0 247718.0 350580.0 442909.0 518916.99999999994 577255.0 619053.0 646539.0 662233.0 668534.0 667545.0 661024.0 650399.0 636808.0 621141.0
0 1.0 114.68482288247652 -78.71166863579778 -1.0757369285376213 0.2609360760089208 0.21158306412659922 -0.135736691790918 -0.04971051374243365 0.07586515932307063 10383.0 33875.0 73623.0 125204.00000000001 181879.0 237625.0 288330.0 331782.0 367211.0 394767.0 415115.0 429151.0 437831.0 442070.0 442697.0 440434.0
1 1.0 240.2677367869254 -13.674194659828444 -1.0757369285376213 0.2609360760089208 0.21158306412659922 -0.135736691790918 -0.04971051374243365 0.07586515932307063 12335.0 39487.0 84560.0 142100.0 204398.0 264840.0 319089.0 364950.0 401791.0 429948.0 450271.0 463818.0 471680.0 474878.0 474323.0 470796.0
2 1.0 47.447230465581185 -43.436867959906614 -1.0757369285376213 0.2609360760089208 0.21158306412659922 -0.135736691790918 -0.04971051374243365 0.07586515932307063 24090.0 69120.0 136867.0 216888.0 298102.0 372538.0 435876.0 486611.0 525010.0 552272.0 569975.0 579757.0 583140.0 581465.0 575866.0 567284.0
3 1.0 257.8777934826836 62.82689551713193 -1.0757369285376213 0.2609360760089208 0.21158306412659922 -0.135736691790918 -0.04971051374243365 0.07586515932307063 11941.0 38268.0 82075.0 138147.0 199025.0 258259.00000000003 311580.0 356797.0 393248.0 421225.0 441529.0 455180.0 463233.0 466681.0 466414.0 463198.0
4 1.0 104.1861934609924 -84.00516722159469 -1.0757369285376213 0.2609360760089208 0.21158306412659922 -0.135736691790918 -0.04971051374243365 0.07586515932307063 11104.0 36008.0 77881.0 131916.0 190979.0 248784.0 301099.0 345697.0 381850.0 409777.0 430215.0 444129.0 452530.0 456381.0 456546.0 453775.0
5 1.0 65.94889032256206 82.61688993542523 -1.0757369285376213 0.2609360760089208 0.21158306412659922 -0.135736691790918 -0.04971051374243365 0.07586515932307063 12348.0 39381.0 84156.0 141249.0 203036.0 262982.0 316800.0 362320.0 398914.0 426910.0 447143.0 460660.0 468536.0 471783.0 471299.0 467862.0
6 1.0 211.14465653162995 -26.033607275052667 -1.0757369285376213 0.2609360760089208 0.21158306412659922 -0.135736691790918 -0.04971051374243365 0.07586515932307063 22131.0 62809.00000000001 123882.0 196225.0 270065.0 338257.0 396818.0 444249.0 480649.0 506981.0 524589.0 534896.0 539250.0 538851.0 534726.0 527734.0
7 1.0 7.238716627497679 -25.792759727542276 -1.0757369285376213 0.2609360760089208 0.21158306412659922 -0.135736691790918 -0.04971051374243365 0.07586515932307063 72984.0 169594.0 290228.0 413665.0 524948.0 616701.0 687055.0 737274.0 770039.0 788427.0 795382.0 793492.0 784920.0 771420.0 754388.0 734911.0
8 1.0 298.4184105182507 -87.06086951693258 -1.0757369285376213 0.2609360760089208 0.21158306412659922 -0.135736691790918 -0.04971051374243365 0.07586515932307063 12185.0 39044.0 83682.0 140725.0 202549.0 262592.0 316535.0 362186.0 398903.0 427005.0 447326.0 460913.0 468842.0 472128.0 471672.0 468252.0
9 1.0 1.6903714293169436 -56.65818145748689 -1.0757369285376213 0.2609360760089208 0.21158306412659922 -0.135736691790918 -0.04971051374243365 0.07586515932307063 37994.0 98699.0 182849.0 276442.0 367044.0 446828.0 512248.99999999994 562693.0 599207.0 623591.0 637859.0 643944.0 643570.0 638202.0 629053.0 617105.0
10 1.0 244.01395324664284 -17.773289855350427 -1.0757369285376213 0.2609360760089208 0.21158306412659922 -0.135736691790918 -0.04971051374243365 0.07586515932307063 11153.0 36153.0 78169.0 132368.0 191589.0 249530.0 301950.0 346623.0 382823.0 410775.0 431219.0 445125.0 453509.0 457335.0 457471.0 454669.0
11 1.0 97.20287034917935 77.27245511448851 -1.0757369285376213 0.2609360760089208 0.21158306412659922 -0.135736691790918 -0.04971051374243365 0.07586515932307063 13699.0 43000.0 90814.0 151056.0 215596.0 277659.0 332920.0 379279.0 416225.0 444202.0 464150.0 477198.0 484488.0 487079.0 485905.0 481767.0
12 1.0 264.66984796413414 -72.06931256017117 -1.0757369285376213 0.2609360760089208 0.21158306412659922 -0.135736691790918 -0.04971051374243365 0.07586515932307063 11837.0 37998.0 81569.0 137373.0 197984.0 256977.99999999997 310100.0 355166.0 391510.0 419421.0 439694.0 453341.0 461410.0 464891.0 464668.0 461505.0
13 1.0 346.38787624227774 80.15427602623433 -1.0757369285376213 0.2609360760089208 0.21158306412659922 -0.135736691790918 -0.04971051374243365 0.07586515932307063 11091.0 35746.0 77014.0 130117.00000000001 188065.0 244729.0 295998.0 339715.0 375176.0 402598.0 422700.0 436422.0 444749.0 448620.0 448876.0 446249.0
14 1.0 89.55113166718489 66.5079354983938 -1.0757369285376213 0.2609360760089208 0.21158306412659922 -0.135736691790918 -0.04971051374243365 0.07586515932307063 13339.0 41912.0 88612.0 147553.0 210814.0 271763.0 326142.0 371865.0 408396.0 436149.0 456024.0 469116.0 476536.0 479318.0 478377.0 474498.0
15 1.0 207.4166403904213 -8.25076855664068 -1.0757369285376213 0.2609360760089208 0.21158306412659922 -0.135736691790918 -0.04971051374243365 0.07586515932307063 38803.0 99678.0 183376.0 275985.0 365340.0 443855.0 508144.99999999994 557669.0 593488.0 617386.0 631349.0 637276.0 636858.0 631534.0 622491.0 610696.0
16 1.0 213.13509525786205 -31.19384128171319 -1.0757369285376213 0.2609360760089208 0.21158306412659922 -0.135736691790918 -0.04971051374243365 0.07586515932307063 18282.0 53840.0 108908.0 175676.0 245105.0 310251.0 367017.0 413670.0 450052.0 476906.0 495395.0 506808.00000000006 512395.99999999994 513289.0 510467.0 504756.0
17 1.0 206.01068608471442 -48.10605672976977 -1.0757369285376213 0.2609360760089208 0.21158306412659922 -0.135736691790918 -0.04971051374243365 0.07586515932307063 13157.0 40971.0 86179.0 143073.0 204069.0 262839.0 315320.0 359518.0 394913.0 421890.0 441300.0 454182.0 461595.0 464525.0 463848.0 460317.0
18 1.0 80.30938775062259 20.603647165837387 -1.0757369285376213 0.2609360760089208 0.21158306412659922 -0.135736691790918 -0.04971051374243365 0.07586515932307063 10638.0 34233.0 73717.0 124564.0 180127.0 234562.0 283925.0 326133.0 360482.0 387153.0 406814.0 420347.0 428683.0 432716.0 433248.0 430981.0
19 1.0 342.9896441461146 -84.04657353440899 -1.0757369285376213 0.2609360760089208 0.21158306412659922 -0.135736691790918 -0.04971051374243365 0.07586515932307063 13567.0 42759.0 90533.0 150835.0 215516.0 277763.0 333215.0 379750.0 416843.0 444935.0 464967.0 478073.0 485396.0 488002.0 486829.0 482681.0
20 1.0 160.96513630234585 -87.19090839957092 -1.0757369285376213 0.2609360760089208 0.21158306412659922 -0.135736691790918 -0.04971051374243365 0.07586515932307063 11104.0 36013.0 77896.0 131946.0 191027.0 248849.0 301178.0 345790.0 381953.0 409888.0 430332.0 444250.0 452653.0 456505.0 456670.0 453899.0
21 1.0 304.707122089606 -12.816769950317195 -1.0757369285376213 0.2609360760089208 0.21158306412659922 -0.135736691790918 -0.04971051374243365 0.07586515932307063 25283.0 65817.0 122884.0 187680.0 251938.0 310091.0 359289.0 398670.0 428576.0 449970.0 464059.0 472072.0 475150.0 474296.0 470365.0 464067.0
22 1.0 251.81253911430156 -77.74666668455036 -1.0757369285376213 0.2609360760089208 0.21158306412659922 -0.135736691790918 -0.04971051374243365 0.07586515932307063 11301.0 36559.0 78924.0 133487.0 193023.0 251201.0 303777.0 348534.0 384761.0 412697.0 433096.0 446937.0 455243.0 458986.0 459036.0 456148.0
23 1.0 107.07730230784811 -44.65062211570328 -1.0757369285376213 0.2609360760089208 0.21158306412659922 -0.135736691790918 -0.04971051374243365 0.07586515932307063 9091.0 29460.0 63863.0 108578.0 157889.0 206642.0 251274.0 289821.0 321547.0 346517.0 365250.0 378478.0 386998.0 391584.0 392944.0 391699.0
24 1.0 292.9672150928918 -50.19103523770491 -1.0757369285376213 0.2609360760089208 0.21158306412659922 -0.135736691790918 -0.04971051374243365 0.07586515932307063 17938.0 52292.0 105192.0 169168.0 235655.0 298083.0 352569.0 397456.0 432580.0 458627.0 476686.0 487971.0 493664.0 494838.0 492424.0 487211.0
25 1.0 142.74206670491446 -44.425585129886656 -1.0757369285376213 0.2609360760089208 0.21158306412659922 -0.135736691790918 -0.04971051374243365 0.07586515932307063 12645.0 38077.0 78531.0 128838.00000000001 182447.0 233983.0 280026.0 318897.0 350163.0 374145.0 391564.0 403300.0 410254.0 413270.0 413100.0 410394.0
26 1.0 317.1971509600182 -66.4100583812536 -1.0757369285376213 0.2609360760089208 0.21158306412659922 -0.135736691790918 -0.04971051374243365 0.07586515932307063 21048.0 60544.0 120467.0 191973.0 265362.0 333434.0 392111.0 439805.0 476543.0 503244.0 521219.0 531874.0 536549.0 536441.0 532575.0 525814.0
27 1.0 209.25823414890914 -87.83347987842222 -1.0757369285376213 0.2609360760089208 0.21158306412659922 -0.135736691790918 -0.04971051374243365 0.07586515932307063 11334.0 36671.0 79174.0 133913.0 193638.0 251992.0 304718.0 349594.0 385907.0 413899.0 434329.0 448181.0 456483.0 460209.0 460234.0 457314.0
28 1.0 317.424730267747 -69.21282651502534 -1.0757369285376213 0.2609360760089208 0.21158306412659922 -0.135736691790918 -0.04971051374243365 0.07586515932307063 19524.0 57120.0 114947.0 184644.0 256728.0 324018.0 382351.0 430028.0 466974.0 494026.0 512435.0 523564.99999999994 528727.0 529100.0 525699.0 519378.0
29 1.0 249.3113724279957 21.32644671229461 -1.0757369285376213 0.2609360760089208 0.21158306412659922 -0.135736691790918 -0.04971051374243365 0.07586515932307063 11902.0 38241.0 82148.0 138404.0 199516.0 258991.00000000003 312530.0 357929.0 394518.0 422592.0 442957.0 456638.0 464697.0 468133.0 467840.0 464589.0
0 1.0 261.09154073507057 85.36611830724905 -1.0757369285376213 0.2609360760089208 0.21158306412659922 -0.135736691790918 -0.04971051374243365 0.07586515932307063 12577.0 40044.0 85455.0 143264.0 205727.0 266238.0 320480.0 366285.0 403043.0 431104.0 451326.0 464776.0 472546.0 475659.0 475026.0 471431.0
1 1.0 180.47677749361281 88.26210028096091 -1.0757369285376213 0.2609360760089208 0.21158306412659922 -0.135736691790918 -0.04971051374243365 0.07586515932307063 13145.0 41599.0 88364.0 147603.0 211342.0 272854.0 327795.0 374023.0 410976.0 439056.0 459169.0 472419.0 479931.0 482750.0 481804.0 477888.0
2 1.0 344.1901085003606 -16.37026283284891 -1.0757369285376213 0.2609360760089208 0.21158306412659922 -0.135736691790918 -0.04971051374243365 0.07586515932307063 73832.0 166640.0 279451.0 392526.0 492774.0 574222.0 635780.0 678998.0 706537.0 721293.0 725973.0 722914.0 714054.0 700948.0 684827.0 666647.0
3 1.0 231.83647172266947 -60.66820331161104 -1.0757369285376213 0.2609360760089208 0.21158306412659922 -0.135736691790918 -0.04971051374243365 0.07586515932307063 10401.0 33990.0 73940.0 125806.0 182797.0 238846.0 289811.0 333467.0 369043.0 396693.0 417092.0 431143.0 439812.0 444020.0 444601.0 442283.0
4 1.0 152.5878174809447 24.977116325975274 -1.0757369285376213 0.2609360760089208 0.21158306412659922 -0.135736691790918 -0.04971051374243365 0.07586515932307063 61690.0 142213.0 242411.0 344989.0 437801.0 514821.0 574453.0 617636.0 646468.0 663392.0 670769.0 670689.0 664915.0 654886.0 641755.0 626434.0
5 1.0 218.30155708605275 -1.7450376212273113 -1.0757369285376213 0.2609360760089208 0.21158306412659922 -0.135736691790918 -0.04971051374243365 0.07586515932307063 31006.0 83917.0 159876.0 246613.0 332378.0 409300.0 473480.0 523884.0 561179.0 586871.0 602756.0 610618.0 612075.0 608526.0 601141.0 590878.0
6 1.0 6.909551391360069 88.09375991119765 -1.0757369285376213 0.2609360760089208 0.21158306412659922 -0.135736691790918 -0.04971051374243365 0.07586515932307063 12265.0 39159.0 83746.0 140643.0 202257.0 262067.0 315790.0 361250.0 397814.0 425802.0 446045.0 459582.0 467487.0 470767.0 470321.0 466922.0
7 1.0 108.56693400283775 -78.24524271267956 -1.0757369285376213 0.2609360760089208 0.21158306412659922 -0.135736691790918 -0.04971051374243365 0.07586515932307063 10478.0 34159.0 74197.0 126123.00000000001 183144.0 239200.0 290157.0 333800.0 369360.0 396996.0 417382.0 431423.0 440082.0 444282.0 444856.0 442531.0
8 1.0 237.66247349736662 50.98219889648635 -1.0757369285376213 0.2609360760089208 0.21158306412659922 -0.135736691790918 -0.04971051374243365 0.07586515932307063 17172.0 52323.0 108043.0 176565.0 248443.0 316245.0 375509.0 424296.0 462369.0 490473.0 509814.0 521742.00000000006 527572.0 528493.0 525535.0 519568.00000000006
9 1.0 104.42793859575987 -38.0882704803311 -1.0757369285376213 0.2609360760089208 0.21158306412659922 -0.135736691790918 -0.04971051374243365 0.07586515932307063 9078.0 29328.0 63461.0 107767.0 156588.0 204832.0 248983.0 287105.0 318477.0 343164.0 361681.0 374754.0 383171.0 387697.0 389034.0 387795.0
10 1.0 222.48555443958296 -46.54464838621668 -1.0757369285376213 0.2609360760089208 0.21158306412659922 -0.135736691790918 -0.04971051374243365 0.07586515932307063 11692.0 37473.0 80382.0 135331.0 195031.0 253172.0 305568.0 350065.0 385998.0 413639.0 433764.0 447360.0 455455.0 459020.0 458922.0 455915.0
11 1.0 154.35673234047582 29.250822875881667 -1.0757369285376213 0.2609360760089208 0.21158306412659922 -0.135736691790918 -0.04971051374243365 0.07586515932307063 61906.0 143363.0 245151.0 349694.0 444534.0 523414.00000000006 584616.0 629036.0 658779.0 676324.0 684075.0 684170.0 678411.0 668275.0 654946.0 639359.0
12 1.0 48.770663120082084 -45.70862670162639 -1.0757369285376213 0.2609360760089208 0.21158306412659922 -0.135736691790918 -0.04971051374243365 0.07586515932307063 22581.0 65555.0 130867.00000000001 208615.0 288030.0 361227.0 423838.0 474264.0 512665.99999999994 540152.0 558225.0 568468.0 572362.0 571221.0 566159.0 558104.0
13 1.0 107.38163734417108 29.854641160653784 -1.0757369285376213 0.2609360760089208 0.21158306412659922 -0.135736691790918 -0.04971051374243365 0.07586515932307063 16440.0 47921.0 96500.0 155434.0 216918.0 274904.0 325770.0 367924.0 401145.0 426011.0 443483.0 454654.0 460596.0 462289.0 460590.0 456229.0
14 1.0 205.18736785245537 3.11553309641198 -1.0757369285376213 0.2609360760089208 0.21158306412659922 -0.135736691790918 -0.04971051374243365 0.07586515932307063 50270.0 124136.0 221933.0 326872.0 425464.0 509974.99999999994 577453.0 627980.0 663214.0 685441.0 697031.0 700169.0 696750.0 688350.0 676254.0 661487.0
15 1.0 212.71419404934235 -13.663982081547132 -1.0757369285376213 0.2609360760089208 0.21158306412659922 -0.135736691790918 -0.04971051374243365 0.07586515932307063 29470.0 79724.0 152035.0 234887.0 317144.0 391263.0 453431.0 502557.99999999994 539197.0 564719.0 580799.0 589115.0 591205.0 588404.0 581833.0 572416.0
16 1.0 206.75708958584838 9.843805559055411 -1.0757369285376213 0.2609360760089208 0.21158306412659922 -0.135736691790918 -0.04971051374243365 0.07586515932307063 51686.0 127674.00000000001 228183.0 335855.0 436801.0 523108.0 591808.0 643045.0 678578.0 700790.0 712138.0 714877.0 710954.0 701990.0 689297.0 673921.0
17 1.0 235.1522951485681 -38.330726414466646 -1.0757369285376213 0.2609360760089208 0.21158306412659922 -0.135736691790918 -0.04971051374243365 0.07586515932307063 11178.0 36195.0 78199.0 132344.0 191473.0 249299.0 301599.0 346158.0 382259.0 410129.0 430510.0 444369.0 452720.0 456527.0 456654.0 453851.0
18 1.0 234.757177200608 37.1834471291362 -1.0757369285376213 0.2609360760089208 0.21158306412659922 -0.135736691790918 -0.04971051374243365 0.07586515932307063 19974.0 59332.0 120324.0 194013.0 270186.0 341124.0 402388.0 452211.0 490571.0 518410.99999999994 537107.0 548140.0 552921.0 552710.0 548589.0 541461.0
19 1.0 155.31063675623062 -15.325763519958471 -1.0757369285376213 0.2609360760089208 0.21158306412659922 -0.135736691790918 -0.04971051374243365 0.07586515932307063 39415.0 94979.0 167631.0 245366.0 318677.0 382084.0 433418.0 472625.0 500772.0 519399.00000000006 530135.0 534508.0 533862.0 529330.0 521850.00000000006 512179.99999999994
20 1.0 322.75677450638267 -25.101799112539396 -1.0757369285376213 0.2609360760089208 0.21158306412659922 -0.135736691790918 -0.04971051374243365 0.07586515932307063 48399.0 114750.0 199895.0 289464.0 372584.0 443317.0 499589.0 541688.0 571095.0 589738.0 599582.0 602422.0 599809.0 593037.0 583157.0 571013.0
21 1.0 132.32227321724275 59.158244620032804 -1.0757369285376213 0.2609360760089208 0.21158306412659922 -0.135736691790918 -0.04971051374243365 0.07586515932307063 25056.0 69412.0 134621.0 210630.0 287209.0 357143.0 416580.0 464220.0 500352.0 526100.0 542928.0 552347.0 555767.0 554427.0 549381.0 541504.0
22 1.0 156.91137309562566 76.4940441515746 -1.0757369285376213 0.2609360760089208 0.21158306412659922 -0.135736691790918 -0.04971051374243365 0.07586515932307063 18455.0 55083.0 112234.0 181761.0 254126.00000000003 321986.0 381015.0 429400.0 466996.0 494607.0 513475.0 524969.0 530409.0 530985.0 527728.0 521501.0
23 1.0 321.092407805642 -81.71868404028655 -1.0757369285376213 0.2609360760089208 0.21158306412659922 -0.135736691790918 -0.04971051374243365 0.07586515932307063 14056.0 43995.0 92703.0 153909.0 219326.0 282092.0 337856.0 384533.0 421638.0 449652.0 469545.0 482473.0 489597.0 491995.0 490611.0 486256.0
24 1.0 290.22983605659084 -48.12714129064221 -1.0757369285376213 0.2609360760089208 0.21158306412659922 -0.135736691790918 -0.04971051374243365 0.07586515932307063 16963.0 49911.0 101054.0 163286.0 228288.0 289590.0 343312.0 387753.0 422685.0 448732.0 466931.0 478454.0 484450.0 485966.0 483915.0 479074.0
25 1.0 253.39989007453187 -27.266513491338614 -1.0757369285376213 0.2609360760089208 0.21158306412659922 -0.135736691790918 -0.04971051374243365 0.07586515932307063 10057.0 32884.0 71590.0 121914.0 177301.0 231870.0 281586.0 324268.0 359138.0 386326.0 406468.0 420429.0 429138.0 433486.0 434280.0 432227.0
26 1.0 36.0816794324284 56.693966286644525 -1.0757369285376213 0.2609360760089208 0.21158306412659922 -0.135736691790918 -0.04971051374243365 0.07586515932307063 11991.0 38178.0 81526.0 136821.0 196719.0 254917.0 307263.0 351641.0 387419.0 414892.0 434850.0 448290.0 456244.0 459684.0 459478.0 456378.0
27 1.0 331.0137409480825 87.38845697579356 -1.0757369285376213 0.2609360760089208 0.21158306412659922 -0.135736691790918 -0.04971051374243365 0.07586515932307063 12114.0 38736.0 82940.0 139423.0 200661.0 260171.0 313680.0 359008.0 395508.0 423485.0 443757.0 457352.0 465333.0 468701.0 468349.0 465046.0
28 1.0 257.1268678376801 84.41490684066332 -1.0757369285376213 0.2609360760089208 0.21158306412659922 -0.135736691790918 -0.04971051374243365 0.07586515932307063 12649.0 40247.0 85841.0 143847.0 206488.0 267141.0 321483.0 367349.0 404135.0 432199.0 452405.0 465826.0 473559.0 476630.0 475952.0 472310.0
29 1.0 359.5849223644319 72.89070219898684 -1.0757369285376213 0.2609360760089208 0.21158306412659922 -0.135736691790918 -0.04971051374243365 0.07586515932307063 10936.0 35185.0 75730.0 127884.0 184797.0 240469.0 290867.0 333876.0 368797.0 395838.0 415698.0 429291.0 437583.0 441491.0 441840.0 439349.0
0 1.0 53.80138967687775 -36.619872288474625 -1.0757369285376213 0.2609360760089208 0.21158306412659922 -0.135736691790918 -0.04971051374243365 0.07586515932307063 20618.0 60895.0 123006.0 197764.0 274805.0 346361.0 408005.0 458011.0 496404.0 524169.0 542716.0 553552.0 558108.0 557659.0 553295.0 545925.0
1 1.0 312.52538065255715 88.56202381460534 -1.0757369285376213 0.2609360760089208 0.21158306412659922 -0.135736691790918 -0.04971051374243365 0.07586515932307063 12402.0 39550.0 84507.0 141820.0 203827.0 263970.0 317946.0 363583.0 400255.0 428295.0 448546.0 462059.0 469915.0 473131.0 472609.0 469128.0
2 1.0 58.497456483494936 -45.10439260983878 -1.0757369285376213 0.2609360760089208 0.21158306412659922 -0.135736691790918 -0.04971051374243365 0.07586515932307063 16970.0 51814.0 107149.0 175294.0 246861.0 314439.0 373564.0 422283.0 460343.0 488474.0 507869.0 519869.0 525780.0 526788.0 523918.0 518039.0
3 1.0 221.6014431421839 -70.9368921211982 -1.0757369285376213 0.2609360760089208 0.21158306412659922 -0.135736691790918 -0.04971051374243365 0.07586515932307063 10318.0 33733.0 73406.0 124935.0 181583.0 237320.0 288027.0 331487.0 366925.0 394490.0 414847.0 428892.0 437581.0 441829.0 442465.0 440210.0
4 1.0 44.57519382579895 81.17146998997094 -1.0757369285376213 0.2609360760089208 0.21158306412659922 -0.135736691790918 -0.04971051374243365 0.07586515932307063 11794.0 37821.0 81154.0 136657.0 196959.0 255680.00000000003 308585.0 353494.0 389741.0 417601.0 437862.0 451525.0 459631.0 463163.0 463000.0 459903.0
5 1.0 305.2829625560044 -47.98435401574267 -1.0757369285376213 0.2609360760089208 0.21158306412659922 -0.135736691790918 -0.04971051374243365 0.07586515932307063 24661.0 67261.0 129332.0 201383.0 273876.0 340111.0 396504.0 441836.0 476361.0 501113.00000000006 517448.0 526771.0 530398.0 529489.0 525034.0 517860.0
6 1.0 290.63482514100383 34.15828771399508 -1.0757369285376213 0.2609360760089208 0.21158306412659922 -0.135736691790918 -0.04971051374243365 0.07586515932307063 9742.0 30856.0 65876.0 110810.0 159891.0 208061.0 251896.99999999997 289564.0 320417.0 344580.0 362601.0 375224.0 383247.0 387435.0 388486.0 387011.0
7 1.0 204.8762659012536 -79.49585538349405 -1.0757369285376213 0.2609360760089208 0.21158306412659922 -0.135736691790918 -0.04971051374243365 0.07586515932307063 10405.0 33980.0 73888.0 125683.99999999999 182591.0 238555.0 289444.0 333040.0 368570.0 396191.0 416573.0 430619.0 439290.0 443506.0 444100.0 441798.0
8 1.0 146.58598700135988 41.52763784294572 -1.0757369285376213 0.2609360760089208 0.21158306412659922 -0.135736691790918 -0.04971051374243365 0.07586515932307063 46005.0 112361.0 199750.0 293449.0 381688.0 457688.0 518804.00000000006 565026.0 597733.0 618870.0 630481.0 634466.0 632484.0 625927.0 615936.0 603430.0
9 1.0 24.900118363849696 68.70963822009114 -1.0757369285376213 0.2609360760089208 0.21158306412659922 -0.135736691790918 -0.04971051374243365 0.07586515932307063 11244.0 36119.0 77635.0 130943.0 189012.0 245714.0 296953.0 340593.0 375950.0 403256.0 423240.0 436848.0 445070.0 448844.0 449016.0 446316.0
10 1.0 251.07435833204292 -40.96135881612675 -1.0757369285376213 0.2609360760089208 0.21158306412659922 -0.135736691790918 -0.04971051374243365 0.07586515932307063 10286.0 33609.0 73117.0 124426.0 180833.0 236338.0 286840.0 330133.0 365443.0 392917.0 413216.0 427229.0 435908.0 440164.0 440821.0 438598.0
11 1.0 163.27536576410478 -21.76975870606286 -1.0757369285376213 0.2609360760089208 0.21158306412659922 -0.135736691790918 -0.04971051374243365 0.07586515932307063 36467.0 89579.0 160317.0 237130.0 310476.0 374625.0 427122.0 467682.0 497210.0 517144.00000000006 529060.0 534463.0 534691.0 530889.0 524005.00000000006 514812.99999999994
12 1.0 259.94001580932525 -22.6266870022351 -1.0757369285376213 0.2609360760089208 0.21158306412659922 -0.135736691790918 -0.04971051374243365 0.07586515932307063 9878.0 32208.0 70013.0 119138.0 173212.0 226519.0 275132.0 316920.0 351117.0 377837.0 397688.0 411506.0 420190.0 424603.0 425533.0 423666.0
13 1.0 311.8976373343065 44.781886357223954 -1.0757369285376213 0.2609360760089208 0.21158306412659922 -0.135736691790918 -0.04971051374243365 0.07586515932307063 11476.0 35289.0 73799.0 122265.0 174385.0 224863.0 270251.0 308802.0 340003.0 364108.0 381781.0 393858.0 401208.0 404651.0 404923.0 402660.0
14 1.0 351.1877418010389 -47.19469634297301 -1.0757369285376213 0.2609360760089208 0.21158306412659922 -0.135736691790918 -0.04971051374243365 0.07586515932307063 51540.0 125847.99999999999 223356.0 327354.0 424651.0 507798.0 574028.0 623514.0 657941.0 679582.0 690781.0 693688.0 690164.0 681758.0 669729.0 655082.0
15 1.0 308.08920326133995 -59.06644217142426 -1.0757369285376213 0.2609360760089208 0.21158306412659922 -0.135736691790918 -0.04971051374243365 0.07586515932307063 21993.0 62188.0 122411.0 193682.0 266412.0 333598.0 391329.0 438132.0 474095.0 500160.00000000006 517637.0 527924.0 532340.0 532065.0 528108.0 521313.0
16 1.0 4.21707030660071 -9.127503236207147 -1.0757369285376213 0.2609360760089208 0.21158306412659922 -0.135736691790918 -0.04971051374243365 0.07586515932307063 75512.0 172606.0 292021.0 412814.0 520721.0 609001.0 676198.0 723780.0 754488.0 771371.0 777307.0 774805.0 765947.0 752417.0 735547.0 716380.0
17 1.0 129.592103212211 -35.19568667208249 -1.0757369285376213 0.2609360760089208 0.21158306412659922 -0.135736691790918 -0.04971051374243365 0.07586515932307063 12414.0 37173.0 76421.0 125144.0 177028.0 226905.0 271486.0 309158.0 339499.0 362814.0 379793.0 391281.0 398141.0 401186.0 401141.0 398630.0
18 1.0 262.7966024726609 61.05404200655744 -1.0757369285376213 0.2609360760089208 0.21158306412659922 -0.135736691790918 -0.04971051374243365 0.07586515932307063 11257.0 36273.0 78141.0 132011.0 190784.0 248236.0 300192.0 344464.0 380344.0 408057.0 428337.0 442143.0 450478.0 454298.0 454459.0 451706.0
19 1.0 61.78668381411859 -47.20647131718502 -1.0757369285376213 0.2609360760089208 0.21158306412659922 -0.135736691790918 -0.04971051374243365 0.07586515932307063 15341.0 47614.0 99634.0 164460.0 233217.0 298707.0 356473.0 404462.0 442289.0 470554.0 490341.0 502904.0 509484.99999999994 511220.0 509103.0 503976.0
20 1.0 187.57317823348654 0.4301023480670665 -1.0757369285376213 0.2609360760089208 0.21158306412659922 -0.135736691790918 -0.04971051374243365 0.07586515932307063 66071.0 153456.0 262799.0 375097.0 476860.0 561326.0 626659.0 673861.0 705239.0 723496.0 731247.0 730809.0 724132.0 712809.0 698114.0 681048.0
21 1.0 19.561675802131305 79.66504794562746 -1.0757369285376213 0.2609360760089208 0.21158306412659922 -0.135736691790918 -0.04971051374243365 0.07586515932307063 11308.0 36400.0 78340.0 132237.0 190974.0 248337.0 300170.0 344304.0 380047.0 407634.0 427805.0 441520.0 449784.0 453550.0 453672.0 450893.0
22 1.0 71.99874896270403 24.119585594038938 -1.0757369285376213 0.2609360760089208 0.21158306412659922 -0.135736691790918 -0.04971051374243365 0.07586515932307063 10999.0 35466.0 76436.0 129181.99999999999 186765.0 243097.0 294090.0 337593.0 372903.0 400228.0 420280.0 433988.0 442331.0 446238.0 446548.0 443987.0
23 1.0 6.66784600582103 66.11209298324366 -1.0757369285376213 0.2609360760089208 0.21158306412659922 -0.135736691790918 -0.04971051374243365 0.07586515932307063 11340.0 36170.0 77385.0 130112.0 187405.0 243253.0 293660.0 336557.0 371294.0 398112.0 417737.0 431100.0 439175.0 442884.0 443056.0 440408.0
24 1.0 285.7311732086714 79.23774408385813 -1.0757369285376213 0.2609360760089208 0.21158306412659922 -0.135736691790918 -0.04971051374243365 0.07586515932307063 11458.0 36840.0 79224.0 133651.0 192927.0 250778.99999999997 303020.0 347470.0 383437.0 411167.0 431415.0 445151.0 453393.0 457105.0 457150.0 454276.0
25 1.0 80.61288770173685 45.13767513954335 -1.0757369285376213 0.2609360760089208 0.21158306412659922 -0.135736691790918 -0.04971051374243365 0.07586515932307063 11744.0 37450.0 80073.0 134523.0 193589.0 251056.0 302815.0 346758.0 382242.0 409542.0 429426.0 442868.0 450882.0 454424.0 454352.0 451404.0
26 1.0 124.32660505088496 35.92351084045525 -1.0757369285376213 0.2609360760089208 0.21158306412659922 -0.135736691790918 -0.04971051374243365 0.07586515932307063 27806.0 73255.0 137600.0 210744.0 283169.0 348485.0 403465.0 447176.0 480070.0 503297.0 518270.0 526418.0 529053.0 527326.0 522208.0 514503.00000000006
27 1.0 334.1092656476127 84.23380198876086 -1.0757369285376213 0.2609360760089208 0.21158306412659922 -0.135736691790918 -0.04971051374243365 0.07586515932307063 11563.0 37150.0 79838.0 134614.0 194226.0 252365.0 304829.0 349437.0 385505.0 413288.0 433549.0 447271.0 455478.0 459139.0 459124.0 456183.0
28 1.0 253.5891846924718 88.99214213658229 -1.0757369285376213 0.2609360760089208 0.21158306412659922 -0.135736691790918 -0.04971051374243365 0.07586515932307063 12696.0 40366.0 86051.0 144142.0 206852.0 267551.0 321919.0 367794.0 404577.0 432630.0 452820.0 466221.0 473933.0 476983.0 476284.0 472622.0
29 1.0 11.462014631270826 -8.672097119443265 -1.0757369285376213 0.2609360760089208 0.21158306412659922 -0.135736691790918 -0.04971051374243365 0.07586515932307063 70316.0 163496.0 280005.0 399433.0 507337.99999999994 596549.0 665193.0 714427.0 746790.0 765219.0 772538.0 771236.0 763401.0 750728.0 734569.0 715985.0
0 1.0 59.289896339248585 -77.2434399268425 -1.0757369285376213 0.2609360760089208 0.21158306412659922 -0.135736691790918 -0.04971051374243365 0.07586515932307063 12977.0 41261.0 87904.0 147125.0 210945.0 272604.0 327724.0 374137.0 411263.0 439494.0 459734.0 473088.0 480680.0 483560.0 482657.0 478771.0
1 1.0 223.73222453991488 -37.29707434070661 -1.0757369285376213 0.2609360760089208 0.21158306412659922 -0.135736691790918 -0.04971051374243365 0.07586515932307063 13089.0 41237.0 87359.0 145687.0 208396.0 268906.0 322972.0 368498.0 404932.0 432662.0 452572.0 465740.0 473264.0 476166.0 475357.0 471614.0
2 1.0 207.80229189750034 -62.57615297620852 -1.0757369285376213 0.2609360760089208 0.21158306412659922 -0.135736691790918 -0.04971051374243365 0.07586515932307063 10579.0 34305.0 74242.0 125869.00000000001 182425.0 237922.0 288299.0 331396.0 366477.0 393718.0 413794.0 427607.0 436109.0 440213.0 440742.0 438414.0
3 1.0 85.64141569482311 -14.852452536717877 -1.0757369285376213 0.2609360760089208 0.21158306412659922 -0.135736691790918 -0.04971051374243365 0.07586515932307063 9413.0 30595.0 66430.0 113031.0 164417.0 215198.0 261644.0 301710.0 334633.0 360488.0 379822.0 393410.0 402087.0 406667.0 407891.0 406412.0
4 1.0 336.3170392529258 -66.36792087481392 -1.0757369285376213 0.2609360760089208 0.21158306412659922 -0.135736691790918 -0.04971051374243365 0.07586515932307063 24981.0 69770.0 135995.0 213454.0 291645.0 363120.0 423882.0 472568.0 509461.99999999994 535715.0 552828.0 562354.0 565743.0 564268.0 559011.0 550870.0
5 1.0 221.02774414772256 18.741204723758756 -1.0757369285376213 0.2609360760089208 0.21158306412659922 -0.135736691790918 -0.04971051374243365 0.07586515932307063 33921.0 91136.0 172521.0 264641.0 354957.0 435275.0 501689.99999999994 553322.0 591049.0 616577.0 631876.0 638865.0 639270.0 634566.0 625979.0 614504.0
6 1.0 192.827809088985 -21.094549351586267 -1.0757369285376213 0.2609360760089208 0.21158306412659922 -0.135736691790918 -0.04971051374243365 0.07586515932307063 36899.0 93549.0 170871.0 256197.99999999997 338552.0 411091.0 470737.0 516966.00000000006 550697.0 573513.0 587188.0 593432.0 593775.0 589527.0 581774.0 571402.0
7 1.0 212.36759148764554 71.1694591718778 -1.0757369285376213 0.2609360760089208 0.21158306412659922 -0.135736691790918 -0.04971051374243365 0.07586515932307063 18987.0 56676.0 115402.0 186703.0 260743.99999999997 329998.0 390070.0 439151.0 477144.0 504908.0 523742.00000000006 535066.0 540240.0 540488.0 536863.0 530246.0
8 1.0 262.8439306260371 84.20304092373033 -1.0757369285376213 0.2609360760089208 0.21158306412659922 -0.135736691790918 -0.04971051374243365 0.07586515932307063 12495.0 39818.0 85025.0 142613.0 204875.0 265224.0 319348.0 365078.0 401795.0 429844.0 450075.0 463549.0 471353.0 474507.0 473920.0 470372.0
9 1.0 112.30019837265667 8.43928230049599 -1.0757369285376213 0.2609360760089208 0.21158306412659922 -0.135736691790918 -0.04971051374243365 0.07586515932307063 15823.0 45373.0 90522.0 145021.0 201758.0 255255.0 302234.0 341252.0 372103.0 395306.0 411728.0 422355.0 428163.0 430042.0 428774.0 425027.0
10 1.0 143.35958239779308 -40.531757423832616 -1.0757369285376213 0.2609360760089208 0.21158306412659922 -0.135736691790918 -0.04971051374243365 0.07586515932307063 14056.0 41263.0 83671.0 135639.0 190398.0 242561.0 288797.0 327547.0 358483.0 382014.0 398923.0 410130.0 416565.0 419085.0 418452.0 415318.0
11 1.0 75.54374963104397 16.601475377130626 -1.0757369285376213 0.2609360760089208 0.21158306412659922 -0.135736691790918 -0.04971051374243365 0.07586515932307063 10653.0 34397.0 74234.0 125618.00000000001 181822.0 236913.0 286882.0 329603.0 364360.0 391336.0 411207.0 424869.0 433269.0 437312.0 437816.0 435488.0
12 1.0 67.02948211692102 71.41700848039378 -1.0757369285376213 0.2609360760089208 0.21158306412659922 -0.135736691790918 -0.04971051374243365 0.07586515932307063 11962.0 38279.0 82012.0 137936.0 198613.0 257624.00000000003 310729.0 355757.0 392053.0 419912.0 440133.0 453731.0 461755.0 465196.0 464937.0 461742.0
13 1.0 339.9740603942161 -16.787997749565307 -1.0757369285376213 0.2609360760089208 0.21158306412659922 -0.135736691790918 -0.04971051374243365 0.07586515932307063 70065.0 158655.0 266758.0 375513.0 472284.0 551215.0 611143.0 653472.0 680700.0 695580.0 700696.0 698294.0 690234.0 678020.0 662840.0 645622.0
14 1.0 266.2382862177435 9.374089804554757 -1.0757369285376213 0.2609360760089208 0.21158306412659922 -0.135736691790918 -0.04971051374243365 0.07586515932307063 9115.0 29752.0 64794.00000000001 110498.0 161021.0 211057.0 256917.99999999997 296561.0 329209.0 354916.0 374206.0 387829.0 396602.0 401322.0 402718.0 401431.0
15 1.0 176.56517110232414 -41.10250183089374 -1.0757369285376213 0.2609360760089208 0.21158306412659922 -0.135736691790918 -0.04971051374243365 0.07586515932307063 19109.0 53865.0 106095.0 168265.0 232182.0 291743.0 343436.0 385836.0 418886.0 443298.0 460140.0 470578.0 475739.0 476639.0 474160.0 469044.0
16 1.0 81.86926607039636 -8.020053098995149 -1.0757369285376213 0.2609360760089208 0.21158306412659922 -0.135736691790918 -0.04971051374243365 0.07586515932307063 9736.0 31617.0 68575.0 116555.0 169365.0 221450.0 268987.0 309896.0 343418.0 369654.0 389188.0 402829.0 411445.0 415880.0 416898.0 415170.0
17 1.0 91.56833343734147 -17.69156363167224 -1.0757369285376213 0.2609360760089208 0.21158306412659922 -0.135736691790918 -0.04971051374243365 0.07586515932307063 9212.0 29828.0 64618.99999999999 109801.0 159592.0 208790.0 253803.99999999997 292661.0 324628.0 349774.0 368626.0 381926.0 390477.0 395063.0 396396.0 395104.0
18 1.0 20.89049771659522 -45.28557628506522 -1.0757369285376213 0.2609360760089208 0.21158306412659922 -0.135736691790918 -0.04971051374243365 0.07586515932307063 44488.0 113382.0 207022.0 309417.0 407023.0 491702.0 560067.0 611858.0 648505.0 672151.0 685090.0 689468.0 687166.0 679762.0 668545.0 654552.0
19 1.0 156.3899852009235 1.0559490885555078 -1.0757369285376213 0.2609360760089208 0.21158306412659922 -0.135736691790918 -0.04971051374243365 0.07586515932307063 58133.0 133212.0 226164.0 320970.0 406501.0 477306.0 532010.0 571541.0 597872.0 613275.0 619932.0 619768.0 614401.0 605151.0 593072.0 578997.0
20 1.0 112.24651751787692 -34.13145132363395 -1.0757369285376213 0.2609360760089208 0.21158306412659922 -0.135736691790918 -0.04971051374243365 0.07586515932307063 9711.0 30725.0 65559.0 110239.0 159036.0 206927.0 250510.99999999997 287966.0 318651.0 342688.0 360619.0 373185.0 381175.0 385351.0 386405.0 384943.0
21 1.0 250.6836559735654 -22.85372450146545 -1.0757369285376213 0.2609360760089208 0.21158306412659922 -0.135736691790918 -0.04971051374243365 0.07586515932307063 10183.0 33287.0 72447.0 123337.0 179322.0 234453.0 284653.0 327725.0 362890.0 390283.0 410553.0 424579.0 433301.0 437621.0 438356.0 436221.0
22 1.0 135.99066214529313 4.494679605767573 -1.0757369285376213 0.2609360760089208 0.21158306412659922 -0.135736691790918 -0.04971051374243365 0.07586515932307063 35526.0 86769.0 154705.0 228251.0 298335.0 359550.0 409608.0 448271.0 476421.0 495435.0 506818.0 512001.99999999994 512260.00000000006 508679.0 502160.00000000006 493440.0
23 1.0 64.65732392146853 45.10710412721775 -1.0757369285376213 0.2609360760089208 0.21158306412659922 -0.135736691790918 -0.04971051374243365 0.07586515932307063 11447.0 36835.0 79243.0 133708.0 193024.0 250912.00000000003 303180.0 347648.0 383627.0 411363.0 431613.0 445350.0 453592.0 457302.0 457344.0 454469.0
24 1.0 8.884342220879242 -29.968656157570443 -1.0757369285376213 0.2609360760089208 0.21158306412659922 -0.135736691790918 -0.04971051374243365 0.07586515932307063 68960.0 162057.0 279546.0 400772.0 510831.00000000006 602158.0 672646.0 723352.0 756804.0 775975.0 783741.0 782651.0 774844.0 762062.0 745694.0 726831.0
25 1.0 24.20986732676949 76.34857799173744 -1.0757369285376213 0.2609360760089208 0.21158306412659922 -0.135736691790918 -0.04971051374243365 0.07586515932307063 11220.0 36141.0 77819.0 131410.0 189845.0 246941.0 298560.0 342538.0 378177.0 405705.0 425856.0 439580.0 447874.0 451687.0 451867.0 449154.0
26 1.0 244.58139845948423 65.21733843046243 -1.0757369285376213 0.2609360760089208 0.21158306412659922 -0.135736691790918 -0.04971051374243365 0.07586515932307063 14065.0 44170.0 93256.0 155009.0 221042.0 284404.0 340684.0 387769.0 425171.0 453379.0 473380.0 486346.0 493454.0 495795.0 494326.0 489865.0
27 1.0 163.33086404017632 -81.23574672440486 -1.0757369285376213 0.2609360760089208 0.21158306412659922 -0.135736691790918 -0.04971051374243365 0.07586515932307063 10294.0 33627.0 73147.0 124473.0 180900.0 236433.0 286967.0 330296.0 365643.0 393154.0 413485.0 427528.0 436233.0 440509.0 441182.0 438971.0
28 1.0 193.16851599914 -44.3443456337719 -1.0757369285376213 0.2609360760089208 0.21158306412659922 -0.135736691790918 -0.04971051374243365 0.07586515932307063 16141.0 47835.0 97349.0 157911.0 221441.0 281587.0 334489.0 378415.0 413085.0 439068.0 457350.0 469062.0 475319.0 477143.0 475428.0 470937.0
29 1.0 322.80166549452315 -9.695607721343649 -1.0757369285376213 0.2609360760089208 0.21158306412659922 -0.135736691790918 -0.04971051374243365 0.07586515932307063 46330.0 109118.0 189266.0 273286.0 351081.0 417192.0 469746.0 509050.0 536505.0 553919.0 563124.0 565795.0 563379.0 557079.0 547878.0 536560.0
0 1.0 356.52202106281356 -71.16698002635466 -1.0757369285376213 0.2609360760089208 0.21158306412659922 -0.135736691790918 -0.04971051374243365 0.07586515932307063 21726.0 62747.0 125040.00000000001 199302.0 275362.0 345717.0 406153.0 455074.0 492561.0 519617.0 537637.0 548105.0 552428.0 551851.0 547443.0 540095.0
1 1.0 78.08291438345061 -27.274321973970522 -1.0757369285376213 0.2609360760089208 0.21158306412659922 -0.135736691790918 -0.04971051374243365 0.07586515932307063 10254.0 33332.0 72314.0 122882.0 178466.0 233189.0 283027.0 325806.0 360754.0 388003.0 408190.0 422183.0 430909.0 435262.0 436051.0 433983.0
2 1.0 238.70815311603627 43.21755461118286 -1.0757369285376213 0.2609360760089208 0.21158306412659922 -0.135736691790918 -0.04971051374243365 0.07586515932307063 17241.0 52511.0 108396.0 177092.0 249126.0 317051.0 376401.0 425241.0 463339.0 491446.0 510775.0 522680.00000000006 528479.0 529365.0 526370.0 520364.00000000006
3 1.0 94.79605562537424 32.49260660570866 -1.0757369285376213 0.2609360760089208 0.21158306412659922 -0.135736691790918 -0.04971051374243365 0.07586515932307063 12699.0 39357.0 82576.0 136924.0 195205.0 251419.0 301701.0 344142.0 378229.0 404309.0 423176.0 435806.0 443197.0 446284.0 445898.0 442757.0
4 1.0 7.434359807662325 22.02919714188087 -1.0757369285376213 0.2609360760089208 0.21158306412659922 -0.135736691790918 -0.04971051374243365 0.07586515932307063 39395.0 98400.0 177843.0 264580.0 347564.0 420100.0 479308.0 524843.0 557761.0 579732.0 592587.0 598068.0 597720.0 592856.0 584561.0 573718.0
5 1.0 273.01631538101094 37.895112490022214 -1.0757369285376213 0.2609360760089208 0.21158306412659922 -0.135736691790918 -0.04971051374243365 0.07586515932307063 9229.0 30057.0 65359.0 111345.0 162131.0 212390.0 258425.00000000003 298192.0 330921.0 356670.0 375972.0 389583.0 398327.0 403005.0 404350.0 403005.0
6 1.0 115.20617429608842 -53.113736347253685 -1.0757369285376213 0.2609360760089208 0.21158306412659922 -0.135736691790918 -0.04971051374243365 0.07586515932307063 9257.0 30009.0 65056.0 110585.0 160758.0 210323.0 255654.0 294763.0 326911.0 352175.0 371089.0 384406.0 392942.0 397486.0 398759.0 397396.0
7 1.0 138.04700190188328 -28.494339324348218 -1.0757369285376213 0.2609360760089208 0.21158306412659922 -0.135736691790918 -0.04971051374243365 0.07586515932307063 17565.0 48741.0 95191.0 150286.0 206911.0 259770.0 305800.0 343735.0 373494.0 395666.0 411160.0 420979.0 426098.0 427403.0 425665.0 421539.0
8 1.0 211.79416087929806 31.723646809943318 -1.0757369285376213 0.2609360760089208 0.21158306412659922 -0.135736691790918 -0.04971051374243365 0.07586515932307063 44005.0 112867.0 206867.0 309915.0 408284.0 493690.0 562667.0 614927.0 651902.0 675755.0 688801.0 693210.0 690881.0 683408.0 672095.0 657987.0
9 1.0 299.17744388502854 68.26225734563889 -1.0757369285376213 0.2609360760089208 0.21158306412659922 -0.135736691790918 -0.04971051374243365 0.07586515932307063 10279.0 33232.0 71815.0 121687.0 176356.0 230065.0 278899.0 320761.0 354923.0 381533.0 401228.0 414864.0 423353.0 427572.0 428310.0 426261.0
10 1.0 226.43346369281355 7.86204968905713 -1.0757369285376213 0.2609360760089208 0.21158306412659922 -0.135736691790918 -0.04971051374243365 0.07586515932307063 25490.0 72068.0 141353.0 222546.0 304465.0 379192.0 442512.0 493026.0 531086.0 557948.0 575231.0 584596.0 587581.0 585533.0 579592.0 570696.0
11 1.0 314.1542359610623 -39.11406282980341 -1.0757369285376213 0.2609360760089208 0.21158306412659922 -0.135736691790918 -0.04971051374243365 0.07586515932307063 34560.0 87681.0 160380.0 240874.0 318860.0 387851.0 444862.0 489313.0 522001.99999999994 544368.0 558052.0 564647.0 565590.0 562111.0 555242.0 545822.0
12 1.0 98.47513253362888 -84.55765355892314 -1.0757369285376213 0.2609360760089208 0.21158306412659922 -0.135736691790918 -0.04971051374243365 0.07586515932307063 11260.0 36457.0 78756.0 133267.0 192777.0 250950.99999999997 303540.0 348321.0 384576.0 412541.0 432967.0 446833.0 455161.0 458922.0 458987.0 456111.0
13 1.0 287.29686020852296 37.8606292153584 -1.0757369285376213 0.2609360760089208 0.21158306412659922 -0.135736691790918 -0.04971051374243365 0.07586515932307063 9407.0 30138.0 64836.00000000001 109642.0 158815.0 207253.0 251460.00000000003 289538.0 320797.0 345331.0 363676.0 376570.0 384813.0 389175.0 390359.0 388981.0
14 1.0 66.8289399501428 -88.58086136848073 -1.0757369285376213 0.2609360760089208 0.21158306412659922 -0.135736691790918 -0.04971051374243365 0.07586515932307063 11782.0 37938.0 81610.0 137633.0 198546.0 257873.00000000003 311315.0 356661.0 393233.0 421315.0 441708.0 455430.0 463537.0 467027.0 466789.0 463593.0
15 1.0 343.0049965099 -22.9177674322208 -1.0757369285376213 0.2609360760089208 0.21158306412659922 -0.135736691790918 -0.04971051374243365 0.07586515932307063 71945.0 163439.0 275407.0 388294.0 488916.0 571119.0 633637.0 677889.0 706451.0 722170.0 727726.0 725445.0 717263.0 704740.0 689111.0 671341.0
16 1.0 247.4957794996135 5.496698621300723 -1.0757369285376213 0.2609360760089208 0.21158306412659922 -0.135736691790918 -0.04971051374243365 0.07586515932307063 11588.0 37379.0 80524.0 135968.0 196350.0 255247.99999999997 308381.0 353531.0 390004.0 418062.0 438488.0 452282.0 460488.0 464094.0 463982.0 460916.0
17 1.0 77.58276376088104 75.98006311809476 -1.0757369285376213 0.2609360760089208 0.21158306412659922 -0.135736691790918 -0.04971051374243365 0.07586515932307063 12580.0 39996.0 85274.0 142876.0 205094.0 265358.0 319380.0 365004.0 401625.0 429590.0 449755.0 463177.0 470944.0 474073.0 473470.0 469914.0
18 1.0 341.0534125760127 -73.89098189407798 -1.0757369285376213 0.2609360760089208 0.21158306412659922 -0.135736691790918 -0.04971051374243365 0.07586515932307063 19208.0 56716.0 114774.0 185018.0 257838.99999999997 325915.0 384978.0 433273.0 470703.0 498108.0 516754.00000000006 528022.0 533243.0 533613.0 530163.0 523757.99999999994
19 1.0 263.1080904372568 -16.930382045708924 -1.0757369285376213 0.2609360760089208 0.21158306412659922 -0.135736691790918 -0.04971051374243365 0.07586515932307063 9728.0 31655.000000000004 68734.0 116896.0 169915.0 222202.0 269917.0 310971.0 344607.0 370931.0 390530.0 404217.0 412868.0 417326.0 418359.0 416638.0
20 1.0 91.4189913342093 -85.6236240521716 -1.0757369285376213 0.2609360760089208 0.21158306412659922 -0.135736691790918 -0.04971051374243365 0.07586515932307063 11467.0 37050.0 79912.0 135051.0 195153.0 253821.00000000003 306784.0 351820.0 388227.0 416258.0 436686.0 450504.0 458750.0 462406.0 462351.0 459346.0
21 1.0 76.79231185229351 -28.33002281851374 -1.0757369285376213 0.2609360760089208 0.21158306412659922 -0.135736691790918 -0.04971051374243365 0.07586515932307063 10498.0 34075.0 73828.0 125311.0 181809.0 237341.0 287830.0 331090.0 366358.0 393790.0 414048.0 428024.0 436668.0 440892.0 441518.0 439267.0
22 1.0 186.55225701503878 22.00159059116308 -1.0757369285376213 0.2609360760089208 0.21158306412659922 -0.135736691790918 -0.04971051374243365 0.07586515932307063 75189.0 173566.0 295641.0 419941.0 531544.0 623219.0 693249.0 743015.0 775278.0 793163.0 799641.0 797313.0 788347.0 774497.0 757155.0 737406.0
23 1.0 9.238578499631366 -39.767769318852295 -1.0757369285376213 0.2609360760089208 0.21158306412659922 -0.135736691790918 -0.04971051374243365 0.07586515932307063 58567.0 141551.0 249118.0 362524.0 467416.0 555988.0 625603.0 676773.0 711570.0 732622.0 742563.0 743771.0 738278.0 727758.0 713556.0 696740.0
24 1.0 74.68922715879938 -52.245009061985684 -1.0757369285376213 0.2609360760089208 0.21158306412659922 -0.135736691790918 -0.04971051374243365 0.07586515932307063 11589.0 37359.0 80456.0 135827.0 196125.0 254940.0 308000.0 353089.0 389515.0 417541.0 437946.0 451728.0 459931.0 463539.0 463434.0 460379.0
25 1.0 152.88676875054225 -69.17341800112314 -1.0757369285376213 0.2609360760089208 0.21158306412659922 -0.135736691790918 -0.04971051374243365 0.07586515932307063 9838.0 32003.999999999996 69468.0 118104.0 171609.0 224341.0 272428.0 313769.0 347610.0 374064.0 393732.0 407437.0 416067.0 420474.0 421434.0 419625.0
26 1.0 134.7011929203212 13.88524392366152 -1.0757369285376213 0.2609360760089208 0.21158306412659922 -0.135736691790918 -0.04971051374243365 0.07586515932307063 37729.0 91889.0 163421.0 240573.0 313822.0 377553.0 429449.0 469330.0 498178.0 517476.99999999994 528825.0 533737.0 533553.0 529410.0 522252.00000000006 512843.00000000006
27 1.0 166.88715277133184 35.14860106284348 -1.0757369285376213 0.2609360760089208 0.21158306412659922 -0.135736691790918 -0.04971051374243365 0.07586515932307063 66698.0 155102.0 265796.0 379506.0 482534.0 568015.0 634089.0 681776.0 713424.0 731780.0 739500.0 738935.0 732065.0 720504.0 705541.0 688192.0
28 1.0 99.94633426610349 30.95228530724802 -1.0757369285376213 0.2609360760089208 0.21158306412659922 -0.135736691790918 -0.04971051374243365 0.07586515932307063 13806.0 41908.0 86709.0 142365.0 201497.0 258103.00000000003 308408.0 350613.0 384302.0 409898.0 428247.0 440361.0 447260.0 449890.0 449089.0 445573.0
29 1.0 211.24236472494076 80.79498372969132 -1.0757369285376213 0.2609360760089208 0.21158306412659922 -0.135736691790918 -0.04971051374243365 0.07586515932307063 15028.0 46653.0 97692.0 161393.0 229073.0 293656.0 350733.0 398251.0 435799.0 463941.0 483728.0 496380.0 503113.00000000006 505044.00000000006 503150.0 498262.0
0 1.0 310.9880181323633 -89.51342149916951 -1.0757369285376213 0.2609360760089208 0.21158306412659922 -0.135736691790918 -0.04971051374243365 0.07586515932307063 11793.0 37963.0 81646.0 137668.0 198569.0 257874.0 311289.0 356605.0 393147.0 421202.0 441572.0 455273.0 463363.0 466839.0 466590.0 463386.0
1 1.0 42.31146814633191 26.49539770092649 -1.0757369285376213 0.2609360760089208 0.21158306412659922 -0.135736691790918 -0.04971051374243365 0.07586515932307063 17740.0 53120.0 108532.0 176177.0 246814.0 313265.0 371259.0 418961.0 456178.0 483653.0 502568.0 514243.0 519958.00000000006 520872.0 517991.0 512159.99999999994
2 1.0 186.2564785754811 18.070602677575124 -1.0757369285376213 0.2609360760089208 0.21158306412659922 -0.135736691790918 -0.04971051374243365 0.07586515932307063 76055.0 174853.0 296991.0 421002.0 532092.0 623169.0 692613.0 741862.0 773699.0 791252.0 797485.0 794988.0 785914.0 772006.0 754643.0 734904.0
3 1.0 47.54451828425519 15.973129794651868 -1.0757369285376213 0.2609360760089208 0.21158306412659922 -0.135736691790918 -0.04971051374243365 0.07586515932307063 18487.0 55241.0 112625.0 182451.0 255131.0 323275.0 382537.0 431096.0 468809.0 496489.0 515387.00000000006 526878.0 532293.0 532828.0 529517.0 523230.0
4 1.0 258.06948522933374 83.29865757124364 -1.0757369285376213 0.2609360760089208 0.21158306412659922 -0.135736691790918 -0.04971051374243365 0.07586515932307063 12606.0 40127.0 85615.0 143507.0 206047.0 266619.0 320903.0 366734.0 403502.0 431562.0 451775.0 465210.0 472962.0 476055.0 475401.0 471783.0
5 1.0 142.58149301062573 -86.96309879339286 -1.0757369285376213 0.2609360760089208 0.21158306412659922 -0.135736691790918 -0.04971051374243365 0.07586515932307063 11108.0 36023.0 77915.0 131976.0 191065.0 248895.0 301230.0 345845.0 382010.0 409945.0 430389.0 444305.0 452706.0 456556.0 456719.0 453945.0
6 1.0 203.55167226906323 35.36683752626102 -1.0757369285376213 0.2609360760089208 0.21158306412659922 -0.135736691790918 -0.04971051374243365 0.07586515932307063 51572.0 128363.0 230433.0 340053.0 442931.0 530895.0 600866.0 652983.0 689048.0 711509.0 722887.0 725496.0 721331.0 712048.0 698987.0 683217.0
7 1.0 65.9807410370683 56.462156946335426 -1.0757369285376213 0.2609360760089208 0.21158306412659922 -0.135736691790918 -0.04971051374243365 0.07586515932307063 11546.0 37105.0 79744.0 134448.0 193972.0 252016.00000000003 304383.0 348902.0 384890.0 412606.0 432814.0 446495.0 454672.0 458313.0 458287.0 455342.0
8 1.0 52.1451933636158 1.7652953918851466 -1.0757369285376213 0.2609360760089208 0.21158306412659922 -0.135736691790918 -0.04971051374243365 0.07586515932307063 19081.0 56948.0 115935.0 187528.0 261848.00000000003 331336.0 391588.0 440796.0 478868.0 506672.0 525516.0 536826.0 541971.0 542176.0 538501.0 531830.0
9 1.0 175.70026103362363 -29.886323472574354 -1.0757369285376213 0.2609360760089208 0.21158306412659922 -0.135736691790918 -0.04971051374243365 0.07586515932307063 29603.0 76422.0 141643.0 214948.0 286927.0 351414.0 405391.0 448075.0 480011.0 502395.00000000006 516659.0 524227.0 526406.0 524329.0 518951.99999999994 511065.0
10 1.0 128.020585625984 52.35122938093289 -1.0757369285376213 0.2609360760089208 0.21158306412659922 -0.135736691790918 -0.04971051374243365 0.07586515932307063 26197.0 71333.0 136831.0 212512.0 288291.0 357178.0 415509.0 462112.0 497340.0 522344.99999999994 538590.0 547571.0 550680.0 549135.0 543971.0 536045.0
11 1.0 338.5555002910127 -72.49627338616357 -1.0757369285376213 0.2609360760089208 0.21158306412659922 -0.135736691790918 -0.04971051374243365 0.07586515932307063 20068.0 58697.0 118030.0 189408.0 263077.0 331688.0 391016.0 439367.0 476707.0 503924.00000000006 522321.00000000006 533309.0 538237.0 538312.0 534574.0 527894.0
12 1.0 275.5170913705075 -10.43358520861345 -1.0757369285376213 0.2609360760089208 0.21158306412659922 -0.135736691790918 -0.04971051374243365 0.07586515932307063 10295.0 32636.0 69664.0 117099.0 168801.0 219418.0 265350.0 304688.0 336788.0 361810.0 380357.0 393231.0 401285.0 405334.0 406116.0 404277.0
13 1.0 269.51890314619703 3.5914274227508827 -1.0757369285376213 0.2609360760089208 0.21158306412659922 -0.135736691790918 -0.04971051374243365 0.07586515932307063 9211.0 29887.0 64834.0 110263.0 160355.0 209866.0 255170.99999999997 294278.0 326444.0 351739.0 370695.0 384060.0 392646.0 397241.0 398565.0 397249.0
14 1.0 325.33910630853603 34.91215396821855 -1.0757369285376213 0.2609360760089208 0.21158306412659922 -0.135736691790918 -0.04971051374243365 0.07586515932307063 17798.0 49717.0 97458.0 154193.0 212544.0 267012.0 314417.0 353449.0 384027.0 406770.0 422623.0 432628.0 437797.0 439045.0 437172.0 432851.0
15 1.0 30.032076759126678 -73.6405682341663 -1.0757369285376213 0.2609360760089208 0.21158306412659922 -0.135736691790918 -0.04971051374243365 0.07586515932307063 17116.0 51945.0 107042.0 174747.0 245768.0 312792.0 371424.0 419741.0 457500.0 485423.0 504690.0 516629.0 522530.00000000006 523567.0 520754.99999999994 514953.0
16 1.0 198.78928917206636 -49.00328972318503 -1.0757369285376213 0.2609360760089208 0.21158306412659922 -0.135736691790918 -0.04971051374243365 0.07586515932307063 13583.0 41848.0 87412.0 144429.0 205306.0 263779.0 315865.0 359636.0 394619.0 421223.0 440313.0 452931.0 460133.0 462900.0 462103.0 458487.0
17 1.0 210.4113848240768 -16.14571871577739 -1.0757369285376213 0.2609360760089208 0.21158306412659922 -0.135736691790918 -0.04971051374243365 0.07586515932307063 29614.0 79780.0 151758.0 234090.0 315752.0 389297.0 450968.0 499704.0 536055.0 561387.0 577356.0 585627.0 587722.0 584963.0 578462.0 569134.0
18 1.0 346.2970962770024 22.193041143623518 -1.0757369285376213 0.2609360760089208 0.21158306412659922 -0.135736691790918 -0.04971051374243365 0.07586515932307063 38211.0 93598.0 167091.0 246603.0 322250.0 388162.0 441883.0 483191.0 513080.0 533078.0 544836.0 549924.0 549730.0 545436.0 538018.0 528273.0
19 1.0 105.17310964531758 69.65294061913514 -1.0757369285376213 0.2609360760089208 0.21158306412659922 -0.135736691790918 -0.04971051374243365 0.07586515932307063 15139.0 46577.0 97000.0 159705.0 226189.0 289568.0 345566.0 392198.0 429074.0 456747.0 476241.0 488747.0 495452.0 497443.0 495676.0 490963.0
20 1.0 86.69836076956085 21.388710283447764 -1.0757369285376213 0.2609360760089208 0.21158306412659922 -0.135736691790918 -0.04971051374243365 0.07586515932307063 10869.0 34648.0 74149.0 124755.0 179846.0 233661.0 282351.0 323899.0 357652.0 383813.0 403058.0 416266.0 424365.0 428234.0 428667.0 426354.0
21 1.0 36.10581921557922 -65.9769352317118 -1.0757369285376213 0.2609360760089208 0.21158306412659922 -0.135736691790918 -0.04971051374243365 0.07586515932307063 19964.0 59016.0 119383.0 192244.0 267550.0 337705.0 398337.0 447696.0 485749.0 513418.00000000006 532050.0 543101.0 547960.0 547871.0 543901.0 536941.0
22 1.0 5.9146666529307135 86.50442390171082 -1.0757369285376213 0.2609360760089208 0.21158306412659922 -0.135736691790918 -0.04971051374243365 0.07586515932307063 11974.0 38336.0 82161.0 138222.0 199061.0 258238.00000000003 311496.0 356655.0 393057.0 420994.0 441271.0 454903.0 462945.0 466389.0 466122.0 462911.0
23 1.0 334.6305540451886 66.92143225598872 -1.0757369285376213 0.2609360760089208 0.21158306412659922 -0.135736691790918 -0.04971051374243365 0.07586515932307063 10751.0 34385.0 73747.0 124270.0 179349.0 233215.0 281997.0 323663.0 357541.0 383828.0 403190.0 416505.0 424697.0 428646.0 429146.0 426888.0
24 1.0 241.16995677272763 0.4897370061583217 -1.0757369285376213 0.2609360760089208 0.21158306412659922 -0.135736691790918 -0.04971051374243365 0.07586515932307063 13442.0 42531.0 90278.0 150663.0 215515.0 277977.0 333653.0 380393.0 417660.0 445890.0 466026.0 479203.0 486572.0 489202.0 488035.0 483880.0
25 1.0 282.6550483283296 76.02263672339393 -1.0757369285376213 0.2609360760089208 0.21158306412659922 -0.135736691790918 -0.04971051374243365 0.07586515932307063 11231.0 36174.0 77900.0 131569.0 190109.0 247328.0 299074.0 343172.0 378917.0 406534.0 426754.0 440528.0 448857.0 452688.0 452875.0 450158.0
26 1.0 101.42283807142167 7.448542876284435 -1.0757369285376213 0.2609360760089208 0.21158306412659922 -0.135736691790918 -0.04971051374243365 0.07586515932307063 11750.0 36106.0 75449.0 124902.0 178018.0 229395.0 275529.0 314655.0 346268.0 370641.0 388459.0 400583.0 407903.0 411256.0 411392.0 408962.0
27 1.0 211.1076598270776 76.19509222004936 -1.0757369285376213 0.2609360760089208 0.21158306412659922 -0.135736691790918 -0.04971051374243365 0.07586515932307063 16794.0 51201.0 105827.0 173125.0 243856.0 310713.0 369278.0 417603.0 455421.0 483433.0 502808.99999999994 514862.00000000006 520880.0 522030.0 519325.99999999994 513626.0
28 1.0 23.023895803553206 59.38152634860177 -1.0757369285376213 0.2609360760089208 0.21158306412659922 -0.135736691790918 -0.04971051374243365 0.07586515932307063 12057.0 38183.0 81258.0 136056.0 195310.0 252813.0 304491.0 348279.0 383569.0 410662.0 430342.0 443594.0 451437.0 454829.0 454626.0 451568.0
29 1.0 174.82593453646425 84.29155385297352 -1.0757369285376213 0.2609360760089208 0.21158306412659922 -0.135736691790918 -0.04971051374243365 0.07586515932307063 14535.0 45310.0 95182.0 157642.0 224201.0 287887.0 344319.0 391424.0 428755.0 456834.0 476672.0 489458.0 496383.0 498541.0 496895.0 492268.0
0 1.0 351.89825030800085 75.5609059400685 -1.0757369285376213 0.2609360760089208 0.21158306412659922 -0.135736691790918 -0.04971051374243365 0.07586515932307063 10887.0 35086.0 75604.0 127773.0 184742.0 240497.0 290992.0 334095.0 369104.0 396220.0 416142.0 429786.0 438116.0 442053.0 442423.0 439946.0
1 1.0 315.54188831397266 -83.5139128628575 -1.0757369285376213 0.2609360760089208 0.21158306412659922 -0.135736691790918 -0.04971051374243365 0.07586515932307063 13307.0 42046.0 89194.0 148830.0 212910.0 274678.0 329789.0 376111.0 413097.0 441166.0 461237.0 474426.0 481862.0 484599.0 483568.0 479567.0
2 1.0 121.73722266126443 -58.54103925103081 -1.0757369285376213 0.2609360760089208 0.21158306412659922 -0.135736691790918 -0.04971051374243365 0.07586515932307063 9396.0 30496.0 66146.0 112458.0 163479.0 213857.0 259904.00000000003 299599.0 332200.0 357789.0 376918.0 390357.0 398937.0 403464.0 404674.0 403210.0
3 1.0 346.16525563493946 -19.95575812178656 -1.0757369285376213 0.2609360760089208 0.21158306412659922 -0.135736691790918 -0.04971051374243365 0.07586515932307063 75079.0 169771.0 285055.0 400738.0 503380.99999999994 586830.0 649936.0 694271.0 722550.0 737737.0 742603.0 739543.0 730539.0 717186.0 700743.0 682189.0
4 1.0 83.41258552963363 81.38568551317573 -1.0757369285376213 0.2609360760089208 0.21158306412659922 -0.135736691790918 -0.04971051374243365 0.07586515932307063 12862.0 40790.0 86800.0 145207.0 208174.0 269053.0 323531.0 369458.0 406249.0 434279.0 454426.0 467772.0 475420.0 478403.0 477638.0 473910.0
5 1.0 341.75477606964535 -35.99479449433267 -1.0757369285376213 0.2609360760089208 0.21158306412659922 -0.135736691790918 -0.04971051374243365 0.07586515932307063 61838.0 144669.0 249131.0 357165.0 455702.0 538027.0 602165.0 648915.0 680392.0 699132.0 707622.0 708082.0 702394.0 692099.0 678439.0 662391.0
6 1.0 338.8959736943395 -61.11582410023181 -1.0757369285376213 0.2609360760089208 0.21158306412659922 -0.135736691790918 -0.04971051374243365 0.07586515932307063 30801.0 82469.0 156187.0 240132.0 323076.0 397519.0 459733.0 508719.99999999994 545102.0 570304.0 586037.0 594001.0 595747.0 592619.0 585743.0 576043.0
7 1.0 287.71293144686103 69.53483989558077 -1.0757369285376213 0.2609360760089208 0.21158306412659922 -0.135736691790918 -0.04971051374243365 0.07586515932307063 10518.0 34019.0 73514.0 124538.0 180426.0 235283.0 285108.0 327767.0 362530.0 389560.0 409518.0 423288.0 431807.0 435972.0 436595.0 434382.0
8 1.0 226.9612572720448 -9.649005213023472 -1.0757369285376213 0.2609360760089208 0.21158306412659922 -0.135736691790918 -0.04971051374243365 0.07586515932307063 19682.0 58078.0 117412.0 189061.0 263184.0 332323.0 392164.0 440964.0 478667.0 506156.99999999994 524747.0 535858.0 540851.0 540948.0 537197.0 530479.0
9 1.0 314.7436679849809 73.41760698377868 -1.0757369285376213 0.2609360760089208 0.21158306412659922 -0.135736691790918 -0.04971051374243365 0.07586515932307063 10568.0 34123.0 73651.0 124653.0 180462.0 235193.0 284862.0 327355.0 361953.0 388831.0 408654.0 422309.0 430733.0 434823.0 435389.0 433136.0
10 1.0 105.48730242280682 -61.15851606237421 -1.0757369285376213 0.2609360760089208 0.21158306412659922 -0.135736691790918 -0.04971051374243365 0.07586515932307063 9432.0 30860.0 67281.0 114778.0 167240.0 219124.0 266590.0 307524.0 341136.0 367501.0 387185.0 400982.0 409754.0 414338.0 415496.0 413896.0
11 1.0 305.61967991265055 29.00115207145791 -1.0757369285376213 0.2609360760089208 0.21158306412659922 -0.135736691790918 -0.04971051374243365 0.07586515932307063 13132.0 38784.0 78995.0 128506.00000000001 180898.0 231006.0 275598.0 313125.0 343228.0 366258.0 382937.0 394130.0 400716.0 403511.0 403242.0 400537.0
12 1.0 222.43560909030856 -10.75252449069147 -1.0757369285376213 0.2609360760089208 0.21158306412659922 -0.135736691790918 -0.04971051374243365 0.07586515932307063 22684.0 65005.99999999999 128848.99999999999 204575.0 281818.0 353015.0 413973.0 463151.0 500694.0 527658.0 545486.0 555698.0 559723.0 558829.0 554097.0 546424.0
13 1.0 4.765268793203816 -76.23238157454863 -1.0757369285376213 0.2609360760089208 0.21158306412659922 -0.135736691790918 -0.04971051374243365 0.07586515932307063 17611.0 53027.0 108714.0 176856.0 248114.0 315201.0 373768.0 421943.0 459520.0 487246.0 506318.00000000006 518070.99999999994 523803.0 524686.0 521738.99999999994 515816.99999999994
14 1.0 125.00406645559904 35.363366037450106 -1.0757369285376213 0.2609360760089208 0.21158306412659922 -0.135736691790918 -0.04971051374243365 0.07586515932307063 28439.0 74547.0 139545.0 213193.0 285930.0 351385.0 406371.0 449998.0 482753.0 505812.00000000006 520606.0 528573.0 531036.0 529145.0 523876.0 516034.0
15 1.0 53.330709941339414 -45.46822400295233 -1.0757369285376213 0.2609360760089208 0.21158306412659922 -0.135736691790918 -0.04971051374243365 0.07586515932307063 19760.0 58762.0 119278.0 192472.0 268208.0 338802.0 399824.0 449497.0 487783.0 515607.99999999994 534332.0 545424.0 550284.0 550166.0 546144.0 539119.0
16 1.0 353.45858033457114 -82.86920593568681 -1.0757369285376213 0.2609360760089208 0.21158306412659922 -0.135736691790918 -0.04971051374243365 0.07586515932307063 14093.0 44147.0 93063.0 154540.0 220243.0 283275.0 339262.0 386112.0 423340.0 451432.0 471366.0 484305.0 491419.0 493788.0 492364.0 487961.0
17 1.0 172.2133105343957 -79.21002631507682 -1.0757369285376213 0.2609360760089208 0.21158306412659922 -0.135736691790918 -0.04971051374243365 0.07586515932307063 10154.0 33199.0 72269.0 123053.0 178930.0 233962.0 284080.0 327087.0 362205.0 389569.0 409823.0 423844.0 432570.0 436900.0 437652.0 435536.0
18 1.0 179.06089157951857 -79.00586332797828 -1.0757369285376213 0.2609360760089208 0.21158306412659922 -0.135736691790918 -0.04971051374243365 0.07586515932307063 10176.0 33269.0 72413.0 123283.0 179243.0 234347.0 284521.0 327567.0 362708.0 390082.0 410335.0 424348.0 433061.0 437374.0 438106.0 435970.0
19 1.0 230.2101059035405 73.39193234730709 -1.0757369285376213 0.2609360760089208 0.21158306412659922 -0.135736691790918 -0.04971051374243365 0.07586515932307063 15403.0 47682.0 99622.0 164281.0 232818.0 298076.0 355626.0 403432.0 441114.0 469271.0 488984.0 501503.00000000006 508062.0 509793.00000000006 507687.0 502581.00000000006
20 1.0 132.6904582066623 43.17910520923817 -1.0757369285376213 0.2609360760089208 0.21158306412659922 -0.135736691790918 -0.04971051374243365 0.07586515932307063 33100.0 85319.0 157685.0 238501.0 317287.0 387318.0 445418.0 490888.0 524462.0 547557.0 561816.0 568845.0 570098.0 566827.0 560082.0 550719.0
21 1.0 49.284097806815616 71.6512242984723 -1.0757369285376213 0.2609360760089208 0.21158306412659922 -0.135736691790918 -0.04971051374243365 0.07586515932307063 11463.0 36870.0 79293.0 133760.0 193065.0 250929.0 303166.0 347600.0 383545.0 411251.0 431472.0 445184.0 453405.0 457098.0 457128.0 454241.0
22 1.0 295.9623839499284 31.064816033373845 -1.0757369285376213 0.2609360760089208 0.21158306412659922 -0.135736691790918 -0.04971051374243365 0.07586515932307063 10581.0 32799.0 69017.0 114906.0 164548.0 212890.0 256585.99999999997 293899.0 324275.0 347904.0 365382.0 377485.0 385027.0 388784.0 389455.0 387651.0
23 1.0 68.34524828499286 5.2091872255589635 -1.0757369285376213 0.2609360760089208 0.21158306412659922 -0.135736691790918 -0.04971051374243365 0.07586515932307063 11587.0 37227.0 80006.0 134900.0 194641.0 252905.0 305476.0 350169.0 386298.0 414120.0 434402.0 448129.0 456328.0 459973.0 459934.0 456966.0
24 1.0 184.07483371672416 -35.19965441747191 -1.0757369285376213 0.2609360760089208 0.21158306412659922 -0.135736691790918 -0.04971051374243365 0.07586515932307063 23798.0 64630.00000000001 124026.0 192972.0 262414.0 325974.0 380220.0 423959.0 457402.0 481511.0 497559.0 506873.0 510700.99999999994 510151.0 506166.0 499537.0
25 1.0 80.75413043090613 89.63320523916121 -1.0757369285376213 0.2609360760089208 0.21158306412659922 -0.135736691790918 -0.04971051374243365 0.07586515932307063 12699.0 40379.0 86082.0 144201.0 206947.0 267685.0 322094.0 368010.0 404829.0 432914.0 453132.0 466557.0 474286.0 477350.0 476662.0 473007.0
26 1.0 35.22401441785226 -24.805969390909922 -1.0757369285376213 0.2609360760089208 0.21158306412659922 -0.135736691790918 -0.04971051374243365 0.07586515932307063 41708.0 108049.0 199413.0 300260.0 397082.0 481582.0 550177.0 602443.0 639692.0 663989.0 677578.0 682581.0 680861.0 673993.0 663264.0 649712.0
27 1.0 310.388946271806 -5.28318914149628 -1.0757369285376213 0.2609360760089208 0.21158306412659922 -0.135736691790918 -0.04971051374243365 0.07586515932307063 28870.0 72936.0 133331.0 200507.0 266026.0 324476.0 373271.0 411799.0 440603.0 460788.0 473654.0 480487.0 482464.0 480602.0 475763.0 468655.0
28 1.0 350.2510160483269 -21.915868513776886 -1.0757369285376213 0.2609360760089208 0.21158306412659922 -0.135736691790918 -0.04971051374243365 0.07586515932307063 76840.0 174131.0 292793.0 412014.0 517889.00000000006 604022.0 669195.0 715010.0 744261.0 760000.0 765085.0 761987.0 752751.0 739023.0 722101.0 702995.0
29 1.0 345.90047690268005 86.31484728038254 -1.0757369285376213 0.2609360760089208 0.21158306412659922 -0.135736691790918 -0.04971051374243365 0.07586515932307063 11887.0 38083.0 81663.0 137444.0 198011.0 256955.0 310029.0 355054.0 391369.0 419259.0 439519.0 453158.0 461224.0 464705.0 464485.0 461325.0
