idx D_km lam beta x1 y1 z1 x2 y2 z2 flux5 flux6 flux7 flux8 flux9 flux10 flux11 flux12 flux13 flux14 flux15 flux16 flux17 flux18 flux19 flux20
0 1.0 197.5728614138369 73.17998985981222 -1.1839834271217622 0.16300483847690053 -0.13513967342997 -0.1902546494032818 0.16026649997098408 -0.13736761328195438 2192.0 7569.0 17152.0 30127.0 44906.0 59919.0 73991.0 86417.0 96870.0 105295.0 111796.0 116563.0 119821.0 121799.0 122711.0 122752.0
1 1.0 257.468171894071 49.328519885754986 -1.1839834271217622 0.16300483847690053 -0.13513967342997 -0.1902546494032818 0.16026649997098408 -0.13736761328195438 2265.0 7837.0 17786.0 31267.000000000004 46632.0 62240.0 76867.0 89774.0 100622.0 109353.0 116076.0 120993.0 124337.0 126349.99999999999 127256.00000000001 127256.00000000001
2 1.0 216.99481538579178 -30.033872634844457 -1.1839834271217622 0.16300483847690053 -0.13513967342997 -0.1902546494032818 0.16026649997098408 -0.13736761328195438 6085.0 17183.0 33909.0 53876.0 74468.0 93718.0 110480.0 124280.0 135081.0 143102.0 148678.0 152179.0 153965.0 154363.0 153655.0 152084.0
3 1.0 196.15794587888288 -75.40174980216058 -1.1839834271217622 0.16300483847690053 -0.13513967342997 -0.1902546494032818 0.16026649997098408 -0.13736761328195438 3789.0 12285.0 26536.0 44874.0 64857.0 84352.0 101940.0 116882.0 128950.00000000001 138231.0 144985.0 149543.0 152252.0 153439.0 153397.0 152378.0
4 1.0 152.5157277620057 -16.69658914551468 -1.1839834271217622 0.16300483847690053 -0.13513967342997 -0.1902546494032818 0.16026649997098408 -0.13736761328195438 18706.0 45075.0 79181.0 115107.0 148344.0 176447.0 198586.0 214919.0 226090.0 232918.0 236229.0 236768.0 235172.0 231968.0 227583.0 222353.0
5 1.0 232.5218807039962 -48.19785440923031 -1.1839834271217622 0.16300483847690053 -0.13513967342997 -0.1902546494032818 0.16026649997098408 -0.13736761328195438 3762.0 11992.0 25651.0 43126.0 62118.0 80635.0 97352.0 111582.0 123108.0 132009.0 138524.0 142963.0 145646.0 146881.0 146941.0 146065.0
6 1.0 157.5313960545693 -66.15222574356306 -1.1839834271217622 0.16300483847690053 -0.13513967342997 -0.1902546494032818 0.16026649997098408 -0.13736761328195438 5774.0 17372.0 35615.0 57955.0 81338.0 103375.0 122634.0 138495.0 150883.0 160039.0 166352.0 170259.0 172184.0 172512.0 171576.0 169659.0
7 1.0 321.03828028154874 -80.38310727837145 -1.1839834271217622 0.16300483847690053 -0.13513967342997 -0.1902546494032818 0.16026649997098408 -0.13736761328195438 2505.0 8562.0 19244.0 33567.0 49738.0 66024.0 81162.0 94413.0 105457.0 114262.0 120967.0 125796.99999999999 129008.00000000001 130856.0 131578.0 131385.0
8 1.0 346.91859378037054 40.60698555790418 -1.1839834271217622 0.16300483847690053 -0.13513967342997 -0.1902546494032818 0.16026649997098408 -0.13736761328195438 13988.0 35330.0 64216.99999999999 95795.0 125961.99999999999 152240.0 173578.0 189869.0 201522.0 209173.0 213507.0 215174.0 214746.0 212706.0 209451.0 205303.0
9 1.0 138.03894677727996 -87.94305744749441 -1.1839834271217622 0.16300483847690053 -0.13513967342997 -0.1902546494032818 0.16026649997098408 -0.13736761328195438 2793.0 9470.0 21147.0 36685.0 54104.0 71526.0 87610.0 101586.0 113143.0 122273.0 129145.00000000001 134016.0 137170.0 138887.0 139425.0 139012.0
10 1.0 285.02101370975925 48.70453473049972 -1.1839834271217622 0.16300483847690053 -0.13513967342997 -0.1902546494032818 0.16026649997098408 -0.13736761328195438 3967.0 12831.0 27645.0 46633.0 67244.0 87274.0 105270.0 120495.0 132733.0 142091.0 148849.0 153358.0 155979.0 157052.0 156879.0 155720.0
11 1.0 190.40217111104562 -63.549603827932486 -1.1839834271217622 0.16300483847690053 -0.13513967342997 -0.1902546494032818 0.16026649997098408 -0.13736761328195438 5801.0 17291.0 35261.0 57202.0 80138.0 101745.0 120636.0 136208.0 148387.0 157407.0 163645.0 167526.0 169463.0 169830.0 168955.0 167112.0
12 1.0 204.49604199381562 -75.68602513438397 -1.1839834271217622 0.16300483847690053 -0.13513967342997 -0.1902546494032818 0.16026649997098408 -0.13736761328195438 3616.0 11812.0 25655.0 43563.0 63163.0 82358.0 99735.0 114549.0 126556.0 135828.0 142611.0 147226.0 150009.0 151281.0 151330.0 150404.0
13 1.0 333.214789785358 -73.87145383705104 -1.1839834271217622 0.16300483847690053 -0.13513967342997 -0.1902546494032818 0.16026649997098408 -0.13736761328195438 2478.0 8431.0 18896.0 32901.0 48698.0 64602.99999999999 79390.0 92341.0 103145.0 111770.0 118351.0 123103.0 126276.0 128117.00000000001 128857.0 128701.00000000001
14 1.0 25.5729809512393 30.968605323704594 -1.1839834271217622 0.16300483847690053 -0.13513967342997 -0.1902546494032818 0.16026649997098408 -0.13736761328195438 8453.0 22424.0 42360.0 65190.0 87958.0 108638.0 126175.00000000001 140234.0 150920.0 158568.0 163605.0 166469.0 167569.0 167262.0 165856.0 163605.0
15 1.0 31.366547892554657 -45.83390222648794 -1.1839834271217622 0.16300483847690053 -0.13513967342997 -0.1902546494032818 0.16026649997098408 -0.13736761328195438 2534.0 8251.0 17991.0 30768.0 44994.0 59198.0 72334.0 83802.0 93353.0 100975.0 106793.0 111002.0 113821.0 115468.0 116144.0 116030.0
16 1.0 7.278623078517259 -14.302895997582283 -1.1839834271217622 0.16300483847690053 -0.13513967342997 -0.1902546494032818 0.16026649997098408 -0.13736761328195438 9970.0 24879.0 45021.0 67145.0 88488.0 107341.0 122930.0 135118.0 144128.0 150348.0 154218.0 156164.0 156572.0 155770.0 154036.0 151596.0
17 1.0 299.74314439725765 10.326382438305046 -1.1839834271217622 0.16300483847690053 -0.13513967342997 -0.1902546494032818 0.16026649997098408 -0.13736761328195438 8554.0 23946.0 46704.0 73289.0 100070.0 124483.0 145168.0 161675.0 174119.0 182911.0 188577.0 191656.0 192651.0 192000.0 190074.0 187180.0
18 1.0 280.13643034194615 64.89921128918289 -1.1839834271217622 0.16300483847690053 -0.13513967342997 -0.1902546494032818 0.16026649997098408 -0.13736761328195438 3029.0 10205.0 22660.0 39115.0 57439.0 75649.0 92353.0 106775.0 118617.0 127897.00000000001 134812.0 139644.0 142700.0 144276.0 144646.0 144045.0
19 1.0 313.2043733688549 40.8679672880391 -1.1839834271217622 0.16300483847690053 -0.13513967342997 -0.1902546494032818 0.16026649997098408 -0.13736761328195438 9970.0 27227.0 52183.0 80824.0 109246.0 134809.0 156186.0 173009.0 185485.0 194104.0 199460.0 202141.0 202687.0 201561.0 199154.0 195785.0
20 1.0 352.30260320379506 -41.34097705703137 -1.1839834271217622 0.16300483847690053 -0.13513967342997 -0.1902546494032818 0.16026649997098408 -0.13736761328195438 4955.0 14214.0 28410.0 45619.0 63619.99999999999 80677.0 95734.0 108310.0 118318.0 125902.99999999999 131329.0 134899.0 136919.0 137670.0 137400.0 136321.0
21 1.0 287.6970831180205 -66.33309612759703 -1.1839834271217622 0.16300483847690053 -0.13513967342997 -0.1902546494032818 0.16026649997098408 -0.13736761328195438 2607.0 8883.0 19915.0 34662.0 51265.0 67943.0 83405.0 96902.0 108118.0 117029.0 123786.0 128623.99999999999 131809.0 133606.0 134258.0 133983.0
22 1.0 166.13257041105547 -80.03262232418437 -1.1839834271217622 0.16300483847690053 -0.13513967342997 -0.1902546494032818 0.16026649997098408 -0.13736761328195438 3445.0 11363.0 24847.0 42400.0 61705.0 80690.0 97937.0 112690.0 124688.0 133989.0 140826.0 145510.0 148372.0 149726.0 149859.0 149015.0
23 1.0 280.99050346312396 -35.712245793430355 -1.1839834271217622 0.16300483847690053 -0.13513967342997 -0.1902546494032818 0.16026649997098408 -0.13736761328195438 2926.0 9844.0 21856.0 37750.0 55484.0 73153.0 89406.0 103482.0 115083.0 124213.0 131055.0 135875.0 138964.0 140609.0 141071.0 140579.0
24 1.0 42.57879331281596 -42.818733136857915 -1.1839834271217622 0.16300483847690053 -0.13513967342997 -0.1902546494032818 0.16026649997098408 -0.13736761328195438 2282.0 7595.0 16812.0 29065.0 42850.0 56734.0 69670.0 81044.0 90583.0 98253.0 104161.0 108486.0 111437.0 113222.0 114037.0 114059.0
25 1.0 230.3715676779086 -7.894697975913658 -1.1839834271217622 0.16300483847690053 -0.13513967342997 -0.1902546494032818 0.16026649997098408 -0.13736761328195438 3378.0 10511.0 22200.0 37081.0 53252.0 69067.0 83422.0 95732.0 105799.0 113670.0 119530.0 123624.0 126214.0 127552.0 127867.00000000001 127356.0
26 1.0 51.607183467256704 32.990640398582485 -1.1839834271217622 0.16300483847690053 -0.13513967342997 -0.1902546494032818 0.16026649997098408 -0.13736761328195438 3579.0 11290.0 24029.0 40310.0 58025.0 75340.0 91027.0 104440.0 115363.0 123857.0 130133.0 134467.0 137154.0 138475.0 138682.0 137998.0
27 1.0 340.0808101378502 35.21258021499429 -1.1839834271217622 0.16300483847690053 -0.13513967342997 -0.1902546494032818 0.16026649997098408 -0.13736761328195438 15836.0 39315.0 70561.0 104236.0 136007.0 163354.0 185289.0 201804.0 213406.0 220812.0 224775.0 225993.0 225073.0 222524.0 218759.0 214111.0
28 1.0 187.8653958300258 -38.96660761521 -1.1839834271217622 0.16300483847690053 -0.13513967342997 -0.1902546494032818 0.16026649997098408 -0.13736761328195438 12063.0 30768.0 56391.0 84721.0 112093.0 136219.0 156065.0 171449.0 182677.0 190273.0 194827.0 196909.0 197028.0 195619.0 193044.0 189599.0
29 1.0 149.2782983965885 -21.61314793797831 -1.1839834271217622 0.16300483847690053 -0.13513967342997 -0.1902546494032818 0.16026649997098408 -0.13736761328195438 17711.0 43292.0 76815.0 112482.0 145748.0 174070.0 196528.0 213212.0 224727.0 231869.0 235453.0 236224.0 234821.0 231776.0 227518.0 222390.0
0 1.0 95.24002035766571 -57.39282688735745 -1.1839834271217622 0.16300483847690053 -0.13513967342997 -0.1902546494032818 0.16026649997098408 -0.13736761328195438 3038.0 10214.0 22654.0 39079.0 57362.0 75526.0 92187.0 106570.0 118381.0 127637.0 134535.0 139355.0 142404.0 143977.0 144347.0 143749.0
1 1.0 278.724128196318 51.93819221517336 -1.1839834271217622 0.16300483847690053 -0.13513967342997 -0.1902546494032818 0.16026649997098408 -0.13736761328195438 3279.0 10922.0 24047.0 41237.0 60237.0 78996.0 96097.0 110774.0 122750.0 132068.0 138950.0 143697.0 146632.0 148066.0 148280.0 147517.0
2 1.0 164.21411959795748 -79.76734624201674 -1.1839834271217622 0.16300483847690053 -0.13513967342997 -0.1902546494032818 0.16026649997098408 -0.13736761328195438 3470.0 11434.0 24981.0 42602.0 61969.0 81002.0 98283.0 113057.0 125065.00000000001 134368.0 141200.0 145876.0 148725.0 150066.0 150184.0 149325.0
3 1.0 204.63622159271347 35.459503510497726 -1.1839834271217622 0.16300483847690053 -0.13513967342997 -0.1902546494032818 0.16026649997098408 -0.13736761328195438 3388.0 10278.0 21377.0 35365.0 50473.0 65194.0 78529.0 89955.0 99299.0 106610.0 112062.0 115883.0 118313.0 119585.0 119909.0 119468.0
4 1.0 6.764328157087851 50.1651712693986 -1.1839834271217622 0.16300483847690053 -0.13513967342997 -0.1902546494032818 0.16026649997098408 -0.13736761328195438 9000.0 24373.0 46590.0 72188.0 97761.0 120963.0 140573.0 156206.0 167994.0 176332.0 181716.0 184657.0 185623.0 185028.0 183220.0 180488.0
5 1.0 222.34877894731574 49.93336113277556 -1.1839834271217622 0.16300483847690053 -0.13513967342997 -0.1902546494032818 0.16026649997098408 -0.13736761328195438 2148.0 7274.0 16288.0 28393.0 42116.0 56019.0 69040.0 80537.0 90219.0 98037.0 104086.0 108539.0 111603.0 113486.0 114384.0 114475.0
6 1.0 220.3544601800717 -43.303938417836115 -1.1839834271217622 0.16300483847690053 -0.13513967342997 -0.1902546494032818 0.16026649997098408 -0.13736761328195438 5153.0 15321.0 31274.000000000004 50861.0 71482.0 91070.0 108357.0 122759.0 134170.0 142762.0 148847.0 152786.0 154938.0 155635.0 155168.0 153784.0
7 1.0 222.0962388749125 -22.713635172138936 -1.1839834271217622 0.16300483847690053 -0.13513967342997 -0.1902546494032818 0.16026649997098408 -0.13736761328195438 5041.0 14639.0 29472.0 47537.0 66476.0 84441.0 100300.0 113536.0 124055.0 132012.0 137687.0 141403.0 143484.0 144230.0 143902.0 142727.0
8 1.0 339.7493082652647 15.76793433535002 -1.1839834271217622 0.16300483847690053 -0.13513967342997 -0.1902546494032818 0.16026649997098408 -0.13736761328195438 19565.0 46519.0 80937.0 116822.0 149738.0 177351.0 198938.0 214726.0 225401.0 231804.0 234765.0 235025.0 233215.0 229854.0 225359.0 220058.0
9 1.0 245.45530767725404 -40.892057563595934 -1.1839834271217622 0.16300483847690053 -0.13513967342997 -0.1902546494032818 0.16026649997098408 -0.13736761328195438 2997.0 9945.0 21882.0 37564.0 54976.0 72265.0 88130.0 101847.0 113139.0 122020.0 128670.0 133351.0 136349.0 137942.0 138385.0 137900.0
10 1.0 129.42284420656296 -23.246496140780025 -1.1839834271217622 0.16300483847690053 -0.13513967342997 -0.1902546494032818 0.16026649997098408 -0.13736761328195438 11596.0 30757.0 57774.0 88191.0 117910.0 144278.0 166044.0 182942.0 195269.0 203594.0 208564.0 210811.0 210900.0 209317.0 206461.0 202660.0
11 1.0 157.33150336776293 -54.530229566584865 -1.1839834271217622 0.16300483847690053 -0.13513967342997 -0.1902546494032818 0.16026649997098408 -0.13736761328195438 9158.0 25230.0 48688.0 75836.0 102988.0 127593.00000000001 148331.0 164793.0 177131.0 185779.0 191284.0 194196.0 195025.0 194214.0 192137.0 189101.0
12 1.0 251.14723053381536 -7.225940923918671 -1.1839834271217622 0.16300483847690053 -0.13513967342997 -0.1902546494032818 0.16026649997098408 -0.13736761328195438 2404.0 8160.000000000001 18270.0 31802.999999999996 47076.0 62471.0 76802.0 89375.0 99884.0 108296.0 114735.0 119406.0 122549.0 124399.0 125180.00000000001 125089.0
13 1.0 21.68116978653714 -81.96978577425946 -1.1839834271217622 0.16300483847690053 -0.13513967342997 -0.1902546494032818 0.16026649997098408 -0.13736761328195438 2461.0 8427.0 18966.0 33121.0 49127.0 65272.0 80302.0 93479.0 104480.0 113269.0 119979.0 124828.0 128067.99999999999 129953.00000000001 130715.0 130564.99999999999
14 1.0 240.03601756044037 53.96325922271123 -1.1839834271217622 0.16300483847690053 -0.13513967342997 -0.1902546494032818 0.16026649997098408 -0.13736761328195438 2066.0 7151.0 16246.0 28603.0 42731.0 57135.0 70691.0 82708.0 92863.0 101088.0 107474.0 112195.0 115461.0 117488.0 118481.0 118624.0
15 1.0 241.4296330625374 -76.1478395424061 -1.1839834271217622 0.16300483847690053 -0.13513967342997 -0.1902546494032818 0.16026649997098408 -0.13736761328195438 2974.0 10006.0 22207.0 38340.0 56323.0 74221.0 90665.0 104888.0 116592.0 125786.00000000001 132660.0 137486.0 140561.0 142177.0 142599.0 142061.0
16 1.0 75.73772198658273 3.3903267896746883 -1.1839834271217622 0.16300483847690053 -0.13513967342997 -0.1902546494032818 0.16026649997098408 -0.13736761328195438 2199.0 7609.0 17265.0 30351.0 45264.0 60418.0 74624.0 87166.0 97717.0 106216.0 112769.0 117571.0 120847.0 122830.0 123737.0 123764.0
17 1.0 46.41346715574719 -34.7741820818647 -1.1839834271217622 0.16300483847690053 -0.13513967342997 -0.1902546494032818 0.16026649997098408 -0.13736761328195438 2294.0 7605.0 16787.0 28970.0 42657.0 56428.0 69250.0 80516.0 89961.0 97552.0 103396.0 107673.0 110588.0 112350.0 113153.0 113171.0
18 1.0 113.55420633270619 13.957730789647584 -1.1839834271217622 0.16300483847690053 -0.13513967342997 -0.1902546494032818 0.16026649997098408 -0.13736761328195438 4832.0 14880.0 31042.0 51209.0 72666.0 93191.0 111390.0 126599.99999999999 138678.0 147786.0 154246.0 158435.0 160734.0 161493.0 161021.0 159580.0
19 1.0 130.93587753934415 82.69800135001651 -1.1839834271217622 0.16300483847690053 -0.13513967342997 -0.1902546494032818 0.16026649997098408 -0.13736761328195438 2354.0 8155.000000000001 18499.0 32488.000000000004 48389.0 64493.99999999999 79539.0 92767.0 103843.0 112716.0 119512.0 124443.0 127760.00000000001 129712.0 130534.00000000001 130436.0
20 1.0 205.27083735043666 26.20264400208069 -1.1839834271217622 0.16300483847690053 -0.13513967342997 -0.1902546494032818 0.16026649997098408 -0.13736761328195438 4253.0 12265.0 24649.0 39788.0 55757.0 71020.0 84616.0 96085.0 105315.0 112409.0 117580.0 121086.0 123188.0 124132.0 124136.0 123390.0
21 1.0 157.89654484643532 -83.63476156401164 -1.1839834271217622 0.16300483847690053 -0.13513967342997 -0.1902546494032818 0.16026649997098408 -0.13736761328195438 3094.0 10368.0 22937.0 39495.0 57892.0 76144.0 92863.0 107279.0 119103.0 128357.0 135243.0 140044.0 143068.0 144615.0 144956.0 144330.0
22 1.0 355.8145817013214 -12.527560888548976 -1.1839834271217622 0.16300483847690053 -0.13513967342997 -0.1902546494032818 0.16026649997098408 -0.13736761328195438 12899.0 31298.0 55406.0 81188.0 105454.0 126383.0 143268.0 156108.0 165272.0 171283.0 174689.0 176002.0 175668.0 174065.0 171502.0 168230.0
23 1.0 36.736131869290105 1.803033417285036 -1.1839834271217622 0.16300483847690053 -0.13513967342997 -0.1902546494032818 0.16026649997098408 -0.13736761328195438 4936.0 13973.0 27706.0 44268.0 61540.0 77881.0 92297.0 104340.0 113930.0 121209.0 126426.00000000001 129872.99999999999 131837.0 132587.0 132358.0 131353.0
24 1.0 75.19563219414049 6.511949046621353 -1.1839834271217622 0.16300483847690053 -0.13513967342997 -0.1902546494032818 0.16026649997098408 -0.13736761328195438 2217.0 7665.0 17378.0 30528.0 45503.0 60709.0 74955.0 87525.0 98092.0 106598.0 113152.0 117949.0 121218.0 123190.0 124085.0 124099.0
25 1.0 58.07142643859865 32.65065190869082 -1.1839834271217622 0.16300483847690053 -0.13513967342997 -0.1902546494032818 0.16026649997098408 -0.13736761328195438 3039.0 9933.0 21653.0 36948.0 53860.0 70609.0 85958.0 99221.0 110137.0 118726.0 125163.0 129703.00000000001 132618.0 134177.0 134625.0 134175.0
26 1.0 235.11899716754343 -40.032702408282105 -1.1839834271217622 0.16300483847690053 -0.13513967342997 -0.1902546494032818 0.16026649997098408 -0.13736761328195438 3586.0 11456.0 24554.0 41362.0 59685.0 77604.0 93835.0 107698.0 118972.0 127720.0 134163.0 138594.0 141319.0 142631.0 142795.0 142041.0
27 1.0 91.18497691432157 -66.80509821606236 -1.1839834271217622 0.16300483847690053 -0.13513967342997 -0.1902546494032818 0.16026649997098408 -0.13736761328195438 2803.0 9507.0 21234.0 36840.0 54333.0 71827.0 87973.0 101999.0 113593.0 122748.0 129634.0 134511.0 137664.0 139376.0 139904.0 139478.0
28 1.0 167.87187822827028 -19.31837822152302 -1.1839834271217622 0.16300483847690053 -0.13513967342997 -0.1902546494032818 0.16026649997098408 -0.13736761328195438 19251.0 45660.0 79314.0 114355.0 146465.0 173384.0 194419.0 209799.0 220197.0 226435.0 229321.0 229577.0 227819.0 224551.0 220177.0 215019.0
29 1.0 87.99321312057698 82.1530301032708 -1.1839834271217622 0.16300483847690053 -0.13513967342997 -0.1902546494032818 0.16026649997098408 -0.13736761328195438 2492.0 8594.0 19429.0 34023.0 50551.0 67231.0 82757.0 96357.0 107697.0 116739.0 123622.0 128577.0 131867.0 133755.0 134486.0 134277.0
0 1.0 57.2290501123871 -56.31643948484795 -1.1839834271217622 0.16300483847690053 -0.13513967342997 -0.1902546494032818 0.16026649997098408 -0.13736761328195438 2146.0 7379.0 16685.0 29272.0 43610.0 58183.0 71859.0 83952.0 94145.0 102379.0 108751.0 113442.0 116667.0 118647.0 119588.0 119677.0
1 1.0 39.73505081914985 72.71711188708267 -1.1839834271217622 0.16300483847690053 -0.13513967342997 -0.1902546494032818 0.16026649997098408 -0.13736761328195438 3242.0 10765.0 23662.0 40545.0 59208.0 77648.0 94476.0 108938.0 120758.0 129974.0 136799.0 141526.0 144470.0 145934.0 146194.0 145488.0
2 1.0 236.27865220749842 7.885071013918747 -1.1839834271217622 0.16300483847690053 -0.13513967342997 -0.1902546494032818 0.16026649997098408 -0.13736761328195438 2508.0 8243.0 18077.0 31033.0 45499.0 59972.0 73375.0 85088.0 94854.0 102653.0 108613.0 112930.0 115827.0 117527.0 118235.0 118135.0
3 1.0 49.74586248550097 -7.755944103762147 -1.1839834271217622 0.16300483847690053 -0.13513967342997 -0.1902546494032818 0.16026649997098408 -0.13736761328195438 2769.0 8850.0 19060.0 32312.0 46948.0 61467.0 74820.0 86420.0 96034.0 103666.0 109454.0 113606.0 116349.0 117907.0 118488.0 118274.0
4 1.0 70.76965020481926 68.76745384138013 -1.1839834271217622 0.16300483847690053 -0.13513967342997 -0.1902546494032818 0.16026649997098408 -0.13736761328195438 2658.0 9097.0 20442.0 35627.0 52728.0 69900.0 85806.0 99673.0 111178.0 120299.0 127195.0 132112.0 135328.0 137117.0 137732.0 137397.0
5 1.0 132.74106143794708 -7.451286881654539 -1.1839834271217622 0.16300483847690053 -0.13513967342997 -0.1902546494032818 0.16026649997098408 -0.13736761328195438 12709.0 32816.0 60563.0 91336.0 121071.0 147224.0 168652.0 185166.0 197113.0 205086.0 209746.0 211727.0 211592.0 209822.0 206812.0 202885.0
6 1.0 295.55756274525663 40.350174590077785 -1.1839834271217622 0.16300483847690053 -0.13513967342997 -0.1902546494032818 0.16026649997098408 -0.13736761328195438 6144.0 18395.0 37548.0 60867.0 85140.0 107891.0 127665.0 143852.0 156410.0 165611.0 171877.0 175670.0 177436.0 177576.0 176435.0 174305.0
7 1.0 34.956459285502056 -18.17544209344163 -1.1839834271217622 0.16300483847690053 -0.13513967342997 -0.1902546494032818 0.16026649997098408 -0.13736761328195438 3759.0 11130.0 22776.0 37247.0 52707.0 67639.0 81062.0 92482.0 101753.0 108949.0 114260.0 117927.0 120200.0 121316.0 121489.0 120906.0
8 1.0 301.6601666995694 72.7279907221724 -1.1839834271217622 0.16300483847690053 -0.13513967342997 -0.1902546494032818 0.16026649997098408 -0.13736761328195438 3403.0 11266.0 24692.0 42200.0 61480.0 80456.0 97707.0 112471.0 124485.0 133803.0 140657.0 145357.0 148233.0 149601.0 149744.0 148911.0
9 1.0 34.59542684182671 34.20450363442093 -1.1839834271217622 0.16300483847690053 -0.13513967342997 -0.1902546494032818 0.16026649997098408 -0.13736761328195438 6153.0 17366.0 34265.0 54443.0 75255.0 94713.0 111658.0 125607.0 136525.0 144630.0 150262.0 153795.0 155594.0 155988.0 155264.0 153667.0
10 1.0 351.5254074048225 35.931969765093015 -1.1839834271217622 0.16300483847690053 -0.13513967342997 -0.1902546494032818 0.16026649997098408 -0.13736761328195438 15247.0 37738.0 67633.0 99859.0 130301.0 156563.0 177693.0 193671.0 204966.0 212252.0 216237.0 217583.0 216865.0 214569.0 211089.0 206745.0
11 1.0 168.71443259317257 -31.010327719718596 -1.1839834271217622 0.16300483847690053 -0.13513967342997 -0.1902546494032818 0.16026649997098408 -0.13736761328195438 17137.0 41673.0 73710.0 107740.0 139471.0 166509.0 187992.0 204003.0 215110.0 222063.0 225628.0 226507.0 225304.0 222523.0 218572.0 213776.0
12 1.0 351.6339917485214 46.22015569264005 -1.1839834271217622 0.16300483847690053 -0.13513967342997 -0.1902546494032818 0.16026649997098408 -0.13736761328195438 11770.0 30594.0 56768.0 86001.0 114441.0 139628.0 160416.0 176573.0 188390.0 196403.0 201225.0 203451.0 203614.0 202173.0 199509.0 195931.0
13 1.0 217.74438710821656 24.490989980485438 -1.1839834271217622 0.16300483847690053 -0.13513967342997 -0.1902546494032818 0.16026649997098408 -0.13736761328195438 3093.0 9557.0 20125.0 33588.0 48252.0 62641.0 75755.0 87058.0 96356.0 103681.0 109188.0 113092.0 115624.0 117008.0 117449.0 117126.0
14 1.0 266.1348885833886 -46.79635079165228 -1.1839834271217622 0.16300483847690053 -0.13513967342997 -0.1902546494032818 0.16026649997098408 -0.13736761328195438 2673.0 9108.0 20410.0 35506.0 52485.0 69520.0 85292.0 99040.0 110446.0 119491.0 126332.0 131213.0 134409.0 136190.0 136809.0 136485.0
15 1.0 14.107605211555443 -61.103011952653844 -1.1839834271217622 0.16300483847690053 -0.13513967342997 -0.1902546494032818 0.16026649997098408 -0.13736761328195438 2481.0 8256.0 18250.0 31495.000000000004 46341.0 61233.0 75049.0 87139.0 97225.0 105285.0 111444.0 115904.0 118895.0 120647.0 121372.0 121260.0
16 1.0 101.81050652750744 53.35046541311971 -1.1839834271217622 0.16300483847690053 -0.13513967342997 -0.1902546494032818 0.16026649997098408 -0.13736761328195438 2454.0 8467.0 19150.0 33547.0 49861.0 66336.0 81682.0 95136.0 106365.0 115329.0 122164.0 127094.00000000001 130379.0 132277.0 133029.0 132850.0
17 1.0 43.270762036740805 82.64998854634004 -1.1839834271217622 0.16300483847690053 -0.13513967342997 -0.1902546494032818 0.16026649997098408 -0.13736761328195438 2751.0 9381.0 21023.0 36557.0 54001.0 71471.0 87612.0 101646.0 113257.0 122433.0 129343.00000000001 134244.0 137420.0 139153.0 139701.0 139293.0
18 1.0 106.61047110797217 -7.535011093192281 -1.1839834271217622 0.16300483847690053 -0.13513967342997 -0.1902546494032818 0.16026649997098408 -0.13736761328195438 4713.0 14743.0 31044.0 51508.0 73355.0 94292.0 112871.0 128401.99999999999 140728.0 150016.0 156594.0 160850.0 163175.0 163927.0 163423.0 161933.0
19 1.0 42.74197882352786 16.377149758263286 -1.1839834271217622 0.16300483847690053 -0.13513967342997 -0.1902546494032818 0.16026649997098408 -0.13736761328195438 4501.0 13214.0 26838.0 43596.0 61325.0 78283.0 93376.0 106080.0 116271.0 124067.0 129709.99999999999 133494.0 135715.0 136651.0 136549.0 135621.0
20 1.0 114.47394458183138 64.39007595483983 -1.1839834271217622 0.16300483847690053 -0.13513967342997 -0.1902546494032818 0.16026649997098408 -0.13736761328195438 2395.0 8261.0 18684.0 32742.0 48686.0 64806.0 79841.0 93041.0 104078.0 112907.0 119656.0 124543.0 127817.99999999999 129732.99999999999 130522.0 130395.00000000001
21 1.0 149.13467802528118 -7.699778396305732 -1.1839834271217622 0.16300483847690053 -0.13513967342997 -0.1902546494032818 0.16026649997098408 -0.13736761328195438 17697.0 42809.0 75434.0 109945.0 142010.0 169242.0 190805.0 206814.0 217862.0 224718.0 228166.0 228917.0 227583.0 224671.0 220593.0 215676.0
22 1.0 23.09309868556237 81.3374058298925 -1.1839834271217622 0.16300483847690053 -0.13513967342997 -0.1902546494032818 0.16026649997098408 -0.13736761328195438 2956.0 9980.0 22198.0 38375.0 56422.0 74390.0 90901.0 105181.0 116930.0 126157.99999999999 133054.0 137891.0 140971.0 142586.0 143003.0 142456.0
23 1.0 249.28996297320714 13.63520916807704 -1.1839834271217622 0.16300483847690053 -0.13513967342997 -0.1902546494032818 0.16026649997098408 -0.13736761328195438 2184.0 7471.0 16833.0 29455.0 43795.0 58340.0 71964.0 83991.0 94113.0 102276.0 108584.0 113218.0 116396.0 118338.0 119249.0 119317.0
24 1.0 203.97652351436705 57.738081726236686 -1.1839834271217622 0.16300483847690053 -0.13513967342997 -0.1902546494032818 0.16026649997098408 -0.13736761328195438 2292.0 7698.0 17137.0 29737.0 43950.0 58288.0 71660.0 83423.0 93289.0 101221.0 107327.0 111793.0 114835.0 116670.0 117502.0 117512.0
25 1.0 95.54021673820034 73.5918693142929 -1.1839834271217622 0.16300483847690053 -0.13513967342997 -0.1902546494032818 0.16026649997098408 -0.13736761328195438 2423.0 8383.0 18995.0 33322.0 49582.0 66022.0 81352.0 94806.0 106045.0 115027.0 121884.0 126839.00000000001 130148.99999999999 132072.0 132847.0 132689.0
26 1.0 188.36929924801188 56.7942873783424 -1.1839834271217622 0.16300483847690053 -0.13513967342997 -0.1902546494032818 0.16026649997098408 -0.13736761328195438 2570.0 8445.0 18517.0 31780.000000000004 46581.0 61377.0 75068.0 87022.0 96975.0 104914.0 110968.0 115341.0 118264.0 119964.0 120653.0 120519.0
27 1.0 33.818583873039 -61.30539657918793 -1.1839834271217622 0.16300483847690053 -0.13513967342997 -0.1902546494032818 0.16026649997098408 -0.13736761328195438 2263.0 7670.0 17172.0 29911.0 44323.0 58888.0 72489.0 84461.0 94506.0 102582.0 108798.0 113341.0 116433.0 118295.0 119135.0 119140.0
28 1.0 207.34073840022455 23.201719031106066 -1.1839834271217622 0.16300483847690053 -0.13513967342997 -0.1902546494032818 0.16026649997098408 -0.13736761328195438 4322.0 12420.0 24899.0 40120.0 56148.0 71445.0 85054.0 96519.0 105735.0 112808.0 117955.0 121435.0 123512.0 124430.0 124411.0 123642.0
29 1.0 334.5466311274371 -18.28183344845813 -1.1839834271217622 0.16300483847690053 -0.13513967342997 -0.1902546494032818 0.16026649997098408 -0.13736761328195438 11912.0 29848.0 54075.0 80617.0 106106.0 128483.00000000001 146844.0 161058.0 171424.0 178439.0 182648.0 184578.0 184698.0 183407.0 181037.0 177861.0
0 1.0 114.68482288247652 -78.71166863579778 -1.1839834271217622 0.16300483847690053 -0.13513967342997 -0.1902546494032818 0.16026649997098408 -0.13736761328195438 3073.0 10311.0 22831.0 39339.0 57691.0 75909.0 92604.0 107006.0 118823.0 128077.0 134965.0 139772.0 142805.0 144361.0 144712.0 144097.0
1 1.0 240.2677367869254 -13.674194659828444 -1.1839834271217622 0.16300483847690053 -0.13513967342997 -0.1902546494032818 0.16026649997098408 -0.13736761328195438 2807.0 9196.0 20093.0 34367.0 50210.0 65964.0 80462.0 93049.0 103465.0 111711.0 117944.0 122390.0 125302.0 126927.00000000001 127493.0 127200.00000000001
2 1.0 47.447230465581185 -43.436867959906614 -1.1839834271217622 0.16300483847690053 -0.13513967342997 -0.1902546494032818 0.16026649997098408 -0.13736761328195438 2180.0 7344.0 16389.0 28501.0 42202.0 56060.0 69021.0 80453.0 90070.0 97826.0 103820.0 108227.0 111250.0 113100.0 113970.0 114039.0
3 1.0 257.8777934826836 62.82689551713193 -1.1839834271217622 0.16300483847690053 -0.13513967342997 -0.1902546494032818 0.16026649997098408 -0.13736761328195438 2352.0 8130.0 18426.0 32349.000000000004 48182.0 64227.99999999999 79228.0 92429.0 103491.0 112362.0 119164.0 124109.0 127442.0 129414.0 130256.00000000001 130176.99999999999
4 1.0 104.1861934609924 -84.00516722159469 -1.1839834271217622 0.16300483847690053 -0.13513967342997 -0.1902546494032818 0.16026649997098408 -0.13736761328195438 2810.0 9523.0 21257.0 36865.0 54356.0 71844.0 87982.0 102000.0 113586.0 122735.0 129617.00000000001 134491.0 137642.0 139352.0 139880.0 139454.0
5 1.0 65.94889032256206 82.61688993542523 -1.1839834271217622 0.16300483847690053 -0.13513967342997 -0.1902546494032818 0.16026649997098408 -0.13736761328195438 2608.0 8952.0 20162.0 35200.0 52166.0 69230.0 85060.0 98880.0 110361.0 119478.0 126384.0 131321.0 134563.0 136382.0 137029.0 136727.0
6 1.0 211.14465653162995 -26.033607275052667 -1.1839834271217622 0.16300483847690053 -0.13513967342997 -0.1902546494032818 0.16026649997098408 -0.13736761328195438 7490.0 20214.0 38662.0 60056.0 81619.0 101390.0 118310.0 132003.0 142526.0 150166.0 155308.0 158357.0 159695.0 159661.0 158548.0 156599.0
7 1.0 7.238716627497679 -25.792759727542276 -1.1839834271217622 0.16300483847690053 -0.13513967342997 -0.1902546494032818 0.16026649997098408 -0.13736761328195438 7064.0 18635.0 35144.0 54108.0 73120.0 90509.0 105383.0 117433.0 126716.0 133483.0 138069.0 140824.0 142078.0 142127.0 141223.0 139579.0
8 1.0 298.4184105182507 -87.06086951693258 -1.1839834271217622 0.16300483847690053 -0.13513967342997 -0.1902546494032818 0.16026649997098408 -0.13736761328195438 2652.0 9035.0 20253.0 35246.0 52121.0 69064.0 84764.0 98461.0 109835.0 118864.0 125701.0 130589.00000000001 133798.0 135598.0 136237.0 135936.0
9 1.0 1.6903714293169436 -56.65818145748689 -1.1839834271217622 0.16300483847690053 -0.13513967342997 -0.1902546494032818 0.16026649997098408 -0.13736761328195438 2855.0 9226.0 19987.0 33995.0 49478.0 64830.0 78931.0 91154.0 101257.0 109249.0 115284.0 119584.0 122396.0 123960.0 124496.0 124201.0
10 1.0 244.01395324664284 -17.773289855350427 -1.1839834271217622 0.16300483847690053 -0.13513967342997 -0.1902546494032818 0.16026649997098408 -0.13736761328195438 2723.0 9031.0 19893.0 34214.0 50184.0 66120.0 80826.0 93620.0 104227.0 112640.0 119010.0 123565.0 126559.0 128242.0 128844.99999999999 128571.99999999999
11 1.0 97.20287034917935 77.27245511448851 -1.1839834271217622 0.16300483847690053 -0.13513967342997 -0.1902546494032818 0.16026649997098408 -0.13736761328195438 2426.0 8390.0 19006.0 33335.0 49594.0 66031.0 81357.0 94805.0 106039.0 115016.0 121868.0 126818.99999999999 130123.99999999999 132043.0 132816.0 132656.0
12 1.0 264.66984796413414 -72.06931256017117 -1.1839834271217622 0.16300483847690053 -0.13513967342997 -0.1902546494032818 0.16026649997098408 -0.13736761328195438 2726.0 9268.0 20735.0 36025.0 53196.0 70402.0 86313.0 100165.0 111641.0 120727.0 127587.0 132468.0 135649.0 137406.0 137992.0 137632.0
13 1.0 346.38787624227774 80.15427602623433 -1.1839834271217622 0.16300483847690053 -0.13513967342997 -0.1902546494032818 0.16026649997098408 -0.13736761328195438 3210.0 10710.0 23612.0 40542.0 59285.0 77822.0 94750.0 109302.0 121200.0 130478.00000000001 137350.0 142109.0 145075.0 146550.0 146813.0 146104.0
14 1.0 89.55113166718489 66.5079354983938 -1.1839834271217622 0.16300483847690053 -0.13513967342997 -0.1902546494032818 0.16026649997098408 -0.13736761328195438 2440.0 8438.0 19112.0 33516.0 49852.0 66362.0 81748.0 95242.0 106508.0 115504.0 122365.0 127316.00000000001 130616.00000000001 132524.0 133283.0 133107.0
15 1.0 207.4166403904213 -8.25076855664068 -1.1839834271217622 0.16300483847690053 -0.13513967342997 -0.1902546494032818 0.16026649997098408 -0.13736761328195438 7945.000000000001 20748.0 38815.0 59373.0 79804.0 98337.0 114058.0 126679.99999999999 136303.0 143222.0 147816.0 150469.0 151544.0 151357.0 150181.0 148241.0
16 1.0 213.13509525786205 -31.19384128171319 -1.1839834271217622 0.16300483847690053 -0.13513967342997 -0.1902546494032818 0.16026649997098408 -0.13736761328195438 6891.0 19025.0 36955.0 58039.0 79517.0 99384.0 116515.0 130481.99999999999 141298.0 149225.0 154632.0 157918.0 159461.0 159603.0 158636.0 156807.0
17 1.0 206.01068608471442 -48.10605672976977 -1.1839834271217622 0.16300483847690053 -0.13513967342997 -0.1902546494032818 0.16026649997098408 -0.13736761328195438 6938.0 19606.0 38619.0 61182.0 84283.0 105703.0 124184.0 139238.0 150872.0 159367.0 165127.0 168589.0 170167.0 170233.0 169108.0 167061.0
18 1.0 80.30938775062259 20.603647165837387 -1.1839834271217622 0.16300483847690053 -0.13513967342997 -0.1902546494032818 0.16026649997098408 -0.13736761328195438 2326.0 8052.999999999999 18266.0 32078.000000000004 47781.0 63692.0 78560.0 91639.0 102595.0 111377.0 118106.0 122995.0 126287.00000000001 128230.00000000001 129055.0 128969.0
19 1.0 342.9896441461146 -84.04657353440899 -1.1839834271217622 0.16300483847690053 -0.13513967342997 -0.1902546494032818 0.16026649997098408 -0.13736761328195438 2521.0 8619.0 19376.0 33800.0 50086.0 66490.0 81737.0 95083.0 106207.0 115075.0 121828.0 126691.0 129924.00000000001 131782.0 132506.0 132308.0
20 1.0 160.96513630234585 -87.19090839957092 -1.1839834271217622 0.16300483847690053 -0.13513967342997 -0.1902546494032818 0.16026649997098408 -0.13736761328195438 2854.0 9656.0 21523.0 37282.0 54917.0 72526.0 88755.0 102835.0 114457.0 123620.0 130500.0 135359.0 138488.0 140170.0 140667.0 140207.0
21 1.0 304.707122089606 -12.816769950317195 -1.1839834271217622 0.16300483847690053 -0.13513967342997 -0.1902546494032818 0.16026649997098408 -0.13736761328195438 7663.0 21522.0 42162.0 66470.0 91170.0 113899.0 133353.0 149058.0 161067.0 169714.0 175455.0 178770.0 180112.0 179880.0 178417.0 176010.0
22 1.0 251.81253911430156 -77.74666668455036 -1.1839834271217622 0.16300483847690053 -0.13513967342997 -0.1902546494032818 0.16026649997098408 -0.13736761328195438 2837.0 9601.0 21408.0 37094.0 54656.0 72200.0 88378.0 102421.0 114020.0 123171.0 130049.0 134913.0 138051.0 139747.0 140259.0 139817.0
23 1.0 107.07730230784811 -44.65062211570328 -1.1839834271217622 0.16300483847690053 -0.13513967342997 -0.1902546494032818 0.16026649997098408 -0.13736761328195438 4457.0 14141.0 30054.0 50180.0 71788.0 92587.0 111112.0 126649.00000000001 139024.0 148386.0 155050.0 159399.0 161817.0 162660.0 162243.0 160834.0
24 1.0 292.9672150928918 -50.19103523770491 -1.1839834271217622 0.16300483847690053 -0.13513967342997 -0.1902546494032818 0.16026649997098408 -0.13736761328195438 2896.0 9696.0 21463.0 37004.0 54328.0 71583.0 87458.0 101217.0 112567.0 121513.0 128230.00000000001 132976.0 136034.0 137681.0 138171.0 137728.0
25 1.0 142.74206670491446 -44.425585129886656 -1.1839834271217622 0.16300483847690053 -0.13513967342997 -0.1902546494032818 0.16026649997098408 -0.13736761328195438 11015.0 29488.0 55751.0 85509.0 114737.0 140793.0 162400.0 179257.0 191628.0 200053.0 205160.0 207564.0 207821.0 206406.0 203716.0 200076.0
26 1.0 317.1971509600182 -66.4100583812536 -1.1839834271217622 0.16300483847690053 -0.13513967342997 -0.1902546494032818 0.16026649997098408 -0.13736761328195438 2625.0 8851.0 19705.0 34140.0 50336.0 66570.0 81599.0 94709.0 105601.0 114258.0 120827.0 125536.00000000001 128644.00000000001 130406.0 131058.00000000001 130811.00000000001
27 1.0 209.25823414890914 -87.83347987842222 -1.1839834271217622 0.16300483847690053 -0.13513967342997 -0.1902546494032818 0.16026649997098408 -0.13736761328195438 2801.0 9495.0 21198.0 36766.0 54214.0 71663.0 87767.0 101758.0 113325.0 122461.0 129336.0 134207.0 137359.0 139073.0 139606.0 139187.0
28 1.0 317.424730267747 -69.21282651502534 -1.1839834271217622 0.16300483847690053 -0.13513967342997 -0.1902546494032818 0.16026649997098408 -0.13736761328195438 2567.0 8697.0 19428.0 33743.0 49843.0 66012.0 81009.0 94111.0 105014.0 113695.0 120295.0 125040.00000000001 128185.0 129983.99999999999 130673.00000000001 130458.99999999999
29 1.0 249.3113724279957 21.32644671229461 -1.1839834271217622 0.16300483847690053 -0.13513967342997 -0.1902546494032818 0.16026649997098408 -0.13736761328195438 2126.0 7304.0 16507.0 28949.0 43122.0 57529.0 71051.0 83013.0 93100.0 101254.0 107569.0 112226.0 115435.0 117413.0 118365.0 118474.0
0 1.0 261.09154073507057 85.36611830724905 -1.1839834271217622 0.16300483847690053 -0.13513967342997 -0.1902546494032818 0.16026649997098408 -0.13736761328195438 2504.0 8626.0 19485.0 34103.0 50649.0 67343.0 82875.0 96477.0 107815.0 116852.0 123728.0 128676.00000000001 131957.0 133837.0 134559.0 134342.0
1 1.0 180.47677749361281 88.26210028096091 -1.1839834271217622 0.16300483847690053 -0.13513967342997 -0.1902546494032818 0.16026649997098408 -0.13736761328195438 2446.0 8444.0 19109.0 33494.0 49805.0 66288.0 81650.0 95125.0 106377.0 115364.0 122220.0 127169.0 130470.0 132382.0 133145.0 132975.0
2 1.0 344.1901085003606 -16.37026283284891 -1.1839834271217622 0.16300483847690053 -0.13513967342997 -0.1902546494032818 0.16026649997098408 -0.13736761328195438 12793.0 31390.0 56018.0 82580.0 107758.0 129609.0 147340.0 160906.0 170661.0 177127.0 180866.0 182404.0 182207.0 180667.0 178109.0 174796.0
3 1.0 231.83647172266947 -60.66820331161104 -1.1839834271217622 0.16300483847690053 -0.13513967342997 -0.1902546494032818 0.16026649997098408 -0.13736761328195438 3569.0 11603.0 25135.0 42624.0 61765.0 80524.0 97526.0 112045.0 123837.0 132969.0 139674.0 144262.0 147057.0 148372.0 148485.0 147639.0
4 1.0 152.5878174809447 24.977116325975274 -1.1839834271217622 0.16300483847690053 -0.13513967342997 -0.1902546494032818 0.16026649997098408 -0.13736761328195438 9185.0 23936.0 44652.0 68087.0 91227.0 112067.0 129602.0 143547.0 154052.0 161483.0 166288.0 168922.0 169798.0 169283.0 167685.0 165258.0
5 1.0 218.30155708605275 -1.7450376212273113 -1.1839834271217622 0.16300483847690053 -0.13513967342997 -0.1902546494032818 0.16026649997098408 -0.13736761328195438 4799.0 13705.0 27331.0 43838.0 61107.0 77485.0 91963.0 104078.0 113741.0 121089.0 126368.00000000001 129868.00000000001 131878.0 132666.0 132469.0 131489.0
6 1.0 6.909551391360069 88.09375991119765 -1.1839834271217622 0.16300483847690053 -0.13513967342997 -0.1902546494032818 0.16026649997098408 -0.13736761328195438 2602.0 8933.0 20120.0 35130.0 52069.0 69108.0 84917.0 98722.0 110192.0 119302.0 126204.00000000001 131140.0 134383.0 136204.0 136855.0 136557.0
7 1.0 108.56693400283775 -78.24524271267956 -1.1839834271217622 0.16300483847690053 -0.13513967342997 -0.1902546494032818 0.16026649997098408 -0.13736761328195438 3001.0 10097.0 22411.0 38687.0 56822.0 74859.0 91420.0 105733.0 117499.0 126734.00000000001 133627.0 138456.0 141523.0 143122.0 143521.0 142955.0
8 1.0 237.66247349736662 50.98219889648635 -1.1839834271217622 0.16300483847690053 -0.13513967342997 -0.1902546494032818 0.16026649997098408 -0.13736761328195438 2049.0 7071.0 16037.0 28205.0 42105.0 56273.0 69603.0 81421.0 91412.0 99508.0 105799.0 110456.0 113684.0 115696.0 116691.0 116851.0
9 1.0 104.42793859575987 -38.0882704803311 -1.1839834271217622 0.16300483847690053 -0.13513967342997 -0.1902546494032818 0.16026649997098408 -0.13736761328195438 4303.0 13735.0 29313.0 49099.0 70411.0 90986.0 109361.0 124813.0 137154.0 146521.0 153220.0 157621.0 160104.0 161019.0 160677.0 159344.0
10 1.0 222.48555443958296 -46.54464838621668 -1.1839834271217622 0.16300483847690053 -0.13513967342997 -0.1902546494032818 0.16026649997098408 -0.13736761328195438 4753.0 14423.0 29839.0 48987.0 69321.0 88773.0 106041.0 120508.0 132035.0 140771.0 147011.0 151106.0 153409.0 154246.0 153908.0 152642.0
11 1.0 154.35673234047582 29.250822875881667 -1.1839834271217622 0.16300483847690053 -0.13513967342997 -0.1902546494032818 0.16026649997098408 -0.13736761328195438 7948.0 21164.0 40110.0 61902.0 83725.0 103630.0 120585.0 134243.0 144686.0 152220.0 157243.0 160168.0 161383.0 161232.0 160008.0 157955.0
12 1.0 48.770663120082084 -45.70862670162639 -1.1839834271217622 0.16300483847690053 -0.13513967342997 -0.1902546494032818 0.16026649997098408 -0.13736761328195438 2149.0 7280.0 16303.999999999998 28420.0 42156.0 56071.0 69099.0 80601.0 90285.0 98099.0 104142.0 108587.0 111640.0 113511.0 114396.0 114473.0
13 1.0 107.38163734417108 29.854641160653784 -1.1839834271217622 0.16300483847690053 -0.13513967342997 -0.1902546494032818 0.16026649997098408 -0.13736761328195438 3132.0 10419.0 22941.0 39376.0 57590.0 75632.0 92142.0 106370.0 118035.0 127166.0 133960.0 138699.0 141686.0 143217.0 143558.0 142945.0
14 1.0 205.18736785245537 3.11553309641198 -1.1839834271217622 0.16300483847690053 -0.13513967342997 -0.1902546494032818 0.16026649997098408 -0.13736761328195438 7357.0 19268.0 36146.0 55429.0 74673.0 92206.0 107147.0 119206.0 128456.99999999999 135166.0 139677.0 142349.0 143518.0 143480.0 142493.0 140769.0
15 1.0 212.71419404934235 -13.663982081547132 -1.1839834271217622 0.16300483847690053 -0.13513967342997 -0.1902546494032818 0.16026649997098408 -0.13736761328195438 6819.0 18420.0 35292.0 54941.0 74835.0 93171.0 108953.0 121809.0 131768.0 139076.0 144075.0 147128.0 148582.0 148748.0 147894.0 146246.0
16 1.0 206.75708958584838 9.843805559055411 -1.1839834271217622 0.16300483847690053 -0.13513967342997 -0.1902546494032818 0.16026649997098408 -0.13736761328195438 6091.0 16431.0 31501.0 49109.0 67015.0 83602.0 97962.0 109739.0 118938.0 125761.00000000001 130503.00000000001 133481.0 135003.0 135345.0 134747.0 133413.0
17 1.0 235.1522951485681 -38.330726414466646 -1.1839834271217622 0.16300483847690053 -0.13513967342997 -0.1902546494032818 0.16026649997098408 -0.13736761328195438 3575.0 11407.0 24434.0 41146.0 59361.0 77178.0 93317.0 107107.0 118324.0 127031.0 133449.0 137866.0 140587.0 141904.0 142077.0 141337.0
18 1.0 234.757177200608 37.1834471291362 -1.1839834271217622 0.16300483847690053 -0.13513967342997 -0.1902546494032818 0.16026649997098408 -0.13736761328195438 2094.0 7118.0 15980.999999999998 27914.0 41470.0 55230.0 68136.0 79549.0 89175.0 96958.0 102992.0 107445.0 110520.0 112422.0 113345.0 113466.0
19 1.0 155.31063675623062 -15.325763519958471 -1.1839834271217622 0.16300483847690053 -0.13513967342997 -0.1902546494032818 0.16026649997098408 -0.13736761328195438 19158.0 45845.0 80133.0 116065.0 149164.0 177041.0 198921.0 214996.0 225931.0 232556.0 235699.0 236103.0 234403.0 231123.0 226682.0 221414.0
20 1.0 322.75677450638267 -25.101799112539396 -1.1839834271217622 0.16300483847690053 -0.13513967342997 -0.1902546494032818 0.16026649997098408 -0.13736761328195438 8494.0 22781.0 43320.0 66942.0 90553.0 112022.0 130230.00000000001 144819.0 155894.0 163806.0 168998.0 171931.0 173029.0 172670.0 171170.0 168798.0
21 1.0 132.32227321724275 59.158244620032804 -1.1839834271217622 0.16300483847690053 -0.13513967342997 -0.1902546494032818 0.16026649997098408 -0.13736761328195438 2608.0 8796.0 19592.0 33961.0 50093.0 66274.0 81264.0 94350.0 105229.0 113883.0 120455.0 125173.0 128292.99999999999 130068.99999999999 130736.99999999999 130505.00000000001
22 1.0 156.91137309562566 76.4940441515746 -1.1839834271217622 0.16300483847690053 -0.13513967342997 -0.1902546494032818 0.16026649997098408 -0.13736761328195438 2266.0 7835.999999999999 17764.0 31196.0 46478.0 61977.0 76479.0 89257.0 99980.0 108595.0 115217.0 120047.0 123321.0 125278.0 126141.0 126112.0
23 1.0 321.092407805642 -81.71868404028655 -1.1839834271217622 0.16300483847690053 -0.13513967342997 -0.1902546494032818 0.16026649997098408 -0.13736761328195438 2518.0 8608.0 19347.0 33745.0 49997.0 66363.0 81573.0 94884.0 105976.0 114818.0 121549.0 126396.00000000001 129616.00000000001 131466.0 132185.0 131986.0
24 1.0 290.22983605659084 -48.12714129064221 -1.1839834271217622 0.16300483847690053 -0.13513967342997 -0.1902546494032818 0.16026649997098408 -0.13736761328195438 2899.0 9717.0 21528.0 37134.0 54536.0 71871.0 87821.0 101643.0 113043.0 122027.0 128771.0 133532.0 136598.0 138246.0 138731.0 138280.0
25 1.0 253.39989007453187 -27.266513491338614 -1.1839834271217622 0.16300483847690053 -0.13513967342997 -0.1902546494032818 0.16026649997098408 -0.13736761328195438 2627.0 8889.0 19833.0 34410.0 50782.0 67201.0 82407.0 95673.0 106695.0 115453.0 122096.0 126856.0 129995.0 131771.0 132424.0 132167.0
26 1.0 36.0816794324284 56.693966286644525 -1.1839834271217622 0.16300483847690053 -0.13513967342997 -0.1902546494032818 0.16026649997098408 -0.13736761328195438 4504.0 13912.0 29119.0 48192.0 68590.0 88207.0 105698.0 120407.0 132168.0 141115.0 147536.0 151780.0 154201.0 155131.0 154861.0 153643.0
27 1.0 331.0137409480825 87.38845697579356 -1.1839834271217622 0.16300483847690053 -0.13513967342997 -0.1902546494032818 0.16026649997098408 -0.13736761328195438 2635.0 9033.0 20324.0 35456.0 52515.0 69658.0 85549.0 99412.0 110920.0 120050.0 126957.99999999999 131889.0 135119.0 136921.0 137549.0 137227.0
28 1.0 257.1268678376801 84.41490684066332 -1.1839834271217622 0.16300483847690053 -0.13513967342997 -0.1902546494032818 0.16026649997098408 -0.13736761328195438 2484.0 8563.0 19353.0 33888.0 50349.0 66966.0 82437.0 95992.0 107298.0 116316.0 123185.0 128132.0 131420.0 133311.0 134047.0 133846.0
29 1.0 359.5849223644319 72.89070219898684 -1.1839834271217622 0.16300483847690053 -0.13513967342997 -0.1902546494032818 0.16026649997098408 -0.13736761328195438 4129.0 13170.0 28128.0 47177.0 67765.0 87711.0 105594.0 120697.0 132819.0 142075.0 148748.0 153188.0 155756.0 156789.0 156587.0 155408.0
0 1.0 53.80138967687775 -36.619872288474625 -1.1839834271217622 0.16300483847690053 -0.13513967342997 -0.1902546494032818 0.16026649997098408 -0.13736761328195438 2118.0 7176.0 16077.999999999998 28041.0 41614.0 55375.0 68272.0 79667.0 89270.0 97030.0 103038.0 107467.0 110517.0 112396.0 113297.0 113396.0
1 1.0 312.52538065255715 88.56202381460534 -1.1839834271217622 0.16300483847690053 -0.13513967342997 -0.1902546494032818 0.16026649997098408 -0.13736761328195438 2564.0 8814.0 19876.0 34738.0 51530.0 68440.0 84147.0 97877.0 109300.0 118384.0 125278.0 130219.0 133478.0 135321.0 135999.0 135732.0
2 1.0 58.497456483494936 -45.10439260983878 -1.1839834271217622 0.16300483847690053 -0.13513967342997 -0.1902546494032818 0.16026649997098408 -0.13736761328195438 2077.0 7128.0 16107.0 28253.0 42097.0 56180.0 69412.0 81129.0 91021.0 99029.0 105243.0 109836.0 113014.0 114986.0 115953.0 116092.0
3 1.0 221.6014431421839 -70.9368921211982 -1.1839834271217622 0.16300483847690053 -0.13513967342997 -0.1902546494032818 0.16026649997098408 -0.13736761328195438 3550.0 11609.0 25238.0 42893.0 62243.0 81220.0 98423.0 113111.0 125036.00000000001 134263.0 141031.0 145654.0 148462.0 149771.0 149864.0 148989.0
4 1.0 44.57519382579895 81.17146998997094 -1.1839834271217622 0.16300483847690053 -0.13513967342997 -0.1902546494032818 0.16026649997098408 -0.13736761328195438 2795.0 9510.0 21277.0 36950.0 54526.0 72104.0 88326.0 102414.0 114055.0 123243.0 130149.99999999999 135037.0 138193.0 139900.0 140420.0 139982.0
5 1.0 305.2829625560044 -47.98435401574267 -1.1839834271217622 0.16300483847690053 -0.13513967342997 -0.1902546494032818 0.16026649997098408 -0.13736761328195438 3318.0 10775.0 23355.0 39661.0 57574.0 75206.0 91263.0 105051.0 116322.0 125118.0 131644.0 136178.0 139018.0 140450.0 140735.0 140098.0
6 1.0 290.63482514100383 34.15828771399508 -1.1839834271217622 0.16300483847690053 -0.13513967342997 -0.1902546494032818 0.16026649997098408 -0.13736761328195438 5576.0 17001.0 35137.0 57479.0 80956.0 103139.0 122565.0 138586.0 151117.0 160391.0 166799.0 170778.0 172755.0 173118.0 172205.0 170299.0
7 1.0 204.8762659012536 -79.49585538349405 -1.1839834271217622 0.16300483847690053 -0.13513967342997 -0.1902546494032818 0.16026649997098408 -0.13736761328195438 3301.0 10949.0 24041.0 41159.0 60060.0 78709.0 95707.0 110293.0 122196.0 131459.0 138302.0 143025.0 145948.0 147379.0 147597.0 146844.0
8 1.0 146.58598700135988 41.52763784294572 -1.1839834271217622 0.16300483847690053 -0.13513967342997 -0.1902546494032818 0.16026649997098408 -0.13736761328195438 4644.0 13796.0 28207.0 45998.0 64846.0 82875.0 98906.0 112375.0 123153.0 131369.0 137288.0 141225.0 143500.0 144413.0 144226.0 143168.0
9 1.0 24.900118363849696 68.70963822009114 -1.1839834271217622 0.16300483847690053 -0.13513967342997 -0.1902546494032818 0.16026649997098408 -0.13736761328195438 4044.0 12890.0 27536.0 46209.0 66419.0 86033.0 103650.0 118559.0 130555.0 139742.0 146392.0 150844.0 153450.0 154540.0 154407.0 153306.0
10 1.0 251.07435833204292 -40.96135881612675 -1.1839834271217622 0.16300483847690053 -0.13513967342997 -0.1902546494032818 0.16026649997098408 -0.13736761328195438 2819.0 9476.0 21035.0 36345.0 53453.0 70529.0 86271.0 99939.0 111238.0 120165.0 126886.0 131654.0 134747.0 136436.0 136974.0 136582.0
11 1.0 163.27536576410478 -21.76975870606286 -1.1839834271217622 0.16300483847690053 -0.13513967342997 -0.1902546494032818 0.16026649997098408 -0.13736761328195438 19183.0 45793.0 79907.0 115593.0 148420.0 176035.0 197686.0 213574.0 224368.0 230894.0 233972.0 234343.0 232633.0 229361.0 224944.0 219710.0
12 1.0 259.94001580932525 -22.6266870022351 -1.1839834271217622 0.16300483847690053 -0.13513967342997 -0.1902546494032818 0.16026649997098408 -0.13736761328195438 2547.0 8689.0 19496.0 33964.0 50275.0 66682.0 81916.0 95235.0 106323.0 115152.0 121865.0 126690.0 129886.0 131712.0 132408.0 132186.0
13 1.0 311.8976373343065 44.781886357223954 -1.1839834271217622 0.16300483847690053 -0.13513967342997 -0.1902546494032818 0.16026649997098408 -0.13736761328195438 8839.0 24680.0 48030.0 75225.0 102539.0 127367.00000000001 148339.0 165018.0 177540.0 186338.0 191956.0 194952.0 195839.0 195064.0 193007.0 189978.0
14 1.0 351.1877418010389 -47.19469634297301 -1.1839834271217622 0.16300483847690053 -0.13513967342997 -0.1902546494032818 0.16026649997098408 -0.13736761328195438 4022.0000000000005 12090.0 24939.0 40957.0 58078.0 74591.0 89397.0 101947.0 112088.0 119911.0 125636.0 129538.99999999999 131904.0 132996.0 133057.0 132293.0
15 1.0 308.08920326133995 -59.06644217142426 -1.1839834271217622 0.16300483847690053 -0.13513967342997 -0.1902546494032818 0.16026649997098408 -0.13736761328195438 2810.0 9385.0 20751.0 35763.0 52510.0 69211.0 84603.0 97968.0 109020.0 117757.0 124343.0 129023.0 132066.0 133739.0 134285.0 133921.0
16 1.0 4.21707030660071 -9.127503236207147 -1.1839834271217622 0.16300483847690053 -0.13513967342997 -0.1902546494032818 0.16026649997098408 -0.13736761328195438 12074.0 29410.0 52232.0 76747.0 99923.0 120001.0 136279.0 148729.0 157682.0 163622.0 167064.0 168490.0 168324.0 166926.0 164593.0 161565.0
17 1.0 129.592103212211 -35.19568667208249 -1.1839834271217622 0.16300483847690053 -0.13513967342997 -0.1902546494032818 0.16026649997098408 -0.13736761328195438 10212.0 27793.0 53132.0 82131.0 110838.0 136597.0 158089.0 174961.0 187435.0 196017.0 201311.0 203917.0 204379.0 203166.0 200671.0 197215.0
18 1.0 262.7966024726609 61.05404200655744 -1.1839834271217622 0.16300483847690053 -0.13513967342997 -0.1902546494032818 0.16026649997098408 -0.13736761328195438 2455.0 8458.0 19117.0 33485.0 49773.0 66230.0 81569.0 95025.0 106264.0 115242.0 122093.0 127039.99999999999 130342.00000000001 132256.0 133023.0 132856.0
19 1.0 61.78668381411859 -47.20647131718502 -1.1839834271217622 0.16300483847690053 -0.13513967342997 -0.1902546494032818 0.16026649997098408 -0.13736761328195438 2087.0 7188.0 16277.0 28593.0 42646.0 56954.0 70403.0 82316.0 92377.0 100521.0 106840.0 111509.0 114737.0 116738.0 117714.0 117848.0
20 1.0 187.57317823348654 0.4301023480670665 -1.1839834271217622 0.16300483847690053 -0.13513967342997 -0.1902546494032818 0.16026649997098408 -0.13736761328195438 13203.0 31867.0 56187.0 82070.0 106324.0 127151.99999999999 143878.0 156533.0 165508.0 171339.0 174583.0 175754.0 175300.0 173599.0 170957.0 167623.0
21 1.0 19.561675802131305 79.66504794562746 -1.1839834271217622 0.16300483847690053 -0.13513967342997 -0.1902546494032818 0.16026649997098408 -0.13736761328195438 3101.0 10393.0 22991.0 39579.0 58000.0 76267.0 92991.0 107404.0 119219.0 128460.99999999999 135332.0 140117.0 143127.0 144659.0 144987.0 144349.0
22 1.0 71.99874896270403 24.119585594038938 -1.1839834271217622 0.16300483847690053 -0.13513967342997 -0.1902546494032818 0.16026649997098408 -0.13736761328195438 2392.0 8195.0 18459.0 32258.000000000004 47880.0 63655.0 78359.0 91266.0 102058.0 110695.0 117302.0 122092.0 125309.0 127198.0 127986.99999999999 127878.99999999999
23 1.0 6.66784600582103 66.11209298324366 -1.1839834271217622 0.16300483847690053 -0.13513967342997 -0.1902546494032818 0.16026649997098408 -0.13736761328195438 5165.0 15723.999999999998 32546.0 53376.0 75400.0 96354.0 114838.0 130208.99999999999 142347.0 151441.0 157833.0 161918.0 164089.0 164706.0 164085.0 162494.0
24 1.0 285.7311732086714 79.23774408385813 -1.1839834271217622 0.16300483847690053 -0.13513967342997 -0.1902546494032818 0.16026649997098408 -0.13736761328195438 2752.0 9386.0 21035.0 36579.0 54036.0 71518.0 87671.0 101715.0 113334.0 122516.0 129428.99999999999 134332.0 137509.0 139241.0 139788.0 139378.0
25 1.0 80.61288770173685 45.13767513954335 -1.1839834271217622 0.16300483847690053 -0.13513967342997 -0.1902546494032818 0.16026649997098408 -0.13736761328195438 2454.0 8470.0 19162.0 33574.0 49908.0 66404.0 81769.0 95240.0 106482.0 115456.0 122297.0 127232.00000000001 130518.0 132416.0 133166.0 132985.0
26 1.0 124.32660505088496 35.92351084045525 -1.1839834271217622 0.16300483847690053 -0.13513967342997 -0.1902546494032818 0.16026649997098408 -0.13736761328195438 4015.0000000000005 12577.0 26604.0 44391.0 63596.0 82227.0 98978.0 113185.0 124651.0 133471.0 139895.0 144238.0 146829.0 147974.0 147951.0 146997.0
27 1.0 334.1092656476127 84.23380198876086 -1.1839834271217622 0.16300483847690053 -0.13513967342997 -0.1902546494032818 0.16026649997098408 -0.13736761328195438 2833.0 9627.0 21515.0 37331.0 55047.0 72748.0 89066.0 103225.0 114911.0 124123.0 131036.99999999999 135919.0 139059.0 140745.0 141239.0 140772.0
28 1.0 253.5891846924718 88.99214213658229 -1.1839834271217622 0.16300483847690053 -0.13513967342997 -0.1902546494032818 0.16026649997098408 -0.13736761328195438 2507.0 8637.0 19510.0 34146.0 50711.0 67422.0 82968.0 96580.0 107925.0 116965.0 123844.0 128790.99999999999 132071.0 133948.0 134666.0 134445.0
29 1.0 11.462014631270826 -8.672097119443265 -1.1839834271217622 0.16300483847690053 -0.13513967342997 -0.1902546494032818 0.16026649997098408 -0.13736761328195438 10239.0 25438.0 45875.0 68239.0 89742.0 108677.0 124286.0 136449.0 145403.0 151550.0 155336.0 157195.0 157515.0 156630.0 154816.0 152302.0
0 1.0 59.289896339248585 -77.2434399268425 -1.1839834271217622 0.16300483847690053 -0.13513967342997 -0.1902546494032818 0.16026649997098408 -0.13736761328195438 2454.0 8409.0 18939.0 33093.0 49107.0 65269.99999999999 80326.0 93531.0 104562.0 113378.0 120113.0 124983.0 128241.0 130139.0 130911.0 130768.0
1 1.0 223.73222453991488 -37.29707434070661 -1.1839834271217622 0.16300483847690053 -0.13513967342997 -0.1902546494032818 0.16026649997098408 -0.13736761328195438 4829.0 14437.0 29599.0 48311.0 68105.0 86993.0 103738.0 117756.0 128923.00000000001 137388.0 143437.0 147412.0 149653.0 150476.0 150159.0 148943.0
2 1.0 207.80229189750034 -62.57615297620852 -1.1839834271217622 0.16300483847690053 -0.13513967342997 -0.1902546494032818 0.16026649997098408 -0.13736761328195438 4884.0 14996.0 31219.0 51421.0 72881.0 93385.0 111546.0 126710.99999999999 138743.0 147809.0 154231.0 158388.0 160661.0 161399.0 160911.0 159458.0
3 1.0 85.64141569482311 -14.852452536717877 -1.1839834271217622 0.16300483847690053 -0.13513967342997 -0.1902546494032818 0.16026649997098408 -0.13736761328195438 2411.0 8322.0 18835.0 33027.0 49138.0 65436.99999999999 80648.0 94010.0 105184.0 114125.0 120961.0 125910.0 129227.00000000001 131165.0 131963.0 131832.0
4 1.0 336.3170392529258 -66.36792087481392 -1.1839834271217622 0.16300483847690053 -0.13513967342997 -0.1902546494032818 0.16026649997098408 -0.13736761328195438 2613.0 8751.0 19406.0 33536.0 49365.0 65217.0 79890.0 92690.0 103329.0 111790.0 118216.0 122830.0 125882.0 127621.00000000001 128276.0 128051.0
5 1.0 221.02774414772256 18.741204723758756 -1.1839834271217622 0.16300483847690053 -0.13513967342997 -0.1902546494032818 0.16026649997098408 -0.13736761328195438 3122.0 9646.0 20308.0 33885.0 48666.0 63160.99999999999 76366.0 87740.0 97091.0 104451.0 109980.0 113894.0 116426.0 117804.0 118232.0 117893.0
6 1.0 192.827809088985 -21.094549351586267 -1.1839834271217622 0.16300483847690053 -0.13513967342997 -0.1902546494032818 0.16026649997098408 -0.13736761328195438 13235.0 32477.0 57945.0 85386.0 111367.0 133881.0 152119.0 166041.0 176020.0 182605.0 186377.0 187885.0 187608.0 185955.0 183259.0 179791.0
7 1.0 212.36759148764554 71.1694591718778 -1.1839834271217622 0.16300483847690053 -0.13513967342997 -0.1902546494032818 0.16026649997098408 -0.13736761328195438 2159.0 7464.0 16934.0 29770.0 44409.0 59294.0 73263.0 85610.0 96009.0 104401.0 110886.0 115651.0 118917.0 120911.0 121845.0 121912.0
8 1.0 262.8439306260371 84.20304092373033 -1.1839834271217622 0.16300483847690053 -0.13513967342997 -0.1902546494032818 0.16026649997098408 -0.13736761328195438 2509.0 8639.0 19512.0 34145.0 50707.0 67414.0 82956.0 96566.0 107908.0 116947.0 123824.0 128770.0 132050.0 133926.0 134646.0 134425.0
9 1.0 112.30019837265667 8.43928230049599 -1.1839834271217622 0.16300483847690053 -0.13513967342997 -0.1902546494032818 0.16026649997098408 -0.13736761328195438 5031.0 15422.0 32062.0 52741.0 74664.0 95565.0 114035.0 129419.0 141587.0 150720.0 157156.0 161285.0 163500.0 164159.0 163578.0 162024.0
10 1.0 143.35958239779308 -40.531757423832616 -1.1839834271217622 0.16300483847690053 -0.13513967342997 -0.1902546494032818 0.16026649997098408 -0.13736761328195438 12268.0 32202.0 60052.0 91184.0 121423.0 148113.0 170035.0 186960.0 199227.0 207433.0 212248.0 214320.0 214226.0 212457.0 209421.0 205447.0
11 1.0 75.54374963104397 16.601475377130626 -1.1839834271217622 0.16300483847690053 -0.13513967342997 -0.1902546494032818 0.16026649997098408 -0.13736761328195438 2295.0 7920.0 17929.0 31454.000000000004 46825.0 62401.0 76964.0 89786.0 100539.0 109172.0 115803.0 120634.0 123903.0 125850.99999999999 126702.00000000001 126658.0
12 1.0 67.02948211692102 71.41700848039378 -1.1839834271217622 0.16300483847690053 -0.13513967342997 -0.1902546494032818 0.16026649997098408 -0.13736761328195438 2706.0 9241.0 20731.0 36084.0 53347.0 70657.0 86671.0 100614.0 112165.0 121310.0 128210.99999999999 133119.0 136315.0 138077.0 138660.0 138291.0
13 1.0 339.9740603942161 -16.787997749565307 -1.1839834271217622 0.16300483847690053 -0.13513967342997 -0.1902546494032818 0.16026649997098408 -0.13736761328195438 12683.0 31299.0 56085.0 82926.0 108454.0 130671.00000000001 148747.0 162615.0 172619.0 179283.0 183170.0 184814.0 184686.0 183184.0 180640.0 177319.0
14 1.0 266.2382862177435 9.374089804554757 -1.1839834271217622 0.16300483847690053 -0.13513967342997 -0.1902546494032818 0.16026649997098408 -0.13736761328195438 2557.0 8743.0 19654.0 34289.0 50811.0 67449.0 82910.0 96437.0 107703.0 116677.0 123501.0 128407.0 131657.0 133513.0 134221.0 133994.0
15 1.0 176.56517110232414 -41.10250183089374 -1.1839834271217622 0.16300483847690053 -0.13513967342997 -0.1902546494032818 0.16026649997098408 -0.13736761328195438 13337.0 33782.0 61552.0 92012.0 121212.0 146740.0 167554.0 183523.0 195023.0 202649.0 207055.0 208862.0 208622.0 206799.0 203779.0 199874.0
16 1.0 81.86926607039636 -8.020053098995149 -1.1839834271217622 0.16300483847690053 -0.13513967342997 -0.1902546494032818 0.16026649997098408 -0.13736761328195438 2261.0 7835.999999999999 17798.0 31302.000000000004 46690.0 62319.0 76959.0 89873.0 100721.0 109447.0 116162.0 121068.0 124401.0 126401.99999999999 127295.99999999999 127286.00000000001
17 1.0 91.56833343734147 -17.69156363167224 -1.1839834271217622 0.16300483847690053 -0.13513967342997 -0.1902546494032818 0.16026649997098408 -0.13736761328195438 2796.0 9513.0 21285.0 36967.0 54555.0 72147.0 88384.0 102486.0 114140.0 123338.0 130253.00000000001 135146.0 138306.0 140016.0 140537.0 140099.0
18 1.0 20.89049771659522 -45.28557628506522 -1.1839834271217622 0.16300483847690053 -0.13513967342997 -0.1902546494032818 0.16026649997098408 -0.13736761328195438 2968.0 9348.0 19929.0 33537.0 48458.0 63169.0 76628.0 88262.0 97858.0 105435.0 111145.0 115205.0 117851.0 119311.0 119795.0 119488.0
19 1.0 156.3899852009235 1.0559490885555078 -1.1839834271217622 0.16300483847690053 -0.13513967342997 -0.1902546494032818 0.16026649997098408 -0.13736761328195438 17235.0 41247.0 72161.0 104656.0 134712.0 160156.0 180257.0 195156.0 205425.0 211791.0 214987.0 215676.0 214426.0 211709.0 207906.0 203321.0
20 1.0 112.24651751787692 -34.13145132363395 -1.1839834271217622 0.16300483847690053 -0.13513967342997 -0.1902546494032818 0.16026649997098408 -0.13736761328195438 5882.0 17752.0 36435.0 59301.0 83205.0 105692.0 125302.0 141411.0 153954.0 163188.0 169518.0 173396.0 175259.0 175502.0 174466.0 172440.0
21 1.0 250.6836559735654 -22.85372450146545 -1.1839834271217622 0.16300483847690053 -0.13513967342997 -0.1902546494032818 0.16026649997098408 -0.13736761328195438 2618.0 8825.0 19647.0 34040.0 50189.0 66378.0 81369.0 94448.0 105316.0 113957.0 120516.0 125220.0 128328.0 130092.99999999999 130752.0 130511.99999999999
22 1.0 135.99066214529313 4.494679605767573 -1.1839834271217622 0.16300483847690053 -0.13513967342997 -0.1902546494032818 0.16026649997098408 -0.13736761328195438 12003.0 30910.0 57007.0 86009.0 114127.0 138966.0 159429.0 175307.0 186902.0 194750.0 199457.0 201610.0 201736.0 200285.0 197632.0 194081.0
23 1.0 64.65732392146853 45.10710412721775 -1.1839834271217622 0.16300483847690053 -0.13513967342997 -0.1902546494032818 0.16026649997098408 -0.13736761328195438 2799.0 9411.0 20899.0 36123.0 53141.0 70135.0 85809.0 99425.0 110687.0 119589.0 126298.0 131061.00000000001 134156.0 135853.0 136402.0 136023.0
24 1.0 8.884342220879242 -29.968656157570443 -1.1839834271217622 0.16300483847690053 -0.13513967342997 -0.1902546494032818 0.16026649997098408 -0.13736761328195438 5923.0 16129.000000000002 31119.0 48734.0 66727.0 83454.0 97979.0 109925.0 119285.0 126252.0 131117.0 134198.0 135803.0 136209.0 135658.0 134357.0
25 1.0 24.20986732676949 76.34857799173744 -1.1839834271217622 0.16300483847690053 -0.13513967342997 -0.1902546494032818 0.16026649997098408 -0.13736761328195438 3314.0 10983.0 24099.0 41237.0 60149.0 78803.0 95800.0 110382.0 122280.0 131537.0 138374.0 143091.0 146009.0 147436.0 147650.0 146895.0
26 1.0 244.58139845948423 65.21733843046243 -1.1839834271217622 0.16300483847690053 -0.13513967342997 -0.1902546494032818 0.16026649997098408 -0.13736761328195438 2189.0 7593.0 17263.0 30391.0 45376.0 60622.0 74932.0 87578.0 98227.0 106814.0 113445.0 118310.0 121639.0 123664.0 124603.0 124653.0
27 1.0 163.33086404017632 -81.23574672440486 -1.1839834271217622 0.16300483847690053 -0.13513967342997 -0.1902546494032818 0.16026649997098408 -0.13736761328195438 3315.0 10997.0 24150.0 41345.0 60325.0 79047.0 96104.0 110736.0 122670.0 131953.0 138805.0 143528.0 146446.0 147868.0 148073.0 147305.0
28 1.0 193.16851599914 -44.3443456337719 -1.1839834271217622 0.16300483847690053 -0.13513967342997 -0.1902546494032818 0.16026649997098408 -0.13736761328195438 9807.0 25997.0 48969.0 75075.0 100877.0 124078.0 143530.0 158916.0 170415.0 178455.0 183554.0 186231.0 186961.0 186157.0 184167.0 181278.0
29 1.0 322.80166549452315 -9.695607721343649 -1.1839834271217622 0.16300483847690053 -0.13513967342997 -0.1902546494032818 0.16026649997098408 -0.13736761328195438 12877.0 32495.999999999996 59095.0 88262.0 116245.0 140750.0 160778.0 176198.0 187355.0 194810.0 199182.0 201057.0 200958.0 199331.0 196542.0 192890.0
0 1.0 356.52202106281356 -71.16698002635466 -1.1839834271217622 0.16300483847690053 -0.13513967342997 -0.1902546494032818 0.16026649997098408 -0.13736761328195438 2432.0 8243.0 18432.0 32054.0 47414.0 62881.00000000001 77268.0 89880.0 100413.0 108835.0 115274.0 119938.0 123068.0 124902.0 125663.0 125551.0
1 1.0 78.08291438345061 -27.274321973970522 -1.1839834271217622 0.16300483847690053 -0.13513967342997 -0.1902546494032818 0.16026649997098408 -0.13736761328195438 2182.0 7565.0 17196.0 30274.0 45208.0 60409.0 74682.0 87303.0 97937.0 106518.0 113149.0 118020.0 121359.0 123395.0 124347.0 124411.0
2 1.0 238.70815311603627 43.21755461118286 -1.1839834271217622 0.16300483847690053 -0.13513967342997 -0.1902546494032818 0.16026649997098408 -0.13736761328195438 2045.0 7030.0 15904.000000000002 27924.0 41641.0 55609.0 68746.0 80389.0 90229.0 98204.0 104400.0 108989.0 112172.0 114158.0 115143.0 115306.0
3 1.0 94.79605562537424 32.49260660570866 -1.1839834271217622 0.16300483847690053 -0.13513967342997 -0.1902546494032818 0.16026649997098408 -0.13736761328195438 2539.0 8740.0 19729.0 34508.0 51220.0 68062.0 83716.0 97410.0 108811.0 117887.0 124782.0 129731.00000000001 133003.0 134864.0 135561.0 135315.0
4 1.0 7.434359807662325 22.02919714188087 -1.1839834271217622 0.16300483847690053 -0.13513967342997 -0.1902546494032818 0.16026649997098408 -0.13736761328195438 14635.0 35502.0 62785.99999999999 91877.0 119156.0 142576.0 161366.0 175551.0 185573.0 192041.0 195587.0 196795.0 196175.0 194152.0 191077.0 187230.0
5 1.0 273.01631538101094 37.895112490022214 -1.1839834271217622 0.16300483847690053 -0.13513967342997 -0.1902546494032818 0.16026649997098408 -0.13736761328195438 3007.0 10131.0 22498.0 38849.0 57065.0 75181.0 91808.0 106174.0 117978.0 127236.99999999999 134144.0 138978.0 142043.0 143634.0 144022.0 143442.0
6 1.0 115.20617429608842 -53.113736347253685 -1.1839834271217622 0.16300483847690053 -0.13513967342997 -0.1902546494032818 0.16026649997098408 -0.13736761328195438 4954.0 15423.0 32347.0 53486.0 75951.0 97388.0 116329.0 132091.0 144540.0 153864.0 160412.0 164593.0 166809.0 167432.0 166788.0 165152.0
7 1.0 138.04700190188328 -28.494339324348218 -1.1839834271217622 0.16300483847690053 -0.13513967342997 -0.1902546494032818 0.16026649997098408 -0.13736761328195438 13780.0 35440.0 65156.00000000001 97908.0 129353.0 156818.0 179149.0 196200.0 208388.0 216377.0 220886.0 222600.0 222121.0 219959.0 216532.0 212177.0
8 1.0 211.79416087929806 31.723646809943318 -1.1839834271217622 0.16300483847690053 -0.13513967342997 -0.1902546494032818 0.16026649997098408 -0.13736761328195438 3124.0 9631.0 20250.0 33762.0 48466.0 62882.99999999999 76016.0 87327.0 96627.0 103949.0 109449.0 113343.0 115865.0 117238.0 117668.0 117334.0
9 1.0 299.17744388502854 68.26225734563889 -1.1839834271217622 0.16300483847690053 -0.13513967342997 -0.1902546494032818 0.16026649997098408 -0.13736761328195438 3693.0 12070.0 26210.0 44479.0 64445.0 83965.0 101602.0 116606.0 128738.99999999999 138081.0 144889.0 149494.0 152242.0 153461.0 153444.0 152445.0
10 1.0 226.43346369281355 7.86204968905713 -1.1839834271217622 0.16300483847690053 -0.13513967342997 -0.1902546494032818 0.16026649997098408 -0.13736761328195438 3145.0 9776.0 20657.0 34543.0 49678.0 64530.00000000001 78062.0 89715.0 99290.0 106822.0 112472.0 116465.0 119040.0 120431.0 120849.0 120480.0
11 1.0 314.1542359610623 -39.11406282980341 -1.1839834271217622 0.16300483847690053 -0.13513967342997 -0.1902546494032818 0.16026649997098408 -0.13736761328195438 4663.0 14089.0 29084.0 47696.0 67465.0 86390.0 103211.0 117327.0 128597.99999999999 137163.0 143305.0 147361.0 149671.0 150551.0 150282.0 149104.0
12 1.0 98.47513253362888 -84.55765355892314 -1.1839834271217622 0.16300483847690053 -0.13513967342997 -0.1902546494032818 0.16026649997098408 -0.13736761328195438 2769.0 9397.0 20999.0 36453.0 53790.0 71144.0 87174.0 101115.0 112651.0 121771.0 128644.00000000001 133522.0 136688.0 138420.0 138976.0 138581.0
13 1.0 287.29686020852296 37.8606292153584 -1.1839834271217622 0.16300483847690053 -0.13513967342997 -0.1902546494032818 0.16026649997098408 -0.13736761328195438 4783.0 14991.0 31586.000000000004 52403.0 74602.0 95848.0 114670.0 130374.99999999999 142813.0 152160.0 158755.0 162996.0 165283.0 165980.0 165412.0 163850.0
14 1.0 66.8289399501428 -88.58086136848073 -1.1839834271217622 0.16300483847690053 -0.13513967342997 -0.1902546494032818 0.16026649997098408 -0.13736761328195438 2690.0 9152.0 20495.0 35638.0 52663.0 69741.0 85549.0 99325.0 110751.0 119809.0 126658.0 131541.0 134735.0 136511.0 137122.0 136789.0
15 1.0 343.0049965099 -22.9177674322208 -1.1839834271217622 0.16300483847690053 -0.13513967342997 -0.1902546494032818 0.16026649997098408 -0.13736761328195438 10483.0 26487.0 48324.0 72471.0 95871.0 116602.0 133779.0 147227.0 157175.0 164045.0 168318.0 170465.0 170909.0 170016.0 168092.0 165388.0
16 1.0 247.4957794996135 5.496698621300723 -1.1839834271217622 0.16300483847690053 -0.13513967342997 -0.1902546494032818 0.16026649997098408 -0.13736761328195438 2277.0 7730.0 17321.0 30185.0 44739.0 59448.0 73181.0 85265.0 95403.0 103551.0 109820.0 114402.0 117517.0 119392.0 120236.0 120237.0
17 1.0 77.58276376088104 75.98006311809476 -1.1839834271217622 0.16300483847690053 -0.13513967342997 -0.1902546494032818 0.16026649997098408 -0.13736761328195438 2559.0 8804.0 19861.0 34721.0 51513.0 68427.0 84139.0 97875.0 109305.0 118396.0 125295.99999999999 130243.0 133507.0 135355.0 136037.0 135773.0
18 1.0 341.0534125760127 -73.89098189407798 -1.1839834271217622 0.16300483847690053 -0.13513967342997 -0.1902546494032818 0.16026649997098408 -0.13736761328195438 2459.0 8363.0 18741.0 32634.000000000004 48308.0 64096.0 78780.0 91646.0 102385.0 110965.0 117516.0 122254.0 125422.0 127267.99999999999 128020.0 127881.0
19 1.0 263.1080904372568 -16.930382045708924 -1.1839834271217622 0.16300483847690053 -0.13513967342997 -0.1902546494032818 0.16026649997098408 -0.13736761328195438 2540.0 8678.0 19495.0 33990.0 50344.0 66804.0 82093.0 95467.0 106604.0 115477.0 122225.0 127079.0 130298.0 132141.0 132848.0 132633.0
20 1.0 91.4189913342093 -85.6236240521716 -1.1839834271217622 0.16300483847690053 -0.13513967342997 -0.1902546494032818 0.16026649997098408 -0.13736761328195438 2728.0 9271.0 20742.0 36039.0 53221.0 70439.0 86361.0 100223.0 111708.0 120801.0 127665.0 132548.0 135730.0 137487.0 138072.0 137709.0
21 1.0 76.79231185229351 -28.33002281851374 -1.1839834271217622 0.16300483847690053 -0.13513967342997 -0.1902546494032818 0.16026649997098408 -0.13736761328195438 2155.0 7473.0 16991.0 29922.0 44694.0 59737.0 73871.0 86375.0 96917.0 105431.0 112015.0 116859.0 120184.0 122220.0 123181.0 123262.0
22 1.0 186.55225701503878 22.00159059116308 -1.1839834271217622 0.16300483847690053 -0.13513967342997 -0.1902546494032818 0.16026649997098408 -0.13736761328195438 8007.0 20658.0 38333.0 58300.0 78040.0 95874.0 110953.0 123028.0 132210.0 138793.0 143146.0 145642.0 146628.0 146409.0 145245.0 143353.0
23 1.0 9.238578499631366 -39.767769318852295 -1.1839834271217622 0.16300483847690053 -0.13513967342997 -0.1902546494032818 0.16026649997098408 -0.13736761328195438 4208.0 12313.0 24971.0 40547.0 57048.0 72864.0 86976.0 98893.0 108490.0 115867.0 121245.0 124889.0 127072.99999999999 128051.0 128053.0 127274.0
24 1.0 74.68922715879938 -52.245009061985684 -1.1839834271217622 0.16300483847690053 -0.13513967342997 -0.1902546494032818 0.16026649997098408 -0.13736761328195438 2272.0 7842.0 17763.0 31188.0 46472.0 61986.0 76519.0 89338.0 100110.0 108779.0 115455.0 120338.0 123660.0 125661.0 126562.00000000001 126566.00000000001
25 1.0 152.88676875054225 -69.17341800112314 -1.1839834271217622 0.16300483847690053 -0.13513967342997 -0.1902546494032818 0.16026649997098408 -0.13736761328195438 5025.0 15532.0 32436.0 53491.0 75828.0 97122.0 115927.0 131572.0 143928.0 153182.0 159683.0 163834.0 166036.0 166658.0 166020.0 164397.0
26 1.0 134.7011929203212 13.88524392366152 -1.1839834271217622 0.16300483847690053 -0.13513967342997 -0.1902546494032818 0.16026649997098408 -0.13736761328195438 9563.0 25445.0 48068.0 73865.0 99438.0 122497.0 141882.0 157259.0 168791.0 176890.0 182064.0 184825.0 185641.0 184922.0 183015.0 180205.0
27 1.0 166.88715277133184 35.14860106284348 -1.1839834271217622 0.16300483847690053 -0.13513967342997 -0.1902546494032818 0.16026649997098408 -0.13736761328195438 6321.0 17301.0 33473.0 52494.0 71915.0 89947.0 105575.0 118396.0 128405.99999999999 135822.0 140964.0 144180.0 145806.0 146144.0 145459.0 143971.0
28 1.0 99.94633426610349 30.95228530724802 -1.1839834271217622 0.16300483847690053 -0.13513967342997 -0.1902546494032818 0.16026649997098408 -0.13736761328195438 2718.0 9265.0 20764.0 36113.0 53361.0 70648.0 86633.0 100548.0 112073.0 121194.0 128076.0 132969.0 136154.0 137908.0 138486.0 138114.0
29 1.0 211.24236472494076 80.79498372969132 -1.1839834271217622 0.16300483847690053 -0.13513967342997 -0.1902546494032818 0.16026649997098408 -0.13736761328195438 2274.0 7885.0 17907.0 31486.0 46950.0 62645.00000000001 77338.0 90288.0 101157.0 109892.0 116607.0 121505.0 124826.0 126811.0 127688.0 127659.0
0 1.0 310.9880181323633 -89.51342149916951 -1.1839834271217622 0.16300483847690053 -0.13513967342997 -0.1902546494032818 0.16026649997098408 -0.13736761328195438 2697.0 9174.0 20539.0 35708.0 52758.0 69856.0 85681.0 99468.0 110901.0 119962.0 126811.0 131692.0 134882.0 136654.0 137259.0 136920.0
1 1.0 42.31146814633191 26.49539770092649 -1.1839834271217622 0.16300483847690053 -0.13513967342997 -0.1902546494032818 0.16026649997098408 -0.13736761328195438 4777.0 14038.0 28502.0 46258.0 64993.99999999999 82862.0 98713.0 112004.0 122618.0 130692.0 136493.0 140336.0 142539.0 143398.0 143175.0 142094.0
2 1.0 186.2564785754811 18.070602677575124 -1.1839834271217622 0.16300483847690053 -0.13513967342997 -0.1902546494032818 0.16026649997098408 -0.13736761328195438 9119.0 23057.0 42141.0 63344.0 84005.0 102425.0 117802.0 129948.00000000001 139038.0 145422.0 149508.0 151700.0 152365.0 151823.0 150343.0 148146.0
3 1.0 47.54451828425519 15.973129794651868 -1.1839834271217622 0.16300483847690053 -0.13513967342997 -0.1902546494032818 0.16026649997098408 -0.13736761328195438 3758.0 11472.0 23922.0 39597.0 56482.0 72874.0 87656.0 100252.0 110486.0 118429.0 124287.0 128325.0 130819.99999999999 132036.0 132210.0 131548.0
4 1.0 258.06948522933374 83.29865757124364 -1.1839834271217622 0.16300483847690053 -0.13513967342997 -0.1902546494032818 0.16026649997098408 -0.13736761328195438 2483.0 8558.0 19342.0 33870.0 50324.0 66936.0 82402.0 95954.0 107259.0 116277.0 123146.0 128094.99999999999 131385.0 133278.0 134016.0 133817.0
5 1.0 142.58149301062573 -86.96309879339286 -1.1839834271217622 0.16300483847690053 -0.13513967342997 -0.1902546494032818 0.16026649997098408 -0.13736761328195438 2845.0 9627.0 21465.0 37190.0 54792.0 72372.0 88578.0 102641.0 114252.0 123409.0 130286.99999999999 135147.0 138278.0 139965.0 140467.0 140014.0
6 1.0 203.55167226906323 35.36683752626102 -1.1839834271217622 0.16300483847690053 -0.13513967342997 -0.1902546494032818 0.16026649997098408 -0.13736761328195438 3480.0 10498.0 21752.0 35888.0 51114.0 65918.0 79304.0 90752.0 100097.0 107395.0 112823.0 116612.0 119008.0 120244.0 120530.0 120053.0
7 1.0 65.9807410370683 56.462156946335426 -1.1839834271217622 0.16300483847690053 -0.13513967342997 -0.1902546494032818 0.16026649997098408 -0.13736761328195438 2785.0 9432.0 21040.0 36473.0 53761.0 71047.0 87002.0 100866.0 112332.0 121394.0 128218.0 133059.0 136198.0 137914.0 138459.0 138061.0
8 1.0 52.1451933636158 1.7652953918851466 -1.1839834271217622 0.16300483847690053 -0.13513967342997 -0.1902546494032818 0.16026649997098408 -0.13736761328195438 2867.0 9174.0 19758.0 33487.0 48631.0 63633.99999999999 77409.0 89354.0 99232.0 107054.0 112967.0 117188.0 119956.0 121504.0 122048.0 121777.0
9 1.0 175.70026103362363 -29.886323472574354 -1.1839834271217622 0.16300483847690053 -0.13513967342997 -0.1902546494032818 0.16026649997098408 -0.13736761328195438 16573.0 40219.0 71065.0 103829.0 134398.0 160480.0 181242.0 196759.0 207567.0 214381.0 217932.0 218890.0 217835.0 215250.0 211526.0 206978.0
10 1.0 128.020585625984 52.35122938093289 -1.1839834271217622 0.16300483847690053 -0.13513967342997 -0.1902546494032818 0.16026649997098408 -0.13736761328195438 2864.0 9518.0 20976.0 36068.0 52872.0 69606.0 85009.0 98371.0 109411.0 118132.0 124700.0 129360.0 132385.0 134040.0 134571.0 134193.0
11 1.0 338.5555002910127 -72.49627338616357 -1.1839834271217622 0.16300483847690053 -0.13513967342997 -0.1902546494032818 0.16026649997098408 -0.13736761328195438 2479.0 8415.0 18831.0 32756.0 48452.0 64249.0 78931.0 91788.0 102513.0 111077.0 117611.0 122332.0 125485.00000000001 127317.00000000001 128057.0 127907.0
12 1.0 275.5170913705075 -10.43358520861345 -1.1839834271217622 0.16300483847690053 -0.13513967342997 -0.1902546494032818 0.16026649997098408 -0.13736761328195438 3033.0 10184.0 22571.0 38921.0 57117.0 75199.0 91787.0 106111.0 117878.0 127105.0 133985.0 138798.0 141846.0 143426.0 143806.0 143221.0
13 1.0 269.51890314619703 3.5914274227508827 -1.1839834271217622 0.16300483847690053 -0.13513967342997 -0.1902546494032818 0.16026649997098408 -0.13736761328195438 2730.0 9280.0 20767.0 36089.0 53301.0 70551.0 86505.0 100395.0 111903.0 121015.0 127893.0 132787.0 135976.0 137736.0 138322.0 137958.0
14 1.0 325.33910630853603 34.91215396821855 -1.1839834271217622 0.16300483847690053 -0.13513967342997 -0.1902546494032818 0.16026649997098408 -0.13736761328195438 14126.0 36090.0 66050.0 98932.0 130393.00000000001 157793.0 180008.0 196921.0 208967.0 216818.0 221202.0 222804.0 222229.0 219985.0 216488.0 212075.0
15 1.0 30.032076759126678 -73.6405682341663 -1.1839834271217622 0.16300483847690053 -0.13513967342997 -0.1902546494032818 0.16026649997098408 -0.13736761328195438 2328.0 7970.0 17949.0 31376.0 46594.0 61985.0 76356.0 88996.0 99588.0 108087.0 114611.0 119361.0 122572.0 124482.0 125312.0 125260.00000000001
16 1.0 198.78928917206636 -49.00328972318503 -1.1839834271217622 0.16300483847690053 -0.13513967342997 -0.1902546494032818 0.16026649997098408 -0.13736761328195438 7911.0 21873.0 42425.0 66448.0 90735.0 113006.0 132022.0 147344.0 159042.0 167451.0 173021.0 176224.0 177502.0 177245.0 175788.0 173409.0
17 1.0 210.4113848240768 -16.14571871577739 -1.1839834271217622 0.16300483847690053 -0.13513967342997 -0.1902546494032818 0.16026649997098408 -0.13736761328195438 7553.0 20085.0 38048.0 58721.0 79450.0 98387.0 114551.0 127606.0 137621.0 144879.0 149753.0 152632.0 153881.0 153824.0 152739.0 150859.0
18 1.0 346.2970962770024 22.193041143623518 -1.1839834271217622 0.16300483847690053 -0.13513967342997 -0.1902546494032818 0.16026649997098408 -0.13736761328195438 18928.0 45142.0 78729.0 113859.0 146177.0 173374.0 194710.0 210381.0 221044.0 227508.0 230580.0 230985.0 229341.0 226155.0 221837.0 216713.0
19 1.0 105.17310964531758 69.65294061913514 -1.1839834271217622 0.16300483847690053 -0.13513967342997 -0.1902546494032818 0.16026649997098408 -0.13736761328195438 2373.0 8219.0 18641.0 32728.0 48732.0 64932.0 80054.0 93341.0 104455.0 113351.0 120155.0 125084.0 128391.0 130327.0 131130.0 131009.99999999999
20 1.0 86.69836076956085 21.388710283447764 -1.1839834271217622 0.16300483847690053 -0.13513967342997 -0.1902546494032818 0.16026649997098408 -0.13736761328195438 2398.0 8300.0 18814.0 33016.0 49140.0 65450.99999999999 80669.0 94031.0 105201.0 114134.0 120960.0 125898.00000000001 129203.00000000001 131131.0 131918.0 131778.0
21 1.0 36.10581921557922 -65.9769352317118 -1.1839834271217622 0.16300483847690053 -0.13513967342997 -0.1902546494032818 0.16026649997098408 -0.13736761328195438 2256.0 7700.0 17314.0 30246.0 44907.0 59746.0 73616.0 85835.0 96095.0 104348.0 110704.0 115354.0 118522.0 120433.0 121300.0 121313.0
22 1.0 5.9146666529307135 86.50442390171082 -1.1839834271217622 0.16300483847690053 -0.13513967342997 -0.1902546494032818 0.16026649997098408 -0.13736761328195438 2689.0 9195.0 20653.0 35979.0 53225.0 70529.0 86544.0 100494.0 112056.0 121212.0 128123.99999999999 133042.0 136248.0 138018.0 138608.0 138245.0
23 1.0 334.6305540451886 66.92143225598872 -1.1839834271217622 0.16300483847690053 -0.13513967342997 -0.1902546494032818 0.16026649997098408 -0.13736761328195438 5300.0 16174.0 33497.0 54925.0 77539.0 99007.0 117897.0 133559.0 145883.0 155075.0 161494.0 165554.0 167660.0 168186.0 167455.0 165743.0
24 1.0 241.16995677272763 0.4897370061583217 -1.1839834271217622 0.16300483847690053 -0.13513967342997 -0.1902546494032818 0.16026649997098408 -0.13736761328195438 2481.0 8245.0 18211.0 31411.0 46203.0 61037.0 74798.0 86839.0 96885.0 104913.0 111050.0 115496.0 118480.0 120231.0 120960.0 120856.0
25 1.0 282.6550483283296 76.02263672339393 -1.1839834271217622 0.16300483847690053 -0.13513967342997 -0.1902546494032818 0.16026649997098408 -0.13736761328195438 2798.0 9523.0 21312.0 37017.0 54632.0 72250.0 88510.0 102632.0 114300.0 123509.0 130430.99999999999 135329.0 138490.0 140200.0 140719.0 140278.0
26 1.0 101.42283807142167 7.448542876284435 -1.1839834271217622 0.16300483847690053 -0.13513967342997 -0.1902546494032818 0.16026649997098408 -0.13736761328195438 3400.0 11237.0 24604.0 42028.0 61214.0 80099.0 97273.0 111978.0 123949.0 133241.0 140082.0 144780.0 147662.0 149041.0 149201.0 148386.0
27 1.0 211.1076598270776 76.19509222004936 -1.1839834271217622 0.16300483847690053 -0.13513967342997 -0.1902546494032818 0.16026649997098408 -0.13736761328195438 2204.0 7639.0 17352.0 30526.0 45548.0 60815.0 75130.0 87769.0 98398.0 106960.0 113560.0 118394.0 121691.0 123684.0 124594.0 124618.0
28 1.0 23.023895803553206 59.38152634860177 -1.1839834271217622 0.16300483847690053 -0.13513967342997 -0.1902546494032818 0.16026649997098408 -0.13736761328195438 5347.0 16035.0 32880.0 53600.0 75409.0 96098.0 114312.0 129437.0 141367.0 150297.0 156566.0 160566.0 162683.0 163272.0 162643.0 161061.0
29 1.0 174.82593453646425 84.29155385297352 -1.1839834271217622 0.16300483847690053 -0.13513967342997 -0.1902546494032818 0.16026649997098408 -0.13736761328195438 2332.0 8078.0 18331.0 32204.000000000004 47984.0 63977.00000000001 78927.0 92083.0 103107.0 111948.0 118727.0 123655.0 126978.00000000001 128944.0 129785.00000000001 129708.99999999999
0 1.0 351.89825030800085 75.5609059400685 -1.1839834271217622 0.16300483847690053 -0.13513967342997 -0.1902546494032818 0.16026649997098408 -0.13736761328195438 3774.0 12248.0 26472.0 44785.0 64748.0 84229.0 101806.0 116742.0 128807.0 138086.0 144839.0 149398.0 152108.0 153297.0 153256.0 152239.0
1 1.0 315.54188831397266 -83.5139128628575 -1.1839834271217622 0.16300483847690053 -0.13513967342997 -0.1902546494032818 0.16026649997098408 -0.13736761328195438 2555.0 8730.0 19610.0 34188.0 50633.0 67183.0 82553.0 95994.0 107185.0 116097.0 122873.0 127743.0 130969.0 132812.0 133513.0 133288.0
2 1.0 121.73722266126443 -58.54103925103081 -1.1839834271217622 0.16300483847690053 -0.13513967342997 -0.1902546494032818 0.16026649997098408 -0.13736761328195438 5071.0 15708.0 32833.0 54159.0 76770.0 98304.0 117297.0 133076.0 145516.0 154812.0 161323.0 165458.0 167627.0 168202.0 167510.0 165828.0
3 1.0 346.16525563493946 -19.95575812178656 -1.1839834271217622 0.16300483847690053 -0.13513967342997 -0.1902546494032818 0.16026649997098408 -0.13736761328195438 11425.0 28410.0 51226.0 76136.0 100011.0 120953.0 138134.0 151443.0 161164.0 167759.0 171738.0 173589.0 173749.0 172589.0 170419.0 167491.0
4 1.0 83.41258552963363 81.38568551317573 -1.1839834271217622 0.16300483847690053 -0.13513967342997 -0.1902546494032818 0.16026649997098408 -0.13736761328195438 2513.0 8660.0 19564.0 34240.0 50848.0 67599.0 83181.0 96821.0 108186.0 117240.0 124127.0 129077.0 132357.0 134231.0 134945.0 134717.0
5 1.0 341.75477606964535 -35.99479449433267 -1.1839834271217622 0.16300483847690053 -0.13513967342997 -0.1902546494032818 0.16026649997098408 -0.13736761328195438 6463.0 17770.0 34460.0 54102.0 74150.0 92746.0 108840.0 122019.0 132282.0 139861.0 145090.0 148332.0 149936.0 150217.0 149447.0 147856.0
6 1.0 338.8959736943395 -61.11582410023181 -1.1839834271217622 0.16300483847690053 -0.13513967342997 -0.1902546494032818 0.16026649997098408 -0.13736761328195438 2823.0 9275.0 20300.0 34756.0 50810.0 66775.0 81467.0 94217.0 104763.0 113108.0 119407.0 123895.0 126826.0 128452.00000000001 129006.00000000001 128689.0
7 1.0 287.71293144686103 69.53483989558077 -1.1839834271217622 0.16300483847690053 -0.13513967342997 -0.1902546494032818 0.16026649997098408 -0.13736761328195438 3154.0 10564.0 23356.0 40181.0 58844.0 77329.0 94231.0 108778.0 120685.0 129981.00000000001 136877.0 141663.0 144656.0 146159.0 146448.0 145765.0
8 1.0 226.9612572720448 -9.649005213023472 -1.1839834271217622 0.16300483847690053 -0.13513967342997 -0.1902546494032818 0.16026649997098408 -0.13736761328195438 3841.0 11629.0 24112.0 39748.0 56527.0 72766.0 87372.0 99791.0 109859.0 117655.0 123390.0 127328.0 129745.0 130903.99999999999 131038.99999999999 130353.0
9 1.0 314.7436679849809 73.41760698377868 -1.1839834271217622 0.16300483847690053 -0.13513967342997 -0.1902546494032818 0.16026649997098408 -0.13736761328195438 3687.0 12042.0 26139.0 44352.0 64255.99999999999 83718.0 101306.0 116272.0 128376.99999999999 137702.0 144501.0 149103.0 151854.0 153078.0 153070.0 152081.0
10 1.0 105.48730242280682 -61.15851606237421 -1.1839834271217622 0.16300483847690053 -0.13513967342997 -0.1902546494032818 0.16026649997098408 -0.13736761328195438 3548.0 11674.0 25474.0 43389.0 63042.0 82320.0 99792.0 114699.0 126789.00000000001 136132.0 142970.0 147627.0 150440.0 151732.0 151792.0 150871.0
11 1.0 305.61967991265055 29.00115207145791 -1.1839834271217622 0.16300483847690053 -0.13513967342997 -0.1902546494032818 0.16026649997098408 -0.13736761328195438 9912.0 27129.0 52063.0 80705.0 109148.0 134740.0 156147.0 173000.0 185500.0 194139.0 199510.0 202203.0 202757.0 201636.0 199233.0 195865.0
12 1.0 222.43560909030856 -10.75252449069147 -1.1839834271217622 0.16300483847690053 -0.13513967342997 -0.1902546494032818 0.16026649997098408 -0.13736761328195438 4568.0 13328.0 26952.0 43642.0 61245.0 78040.0 92956.0 105488.0 115522.0 123181.0 128712.0 132407.0 134561.0 135449.0 135314.0 134368.0
13 1.0 4.765268793203816 -76.23238157454863 -1.1839834271217622 0.16300483847690053 -0.13513967342997 -0.1902546494032818 0.16026649997098408 -0.13736761328195438 2395.0 8179.000000000001 18386.0 32091.0 47591.0 63237.0 77818.0 90618.0 101322.0 109891.0 116449.0 121207.0 124404.0 126284.00000000001 127071.99999999999 126971.0
14 1.0 125.00406645559904 35.363366037450106 -1.1839834271217622 0.16300483847690053 -0.13513967342997 -0.1902546494032818 0.16026649997098408 -0.13736761328195438 4130.0 12862.0 27095.0 45080.0 64444.0 83187.0 100004.0 114240.0 125707.99999999999 134509.0 140900.0 145204.0 147749.0 148848.0 148777.0 147778.0
15 1.0 53.330709941339414 -45.46822400295233 -1.1839834271217622 0.16300483847690053 -0.13513967342997 -0.1902546494032818 0.16026649997098408 -0.13736761328195438 2104.0 7175.0 16143.999999999998 28236.0 41983.0 55941.0 69034.0 80609.0 90368.0 98255.0 104365.0 108870.0 111975.0 113890.0 114813.0 114922.0
16 1.0 353.45858033457114 -82.86920593568681 -1.1839834271217622 0.16300483847690053 -0.13513967342997 -0.1902546494032818 0.16026649997098408 -0.13736761328195438 2486.0 8505.0 19129.0 33386.0 49493.0 65727.0 80829.0 94057.0 105091.0 113897.0 120611.0 125455.00000000001 128682.99999999999 130550.0 131292.0 131119.0
17 1.0 172.2133105343957 -79.21002631507682 -1.1839834271217622 0.16300483847690053 -0.13513967342997 -0.1902546494032818 0.16026649997098408 -0.13736761328195438 3534.0 11608.0 25303.0 43075.0 62572.0 81703.0 99048.0 113856.0 125874.99999999999 135170.0 141983.0 146631.0 149448.0 150754.0 150835.0 149941.0
18 1.0 179.06089157951857 -79.00586332797828 -1.1839834271217622 0.16300483847690053 -0.13513967342997 -0.1902546494032818 0.16026649997098408 -0.13736761328195438 3543.0 11632.0 25347.0 43141.0 62659.00000000001 81808.0 99168.0 113988.0 126015.99999999999 135318.0 142135.0 146785.0 149603.0 150909.0 150989.0 150093.0
19 1.0 230.2101059035405 73.39193234730709 -1.1839834271217622 0.16300483847690053 -0.13513967342997 -0.1902546494032818 0.16026649997098408 -0.13736761328195438 2203.0 7643.0 17373.0 30575.0 45635.0 60948.0 75310.0 87994.0 98665.0 107263.0 113895.0 118754.0 122071.0 124080.0 125001.0 125032.0
20 1.0 132.6904582066623 43.17910520923817 -1.1839834271217622 0.16300483847690053 -0.13513967342997 -0.1902546494032818 0.16026649997098408 -0.13736761328195438 3757.0 11810.0 25062.0 41942.0 60247.0 78083.0 94192.0 107921.0 119060.0 127685.0 134022.0 138362.0 141013.0 142267.0 142386.0 141598.0
21 1.0 49.284097806815616 71.6512242984723 -1.1839834271217622 0.16300483847690053 -0.13513967342997 -0.1902546494032818 0.16026649997098408 -0.13736761328195438 3055.0 10240.0 22661.0 39031.0 57230.0 75297.0 91858.0 106151.0 117886.0 127081.0 133933.0 138722.0 141752.0 143316.0 143683.0 143090.0
22 1.0 295.9623839499284 31.064816033373845 -1.1839834271217622 0.16300483847690053 -0.13513967342997 -0.1902546494032818 0.16026649997098408 -0.13736761328195438 6977.0 20399.0 40965.0 65624.0 90976.0 114484.0 134712.0 151107.0 163684.0 172770.0 178830.0 182360.0 183831.0 183660.0 182206.0 179766.0
23 1.0 68.34524828499286 5.2091872255589635 -1.1839834271217622 0.16300483847690053 -0.13513967342997 -0.1902546494032818 0.16026649997098408 -0.13736761328195438 2247.0 7683.0 17296.0 30239.0 44923.0 59791.0 73692.0 85939.0 96222.0 104492.0 110858.0 115512.0 118680.0 120588.0 121450.0 121455.0
24 1.0 184.07483371672416 -35.19965441747191 -1.1839834271217622 0.16300483847690053 -0.13513967342997 -0.1902546494032818 0.16026649997098408 -0.13736761328195438 13741.0 34266.0 61782.0 91683.0 120150.0 144908.0 165006.0 180365.0 191378.0 198641.0 202793.0 204440.0 204116.0 202271.0 199276.0 195433.0
25 1.0 80.75413043090613 89.63320523916121 -1.1839834271217622 0.16300483847690053 -0.13513967342997 -0.1902546494032818 0.16026649997098408 -0.13736761328195438 2515.0 8662.0 19563.0 34232.0 50831.0 67571.0 83140.0 96770.0 108125.0 117172.0 124052.0 128998.0 132274.0 134146.0 134858.0 134630.0
26 1.0 35.22401441785226 -24.805969390909922 -1.1839834271217622 0.16300483847690053 -0.13513967342997 -0.1902546494032818 0.16026649997098408 -0.13736761328195438 3295.0 10039.0 20941.0 34717.0 49627.0 64184.00000000001 77393.0 88730.0 98017.0 105298.0 110741.0 114569.0 117018.0 118316.0 118672.0 118266.0
27 1.0 310.388946271806 -5.28318914149628 -1.1839834271217622 0.16300483847690053 -0.13513967342997 -0.1902546494032818 0.16026649997098408 -0.13736761328195438 10480.0 27820.0 52387.0 80225.0 107632.0 132160.0 152610.0 168674.0 180575.0 188790.0 193890.0 196437.0 196943.0 195850.0 193530.0 190287.0
28 1.0 350.2510160483269 -21.915868513776886 -1.1839834271217622 0.16300483847690053 -0.13513967342997 -0.1902546494032818 0.16026649997098408 -0.13736761328195438 10449.0 26217.0 47603.0 71150.0 93895.0 113996.0 130616.00000000001 143604.0 153194.0 159802.0 163898.0 165940.0 166338.0 165446.0 163560.0 160924.0
29 1.0 345.90047690268005 86.31484728038254 -1.1839834271217622 0.16300483847690053 -0.13513967342997 -0.1902546494032818 0.16026649997098408 -0.13736761328195438 2707.0 9249.0 20761.0 36149.0 53455.0 70810.0 86865.0 100842.0 112420.0 121583.0 128496.0 133409.0 136607.0 138366.0 138944.0 138567.0
