idx D_km lam beta x1 y1 z1 x2 y2 z2 flux5 flux6 flux7 flux8 flux9 flux10 flux11 flux12 flux13 flux14 flux15 flux16 flux17 flux18 flux19 flux20
0 1.0 197.5728614138369 73.17998985981222 -1.0105639153255492 0.2979543198349473 -0.002129242686911892 -0.05959442207145257 0.020438963806999607 -0.12354060228843841 11693.0 36935.0 78943.0 133167.0 192843.0 251913.0 306173.0 353284.0 392337.0 423363.0 446937.0 463892.0 475152.0 481621.0 484131.0 483420.0
1 1.0 257.468171894071 49.328519885754986 -1.0105639153255492 0.2979543198349473 -0.002129242686911892 -0.05959442207145257 0.020438963806999607 -0.12354060228843841 19283.0 59353.0 123912.0 204675.0 290880.0 373653.0 447353.0 509248.99999999994 558675.0 596216.0 623104.0 640819.0 650863.0 654630.0 653356.0 648099.0
2 1.0 216.99481538579178 -30.033872634844457 -1.0105639153255492 0.2979543198349473 -0.002129242686911892 -0.05959442207145257 0.020438963806999607 -0.12354060228843841 44749.0 120672.0 229092.0 352277.0 473507.0 581750.0 671651.0 741905.0 793578.0 828882.0 850404.0 860689.0 862035.0 856417.0 845481.0 830572.0
3 1.0 196.15794587888288 -75.40174980216058 -1.0105639153255492 0.2979543198349473 -0.002129242686911892 -0.05959442207145257 0.020438963806999607 -0.12354060228843841 24095.0 72895.0 149946.0 244515.0 343629.0 437100.0 518810.0 586099.0 638642.0 677457.0 704202.0 720729.0 728845.0 730187.0 726172.0 717999.0
4 1.0 152.5157277620057 -16.69658914551468 -1.0105639153255492 0.2979543198349473 -0.002129242686911892 -0.05959442207145257 0.020438963806999607 -0.12354060228843841 101817.0 226122.0 375631.0 524699.0 656611.0 763853.0 845128.0 902485.0 939371.0 959527.0 966451.0 963170.0 952196.0 935558.0 914863.0 891366.0
5 1.0 232.5218807039962 -48.19785440923031 -1.0105639153255492 0.2979543198349473 -0.002129242686911892 -0.05959442207145257 0.020438963806999607 -0.12354060228843841 26651.0 79462.0 161683.0 261436.99999999997 364951.0 461698.0 545550.0 613998.0 666922.0 705541.0 731682.0 747335.0 754409.0 754615.0 749425.0 740073.0
6 1.0 157.5313960545693 -66.15222574356306 -1.0105639153255492 0.2979543198349473 -0.002129242686911892 -0.05959442207145257 0.020438963806999607 -0.12354060228843841 39756.0 111477.0 216896.0 338997.0 460803.0 570679.0 662711.0 735202.0 788986.0 826159.0 849271.0 860869.0 863276.0 858498.0 848217.0 833808.0
7 1.0 321.03828028154874 -80.38310727837145 -1.0105639153255492 0.2979543198349473 -0.002129242686911892 -0.05959442207145257 0.020438963806999607 -0.12354060228843841 12266.0 38988.0 83648.0 141438.0 205127.0 268208.0 326156.0 376447.0 418093.0 451123.0 476151.0 494073.0 505883.0 512556.0 514988.0 513976.0
8 1.0 346.91859378037054 40.60698555790418 -1.0105639153255492 0.2979543198349473 -0.002129242686911892 -0.05959442207145257 0.020438963806999607 -0.12354060228843841 90440.0 214675.0 372999.0 537641.0 688109.0 813732.0 911299.0 982006.0 1029142.9999999999 1056677.0 1068496.0 1068062.0 1058299.0 1041598.9999999999 1019873.0 994626.0
9 1.0 138.03894677727996 -87.94305744749441 -1.0105639153255492 0.2979543198349473 -0.002129242686911892 -0.05959442207145257 0.020438963806999607 -0.12354060228843841 15831.999999999998 49963.0 106338.0 178354.0 256637.99999999997 333061.0 402188.0 461172.0 509088.0 546223.0 573532.0 592262.0 603726.0 609175.0 609736.0 606388.0
10 1.0 285.02101370975925 48.70453473049972 -1.0105639153255492 0.2979543198349473 -0.002129242686911892 -0.05959442207145257 0.020438963806999607 -0.12354060228843841 33526.0 96539.0 191454.0 303563.0 417269.0 521378.0 609846.0 680597.0 734037.0 771872.0 796336.0 809733.0 814204.0 811628.0 803595.0 791421.0
11 1.0 190.40217111104562 -63.549603827932486 -1.0105639153255492 0.2979543198349473 -0.002129242686911892 -0.05959442207145257 0.020438963806999607 -0.12354060228843841 39438.0 110694.0 215522.0 337022.0 458297.0 567748.0 659471.0 731755.0 785418.0 822540.0 845653.0 857292.0 859766.0 855075.0 844894.0 830592.0
12 1.0 204.49604199381562 -75.68602513438397 -1.0105639153255492 0.2979543198349473 -0.002129242686911892 -0.05959442207145257 0.020438963806999607 -0.12354060228843841 22645.0 69002.0 142746.0 233842.0 329868.0 420909.0 500909.99999999994 567145.0 619176.0 657900.0 684861.0 701823.0 710519.0 712533.0 709242.0 701815.0
13 1.0 333.214789785358 -73.87145383705104 -1.0105639153255492 0.2979543198349473 -0.002129242686911892 -0.05959442207145257 0.020438963806999607 -0.12354060228843841 11297.0 35666.0 76231.0 128629.0 186347.0 243536.0 296125.0 341835.0 379769.0 409944.0 432902.0 449447.0 460467.0 466836.0 469361.0 468757.0
14 1.0 25.5729809512393 30.968605323704594 -1.0105639153255492 0.2979543198349473 -0.002129242686911892 -0.05959442207145257 0.020438963806999607 -0.12354060228843841 56965.0 145394.0 266160.0 398990.0 526445.0 637834.0 728522.0 797928.0 847711.0 880517.0 899238.0 906617.0 905080.0 896678.0 883102.0 865716.0
15 1.0 31.366547892554657 -45.83390222648794 -1.0105639153255492 0.2979543198349473 -0.002129242686911892 -0.05959442207145257 0.020438963806999607 -0.12354060228843841 13415.0 40819.0 84985.0 140615.0 200645.0 259083.0 311967.0 357236.0 394219.0 423127.0 444659.0 459724.0 469287.0 474268.0 475503.0 473718.0
16 1.0 7.278623078517259 -14.302895997582283 -1.0105639153255492 0.2979543198349473 -0.002129242686911892 -0.05959442207145257 0.020438963806999607 -0.12354060228843841 45787.0 108621.0 190142.0 277174.0 359353.0 430693.0 488789.0 533529.0 566036.0 587956.0 601055.0 606996.0 607254.0 603082.0 595517.0 585407.0
17 1.0 299.74314439725765 10.326382438305046 -1.0105639153255492 0.2979543198349473 -0.002129242686911892 -0.05959442207145257 0.020438963806999607 -0.12354060228843841 55255.0 137716.0 248565.0 369438.0 484944.0 585786.0 667996.0 731127.0 776675.0 806989.0 824627.0 832022.0 831328.0 824372.0 812666.0 797436.0
18 1.0 280.13643034194615 64.89921128918289 -1.0105639153255492 0.2979543198349473 -0.002129242686911892 -0.05959442207145257 0.020438963806999607 -0.12354060228843841 23346.0 70826.0 146045.0 238651.0 335987.0 428035.0 508723.00000000006 575364.0 627572.0 666297.0 693135.0 709886.0 718316.0 720027.0 716416.0 708662.0
19 1.0 313.2043733688549 40.8679672880391 -1.0105639153255492 0.2979543198349473 -0.002129242686911892 -0.05959442207145257 0.020438963806999607 -0.12354060228843841 70400.0 175646.0 315810.0 466569.0 608244.0 729539.0 826160.0 898253.0 948261.0 979531.0 995518.0 999401.0 993922.0 981361.0 963565.0 942008.0
20 1.0 352.30260320379506 -41.34097705703137 -1.0105639153255492 0.2979543198349473 -0.002129242686911892 -0.05959442207145257 0.020438963806999607 -0.12354060228843841 18210.0 49660.0 96170.0 151287.0 208116.0 261492.99999999997 308377.0 347452.0 378553.0 402182.0 419169.0 430457.0 436976.0 439584.0 439035.0 435977.0
21 1.0 287.6970831180205 -66.33309612759703 -1.0105639153255492 0.2979543198349473 -0.002129242686911892 -0.05959442207145257 0.020438963806999607 -0.12354060228843841 12867.0 40281.0 85477.0 143342.0 206561.0 268718.0 325447.0 374386.0 414678.0 446441.0 470342.0 487305.0 498327.0 504376.00000000006 506337.00000000006 504986.99999999994
22 1.0 166.13257041105547 -80.03262232418437 -1.0105639153255492 0.2979543198349473 -0.002129242686911892 -0.05959442207145257 0.020438963806999607 -0.12354060228843841 21564.0 66153.0 137556.0 226251.0 320195.0 409652.0 488590.0 554226.0 606029.0 644806.0 672021.0 689373.0 698546.0 701085.0 698342.0 691468.0
23 1.0 280.99050346312396 -35.712245793430355 -1.0105639153255492 0.2979543198349473 -0.002129242686911892 -0.05959442207145257 0.020438963806999607 -0.12354060228843841 17766.0 53222.0 109291.0 178671.0 252288.0 322795.0 385575.0 438411.0 480775.0 513158.0 536580.0 552265.0 561453.0 565302.0 564840.0 560952.0
24 1.0 42.57879331281596 -42.818733136857915 -1.0105639153255492 0.2979543198349473 -0.002129242686911892 -0.05959442207145257 0.020438963806999607 -0.12354060228843841 13905.0 42880.0 89984.0 149610.0 214126.0 277017.0 333961.0 382700.0 422494.0 453568.0 476672.0 492791.0 502967.99999999994 508200.0 509390.0 507326.00000000006
25 1.0 230.3715676779086 -7.894697975913658 -1.0105639153255492 0.2979543198349473 -0.002129242686911892 -0.05959442207145257 0.020438963806999607 -0.12354060228843841 28914.0 83444.0 166238.0 265006.0 366299.0 460173.0 541017.0 606668.0 657189.0 693866.0 718521.0 733100.0 739454.0 739231.0 733847.0 724485.0
26 1.0 51.607183467256704 32.990640398582485 -1.0105639153255492 0.2979543198349473 -0.002129242686911892 -0.05959442207145257 0.020438963806999607 -0.12354060228843841 26783.0 79731.0 162037.0 261783.0 365203.0 461803.0 545489.0 613773.0 666553.0 705051.0 731098.0 746681.0 753705.0 753878.0 748670.0 739311.0
27 1.0 340.0808101378502 35.21258021499429 -1.0105639153255492 0.2979543198349473 -0.002129242686911892 -0.05959442207145257 0.020438963806999607 -0.12354060228843841 99099.0 229670.0 392663.0 559600.0 710356.0 834941.0 930752.0 999419.0 1044495.0 1070091.0 1080161.0 1078186.0 1067088.0 1049240.0 1026532.0 1000446.0
28 1.0 187.8653958300258 -38.96660761521 -1.0105639153255492 0.2979543198349473 -0.002129242686911892 -0.05959442207145257 0.020438963806999607 -0.12354060228843841 78964.0 192001.0 339283.0 495145.0 639729.0 762124.0 858555.0 929629.0 978137.0 1007666.0 1021829.0000000001 1023901.0 1016680.0 1002478.0 983156.0 960191.0
29 1.0 149.2782983965885 -21.61314793797831 -1.0105639153255492 0.2979543198349473 -0.002129242686911892 -0.05959442207145257 0.020438963806999607 -0.12354060228843841 100407.0 226046.0 379146.0 533375.0 671031.0 783810.0 869945.0 931282.0 971241.0 993634.0 1002065.9999999999 999689.0 989131.0 972522.0 951556.0 927560.0
0 1.0 95.24002035766571 -57.39282688735745 -1.0105639153255492 0.2979543198349473 -0.002129242686911892 -0.05959442207145257 0.020438963806999607 -0.12354060228843841 22380.0 68528.0 142175.0 233326.0 329521.0 420791.0 501031.0 567485.0 619702.0 658572.0 685643.0 702684.0 711432.0 713475.0 710197.0 702770.0
1 1.0 278.724128196318 51.93819221517336 -1.0105639153255492 0.2979543198349473 -0.002129242686911892 -0.05959442207145257 0.020438963806999607 -0.12354060228843841 27840.0 82515.0 167130.0 269273.0 374799.0 473029.0 557834.0 626777.0 679839.0 718331.0 744162.0 759385.0 765956.0 765619.0 759872.0 749966.0
2 1.0 164.21411959795748 -79.76734624201674 -1.0105639153255492 0.2979543198349473 -0.002129242686911892 -0.05959442207145257 0.020438963806999607 -0.12354060228843841 21806.0 66814.0 138794.0 228103.0 322600.0 412497.0 491748.0 557579.0 609480.0 648278.0 675458.0 692735.0 701805.0 704225.0 701353.0 694345.0
3 1.0 204.63622159271347 35.459503510497726 -1.0105639153255492 0.2979543198349473 -0.002129242686911892 -0.05959442207145257 0.020438963806999607 -0.12354060228843841 18831.0 53338.0 105719.0 168804.0 234506.0 296600.0 351338.0 397042.0 433438.0 461074.0 480911.0 494052.0 501595.0 504550.00000000006 503808.99999999994 500137.00000000006
4 1.0 6.764328157087851 50.1651712693986 -1.0105639153255492 0.2979543198349473 -0.002129242686911892 -0.05959442207145257 0.020438963806999607 -0.12354060228843841 61573.0 158308.0 290403.0 435119.0 573104.0 692726.0 789163.0 862065.0 913491.0 946511.0 964400.0 970214.0 966625.0 955870.0 939775.0 919804.0
5 1.0 222.34877894731574 49.93336113277556 -1.0105639153255492 0.2979543198349473 -0.002129242686911892 -0.05959442207145257 0.020438963806999607 -0.12354060228843841 14298.0 43783.0 91439.0 151511.0 216306.0 279313.0 336243.0 384875.0 424503.0 455375.0 478260.0 494155.0 504111.0 509132.0 510123.0 507874.99999999994
6 1.0 220.3544601800717 -43.303938417836115 -1.0105639153255492 0.2979543198349473 -0.002129242686911892 -0.05959442207145257 0.020438963806999607 -0.12354060228843841 37296.0 105230.0 205787.0 322995.0 440607.0 547299.0 637180.0 708424.0 761685.0 798883.0 822414.0 834703.0 837976.0 834171.0 824919.0 811557.0
7 1.0 222.0962388749125 -22.713635172138936 -1.0105639153255492 0.2979543198349473 -0.002129242686911892 -0.05959442207145257 0.020438963806999607 -0.12354060228843841 38781.0 106889.0 206115.0 320679.0 434984.0 538333.0 625242.0 694074.0 745528.0 781478.0 804241.0 816150.0 819349.0 815700.0 806771.0 793853.0
8 1.0 339.7493082652647 15.76793433535002 -1.0105639153255492 0.2979543198349473 -0.002129242686911892 -0.05959442207145257 0.020438963806999607 -0.12354060228843841 106087.0 233619.0 385585.0 535850.0 667781.0 774183.0 854107.0 909880.0 945142.0 963756.0 969281.0 964771.0 952745.0 935223.0 913794.0 889699.0
9 1.0 245.45530767725404 -40.892057563595934 -1.0105639153255492 0.2979543198349473 -0.002129242686911892 -0.05959442207145257 0.020438963806999607 -0.12354060228843841 21923.0 66771.0 138177.0 226531.0 319868.0 408588.0 486777.0 551730.0 602960.0 641284.0 668162.0 685280.0 694306.0 696770.0 694009.0 687160.0
10 1.0 129.42284420656296 -23.246496140780025 -1.0105639153255492 0.2979543198349473 -0.002129242686911892 -0.05959442207145257 0.020438963806999607 -0.12354060228843841 72017.0 173341.0 305005.0 444630.0 574827.0 685891.0 774289.0 840336.0 886311.0 915253.0 930278.0 934245.0 929626.0 918480.0 902480.0 882965.0
11 1.0 157.33150336776293 -54.530229566584865 -1.0105639153255492 0.2979543198349473 -0.002129242686911892 -0.05959442207145257 0.020438963806999607 -0.12354060228843841 62314.0 160495.0 294567.0 441328.0 581082.0 702041.0 799365.0 872759.0 924363.0 957328.0 974995.0 980478.0 976488.0 965293.0 948742.0 928312.0
12 1.0 251.14723053381536 -7.225940923918671 -1.0105639153255492 0.2979543198349473 -0.002129242686911892 -0.05959442207145257 0.020438963806999607 -0.12354060228843841 22409.0 68146.0 140796.0 230480.0 325004.0 414651.0 493479.0 558809.0 610200.0 648520.0 675276.0 692191.0 700962.0 703140.0 700078.0 692923.0
13 1.0 21.68116978653714 -81.96978577425946 -1.0105639153255492 0.2979543198349473 -0.002129242686911892 -0.05959442207145257 0.020438963806999607 -0.12354060228843841 12614.0 40249.0 86540.0 146508.0 212610.0 278051.0 338104.0 390138.0 433132.0 467130.0 492785.0 511049.0 522964.0 529557.0 531766.0 530424.0
14 1.0 240.03601756044037 53.96325922271123 -1.0105639153255492 0.2979543198349473 -0.002129242686911892 -0.05959442207145257 0.020438963806999607 -0.12354060228843841 15371.0 47737.0 100544.0 167466.0 239857.0 310332.0 374006.0 428344.0 472540.0 506872.0 532215.0 549702.0 560526.0 565822.0 566615.0 563797.0
15 1.0 241.4296330625374 -76.1478395424061 -1.0105639153255492 0.2979543198349473 -0.002129242686911892 -0.05959442207145257 0.020438963806999607 -0.12354060228843841 17141.0 53574.0 113189.0 188747.0 270324.0 349467.0 420630.0 480987.0 529698.0 567162.0 594440.0 612872.0 623849.0 628681.0 628544.0 624452.0
16 1.0 75.73772198658273 3.3903267896746883 -1.0105639153255492 0.2979543198349473 -0.002129242686911892 -0.05959442207145257 0.020438963806999607 -0.12354060228843841 19232.0 59970.0 126146.00000000001 209289.0 298208.0 383623.0 459625.0 523362.0 574145.0 612598.0 640017.0 657953.0 667974.0 671536.0 669922.0 664231.0
17 1.0 46.41346715574719 -34.7741820818647 -1.0105639153255492 0.2979543198349473 -0.002129242686911892 -0.05959442207145257 0.020438963806999607 -0.12354060228843841 15368.0 47098.0 98315.0 162725.0 231991.0 299110.0 359519.0 410900.0 452559.0 484820.0 508549.0 524844.0 534847.0 539642.0 540201.0 537369.0
18 1.0 113.55420633270619 13.957730789647584 -1.0105639153255492 0.2979543198349473 -0.002129242686911892 -0.05959442207145257 0.020438963806999607 -0.12354060228843841 27220.0 74703.0 144622.0 226705.0 310275.0 387592.0 454320.0 508796.0 551074.0 582156.0 603469.0 616544.0 622846.0 623690.0 620210.0 613363.0
19 1.0 130.93587753934415 82.69800135001651 -1.0105639153255492 0.2979543198349473 -0.002129242686911892 -0.05959442207145257 0.020438963806999607 -0.12354060228843841 12658.0 40400.0 86874.0 147077.0 213432.0 279113.0 339374.0 391575.0 434696.0 468782.0 494493.0 512783.0 524705.0 531287.0 533472.0 532098.0
20 1.0 205.27083735043666 26.20264400208069 -1.0105639153255492 0.2979543198349473 -0.002129242686911892 -0.05959442207145257 0.020438963806999607 -0.12354060228843841 24282.0 65974.0 127036.00000000001 198588.0 271468.0 339033.0 397539.0 445517.0 482974.0 510735.99999999994 530005.0 542082.0 548221.0 549554.0 547062.0 541577.0
21 1.0 157.89654484643532 -83.63476156401164 -1.0105639153255492 0.2979543198349473 -0.002129242686911892 -0.05959442207145257 0.020438963806999607 -0.12354060228843841 18538.0 57745.0 121571.0 202022.0 288381.0 371662.0 446071.0 508745.0 558927.0 597149.0 624618.0 642810.0 653230.0 657283.0 656217.0 651104.0
22 1.0 355.8145817013214 -12.527560888548976 -1.0105639153255492 0.2979543198349473 -0.002129242686911892 -0.05959442207145257 0.020438963806999607 -0.12354060228843841 57156.0 130234.99999999999 221044.0 314467.0 399791.0 471545.0 528097.0 570059.0 599117.0 617318.0 626688.0 629053.0 625977.0 618758.0 608448.0 595891.0
23 1.0 36.736131869290105 1.803033417285036 -1.0105639153255492 0.2979543198349473 -0.002129242686911892 -0.05959442207145257 0.020438963806999607 -0.12354060228843841 33436.0 90693.0 173805.0 270066.0 366802.0 455142.0 530359.0 590854.0 636975.0 670099.0 692026.0 704619.0 709623.0 708579.0 702802.0 693386.0
24 1.0 75.19563219414049 6.511949046621353 -1.0105639153255492 0.2979543198349473 -0.002129242686911892 -0.05959442207145257 0.020438963806999607 -0.12354060228843841 19154.0 59748.0 125710.99999999999 208613.0 297298.0 382510.0 458352.0 521972.0 572679.0 611088.0 638490.0 656431.0 666473.0 670066.0 668492.0 662846.0
25 1.0 58.07142643859865 32.65065190869082 -1.0105639153255492 0.2979543198349473 -0.002129242686911892 -0.05959442207145257 0.020438963806999607 -0.12354060228843841 22946.0 70030.0 144917.0 237343.0 334645.0 426761.0 507575.0 574363.0 626719.0 665583.0 692542.0 709398.0 717915.0 719700.0 716149.0 708444.0
26 1.0 235.11899716754343 -40.032702408282105 -1.0105639153255492 0.2979543198349473 -0.002129242686911892 -0.05959442207145257 0.020438963806999607 -0.12354060228843841 26771.0 79722.0 162077.0 261917.99999999997 365464.0 462196.0 546001.0 614384.0 667235.0 705781.0 731853.0 747444.0 754462.0 754620.0 749389.0 740002.0
27 1.0 91.18497691432157 -66.80509821606236 -1.0105639153255492 0.2979543198349473 -0.002129242686911892 -0.05959442207145257 0.020438963806999607 -0.12354060228843841 18806.0 58653.0 123517.0 205223.0 292843.0 377241.0 452546.0 515880.0 566503.0 604978.0 632548.0 650724.0 661041.0 664928.0 663653.0 658302.0
28 1.0 167.87187822827028 -19.31837822152302 -1.0105639153255492 0.2979543198349473 -0.002129242686911892 -0.05959442207145257 0.020438963806999607 -0.12354060228843841 107290.0 237582.0 393683.0 548727.0 685387.0 796009.0 879419.0 937888.0 975094.0 994989.0 1001239.0 997005.0 984898.0 967021.0 945033.0 920229.0
29 1.0 87.99321312057698 82.1530301032708 -1.0105639153255492 0.2979543198349473 -0.002129242686911892 -0.05959442207145257 0.020438963806999607 -0.12354060228843841 14037.0 44685.0 95794.0 161654.0 233835.0 304860.0 369616.0 425335.0 471020.0 506820.00000000006 533529.0 552239.0 564125.0 570324.0 571867.0 569663.0
0 1.0 57.2290501123871 -56.31643948484795 -1.0105639153255492 0.2979543198349473 -0.002129242686911892 -0.05959442207145257 0.020438963806999607 -0.12354060228843841 13350.0 42308.0 90430.0 152311.0 220069.0 286742.0 347579.0 400005.0 443085.0 476946.0 502314.99999999994 520198.99999999994 531684.0 537823.0 539576.0 537787.0
1 1.0 39.73505081914985 72.71711188708267 -1.0105639153255492 0.2979543198349473 -0.002129242686911892 -0.05959442207145257 0.020438963806999607 -0.12354060228843841 20777.0 64111.0 133862.0 220855.0 313306.0 401602.0 479729.0 544869.0 596435.0 635173.0 662496.0 680059.0 689512.0 692374.0 689979.0 683464.0
2 1.0 236.27865220749842 7.885071013918747 -1.0105639153255492 0.2979543198349473 -0.002129242686911892 -0.05959442207145257 0.020438963806999607 -0.12354060228843841 23129.0 68890.0 140428.0 227799.0 319215.0 405475.0 481054.0 543530.0 592578.0 629089.0 654535.0 670579.0 678847.0 680822.0 677796.0 670861.0
3 1.0 49.74586248550097 -7.755944103762147 -1.0105639153255492 0.2979543198349473 -0.002129242686911892 -0.05959442207145257 0.020438963806999607 -0.12354060228843841 21696.0 64592.0 131786.0 214102.0 300543.0 382440.0 454521.0 514414.00000000006 561726.0 597224.0 622246.0 638325.0 646976.0 649588.0 647378.0 641381.0
4 1.0 70.76965020481926 68.76745384138013 -1.0105639153255492 0.2979543198349473 -0.002129242686911892 -0.05959442207145257 0.020438963806999607 -0.12354060228843841 15608.0 49390.0 105286.0 176763.0 254516.00000000003 330459.0 399183.0 457849.0 505528.0 542501.0 569713.0 588399.0 599861.0 605342.0 605961.0 602691.0
5 1.0 132.74106143794708 -7.451286881654539 -1.0105639153255492 0.2979543198349473 -0.002129242686911892 -0.05959442207145257 0.020438963806999607 -0.12354060228843841 68583.0 160461.0 277357.0 399719.0 512941.0 609126.0 685566.0 742712.0 782598.0 807853.0 821144.0 824908.0 821253.0 811932.0 798378.0 781738.0
6 1.0 295.55756274525663 40.350174590077785 -1.0105639153255492 0.2979543198349473 -0.002129242686911892 -0.05959442207145257 0.020438963806999607 -0.12354060228843841 48608.0 130330.0 246134.0 376710.0 504246.0 617241.0 710313.0 782357.0 834714.0 869868.0 890645.0 899779.0 899713.0 892532.0 879959.0 863393.0
7 1.0 34.956459285502056 -18.17544209344163 -1.0105639153255492 0.2979543198349473 -0.002129242686911892 -0.05959442207145257 0.020438963806999607 -0.12354060228843841 23123.0 65093.0 128272.0 203712.0 281602.0 354552.0 418246.0 470861.0 512237.00000000006 543157.0 564858.0 578713.0 586062.0 588127.0 585971.0 580499.0
8 1.0 301.6601666995694 72.7279907221724 -1.0105639153255492 0.2979543198349473 -0.002129242686911892 -0.05959442207145257 0.020438963806999607 -0.12354060228843841 24661.0 74379.0 152639.0 248445.0 348628.0 442910.0 525166.0 592765.0 645429.0 684222.0 710843.0 727177.0 735056.0 736135.0 731845.0 723393.0
9 1.0 34.59542684182671 34.20450363442093 -1.0105639153255492 0.2979543198349473 -0.002129242686911892 -0.05959442207145257 0.020438963806999607 -0.12354060228843841 43457.0 117751.0 224368.0 345996.0 466109.0 573685.0 663299.0 733547.0 785408.0 821021.0 842922.0 853619.0 855387.0 850184.0 839648.0 825117.0
10 1.0 351.5254074048225 35.931969765093015 -1.0105639153255492 0.2979543198349473 -0.002129242686911892 -0.05959442207145257 0.020438963806999607 -0.12354060228843841 95649.0 223111.0 383213.0 548006.0 697461.0 821462.0 917222.0 986192.0 1031790.9999999999 1058031.0 1068799.0 1067535.0 1057132.0 1039948.0000000001 1017865.9999999999 992364.0
11 1.0 168.71443259317257 -31.010327719718596 -1.0105639153255492 0.2979543198349473 -0.002129242686911892 -0.05959442207145257 0.020438963806999607 -0.12354060228843841 103260.0 235789.0 399095.0 564780.0 713317.0 835326.0 928628.0 995082.0 1038335.9999999999 1062510.0 1071524.0 1068807.0 1057226.0 1039103.0000000001 1016281.9999999999 990208.0
12 1.0 351.6339917485214 46.22015569264005 -1.0105639153255492 0.2979543198349473 -0.002129242686911892 -0.05959442207145257 0.020438963806999607 -0.12354060228843841 78357.0 192140.0 341253.0 499572.0 646689.0 771319.0 869516.0 941854.0 991173.0 1021134.9999999999 1035436.0 1037423.0 1029959.0000000001 1015401.9999999999 995653.0 972216.0
13 1.0 217.74438710821656 24.490989980485438 -1.0105639153255492 0.2979543198349473 -0.002129242686911892 -0.05959442207145257 0.020438963806999607 -0.12354060228843841 21750.0 62142.0 123590.0 197490.0 274188.0 346320.0 409522.0 461902.0 503232.0 534237.0 556108.0 570188.0 577792.0 580128.0 578247.0 573050.0
14 1.0 266.1348885833886 -46.79635079165228 -1.0105639153255492 0.2979543198349473 -0.002129242686911892 -0.05959442207145257 0.020438963806999607 -0.12354060228843841 16746.0 51596.0 107958.0 178829.0 254940.0 328532.0 394579.0 450557.0 495747.0 530546.0 555944.0 573180.0 583530.0 588199.0 588265.0 584659.0
15 1.0 14.107605211555443 -61.103011952653844 -1.0105639153255492 0.2979543198349473 -0.002129242686911892 -0.05959442207145257 0.020438963806999607 -0.12354060228843841 11313.0 35117.0 74204.0 124192.0 178844.0 232682.0 281960.0 324632.0 359933.0 387932.0 409174.0 424430.0 434542.0 440330.0 442549.0 441864.0
16 1.0 101.81050652750744 53.35046541311971 -1.0105639153255492 0.2979543198349473 -0.002129242686911892 -0.05959442207145257 0.020438963806999607 -0.12354060228843841 12944.0 40613.0 86258.0 144681.0 208450.0 271063.0 328106.0 377206.0 417517.0 449181.0 472893.0 489605.0 500337.00000000006 506077.0 507725.0 506070.0
17 1.0 43.270762036740805 82.64998854634004 -1.0105639153255492 0.2979543198349473 -0.002129242686911892 -0.05959442207145257 0.020438963806999607 -0.12354060228843841 16698.0 52558.0 111568.0 186663.0 267981.0 347055.0 418290.0 478806.0 527723.0 565408.0 592902.0 611537.0 622697.0 627692.0 627696.0 623726.0
18 1.0 106.61047110797217 -7.535011093192281 -1.0105639153255492 0.2979543198349473 -0.002129242686911892 -0.05959442207145257 0.020438963806999607 -0.12354060228843841 33643.0 92894.0 179898.0 281326.0 383612.0 477168.0 556847.0 620881.0 669618.0 704519.0 727509.0 740582.0 745605.0 744227.0 737850.0 727641.0
19 1.0 42.74197882352786 16.377149758263286 -1.0105639153255492 0.2979543198349473 -0.002129242686911892 -0.05959442207145257 0.020438963806999607 -0.12354060228843841 33304.0 93353.0 182417.0 286862.0 392551.0 489399.0 571947.0 638288.0 688750.0 724842.0 748561.0 761987.0 767066.0 765514.0 758793.0 748117.0
20 1.0 114.47394458183138 64.39007595483983 -1.0105639153255492 0.2979543198349473 -0.002129242686911892 -0.05959442207145257 0.020438963806999607 -0.12354060228843841 11671.0 36860.0 78740.0 132739.0 192096.0 250775.00000000003 304600.0 351258.0 389860.0 420453.0 443623.0 460211.0 471145.0 477330.0 479601.0 478692.0
21 1.0 149.13467802528118 -7.699778396305732 -1.0105639153255492 0.2979543198349473 -0.002129242686911892 -0.05959442207145257 0.020438963806999607 -0.12354060228843841 90550.0 200950.0 333838.0 466541.0 584236.0 680210.0 753250.0 805113.0 838807.0 857616.0 864618.0 862485.0 853439.0 839278.0 821431.0 801016.0
22 1.0 23.09309868556237 81.3374058298925 -1.0105639153255492 0.2979543198349473 -0.002129242686911892 -0.05959442207145257 0.020438963806999607 -0.12354060228843841 18614.0 58025.0 122197.0 203079.0 289880.0 373558.0 448288.0 511201.0 561543.0 599857.0 627364.0 645551.0 655934.0 659927.0 658785.0 653586.0
23 1.0 249.28996297320714 13.63520916807704 -1.0105639153255492 0.2979543198349473 -0.002129242686911892 -0.05959442207145257 0.020438963806999607 -0.12354060228843841 21486.0 65409.99999999999 135312.0 221784.0 313135.0 399988.0 476569.0 540233.0 590499.0 628157.0 654629.0 671555.0 680562.0 683139.0 680593.0 674034.0
24 1.0 203.97652351436705 57.738081726236686 -1.0105639153255492 0.2979543198349473 -0.002129242686911892 -0.05959442207145257 0.020438963806999607 -0.12354060228843841 12508.0 38362.0 80334.0 133517.0 191206.0 247641.0 298964.0 343124.0 379413.0 407980.0 429450.0 444671.0 454548.0 459954.0 461686.0 460444.0
25 1.0 95.54021673820034 73.5918693142929 -1.0105639153255492 0.2979543198349473 -0.002129242686911892 -0.05959442207145257 0.020438963806999607 -0.12354060228843841 12924.0 41230.0 88592.0 149855.0 217273.0 283900.0 344929.0 397704.0 441216.0 475536.0 501352.0 519646.99999999994 531497.0 537950.0 539969.0 538401.0
26 1.0 188.36929924801188 56.7942873783424 -1.0105639153255492 0.2979543198349473 -0.002129242686911892 -0.05959442207145257 0.020438963806999607 -0.12354060228843841 12303.0 37245.0 77365.0 127908.0 182531.0 235833.0 284219.0 325789.0 359901.0 386709.0 406816.0 421027.0 430203.0 435171.0 436686.0 435408.0
27 1.0 33.818583873039 -61.30539657918793 -1.0105639153255492 0.2979543198349473 -0.002129242686911892 -0.05959442207145257 0.020438963806999607 -0.12354060228843841 11644.0 36674.0 78200.0 131667.0 190385.0 248397.0 301591.0 347690.0 385824.0 416041.0 438919.0 455291.0 466072.0 472157.0 474371.0 473440.0
28 1.0 207.34073840022455 23.201719031106066 -1.0105639153255492 0.2979543198349473 -0.002129242686911892 -0.05959442207145257 0.020438963806999607 -0.12354060228843841 25626.0 69411.0 133307.0 207933.0 283706.0 353733.0 414178.0 463574.0 501982.00000000006 530302.0 549812.0 561883.0 567829.0 568829.0 565904.0 559915.0
29 1.0 334.5466311274371 -18.28183344845813 -1.0105639153255492 0.2979543198349473 -0.002129242686911892 -0.05959442207145257 0.020438963806999607 -0.12354060228843841 49357.0 114043.0 195718.0 280969.0 359902.0 427188.0 480989.0 521582.0 550315.0 568946.0 579270.0 582939.0 581388.0 575822.0 567226.0 556398.0
0 1.0 114.68482288247652 -78.71166863579778 -1.0105639153255492 0.2979543198349473 -0.002129242686911892 -0.05959442207145257 0.020438963806999607 -0.12354060228843841 19149.0 59537.0 125112.0 207547.0 295800.0 380679.0 456307.0 519822.0 570509.0 608961.0 636446.0 654494.0 664655.0 668372.0 666920.0 661391.0
1 1.0 240.2677367869254 -13.674194659828444 -1.0105639153255492 0.2979543198349473 -0.002129242686911892 -0.05959442207145257 0.020438963806999607 -0.12354060228843841 24922.0 74603.0 152369.0 247233.0 346212.0 439237.0 520333.99999999994 586958.0 638859.0 677099.0 703352.0 719474.0 727268.0 728359.0 724158.0 715849.0
2 1.0 47.447230465581185 -43.436867959906614 -1.0105639153255492 0.2979543198349473 -0.002129242686911892 -0.05959442207145257 0.020438963806999607 -0.12354060228843841 13902.0 43225.0 91181.0 152124.0 218241.0 282806.0 341331.0 391452.0 432382.0 464334.0 488073.0 504611.99999999994 515024.99999999994 520342.0 521497.0 519304.0
3 1.0 257.8777934826836 62.82689551713193 -1.0105639153255492 0.2979543198349473 -0.002129242686911892 -0.05959442207145257 0.020438963806999607 -0.12354060228843841 17587.0 54662.0 115021.0 191219.0 273224.0 352570.0 423747.0 483985.0 532493.0 569709.0 596722.0 614891.0 625617.0 630218.0 629871.0 625591.0
4 1.0 104.1861934609924 -84.00516722159469 -1.0105639153255492 0.2979543198349473 -0.002129242686911892 -0.05959442207145257 0.020438963806999607 -0.12354060228843841 16361.0 51551.0 109543.0 183453.0 263609.0 341672.0 412107.0 472046.0 520588.00000000006 558071.0 585501.0 604178.0 615459.0 620630.0 620849.0 617119.0
5 1.0 65.94889032256206 82.61688993542523 -1.0105639153255492 0.2979543198349473 -0.002129242686911892 -0.05959442207145257 0.020438963806999607 -0.12354060228843841 15273.0 48392.0 103301.0 173663.0 250360.00000000003 325424.0 393490.0 451716.0 499147.0 536027.0 563265.0 582064.0 593702.0 599398.0 600256.0 597239.0
6 1.0 211.14465653162995 -26.033607275052667 -1.0105639153255492 0.2979543198349473 -0.002129242686911892 -0.05959442207145257 0.020438963806999607 -0.12354060228843841 53109.0 137374.0 253717.00000000003 382727.0 507332.0 616863.0 706547.0 775613.0 825541.0 858829.0 878251.0 886467.0 885839.0 878376.0 865739.0 849273.0
7 1.0 7.238716627497679 -25.792759727542276 -1.0105639153255492 0.2979543198349473 -0.002129242686911892 -0.05959442207145257 0.020438963806999607 -0.12354060228843841 29920.0 75335.0 137861.0 207958.0 277011.0 339331.0 392056.0 434351.0 466605.0 489837.0 505310.00000000006 514314.00000000006 518045.0 517560.0 513760.0 507397.0
8 1.0 298.4184105182507 -87.06086951693258 -1.0105639153255492 0.2979543198349473 -0.002129242686911892 -0.05959442207145257 0.020438963806999607 -0.12354060228843841 14180.0 45002.0 96281.0 162257.0 234483.0 305492.0 370191.0 425829.0 471423.0 507132.99999999994 533757.0 552391.0 564211.0 570353.0 571850.0 569607.0
9 1.0 1.6903714293169436 -56.65818145748689 -1.0105639153255492 0.2979543198349473 -0.002129242686911892 -0.05959442207145257 0.020438963806999607 -0.12354060228843841 11871.0 35981.0 74835.0 123876.0 176976.0 228895.0 276123.0 316790.0 350243.0 376611.0 396460.0 410560.0 419740.0 424800.0 426471.0 425397.0
10 1.0 244.01395324664284 -17.773289855350427 -1.0105639153255492 0.2979543198349473 -0.002129242686911892 -0.05959442207145257 0.020438963806999607 -0.12354060228843841 23792.0 71820.0 147574.0 240539.0 338015.0 430017.0 510536.0 576940.0 628886.0 667353.0 693951.0 710487.0 718730.0 720283.0 716538.0 708673.0
11 1.0 97.20287034917935 77.27245511448851 -1.0105639153255492 0.2979543198349473 -0.002129242686911892 -0.05959442207145257 0.020438963806999607 -0.12354060228843841 13052.0 41653.0 89518.0 151433.0 219558.0 286862.0 348484.0 401740.0 445617.0 480195.0 506175.00000000006 524558.0 536436.0 542870.0 544834.0 543186.0
12 1.0 264.66984796413414 -72.06931256017117 -1.0105639153255492 0.2979543198349473 -0.002129242686911892 -0.05959442207145257 0.020438963806999607 -0.12354060228843841 14722.0 46302.0 98426.0 165086.0 237713.0 308831.0 373403.0 428749.0 473953.0 509228.0 535408.0 553615.0 565038.0 570822.0 572002.0 569483.0
13 1.0 346.38787624227774 80.15427602623433 -1.0105639153255492 0.2979543198349473 -0.002129242686911892 -0.05959442207145257 0.020438963806999607 -0.12354060228843841 21338.0 65564.0 136488.0 224691.0 318208.0 407338.0 486052.0 551557.0 603305.0 642083.0 669341.0 686765.0 696028.0 698668.0 696032.0 689267.0
14 1.0 89.55113166718489 66.5079354983938 -1.0105639153255492 0.2979543198349473 -0.002129242686911892 -0.05959442207145257 0.020438963806999607 -0.12354060228843841 13305.0 42345.0 90792.0 153290.0 221895.0 289535.0 351351.0 404684.0 448549.0 483052.0 508916.00000000006 527158.0 538879.0 545151.0 546952.0 545143.0
15 1.0 207.4166403904213 -8.25076855664068 -1.0105639153255492 0.2979543198349473 -0.002129242686911892 -0.05959442207145257 0.020438963806999607 -0.12354060228843841 52306.0 130743.0 236596.0 352468.0 463625.0 561062.0 640847.0 702435.0 747172.0 777247.0 795079.0 802982.0 803015.0 796933.0 786193.0 771979.0
16 1.0 213.13509525786205 -31.19384128171319 -1.0105639153255492 0.2979543198349473 -0.002129242686911892 -0.05959442207145257 0.020438963806999607 -0.12354060228843841 49600.0 131066.99999999999 245405.0 373620.0 498462.0 608894.0 699797.0 770164.0 821330.0 855722.0 876090.0 885093.0 885107.0 878158.0 865927.0 849777.0
17 1.0 206.01068608471442 -48.10605672976977 -1.0105639153255492 0.2979543198349473 -0.002129242686911892 -0.05959442207145257 0.020438963806999607 -0.12354060228843841 48304.0 130168.0 246548.0 378016.0 506556.0 620501.0 714380.0 787050.0 839859.0 875309.0 896254.0 905453.0 905376.0 898124.0 885439.0 868733.0
18 1.0 80.30938775062259 20.603647165837387 -1.0105639153255492 0.2979543198349473 -0.002129242686911892 -0.05959442207145257 0.020438963806999607 -0.12354060228843841 18092.0 56437.0 118840.0 197445.0 281764.0 363036.0 435630.0 496774.0 545743.0 583062.0 609911.0 627725.0 637968.0 642008.0 641058.0 636159.0
19 1.0 342.9896441461146 -84.04657353440899 -1.0105639153255492 0.2979543198349473 -0.002129242686911892 -0.05959442207145257 0.020438963806999607 -0.12354060228843841 12807.0 40796.0 87610.0 148178.0 214868.0 280826.0 341294.0 393634.0 436836.0 470955.0 496662.0 514923.0 526795.0 533314.0 535429.0 533979.0
20 1.0 160.96513630234585 -87.19090839957092 -1.0105639153255492 0.2979543198349473 -0.002129242686911892 -0.05959442207145257 0.020438963806999607 -0.12354060228843841 16348.999999999998 51464.0 109302.0 182995.0 262908.0 340735.0 410964.0 470737.0 519155.99999999994 556555.0 583936.0 602591.0 613872.0 619061.0 619309.0 615618.0
21 1.0 304.707122089606 -12.816769950317195 -1.0105639153255492 0.2979543198349473 -0.002129242686911892 -0.05959442207145257 0.020438963806999607 -0.12354060228843841 39331.0 99017.0 180655.0 271345.0 359720.0 438505.0 504241.00000000006 556125.0 594905.0 622078.0 639401.0 648609.0 651282.0 648793.0 642297.0 632748.0
22 1.0 251.81253911430156 -77.74666668455036 -1.0105639153255492 0.2979543198349473 -0.002129242686911892 -0.05959442207145257 0.020438963806999607 -0.12354060228843841 15786.000000000002 49624.0 105363.0 176449.0 253653.00000000003 328989.0 397129.0 455287.0 502556.0 539220.0 566216.0 584769.0 596165.0 601634.0 602283.0 599074.0
23 1.0 107.07730230784811 -44.65062211570328 -1.0105639153255492 0.2979543198349473 -0.002129242686911892 -0.05959442207145257 0.020438963806999607 -0.12354060228843841 34565.0 98766.0 194900.0 307977.0 422310.0 526731.0 615272.0 685929.0 739171.0 776751.0 800931.0 814037.0 818221.0 815371.0 807081.0 794665.0
24 1.0 292.9672150928918 -50.19103523770491 -1.0105639153255492 0.2979543198349473 -0.002129242686911892 -0.05959442207145257 0.020438963806999607 -0.12354060228843841 14353.0 43501.0 90250.0 148865.0 211849.0 272922.0 327985.0 374946.0 413165.0 442913.0 464951.0 480253.0 489837.0 494672.0 495631.0 493474.0
25 1.0 142.74206670491446 -44.425585129886656 -1.0105639153255492 0.2979543198349473 -0.002129242686911892 -0.05959442207145257 0.020438963806999607 -0.12354060228843841 73473.0 181986.0 325558.0 479178.0 622893.0 745414.0 842585.0 914718.0 964411.0 995132.0 1010432.0 1013552.0 1007282.0 993931.0 975367.0 953075.0
26 1.0 317.1971509600182 -66.4100583812536 -1.0105639153255492 0.2979543198349473 -0.002129242686911892 -0.05959442207145257 0.020438963806999607 -0.12354060228843841 11592.0 36061.0 76288.0 127773.0 184088.0 239586.0 290397.0 334403.0 370805.0 399667.0 421547.0 437238.0 447606.0 453502.0 455705.0 454905.0
27 1.0 209.25823414890914 -87.83347987842222 -1.0105639153255492 0.2979543198349473 -0.002129242686911892 -0.05959442207145257 0.020438963806999607 -0.12354060228843841 15743.0 49673.0 105719.0 177329.0 255193.0 331233.0 400041.0 458782.0 506526.00000000006 543555.0 570811.0 589531.0 601018.0 606515.0 607141.0 603872.0
28 1.0 317.424730267747 -69.21282651502534 -1.0105639153255492 0.2979543198349473 -0.002129242686911892 -0.05959442207145257 0.020438963806999607 -0.12354060228843841 11489.0 35965.0 76414.0 128382.0 185392.0 241701.0 293346.0 338134.0 375220.0 404649.0 426973.0 442992.0 453587.0 459621.0 461890.0 461097.0
29 1.0 249.3113724279957 21.32644671229461 -1.0105639153255492 0.2979543198349473 -0.002129242686911892 -0.05959442207145257 0.020438963806999607 -0.12354060228843841 20747.0 63285.99999999999 131151.0 215309.0 304427.0 389362.0 464440.0 527027.0 576598.0 613885.0 640243.0 657252.0 666489.0 669401.0 667261.0 661154.0
0 1.0 261.09154073507057 85.36611830724905 -1.0105639153255492 0.2979543198349473 -0.002129242686911892 -0.05959442207145257 0.020438963806999607 -0.12354060228843841 15313.0 48396.0 103154.0 173252.0 249616.0 324329.0 392067.0 450011.0 497217.0 533929.0 561050.0 579778.0 591381.0 597073.0 597950.0 594969.0
1 1.0 180.47677749361281 88.26210028096091 -1.0105639153255492 0.2979543198349473 -0.002129242686911892 -0.05959442207145257 0.020438963806999607 -0.12354060228843841 14217.0 45170.0 96704.0 163032.0 235656.0 307059.0 372114.0 428051.0 473882.0 509766.99999999994 536512.0 555220.0 567075.0 573220.0 574695.0 572410.0
2 1.0 344.1901085003606 -16.37026283284891 -1.0105639153255492 0.2979543198349473 -0.002129242686911892 -0.05959442207145257 0.020438963806999607 -0.12354060228843841 53897.0 122937.0 208827.0 297278.0 378140.0 446211.0 499926.0 539850.0 567567.0 585008.0 594085.0 596523.0 593801.0 587144.0 577549.0 565812.0
3 1.0 231.83647172266947 -60.66820331161104 -1.0105639153255492 0.2979543198349473 -0.002129242686911892 -0.05959442207145257 0.020438963806999607 -0.12354060228843841 23310.0 70683.0 145712.0 238075.0 335158.0 426973.0 507467.0 573958.0 626059.0 664716.0 691516.0 708256.0 716693.0 718427.0 714848.0 707134.0
4 1.0 152.5878174809447 24.977116325975274 -1.0105639153255492 0.2979543198349473 -0.002129242686911892 -0.05959442207145257 0.020438963806999607 -0.12354060228843841 36460.0 87809.0 155556.0 228968.0 299255.0 361108.0 412203.0 452198.0 481861.0 502465.00000000006 515435.0 522146.0 523835.00000000006 521564.99999999994 516229.00000000006 508561.00000000006
5 1.0 218.30155708605275 -1.7450376212273113 -1.0105639153255492 0.2979543198349473 -0.002129242686911892 -0.05959442207145257 0.020438963806999607 -0.12354060228843841 35736.0 96500.0 184128.0 284975.0 385701.0 477134.0 554506.0 616319.0 663073.0 696302.0 717943.0 729973.0 734227.0 732314.0 725598.0 715211.0
6 1.0 6.909551391360069 88.09375991119765 -1.0105639153255492 0.2979543198349473 -0.002129242686911892 -0.05959442207145257 0.020438963806999607 -0.12354060228843841 15716.999999999998 49653.0 105757.0 177478.0 255490.0 331689.0 400649.0 459521.0 507372.99999999994 544482.0 571794.0 590550.0 602055.0 607556.0 608175.0 604890.0
7 1.0 108.56693400283775 -78.24524271267956 -1.0105639153255492 0.2979543198349473 -0.002129242686911892 -0.05959442207145257 0.020438963806999607 -0.12354060228843841 18627.0 58076.0 122312.0 203275.0 290161.0 373916.0 448710.0 511672.0 562049.0 600386.0 627904.0 646094.0 656474.0 660459.0 659306.0 654094.0
8 1.0 237.66247349736662 50.98219889648635 -1.0105639153255492 0.2979543198349473 -0.002129242686911892 -0.05959442207145257 0.020438963806999607 -0.12354060228843841 15409.0 47703.0 100244.0 166687.0 238438.0 308195.0 371152.0 424832.0 468461.0 502333.99999999994 527325.0 544562.0 555224.0 560434.0 561203.0 558413.0
9 1.0 104.42793859575987 -38.0882704803311 -1.0105639153255492 0.2979543198349473 -0.002129242686911892 -0.05959442207145257 0.020438963806999607 -0.12354060228843841 34150.0 97534.0 192495.0 304299.0 417476.0 520980.0 608871.0 679131.0 732184.0 769738.0 794010.0 807292.0 811707.0 809121.0 801113.0 788987.0
10 1.0 222.48555443958296 -46.54464838621668 -1.0105639153255492 0.2979543198349473 -0.002129242686911892 -0.05959442207145257 0.020438963806999607 -0.12354060228843841 34065.0 97766.0 193461.0 306270.0 420512.0 524981.0 613654.0 684490.0 737925.0 775696.0 800054.0 813320.0 817646.0 814919.0 806734.0 794409.0
11 1.0 154.35673234047582 29.250822875881667 -1.0105639153255492 0.2979543198349473 -0.002129242686911892 -0.05959442207145257 0.020438963806999607 -0.12354060228843841 30629.0 75712.0 136760.0 204346.0 270272.0 329292.0 378879.0 418400.0 448338.0 469731.0 483816.0 491831.0 494917.0 494072.0 490145.0 483841.0
12 1.0 48.770663120082084 -45.70862670162639 -1.0105639153255492 0.2979543198349473 -0.002129242686911892 -0.05959442207145257 0.020438963806999607 -0.12354060228843841 13633.0 42578.0 90097.0 150659.0 216507.0 280927.0 339408.0 389561.0 430573.0 462638.0 486506.0 503182.0 513734.0 519189.0 520476.00000000006 518410.00000000006
13 1.0 107.38163734417108 29.854641160653784 -1.0105639153255492 0.2979543198349473 -0.002129242686911892 -0.05959442207145257 0.020438963806999607 -0.12354060228843841 17597.0 52309.0 106960.0 174433.0 245958.0 314446.0 375439.0 426793.0 467995.0 499519.0 522348.00000000006 537665.0 546674.0 550494.0 550124.0 546422.0
14 1.0 205.18736785245537 3.11553309641198 -1.0105639153255492 0.2979543198349473 -0.002129242686911892 -0.05959442207145257 0.020438963806999607 -0.12354060228843841 45326.0 113292.0 205405.0 306834.0 404825.0 491421.0 563000.0 618893.0 660110.0 688446.0 705937.0 714559.0 716094.0 712071.0 703772.0 692244.0
15 1.0 212.71419404934235 -13.663982081547132 -1.0105639153255492 0.2979543198349473 -0.002129242686911892 -0.05959442207145257 0.020438963806999607 -0.12354060228843841 48101.0 124261.0 229746.0 347311.0 461582.0 562776.0 646355.0 711403.0 759086.0 791542.0 811212.0 820466.0 821435.0 815946.0 805521.0 791402.0
16 1.0 206.75708958584838 9.843805559055411 -1.0105639153255492 0.2979543198349473 -0.002129242686911892 -0.05959442207145257 0.020438963806999607 -0.12354060228843841 37392.0 95978.0 177398.0 268886.0 358818.0 439562.0 507355.0 561189.0 601694.0 630319.0 648811.0 658921.0 662259.0 660228.0 654017.0 644611.0
17 1.0 235.1522951485681 -38.330726414466646 -1.0105639153255492 0.2979543198349473 -0.002129242686911892 -0.05959442207145257 0.020438963806999607 -0.12354060228843841 26994.0 80281.0 163056.0 263311.0 367200.0 464185.0 548153.0 616622.0 669500.0 708029.0 734054.0 749577.0 756515.0 756586.0 751265.0 741788.0
18 1.0 234.757177200608 37.1834471291362 -1.0105639153255492 0.2979543198349473 -0.002129242686911892 -0.05959442207145257 0.020438963806999607 -0.12354060228843841 17180.0 52347.0 108697.0 179064.0 254218.0 326550.0 391196.0 445770.0 489648.0 523285.0 547698.0 564130.0 573852.0 578055.0 577796.0 573989.0
19 1.0 155.31063675623062 -15.325763519958471 -1.0105639153255492 0.2979543198349473 -0.002129242686911892 -0.05959442207145257 0.020438963806999607 -0.12354060228843841 103114.0 227833.0 377034.0 525103.0 655574.0 761197.0 840884.0 896807.0 932477.0 951654.0 957824.0 953993.0 942646.0 925782.0 904980.0 881473.0
20 1.0 322.75677450638267 -25.101799112539396 -1.0105639153255492 0.2979543198349473 -0.002129242686911892 -0.05959442207145257 0.020438963806999607 -0.12354060228843841 34299.0 84440.0 151967.0 226327.0 298469.0 362694.0 416324.0 458764.0 490629.0 513116.0 527626.0 535545.0 538139.0 536507.0 531583.0 524136.00000000006
21 1.0 132.32227321724275 59.158244620032804 -1.0105639153255492 0.2979543198349473 -0.002129242686911892 -0.05959442207145257 0.020438963806999607 -0.12354060228843841 11631.0 35919.0 75619.0 126214.0 181369.0 235562.0 285045.0 327788.0 363056.0 390944.0 412024.0 427087.0 436990.0 442567.0 444578.0 443697.0
22 1.0 156.91137309562566 76.4940441515746 -1.0105639153255492 0.2979543198349473 -0.002129242686911892 -0.05959442207145257 0.020438963806999607 -0.12354060228843841 11348.0 36050.0 77365.0 130902.99999999999 190011.0 248677.0 302698.0 349712.0 388779.0 419899.0 443618.0 460752.0 472207.0 478876.0 481585.0 481065.0
23 1.0 321.092407805642 -81.71868404028655 -1.0105639153255492 0.2979543198349473 -0.002129242686911892 -0.05959442207145257 0.020438963806999607 -0.12354060228843841 12501.0 39763.0 85331.0 144288.0 209236.0 273525.0 332535.0 383693.0 426002.0 459500.0 484824.0 502897.99999999994 514742.00000000006 521355.0 523657.00000000006 522460.99999999994
24 1.0 290.22983605659084 -48.12714129064221 -1.0105639153255492 0.2979543198349473 -0.002129242686911892 -0.05959442207145257 0.020438963806999607 -0.12354060228843841 14838.0 44902.0 93024.0 153246.0 217837.0 280356.0 336620.0 384512.0 423405.0 453598.0 475890.0 491289.0 500849.0 505565.00000000006 506333.00000000006 503932.99999999994
25 1.0 253.39989007453187 -27.266513491338614 -1.0105639153255492 0.2979543198349473 -0.002129242686911892 -0.05959442207145257 0.020438963806999607 -0.12354060228843841 21098.0 64392.00000000001 133469.0 219110.0 309762.0 396113.0 472392.0 535929.0 586206.0 623976.0 650627.0 667774.0 677023.0 679851.0 677554.0 671235.0
26 1.0 36.0816794324284 56.693966286644525 -1.0105639153255492 0.2979543198349473 -0.002129242686911892 -0.05959442207145257 0.020438963806999607 -0.12354060228843841 31014.0 90521.0 181249.0 289438.0 400040.0 502020.0 589258.0 659508.0 712991.0 751252.0 776392.0 790618.0 796002.0 794373.0 787288.0 776039.0
27 1.0 331.0137409480825 87.38845697579356 -1.0105639153255492 0.2979543198349473 -0.002129242686911892 -0.05959442207145257 0.020438963806999607 -0.12354060228843841 16153.0 50915.0 108243.0 181366.0 260738.00000000003 338108.0 407986.0 467515.0 515785.00000000006 553112.0 580483.0 599175.0 610525.0 615807.0 616165.0 612591.0
28 1.0 257.1268678376801 84.41490684066332 -1.0105639153255492 0.2979543198349473 -0.002129242686911892 -0.05959442207145257 0.020438963806999607 -0.12354060228843841 15236.0 48155.0 102650.0 172429.0 248466.0 322881.0 390371.0 448126.0 495198.0 531825.0 558904.0 577622.0 589241.0 594969.0 595896.0 592974.0
29 1.0 359.5849223644319 72.89070219898684 -1.0105639153255492 0.2979543198349473 -0.002129242686911892 -0.05959442207145257 0.020438963806999607 -0.12354060228843841 28345.0 83926.0 169807.0 273317.0 380095.0 479344.0 564900.0 634344.0 687691.0 726300.0 752117.0 767231.0 773626.0 773069.0 767073.0 756900.0
0 1.0 53.80138967687775 -36.619872288474625 -1.0105639153255492 0.2979543198349473 -0.002129242686911892 -0.05959442207145257 0.020438963806999607 -0.12354060228843841 15129.0 47059.0 99178.0 165210.0 236581.0 305983.0 368597.0 421940.0 465242.0 498803.0 523506.0 540484.0 550922.0 555948.0 556571.0 553672.0
1 1.0 312.52538065255715 88.56202381460534 -1.0105639153255492 0.2979543198349473 -0.002129242686911892 -0.05959442207145257 0.020438963806999607 -0.12354060228843841 15490.0 48968.0 104367.0 175254.0 252434.0 327895.0 396257.0 454684.0 502233.00000000006 539164.0 566400.0 585159.0 596727.0 602336.0 603094.0 599970.0
2 1.0 58.497456483494936 -45.10439260983878 -1.0105639153255492 0.2979543198349473 -0.002129242686911892 -0.05959442207145257 0.020438963806999607 -0.12354060228843841 14404.0 45315.0 96268.0 161315.0 232063.0 301238.0 363968.0 417685.0 461530.0 495727.0 521103.0 538748.0 549821.0 555430.0 556579.0 554143.0
3 1.0 221.6014431421839 -70.9368921211982 -1.0105639153255492 0.2979543198349473 -0.002129242686911892 -0.05959442207145257 0.020438963806999607 -0.12354060228843841 22256.0 67902.0 140639.0 230640.0 325662.0 415892.0 495305.0 561164.0 612998.0 651666.0 678677.0 695765.0 704639.0 706864.0 703803.0 696616.0
4 1.0 44.57519382579895 81.17146998997094 -1.0105639153255492 0.2979543198349473 -0.002129242686911892 -0.05959442207145257 0.020438963806999607 -0.12354060228843841 17027.0 53515.0 113460.0 189623.0 271973.0 351931.0 423851.0 484852.0 534072.0 571908.0 599434.0 618010.0 629044.0 633868.0 633669.0 629478.0
5 1.0 305.2829625560044 -47.98435401574267 -1.0105639153255492 0.2979543198349473 -0.002129242686911892 -0.05959442207145257 0.020438963806999607 -0.12354060228843841 14731.0 43612.0 89125.0 145523.0 205630.0 263566.0 315562.0 359737.0 395559.0 423333.0 443810.0 457929.0 466662.0 470931.0 471562.0 469276.0
6 1.0 290.63482514100383 34.15828771399508 -1.0105639153255492 0.2979543198349473 -0.002129242686911892 -0.05959442207145257 0.020438963806999607 -0.12354060228843841 45265.0 122520.0 233023.0 358608.0 482136.0 592310.0 683675.0 754929.0 807196.0 842763.0 864293.0 874398.0 875429.0 869406.0 858009.0 842604.0
7 1.0 204.8762659012536 -79.49585538349405 -1.0105639153255492 0.2979543198349473 -0.002129242686911892 -0.05959442207145257 0.020438963806999607 -0.12354060228843841 20005.0 61789.0 129222.0 213580.0 303523.0 389711.0 466242.0 530294.0 581218.0 619678.0 647004.0 664776.0 674586.0 677906.0 676031.0 670072.0
8 1.0 146.58598700135988 41.52763784294572 -1.0105639153255492 0.2979543198349473 -0.002129242686911892 -0.05959442207145257 0.020438963806999607 -0.12354060228843841 17537.0 48532.0 94911.0 150342.0 207865.0 262176.0 310091.0 350184.0 382218.0 406657.0 424316.0 436136.0 443059.0 445957.0 445600.0 442652.0
9 1.0 24.900118363849696 68.70963822009114 -1.0105639153255492 0.2979543198349473 -0.002129242686911892 -0.05959442207145257 0.020438963806999607 -0.12354060228843841 27177.0 80985.0 164621.0 265907.0 370813.0 468672.0 553319.0 622265.0 675441.0 714119.0 740176.0 755644.0 762464.0 762373.0 756862.0 747178.0
10 1.0 251.07435833204292 -40.96135881612675 -1.0105639153255492 0.2979543198349473 -0.002129242686911892 -0.05959442207145257 0.020438963806999607 -0.12354060228843841 20229.0 61963.0 128840.00000000001 212096.0 300569.0 385166.0 460183.0 522920.99999999994 572789.0 610458.0 637237.0 654674.0 664325.0 667624.0 665837.0 660047.0
11 1.0 163.27536576410478 -21.76975870606286 -1.0105639153255492 0.2979543198349473 -0.002129242686911892 -0.05959442207145257 0.020438963806999607 -0.12354060228843841 108224.0 240560.0 399666.0 558120.0 698085.0 811591.0 897324.0 957532.0 995944.0 1016589.0 1023215.0 1019061.0 1006809.0000000001 988617.0 966190.0 940860.0
12 1.0 259.94001580932525 -22.6266870022351 -1.0105639153255492 0.2979543198349473 -0.002129242686911892 -0.05959442207145257 0.020438963806999607 -0.12354060228843841 20694.0 63052.0 130574.0 214266.0 302870.0 387310.0 461955.0 524189.0 573494.0 610591.0 636826.0 653768.0 662980.0 665901.0 663796.0 657742.0
13 1.0 311.8976373343065 44.781886357223954 -1.0105639153255492 0.2979543198349473 -0.002129242686911892 -0.05959442207145257 0.020438963806999607 -0.12354060228843841 64086.00000000001 163396.0 298035.0 444743.0 584022.0 704310.0 800929.0 873678.0 924735.0 957261.0 974589.0 979819.0 975648.0 964328.0 947696.0 927219.0
14 1.0 351.1877418010389 -47.19469634297301 -1.0105639153255492 0.2979543198349473 -0.002129242686911892 -0.05959442207145257 0.020438963806999607 -0.12354060228843841 14920.0 42553.0 84950.0 136581.0 190964.0 242951.0 289323.0 328531.0 360196.0 384653.0 402608.0 414920.0 422465.0 426068.0 426464.0 424292.0
15 1.0 308.08920326133995 -59.06644217142426 -1.0105639153255492 0.2979543198349473 -0.002129242686911892 -0.05959442207145257 0.020438963806999607 -0.12354060228843841 12487.0 38234.0 79983.0 132842.0 190148.0 246185.0 297128.0 340948.0 376946.0 405275.0 426560.0 441643.0 451426.0 456775.0 458481.0 457239.0
16 1.0 4.21707030660071 -9.127503236207147 -1.0105639153255492 0.2979543198349473 -0.002129242686911892 -0.05959442207145257 0.020438963806999607 -0.12354060228843841 56650.0 130614.00000000001 223713.0 320569.0 409926.0 485789.0 546152.0 591418.0 623188.0 643509.0 654453.0 657915.0 655533.0 648674.0 638457.0 625777.0
17 1.0 129.592103212211 -35.19568667208249 -1.0105639153255492 0.2979543198349473 -0.002129242686911892 -0.05959442207145257 0.020438963806999607 -0.12354060228843841 68152.0 169270.0 303830.0 448747.0 585278.0 702576.0 796422.0 866840.0 916071.0 947252.0 963654.0 968302.0 963821.0 952401.0 935824.0 915518.0
18 1.0 262.7966024726609 61.05404200655744 -1.0105639153255492 0.2979543198349473 -0.002129242686911892 -0.05959442207145257 0.020438963806999607 -0.12354060228843841 19028.0 58794.0 123100.0 203775.0 290080.0 373095.0 447118.0 509363.0 559127.0 596970.0 624115.0 642039.0 652245.0 656134.0 654946.0 649745.0
19 1.0 61.78668381411859 -47.20647131718502 -1.0105639153255492 0.2979543198349473 -0.002129242686911892 -0.05959442207145257 0.020438963806999607 -0.12354060228843841 14550.0 45899.0 97677.0 163866.0 235921.0 306413.0 370357.0 425116.0 469801.0 504636.0 530460.0 548388.0 559604.0 565240.0 566325.0 563754.0
20 1.0 187.57317823348654 0.4301023480670665 -1.0105639153255492 0.2979543198349473 -0.002129242686911892 -0.05959442207145257 0.020438963806999607 -0.12354060228843841 69747.0 159151.0 270227.0 384352.0 488342.0 575487.0 643829.0 694179.0 728667.0 749858.0 760277.0 762193.0 757540.0 747913.0 734604.0 718639.0
21 1.0 19.561675802131305 79.66504794562746 -1.0105639153255492 0.2979543198349473 -0.002129242686911892 -0.05959442207145257 0.020438963806999607 -0.12354060228843841 19897.0 61630.0 129108.0 213621.0 303793.0 390239.0 467018.0 531286.0 582387.0 620981.0 648402.0 666237.0 676083.0 679415.0 677536.0 671560.0
22 1.0 71.99874896270403 24.119585594038938 -1.0105639153255492 0.2979543198349473 -0.002129242686911892 -0.05959442207145257 0.020438963806999607 -0.12354060228843841 18759.0 58562.0 123323.0 204821.0 292129.0 376141.0 451035.0 513970.99999999994 564236.0 602409.0 629738.0 647731.0 657919.0 661725.0 660407.0 655046.0
23 1.0 6.66784600582103 66.11209298324366 -1.0105639153255492 0.2979543198349473 -0.002129242686911892 -0.05959442207145257 0.020438963806999607 -0.12354060228843841 35999.0 102589.0 201907.0 318278.0 435496.0 542150.0 632231.0 703811.0 757472.0 795086.0 819020.0 831685.0 835300.0 831803.0 822822.0 809700.0
24 1.0 285.7311732086714 79.23774408385813 -1.0105639153255492 0.2979543198349473 -0.002129242686911892 -0.05959442207145257 0.020438963806999607 -0.12354060228843841 18407.0 57299.0 120605.0 200419.0 286132.0 368839.0 442787.0 505123.0 555085.0 593186.0 620614.0 638826.0 649313.0 653465.0 652520.0 647542.0
25 1.0 80.61288770173685 45.13767513954335 -1.0105639153255492 0.2979543198349473 -0.002129242686911892 -0.05959442207145257 0.020438963806999607 -0.12354060228843841 15661.999999999998 49315.0 104715.0 175269.0 251766.0 326278.0 393550.0 450858.0 497339.0 533309.0 559715.0 577786.0 588806.0 593994.0 594447.0 591117.0
26 1.0 124.32660505088496 35.92351084045525 -1.0105639153255492 0.2979543198349473 -0.002129242686911892 -0.05959442207145257 0.020438963806999607 -0.12354060228843841 17771.0 50707.0 101084.0 162148.0 226104.0 286853.0 340660.0 385799.0 421926.0 449523.0 469486.0 482872.0 490738.0 494068.0 493731.0 490477.0
27 1.0 334.1092656476127 84.23380198876086 -1.0105639153255492 0.2979543198349473 -0.002129242686911892 -0.05959442207145257 0.020438963806999607 -0.12354060228843841 18059.0 56397.0 118976.0 198047.0 283114.0 365324.0 438930.0 501063.99999999994 550935.0 589032.0 616518.0 634832.0 645448.0 649747.0 648959.0 644141.0
28 1.0 253.5891846924718 88.99214213658229 -1.0105639153255492 0.2979543198349473 -0.002129242686911892 -0.05959442207145257 0.020438963806999607 -0.12354060228843841 14918.0 47269.0 100951.0 169824.0 245001.0 318689.0 385617.0 442975.0 489799.0 526300.0 553350.0 572113.0 583832.0 589698.0 590788.0 588047.0
29 1.0 11.462014631270826 -8.672097119443265 -1.0105639153255492 0.2979543198349473 -0.002129242686911892 -0.05959442207145257 0.020438963806999607 -0.12354060228843841 50281.0 119140.0 208269.0 303165.0 392502.0 469796.0 532495.0 580551.0 615240.0 638401.0 651982.0 657814.0 657512.0 652444.0 643740.0 632322.0
0 1.0 59.289896339248585 -77.2434399268425 -1.0105639153255492 0.2979543198349473 -0.002129242686911892 -0.05959442207145257 0.020438963806999607 -0.12354060228843841 13617.0 43406.0 93168.0 157403.0 227921.0 297425.0 360903.0 415619.0 460568.0 495873.0 522290.00000000006 540874.0 552766.0 559071.0 560798.0 558834.0
1 1.0 223.73222453991488 -37.29707434070661 -1.0105639153255492 0.2979543198349473 -0.002129242686911892 -0.05959442207145257 0.020438963806999607 -0.12354060228843841 36019.0 102025.0 200138.0 314921.0 430488.0 535662.0 624554.0 695262.0 748348.0 785638.0 809448.0 822141.0 825897.0 822619.0 813912.0 801098.0
2 1.0 207.80229189750034 -62.57615297620852 -1.0105639153255492 0.2979543198349473 -0.002129242686911892 -0.05959442207145257 0.020438963806999607 -0.12354060228843841 32821.0 94939.0 188859.0 300102.0 413178.0 516903.0 605196.0 675929.0 729461.0 767459.0 792127.0 805749.0 810453.0 808109.0 800301.0 788339.0
3 1.0 85.64141569482311 -14.852452536717877 -1.0105639153255492 0.2979543198349473 -0.002129242686911892 -0.05959442207145257 0.020438963806999607 -0.12354060228843841 21506.0 66075.0 137462.0 226115.0 319975.0 409312.0 488108.0 553595.0 605257.0 643907.0 671015.0 688280.0 697387.0 699877.0 697102.0 690208.0
4 1.0 336.3170392529258 -66.36792087481392 -1.0105639153255492 0.2979543198349473 -0.002129242686911892 -0.05959442207145257 0.020438963806999607 -0.12354060228843841 11165.0 34686.0 73342.0 122824.0 176976.0 230377.0 279312.0 321740.0 356889.0 384814.0 406043.0 421332.0 431508.0 437383.0 439702.0 439124.0
5 1.0 221.02774414772256 18.741204723758756 -1.0105639153255492 0.2979543198349473 -0.002129242686911892 -0.05959442207145257 0.020438963806999607 -0.12354060228843841 23416.0 66860.0 132782.0 211809.0 293532.0 370086.0 436870.0 491946.0 535147.0 567311.0 589757.0 603948.0 611308.0 613131.0 610545.0 604506.0
6 1.0 192.827809088985 -21.094549351586267 -1.0105639153255492 0.2979543198349473 -0.002129242686911892 -0.05959442207145257 0.020438963806999607 -0.12354060228843841 81545.0 190926.0 329439.0 473388.0 605379.0 716288.0 803254.0 867149.0 910650.0 937055.0 949631.0 951320.0 944631.0 931632.0 913991.0 893033.0
7 1.0 212.36759148764554 71.1694591718778 -1.0105639153255492 0.2979543198349473 -0.002129242686911892 -0.05959442207145257 0.020438963806999607 -0.12354060228843841 12215.0 38524.0 82215.0 138492.0 200302.0 261361.99999999997 317342.0 365850.0 405974.0 437773.0 461856.0 479102.0 490470.0 496902.0 499260.0 498310.0
8 1.0 262.8439306260371 84.20304092373033 -1.0105639153255492 0.2979543198349473 -0.002129242686911892 -0.05959442207145257 0.020438963806999607 -0.12354060228843841 15511.0 48967.0 104277.0 175005.0 251981.99999999997 327225.0 395381.0 453628.0 501031.0 537850.0 565006.0 583714.0 595255.0 600856.0 601621.0 598515.0
9 1.0 112.30019837265667 8.43928230049599 -1.0105639153255492 0.2979543198349473 -0.002129242686911892 -0.05959442207145257 0.020438963806999607 -0.12354060228843841 29998.0 81688.0 157181.0 245173.0 334174.0 415998.0 486170.0 543065.0 586868.0 618739.0 640261.0 653101.0 658839.0 658882.0 654438.0 646519.0
10 1.0 143.35958239779308 -40.531757423832616 -1.0105639153255492 0.2979543198349473 -0.002129242686911892 -0.05959442207145257 0.020438963806999607 -0.12354060228843841 79985.0 194151.0 342680.0 499668.0 645132.0 768133.0 864921.0 936147.0 984653.0 1014069.0000000001 1028044.0 1029879.9999999999 1022396.0000000001 1007917.0 988315.0 965073.0
11 1.0 75.54374963104397 16.601475377130626 -1.0105639153255492 0.2979543198349473 -0.002129242686911892 -0.05959442207145257 0.020438963806999607 -0.12354060228843841 18707.0 58403.0 122989.0 204265.0 291331.0 375106.0 449784.0 512534.00000000006 562649.0 600708.0 627955.0 645895.0 656055.0 659853.0 658545.0 653206.0
12 1.0 67.02948211692102 71.41700848039378 -1.0105639153255492 0.2979543198349473 -0.002129242686911892 -0.05959442207145257 0.020438963806999607 -0.12354060228843841 16008.000000000002 50579.0 107681.0 180583.0 259762.0 336976.0 406735.0 466180.0 514395.00000000006 551692.0 579053.0 597751.0 609120.0 614430.0 614821.0 611286.0
13 1.0 339.9740603942161 -16.787997749565307 -1.0105639153255492 0.2979543198349473 -0.002129242686911892 -0.05959442207145257 0.020438963806999607 -0.12354060228843841 53149.0 121478.0 206687.0 294634.0 375209.0 443189.0 496961.0 537039.0 564965.0 582639.0 591952.0 594616.0 592103.0 585636.0 576209.0 564620.0
14 1.0 266.2382862177435 9.374089804554757 -1.0105639153255492 0.2979543198349473 -0.002129242686911892 -0.05959442207145257 0.020438963806999607 -0.12354060228843841 24615.0 73783.0 150854.0 244982.0 343297.0 435790.0 516503.99999999994 582882.0 634653.0 672855.0 699137.0 715340.0 723248.0 724476.0 720424.0 712273.0
15 1.0 176.56517110232414 -41.10250183089374 -1.0105639153255492 0.2979543198349473 -0.002129242686911892 -0.05959442207145257 0.020438963806999607 -0.12354060228843841 86117.0 206545.0 361420.0 523586.0 672627.0 797685.0 895307.0 966472.0 1014305.0 1042661.0000000001 1055349.0 1055786.0 1046866.0000000001 1030964.9999999999 1009987.0 985432.0
16 1.0 81.86926607039636 -8.020053098995149 -1.0105639153255492 0.2979543198349473 -0.002129242686911892 -0.05959442207145257 0.020438963806999607 -0.12354060228843841 20204.0 62582.0 130996.0 216517.0 307581.0 394710.0 471945.0 536465.0 587655.0 626218.0 653524.0 671188.0 680828.0 683937.0 681829.0 675624.0
17 1.0 91.56833343734147 -17.69156363167224 -1.0105639153255492 0.2979543198349473 -0.002129242686911892 -0.05959442207145257 0.020438963806999607 -0.12354060228843841 24292.0 73151.0 149994.0 244050.0 342440.0 435108.0 516046.0 582657.0 634649.0 673045.0 699492.0 715828.0 723840.0 725148.0 721155.0 713045.0
18 1.0 20.89049771659522 -45.28557628506522 -1.0105639153255492 0.2979543198349473 -0.002129242686911892 -0.05959442207145257 0.020438963806999607 -0.12354060228843841 13948.0 41439.0 84950.0 139082.0 196987.0 252998.99999999997 303448.0 346470.0 381508.0 408814.0 429084.0 443202.0 452094.0 456638.0 457629.0 455760.0
19 1.0 156.3899852009235 1.0559490885555078 -1.0105639153255492 0.2979543198349473 -0.002129242686911892 -0.05959442207145257 0.020438963806999607 -0.12354060228843841 82588.0 182231.0 301465.0 419914.0 524434.0 609189.0 673248.0 718301.0 747122.0 762703.0 767834.0 764924.0 755970.0 742582.0 726033.0 707315.0
20 1.0 112.24651751787692 -34.13145132363395 -1.0105639153255492 0.2979543198349473 -0.002129242686911892 -0.05959442207145257 0.020438963806999607 -0.12354060228843841 43977.0 119122.0 226875.0 349687.0 470850.0 579254.0 669453.0 740066.0 792109.0 827763.0 849599.0 860157.0 861735.0 856310.0 845533.0 830752.0
21 1.0 250.6836559735654 -22.85372450146545 -1.0105639153255492 0.2979543198349473 -0.002129242686911892 -0.05959442207145257 0.020438963806999607 -0.12354060228843841 21957.0 66851.0 138274.0 226576.0 319787.0 408327.0 486311.0 551058.0 602099.0 640260.0 667005.0 684020.0 692972.0 695385.0 692594.0 685731.0
22 1.0 135.99066214529313 4.494679605767573 -1.0105639153255492 0.2979543198349473 -0.002129242686911892 -0.05959442207145257 0.020438963806999607 -0.12354060228843841 58051.0 135707.0 234745.0 338834.0 435663.0 518464.99999999994 584811.0 634943.0 670472.0 693539.0 706351.0 710942.0 709083.0 702259.0 691688.0 678352.0
23 1.0 64.65732392146853 45.10710412721775 -1.0105639153255492 0.2979543198349473 -0.002129242686911892 -0.05959442207145257 0.020438963806999607 -0.12354060228843841 19255.0 59947.0 126009.00000000001 209002.0 297774.0 383069.0 458989.0 522679.0 573444.0 611899.0 639333.0 657293.0 667343.0 670935.0 669351.0 663690.0
24 1.0 8.884342220879242 -29.968656157570443 -1.0105639153255492 0.2979543198349473 -0.002129242686911892 -0.05959442207145257 0.020438963806999607 -0.12354060228843841 24807.0 64643.00000000001 121219.0 186192.0 251467.0 311390.0 362899.0 404895.0 437516.0 461574.0 478171.0 488475.0 493598.0 494534.0 492143.0 487149.0
25 1.0 24.20986732676949 76.34857799173744 -1.0105639153255492 0.2979543198349473 -0.002129242686911892 -0.05959442207145257 0.020438963806999607 -0.12354060228843841 21552.0 66196.0 137728.0 226601.0 320732.0 410356.0 489423.0 555145.0 606999.0 645794.0 673003.0 690333.0 699471.0 701968.0 699179.0 692256.0
26 1.0 244.58139845948423 65.21733843046243 -1.0105639153255492 0.2979543198349473 -0.002129242686911892 -0.05959442207145257 0.020438963806999607 -0.12354060228843841 15076.0 47253.0 100188.0 167700.0 241085.0 312799.0 377789.0 433391.0 478716.0 514005.99999999994 540124.0 558214.0 569484.0 575093.0 576084.0 573372.0
27 1.0 163.33086404017632 -81.23574672440486 -1.0105639153255492 0.2979543198349473 -0.002129242686911892 -0.05959442207145257 0.020438963806999607 -0.12354060228843841 20481.0 63183.0 131969.0 217858.0 309258.0 396675.0 474143.0 538842.0 590158.0 628801.0 656146.0 673816.0 683437.0 686507.0 684344.0 678073.0
28 1.0 193.16851599914 -44.3443456337719 -1.0105639153255492 0.2979543198349473 -0.002129242686911892 -0.05959442207145257 0.020438963806999607 -0.12354060228843841 66264.0 167622.0 304159.0 452249.0 592334.0 712949.0 809551.0 882059.0 932744.0 964830.0 981692.0 986456.0 981834.0 970088.0 953058.0 932212.0
29 1.0 322.80166549452315 -9.695607721343649 -1.0105639153255492 0.2979543198349473 -0.002129242686911892 -0.05959442207145257 0.020438963806999607 -0.12354060228843841 59118.0 135849.0 232048.0 331760.0 423423.0 500958.0 562405.0 608261.0 640238.0 660480.0 671141.0 674181.0 671285.0 663858.0 653043.0 639755.0
0 1.0 356.52202106281356 -71.16698002635466 -1.0105639153255492 0.2979543198349473 -0.002129242686911892 -0.05959442207145257 0.020438963806999607 -0.12354060228843841 10983.0 34617.0 73919.0 124667.0 180573.0 235993.0 286992.0 331360.0 368221.0 397576.0 419942.0 436087.0 446866.0 453124.0 455640.0 455107.0
1 1.0 78.08291438345061 -27.274321973970522 -1.0105639153255492 0.2979543198349473 -0.002129242686911892 -0.05959442207145257 0.020438963806999607 -0.12354060228843841 19099.0 59534.0 125230.00000000001 207808.0 296176.0 381122.0 456767.0 520259.0 570901.0 609294.0 636717.0 654704.0 664810.0 668478.0 666983.0 661419.0
2 1.0 238.70815311603627 43.21755461118286 -1.0105639153255492 0.2979543198349473 -0.002129242686911892 -0.05959442207145257 0.020438963806999607 -0.12354060228843841 16548.0 50878.0 106318.0 175965.0 250722.0 322986.0 387835.0 442807.0 487201.0 521410.00000000006 546405.0 563399.0 573641.0 578312.0 578466.0 575014.0
3 1.0 94.79605562537424 32.49260660570866 -1.0105639153255492 0.2979543198349473 -0.002129242686911892 -0.05959442207145257 0.020438963806999607 -0.12354060228843841 16160.999999999998 49861.0 104447.0 173172.0 247057.0 318562.0 382784.0 437252.0 481250.0 515155.00000000006 539921.0 556750.0 566882.0 571487.0 571614.0 568169.0
4 1.0 7.434359807662325 22.02919714188087 -1.0105639153255492 0.2979543198349473 -0.002129242686911892 -0.05959442207145257 0.020438963806999607 -0.12354060228843841 86703.0 200236.0 342220.0 488370.0 621331.0 732275.0 818669.0 881647.0 924071.0 949355.0 960836.0 961495.0 953859.0 939999.0 921585.0 899933.0
5 1.0 273.01631538101094 37.895112490022214 -1.0105639153255492 0.2979543198349473 -0.002129242686911892 -0.05959442207145257 0.020438963806999607 -0.12354060228843841 27750.0 82216.0 166508.0 268282.0 373461.0 471408.0 556006.0 624818.0 677811.0 716287.0 742139.0 757410.0 764046.0 763787.0 758124.0 748303.0
6 1.0 115.20617429608842 -53.113736347253685 -1.0105639153255492 0.2979543198349473 -0.002129242686911892 -0.05959442207145257 0.020438963806999607 -0.12354060228843841 36816.0 104305.0 204520.0 321583.0 439231.0 546084.0 636190.0 707678.0 761177.0 798589.0 822307.0 834752.0 838154.0 834454.0 825284.0 811986.0
7 1.0 138.04700190188328 -28.494339324348218 -1.0105639153255492 0.2979543198349473 -0.002129242686911892 -0.05959442207145257 0.020438963806999607 -0.12354060228843841 84740.0 199617.0 345648.0 497665.0 637081.0 754115.0 845699.0 912767.0 958188.0 985492.0 998173.0 999369.0 991754.0 977525.0 958451.0 935934.0
8 1.0 211.79416087929806 31.723646809943318 -1.0105639153255492 0.2979543198349473 -0.002129242686911892 -0.05959442207145257 0.020438963806999607 -0.12354060228843841 19600.0 56028.0 111622.0 178756.0 248753.0 314916.0 373210.0 421830.0 460483.0 489761.0 510696.99999999994 524479.0 532284.0 535198.0 534178.0 530043.0
9 1.0 299.17744388502854 68.26225734563889 -1.0105639153255492 0.2979543198349473 -0.002129242686911892 -0.05959442207145257 0.020438963806999607 -0.12354060228843841 27679.0 82171.0 166616.0 268655.0 374155.0 472425.0 557314.0 626367.0 679546.0 718157.0 744098.0 759421.0 766079.0 765817.0 760134.0 750281.0
10 1.0 226.43346369281355 7.86204968905713 -1.0105639153255492 0.2979543198349473 -0.002129242686911892 -0.05959442207145257 0.020438963806999607 -0.12354060228843841 26039.0 74720.0 148607.0 236975.0 328002.0 412843.0 486412.0 546649.0 593485.0 627957.0 651614.0 666143.0 673167.0 674146.0 670344.0 662825.0
11 1.0 314.1542359610623 -39.11406282980341 -1.0105639153255492 0.2979543198349473 -0.002129242686911892 -0.05959442207145257 0.020438963806999607 -0.12354060228843841 18812.0 52287.0 102423.0 162290.0 224296.0 282679.0 334011.0 376783.0 410781.0 436547.0 454992.0 467161.0 474085.0 476716.0 475890.0 472326.0
12 1.0 98.47513253362888 -84.55765355892314 -1.0105639153255492 0.2979543198349473 -0.002129242686911892 -0.05959442207145257 0.020438963806999607 -0.12354060228843841 15959.999999999998 50379.0 107220.0 179805.0 258670.0 335617.0 405175.0 464484.0 512623.99999999994 549894.0 577264.0 595998.0 607421.0 612796.0 613261.0 609801.0
13 1.0 287.29686020852296 37.8606292153584 -1.0105639153255492 0.2979543198349473 -0.002129242686911892 -0.05959442207145257 0.020438963806999607 -0.12354060228843841 40273.0 111846.0 216405.0 337092.0 457257.0 565544.0 656208.0 727618.0 780611.0 817255.0 840057.0 851519.0 853924.0 849245.0 839136.0 824950.0
14 1.0 66.8289399501428 -88.58086136848073 -1.0105639153255492 0.2979543198349473 -0.002129242686911892 -0.05959442207145257 0.020438963806999607 -0.12354060228843841 14852.0 47070.0 100549.0 169180.0 244116.0 317588.0 384340.0 441567.0 488299.0 524746.0 551771.0 570533.0 582269.0 588164.0 589294.0 586599.0
15 1.0 343.0049965099 -22.9177674322208 -1.0105639153255492 0.2979543198349473 -0.002129242686911892 -0.05959442207145257 0.020438963806999607 -0.12354060228843841 41601.0 97900.0 170433.0 247484.0 319980.0 382742.0 433733.0 472914.0 501306.99999999994 520383.99999999994 531712.0 536764.0 536842.0 533050.0 526302.0 517341.99999999994
16 1.0 247.4957794996135 5.496698621300723 -1.0105639153255492 0.2979543198349473 -0.002129242686911892 -0.05959442207145257 0.020438963806999607 -0.12354060228843841 22183.0 67360.0 139066.0 227565.0 320857.0 409375.0 487263.0 551874.0 602761.0 640766.0 667365.0 684249.0 693086.0 695402.0 692529.0 685599.0
17 1.0 77.58276376088104 75.98006311809476 -1.0105639153255492 0.2979543198349473 -0.002129242686911892 -0.05959442207145257 0.020438963806999607 -0.12354060228843841 14516.0 46140.0 98759.0 166409.0 240380.0 312999.0 379052.0 435747.0 482103.0 518310.99999999994 545210.0 563939.0 575712.0 581700.0 582962.0 580428.0
18 1.0 341.0534125760127 -73.89098189407798 -1.0105639153255492 0.2979543198349473 -0.002129242686911892 -0.05959442207145257 0.020438963806999607 -0.12354060228843841 11196.0 35372.0 75642.0 127691.0 185055.0 241923.0 294241.0 339738.0 377514.0 407578.0 430467.0 446976.0 457986.0 464367.0 466918.0 466353.0
19 1.0 263.1080904372568 -16.930382045708924 -1.0105639153255492 0.2979543198349473 -0.002129242686911892 -0.05959442207145257 0.020438963806999607 -0.12354060228843841 21270.0 64505.99999999999 133137.0 217919.0 307427.0 392520.0 467573.0 530011.0 579362.0 616394.0 642487.0 659239.0 668232.0 670922.0 668580.0 662293.0
20 1.0 91.4189913342093 -85.6236240521716 -1.0105639153255492 0.2979543198349473 -0.002129242686911892 -0.05959442207145257 0.020438963806999607 -0.12354060228843841 15486.0 48978.0 104419.0 175373.0 252633.0 328174.0 396608.0 455095.0 502689.99999999994 539654.0 566910.0 585679.0 597250.0 602855.0 603604.0 600466.0
21 1.0 76.79231185229351 -28.33002281851374 -1.0105639153255492 0.2979543198349473 -0.002129242686911892 -0.05959442207145257 0.020438963806999607 -0.12354060228843841 18724.0 58450.0 123099.0 204483.0 291700.0 375658.0 450534.0 513480.99999999994 563778.0 601996.0 629377.0 647424.0 657665.0 661519.0 660247.0 654926.0
22 1.0 186.55225701503878 22.00159059116308 -1.0105639153255492 0.2979543198349473 -0.002129242686911892 -0.05959442207145257 0.020438963806999607 -0.12354060228843841 36818.0 89854.0 160657.0 238059.0 312677.0 378716.0 433543.0 476664.0 508804.00000000006 531264.0 545529.0 553051.0 555145.0 552951.0 547427.0 539364.0
23 1.0 9.238578499631366 -39.767769318852295 -1.0105639153255492 0.2979543198349473 -0.002129242686911892 -0.05959442207145257 0.020438963806999607 -0.12354060228843841 17253.0 48252.0 95017.0 151224.0 209793.0 265259.0 314311.0 355434.0 388346.0 413496.0 431702.0 443922.0 451116.0 454175.0 453891.0 450944.0
24 1.0 74.68922715879938 -52.245009061985684 -1.0105639153255492 0.2979543198349473 -0.002129242686911892 -0.05959442207145257 0.020438963806999607 -0.12354060228843841 16358.999999999998 51553.0 109494.0 183247.0 263133.0 340847.0 410896.0 470453.0 518646.99999999994 555831.0 583019.0 601509.0 612654.0 617737.0 617906.0 614158.0
25 1.0 152.88676875054225 -69.17341800112314 -1.0105639153255492 0.2979543198349473 -0.002129242686911892 -0.05959442207145257 0.020438963806999607 -0.12354060228843841 34180.0 98253.0 194561.0 308092.0 423028.0 528076.0 617180.0 688300.0 741895.0 779723.0 804062.0 817254.0 821468.0 818604.0 810268.0 797785.0
26 1.0 134.7011929203212 13.88524392366152 -1.0105639153255492 0.2979543198349473 -0.002129242686911892 -0.05959442207145257 0.020438963806999607 -0.12354060228843841 43252.0 104598.0 185679.0 273531.0 357522.0 431247.0 491926.0 539179.0 573963.0 597844.0 612560.0 619785.0 621021.0 617555.0 610466.0 600638.0
27 1.0 166.88715277133184 35.14860106284348 -1.0105639153255492 0.2979543198349473 -0.002129242686911892 -0.05959442207145257 0.020438963806999607 -0.12354060228843841 24222.0 62287.0 115786.0 176788.0 237770.0 293551.0 341368.0 380260.0 410397.0 432560.0 447787.0 457173.0 461756.0 462463.0 460094.0 455323.0
28 1.0 99.94633426610349 30.95228530724802 -1.0105639153255492 0.2979543198349473 -0.002129242686911892 -0.05959442207145257 0.020438963806999607 -0.12354060228843841 16612.0 50593.0 105090.0 173234.0 246134.0 316428.0 379388.0 432666.0 475625.0 508672.0 532768.0 549102.0 558893.0 563289.0 563315.0 559856.0
29 1.0 211.24236472494076 80.79498372969132 -1.0105639153255492 0.2979543198349473 -0.002129242686911892 -0.05959442207145257 0.020438963806999607 -0.12354060228843841 12908.0 41033.0 87993.0 148672.0 215420.0 281383.0 341818.0 394100.0 437231.0 471276.0 496911.0 515105.00000000006 526917.0 533383.0 535452.0 533962.0
0 1.0 310.9880181323633 -89.51342149916951 -1.0105639153255492 0.2979543198349473 -0.002129242686911892 -0.05959442207145257 0.020438963806999607 -0.12354060228843841 14809.0 46922.0 100222.0 168627.0 243323.0 316573.0 383136.0 440214.0 486839.0 523216.0 550202.0 568952.0 580695.0 586613.0 587777.0 585124.0
1 1.0 42.31146814633191 26.49539770092649 -1.0105639153255492 0.2979543198349473 -0.002129242686911892 -0.05959442207145257 0.020438963806999607 -0.12354060228843841 35132.0 98676.0 192820.0 302936.0 413974.0 515298.00000000006 601241.0 669913.0 721770.0 758494.0 782252.0 795274.0 799631.0 797138.0 789335.0 777494.0
2 1.0 186.2564785754811 18.070602677575124 -1.0105639153255492 0.2979543198349473 -0.002129242686911892 -0.05959442207145257 0.020438963806999607 -0.12354060228843841 42821.0 102298.0 180010.0 263463.0 342670.0 411765.0 468312.0 512101.99999999994 544139.0 565960.0 579233.0 585547.0 586314.0 582742.0 575834.0 566411.0
3 1.0 47.54451828425519 15.973129794651868 -1.0105639153255492 0.2979543198349473 -0.002129242686911892 -0.05959442207145257 0.020438963806999607 -0.12354060228843841 28997.0 83838.0 167254.0 266893.0 369175.0 464026.0 545746.0 612122.0 663205.0 700287.0 725206.0 739931.0 746333.0 746083.0 740613.0 731122.0
4 1.0 258.06948522933374 83.29865757124364 -1.0105639153255492 0.2979543198349473 -0.002129242686911892 -0.05959442207145257 0.020438963806999607 -0.12354060228843841 15366.0 48525.0 103369.0 173542.0 249958.0 324698.0 392441.0 450377.0 497564.0 534252.0 561347.0 580049.0 591627.0 597295.0 598150.0 595150.0
5 1.0 142.58149301062573 -86.96309879339286 -1.0105639153255492 0.2979543198349473 -0.002129242686911892 -0.05959442207145257 0.020438963806999607 -0.12354060228843841 16341.000000000002 51454.0 109299.0 183011.0 262952.0 340811.0 411072.0 470875.0 519321.00000000006 556741.0 584138.0 602805.0 614095.0 619289.0 619540.0 615849.0
6 1.0 203.55167226906323 35.36683752626102 -1.0105639153255492 0.2979543198349473 -0.002129242686911892 -0.05959442207145257 0.020438963806999607 -0.12354060228843841 19029.0 53679.0 106111.0 169118.0 234633.0 296472.0 350926.0 396344.0 432474.0 459874.0 479508.0 492481.0 499889.0 502739.99999999994 501923.0 498197.0
7 1.0 65.9807410370683 56.462156946335426 -1.0105639153255492 0.2979543198349473 -0.002129242686911892 -0.05959442207145257 0.020438963806999607 -0.12354060228843841 17734.0 55598.0 117565.0 195998.0 280487.0 362225.0 435482.0 497384.0 547124.0 585174.0 612679.0 631059.0 641776.0 646199.0 645550.0 640879.0
8 1.0 52.1451933636158 1.7652953918851466 -1.0105639153255492 0.2979543198349473 -0.002129242686911892 -0.05959442207145257 0.020438963806999607 -0.12354060228843841 23183.0 69163.0 141137.0 229119.0 321231.0 408184.0 484392.0 547399.0 596871.0 633702.0 659373.0 675560.0 683905.0 685901.0 682852.0 675861.0
9 1.0 175.70026103362363 -29.886323472574354 -1.0105639153255492 0.2979543198349473 -0.002129242686911892 -0.05959442207145257 0.020438963806999607 -0.12354060228843841 100365.0 229887.0 390019.0 552954.0 699425.0 820067.0 912609.0 978778.0 1022099.0000000001 1046585.0000000001 1056074.0 1053935.0 1042989.0 1025525.9999999999 1003370.0000000001 977950.0
10 1.0 128.020585625984 52.35122938093289 -1.0105639153255492 0.2979543198349473 -0.002129242686911892 -0.05959442207145257 0.020438963806999607 -0.12354060228843841 12589.0 38254.0 79638.0 131841.0 188289.0 243377.0 293369.0 336296.0 371491.0 399118.0 419806.0 434392.0 443770.0 448800.0 450265.0 448848.0
11 1.0 338.5555002910127 -72.49627338616357 -1.0105639153255492 0.2979543198349473 -0.002129242686911892 -0.05959442207145257 0.020438963806999607 -0.12354060228843841 11134.0 35083.0 74896.0 126282.0 182866.0 238931.0 290493.0 335323.0 372538.0 402151.0 424690.0 440938.0 451763.0 458023.0 460507.0 459917.0
12 1.0 275.5170913705075 -10.43358520861345 -1.0105639153255492 0.2979543198349473 -0.002129242686911892 -0.05959442207145257 0.020438963806999607 -0.12354060228843841 24138.0 70864.0 143075.0 230550.0 321524.0 406964.0 481536.0 542967.0 591033.0 626677.0 651393.0 666846.0 674653.0 676281.0 673006.0 665905.0
13 1.0 269.51890314619703 3.5914274227508827 -1.0105639153255492 0.2979543198349473 -0.002129242686911892 -0.05959442207145257 0.020438963806999607 -0.12354060228843841 25144.0 74743.0 151970.0 245848.0 343572.0 435279.0 515150.0 580727.0 631796.0 669417.0 695245.0 711109.0 718780.0 719858.0 715726.0 707551.0
14 1.0 325.33910630853603 34.91215396821855 -1.0105639153255492 0.2979543198349473 -0.002129242686911892 -0.05959442207145257 0.020438963806999607 -0.12354060228843841 91108.0 214617.0 371128.0 533325.0 681257.0 804625.0 900397.0 969804.0 1016095.0 1043164.9999999999 1054819.0 1054449.0 1044915.0 1028559.9999999999 1007255.0 982476.0
15 1.0 30.032076759126678 -73.6405682341663 -1.0105639153255492 0.2979543198349473 -0.002129242686911892 -0.05959442207145257 0.020438963806999607 -0.12354060228843841 11706.0 37302.0 80183.0 135786.0 197176.0 258089.0 314148.0 362897.0 403363.0 435551.0 460035.0 477669.0 489398.0 496155.0 498800.0 498099.0
16 1.0 198.78928917206636 -49.00328972318503 -1.0105639153255492 0.2979543198349473 -0.002129242686911892 -0.05959442207145257 0.020438963806999607 -0.12354060228843841 54432.0 143458.0 267591.0 405738.0 539151.0 656122.0 751462.0 824409.0 876656.0 910992.0 930484.0 938045.0 936249.0 927269.0 912894.0 894562.0
17 1.0 210.4113848240768 -16.14571871577739 -1.0105639153255492 0.2979543198349473 -0.002129242686911892 -0.05959442207145257 0.020438963806999607 -0.12354060228843841 52296.0 133250.0 243986.0 366200.0 484019.0 587585.0 672502.0 738073.0 785675.0 817627.0 836511.0 844805.0 844715.0 838123.0 826588.0 811377.0
18 1.0 346.2970962770024 22.193041143623518 -1.0105639153255492 0.2979543198349473 -0.002129242686911892 -0.05959442207145257 0.020438963806999607 -0.12354060228843841 107586.0 239514.0 398386.0 556818.0 696930.0 810685.0 896709.0 957213.0 995900.0 1016788.0 1023622.0 1019641.0 1007528.9999999999 989448.0 967109.0 941845.0
19 1.0 105.17310964531758 69.65294061913514 -1.0105639153255492 0.2979543198349473 -0.002129242686911892 -0.05959442207145257 0.020438963806999607 -0.12354060228843841 12147.0 38672.0 83027.0 140422.0 203657.0 266263.0 323750.0 373619.0 414902.0 447635.0 472433.0 490190.0 501893.99999999994 508511.00000000006 510930.0 509939.99999999994
20 1.0 86.69836076956085 21.388710283447764 -1.0105639153255492 0.2979543198349473 -0.002129242686911892 -0.05959442207145257 0.020438963806999607 -0.12354060228843841 17881.0 55416.0 116237.0 192654.0 274518.0 353381.0 423828.0 483199.0 530800.0 567139.0 593350.0 610818.0 620952.0 625070.0 624340.0 619769.0
21 1.0 36.10581921557922 -65.9769352317118 -1.0105639153255492 0.2979543198349473 -0.002129242686911892 -0.05959442207145257 0.020438963806999607 -0.12354060228843841 11628.0 36875.0 79000.0 133453.0 193425.0 252805.0 307349.0 354694.0 393922.0 425066.0 448706.0 465686.0 476936.0 483370.0 485827.0 485051.0
22 1.0 5.9146666529307135 86.50442390171082 -1.0105639153255492 0.2979543198349473 -0.002129242686911892 -0.05959442207145257 0.020438963806999607 -0.12354060228843841 16495.0 51930.0 110278.0 184589.0 265129.0 343520.0 414209.0 474328.0 522984.0 560525.0 587970.0 606628.0 617865.0 622976.0 623122.0 619311.0
23 1.0 334.6305540451886 66.92143225598872 -1.0105639153255492 0.2979543198349473 -0.002129242686911892 -0.05959442207145257 0.020438963806999607 -0.12354060228843841 38278.0 108020.0 211110.0 331041.0 451118.0 559786.0 651090.0 723243.0 776984.0 814325.0 837747.0 849747.0 852608.0 848312.0 838520.0 824595.0
24 1.0 241.16995677272763 0.4897370061583217 -1.0105639153255492 0.2979543198349473 -0.002129242686911892 -0.05959442207145257 0.020438963806999607 -0.12354060228843841 23363.0 70209.0 143893.0 234201.0 328864.0 418251.0 496563.0 561251.0 611968.0 649644.0 675820.0 692231.0 700580.0 702411.0 699072.0 691700.0
25 1.0 282.6550483283296 76.02263672339393 -1.0105639153255492 0.2979543198349473 -0.002129242686911892 -0.05959442207145257 0.020438963806999607 -0.12354060228843841 19299.0 59783.0 125344.00000000001 207629.0 295633.0 380220.0 455560.0 518819.00000000006 569296.0 607587.0 634956.0 652929.0 663047.0 666748.0 665299.0 659789.0
26 1.0 101.42283807142167 7.448542876284435 -1.0105639153255492 0.2979543198349473 -0.002129242686911892 -0.05959442207145257 0.020438963806999607 -0.12354060228843841 24013.0 69890.0 140444.0 225718.0 314332.0 397563.0 470257.0 530209.0 577192.0 612109.0 636401.0 651673.0 659492.0 661280.0 658273.0 651520.0
27 1.0 211.1076598270776 76.19509222004936 -1.0105639153255492 0.2979543198349473 -0.002129242686911892 -0.05959442207145257 0.020438963806999607 -0.12354060228843841 12398.0 39309.0 84180.0 142141.0 205926.0 269029.0 326938.0 377148.0 418691.0 451609.0 476525.0 494344.0 506061.0 512650.99999999994 515014.0 513943.99999999994
28 1.0 23.023895803553206 59.38152634860177 -1.0105639153255492 0.2979543198349473 -0.002129242686911892 -0.05959442207145257 0.020438963806999607 -0.12354060228843841 37025.0 104870.0 205552.0 323077.0 441103.0 548216.0 638469.0 710009.0 763486.0 800829.0 824443.0 836766.0 840038.0 836204.0 826904.0 813481.0
29 1.0 174.82593453646425 84.29155385297352 -1.0105639153255492 0.2979543198349473 -0.002129242686911892 -0.05959442207145257 0.020438963806999607 -0.12354060228843841 12864.0 40995.0 88060.0 148957.0 216006.0 282306.0 343074.0 395658.0 439044.0 473292.0 499081.0 517383.00000000006 529267.0 535773.0 537858.0 536365.0
0 1.0 351.89825030800085 75.5609059400685 -1.0105639153255492 0.2979543198349473 -0.002129242686911892 -0.05959442207145257 0.020438963806999607 -0.12354060228843841 25858.0 77570.0 158500.0 257073.0 359684.0 455846.0 539397.0 607767.0 660775.0 699586.0 725987.0 741937.0 749324.0 749845.0 744963.0 735907.0
1 1.0 315.54188831397266 -83.5139128628575 -1.0105639153255492 0.2979543198349473 -0.002129242686911892 -0.05959442207145257 0.020438963806999607 -0.12354060228843841 12978.0 41280.0 88549.0 149635.0 216826.0 283216.0 344024.0 396610.0 439972.0 474178.0 499915.0 518161.0 529986.0 536434.0 538462.0 536916.0
2 1.0 121.73722266126443 -58.54103925103081 -1.0105639153255492 0.2979543198349473 -0.002129242686911892 -0.05959442207145257 0.020438963806999607 -0.12354060228843841 36699.0 104128.0 204339.0 321448.0 439163.0 546079.0 636234.0 707751.0 761261.0 798672.0 822377.0 834803.0 838182.0 834458.0 825263.0 811942.0
3 1.0 346.16525563493946 -19.95575812178656 -1.0105639153255492 0.2979543198349473 -0.002129242686911892 -0.05959442207145257 0.020438963806999607 -0.12354060228843841 46619.0 108111.0 186076.0 267757.0 343653.0 408580.0 460695.0 500196.0 528326.0 546738.0 557136.0 561096.0 559990.0 554977.0 547006.0 536846.0
4 1.0 83.41258552963363 81.38568551317573 -1.0105639153255492 0.2979543198349473 -0.002129242686911892 -0.05959442207145257 0.020438963806999607 -0.12354060228843841 14232.0 45279.0 97012.0 163619.0 236558.0 308267.0 373591.0 429747.0 475744.0 511745.0 538561.0 557304.0 569165.0 575294.0 576735.0 574405.0
5 1.0 341.75477606964535 -35.99479449433267 -1.0105639153255492 0.2979543198349473 -0.002129242686911892 -0.05959442207145257 0.020438963806999607 -0.12354060228843841 23474.0 60731.0 113377.0 173654.0 234112.0 289570.0 337232.0 376100.0 406307.0 428601.0 444001.0 453584.0 458376.0 459295.0 457136.0 452569.0
6 1.0 338.8959736943395 -61.11582410023181 -1.0105639153255492 0.2979543198349473 -0.002129242686911892 -0.05959442207145257 0.020438963806999607 -0.12354060228843841 11580.0 35380.0 73982.0 122931.0 176115.0 228253.0 275782.0 316783.0 350570.0 377253.0 397389.0 411745.0 421148.0 426402.0 428240.0 427308.0
7 1.0 287.71293144686103 69.53483989558077 -1.0105639153255492 0.2979543198349473 -0.002129242686911892 -0.05959442207145257 0.020438963806999607 -0.12354060228843841 23390.0 70963.0 146317.0 239067.0 336528.0 428664.0 509403.00000000006 576061.0 628259.0 666956.0 693753.0 710457.0 718835.0 720495.0 716834.0 709032.0
8 1.0 226.9612572720448 -9.649005213023472 -1.0105639153255492 0.2979543198349473 -0.002129242686911892 -0.05959442207145257 0.020438963806999607 -0.12354060228843841 31654.0 89655.0 176350.0 278569.0 382433.0 477936.0 559595.0 625433.0 675696.0 711818.0 735734.0 749475.0 754946.0 753835.0 747581.0 737385.0
9 1.0 314.7436679849809 73.41760698377868 -1.0105639153255492 0.2979543198349473 -0.002129242686911892 -0.05959442207145257 0.020438963806999607 -0.12354060228843841 26450.0 79062.0 161125.0 260818.0 364368.0 461221.0 545218.0 613825.0 666906.0 705669.0 731938.0 747699.0 754863.0 755142.0 750010.0 740703.0
10 1.0 105.48730242280682 -61.15851606237421 -1.0105639153255492 0.2979543198349473 -0.002129242686911892 -0.05959442207145257 0.020438963806999607 -0.12354060228843841 25677.0 77176.0 157877.0 256253.0 358716.0 454778.0 538268.0 606607.0 659604.0 698420.0 724837.0 740809.0 748224.0 748775.0 743926.0 734903.0
11 1.0 305.61967991265055 29.00115207145791 -1.0105639153255492 0.2979543198349473 -0.002129242686911892 -0.05959442207145257 0.020438963806999607 -0.12354060228843841 68546.0 169307.0 302810.0 446186.0 581022.0 696733.0 789251.0 858649.0 907166.0 937900.0 954076.0 958671.0 954269.0 943023.0 926690.0 906673.0
12 1.0 222.43560909030856 -10.75252449069147 -1.0105639153255492 0.2979543198349473 -0.002129242686911892 -0.05959442207145257 0.020438963806999607 -0.12354060228843841 35803.0 98648.0 190485.0 296985.0 403806.0 500969.0 583235.0 648916.0 698513.0 733658.0 756427.0 768947.0 773187.0 770876.0 763476.0 752200.0
13 1.0 4.765268793203816 -76.23238157454863 -1.0105639153255492 0.2979543198349473 -0.002129242686911892 -0.05959442207145257 0.020438963806999607 -0.12354060228843841 11408.0 36273.0 77887.0 131832.0 191402.0 250533.99999999997 304989.0 352382.0 391764.0 423134.0 447043.0 464311.0 475851.0 482565.0 485284.0 484748.0
14 1.0 125.00406645559904 35.363366037450106 -1.0105639153255492 0.2979543198349473 -0.002129242686911892 -0.05959442207145257 0.020438963806999607 -0.12354060228843841 18163.0 51544.0 102380.0 163808.0 227990.0 288834.0 342632.0 387687.0 423683.0 451121.0 470914.0 484128.0 491828.0 495002.0 494521.0 491136.0
15 1.0 53.330709941339414 -45.46822400295233 -1.0105639153255492 0.2979543198349473 -0.002129242686911892 -0.05959442207145257 0.020438963806999607 -0.12354060228843841 13928.0 43679.0 92641.0 155113.0 223065.0 289533.0 349849.0 401545.0 443789.0 476790.0 501332.0 518456.99999999994 529272.0 534837.0 536111.0 533935.0
16 1.0 353.45858033457114 -82.86920593568681 -1.0105639153255492 0.2979543198349473 -0.002129242686911892 -0.05959442207145257 0.020438963806999607 -0.12354060228843841 12498.0 39835.0 85601.0 144877.0 210222.0 274933.0 334345.0 385856.0 428454.0 462175.0 487657.0 505834.0 517733.0 524363.0 526650.0 525416.0
17 1.0 172.2133105343957 -79.21002631507682 -1.0105639153255492 0.2979543198349473 -0.002129242686911892 -0.05959442207145257 0.020438963806999607 -0.12354060228843841 22267.0 68052.0 141083.0 231493.0 326966.0 417627.0 497411.0 563565.0 615617.0 654432.0 681532.0 698660.0 707537.0 709735.0 706627.0 699376.0
18 1.0 179.06089157951857 -79.00586332797828 -1.0105639153255492 0.2979543198349473 -0.002129242686911892 -0.05959442207145257 0.020438963806999607 -0.12354060228843841 22242.0 67974.0 140923.0 231239.0 326620.0 417203.0 496926.0 563037.0 615062.0 653863.0 680960.0 698092.0 706979.0 709192.0 706100.0 698868.0
19 1.0 230.2101059035405 73.39193234730709 -1.0105639153255492 0.2979543198349473 -0.002129242686911892 -0.05959442207145257 0.020438963806999607 -0.12354060228843841 13383.0 42302.0 90330.0 152125.0 219858.0 286589.0 347558.0 400163.0 443445.0 477508.0 503063.99999999994 521109.99999999994 532729.0 538975.0 540807.0 539075.0
20 1.0 132.6904582066623 43.17910520923817 -1.0105639153255492 0.2979543198349473 -0.002129242686911892 -0.05959442207145257 0.020438963806999607 -0.12354060228843841 15387.0 44507.0 89623.0 144888.0 203304.0 259257.00000000003 309219.0 351482.0 385619.0 411981.0 431332.0 444596.0 452722.0 456598.0 457019.0 454672.0
21 1.0 49.284097806815616 71.6512242984723 -1.0105639153255492 0.2979543198349473 -0.002129242686911892 -0.05959442207145257 0.020438963806999607 -0.12354060228843841 19186.0 59713.0 125542.99999999999 208309.0 296914.0 382121.0 458026.0 521756.0 572600.0 611156.0 638700.0 656772.0 666930.0 670622.0 669129.0 663549.0
22 1.0 295.9623839499284 31.064816033373845 -1.0105639153255492 0.2979543198349473 -0.002129242686911892 -0.05959442207145257 0.020438963806999607 -0.12354060228843841 53368.0 139217.0 258342.00000000003 390748.0 518730.0 631195.0 723177.0 793882.0 844850.0 878680.0 898252.0 906320.0 905328.0 897351.0 884099.0 866956.0
23 1.0 68.34524828499286 5.2091872255589635 -1.0105639153255492 0.2979543198349473 -0.002129242686911892 -0.05959442207145257 0.020438963806999607 -0.12354060228843841 19558.0 60844.0 127765.99999999999 211700.0 301331.0 387314.0 463725.0 527721.0 578639.0 617128.0 644509.0 662354.0 672248.0 675659.0 673879.0 668016.0
24 1.0 184.07483371672416 -35.19965441747191 -1.0105639153255492 0.2979543198349473 -0.002129242686911892 -0.05959442207145257 0.020438963806999607 -0.12354060228843841 87624.0 207767.0 360960.0 520507.00000000006 666648.0 789014.0 884407.0 953885.0 1000551.0 1028186.0 1040516.9999999999 1040875.0 1032086.0000000001 1016465.0 995872.0 971771.0
25 1.0 80.75413043090613 89.63320523916121 -1.0105639153255492 0.2979543198349473 -0.002129242686911892 -0.05959442207145257 0.020438963806999607 -0.12354060228843841 14863.0 47119.0 100670.0 169399.0 244443.0 318020.0 384863.0 442163.0 488950.0 525435.0 552482.0 571254.0 582989.0 588877.0 589994.0 587281.0
26 1.0 35.22401441785226 -24.805969390909922 -1.0105639153255492 0.2979543198349473 -0.002129242686911892 -0.05959442207145257 0.020438963806999607 -0.12354060228843841 19751.0 56930.0 114054.0 183356.0 255852.00000000003 324537.0 385157.0 435780.0 476065.0 506604.00000000006 528460.0 542860.0 551030.0 554101.0 553068.0 548786.0
27 1.0 310.388946271806 -5.28318914149628 -1.0105639153255492 0.2979543198349473 -0.002129242686911892 -0.05959442207145257 0.020438963806999607 -0.12354060228843841 53687.0 128301.0 225444.0 329202.0 427013.0 511641.0 580212.0 632645.0 670344.0 695344.0 709805.0 715756.0 714987.0 709012.0 699081.0 686209.0
28 1.0 350.2510160483269 -21.915868513776886 -1.0105639153255492 0.2979543198349473 -0.002129242686911892 -0.05959442207145257 0.020438963806999607 -0.12354060228843841 42229.0 99292.0 172735.0 250687.0 323970.0 387364.0 438828.0 478334.0 506928.99999999994 526107.0 537457.0 542471.0 542465.0 538557.0 531669.0 522553.00000000006
29 1.0 345.90047690268005 86.31484728038254 -1.0105639153255492 0.2979543198349473 -0.002129242686911892 -0.05959442207145257 0.020438963806999607 -0.12354060228843841 16771.0 52717.0 111809.0 186959.0 268298.0 347365.0 418572.0 479050.0 527924.0 565566.0 593020.0 611619.0 622747.0 627714.0 627695.0 623705.0
