idx D_km lam beta x1 y1 z1 x2 y2 z2 flux5 flux6 flux7 flux8 flux9 flux10 flux11 flux12 flux13 flux14 flux15 flux16 flux17 flux18 flux19 flux20
0 1.0 197.5728614138369 73.17998985981222 -1.0027723691376285 0.3320867216038029 0.21119661212571894 -0.13440530499894215 -0.12391310578278712 0.013134931609404165 22419.0 61151.0 117183.0 181605.0 245724.0 303617.0 352267.0 390793.0 419598.0 439738.0 452506.0 459206.0 461032.0 459025.0 454059.0 446855.0
1 1.0 257.468171894071 49.328519885754986 -1.0027723691376285 0.3320867216038029 0.21119661212571894 -0.13440530499894215 -0.12391310578278712 0.013134931609404165 16675.0 47793.0 94934.0 151172.0 208913.0 262515.0 308768.0 346411.0 375453.0 396603.0 410883.0 419393.0 423184.0 423196.0 420236.0 414981.0
2 1.0 216.99481538579178 -30.033872634844457 -1.0027723691376285 0.3320867216038029 0.21119661212571894 -0.13440530499894215 -0.12391310578278712 0.013134931609404165 17181.0 49333.0 98118.0 156340.0 216079.0 271451.0 319123.0 357802.0 387523.0 409045.0 423450.0 431896.0 435482.0 435188.0 431855.0 426184.0
3 1.0 196.15794587888288 -75.40174980216058 -1.0027723691376285 0.3320867216038029 0.21119661212571894 -0.13440530499894215 -0.12391310578278712 0.013134931609404165 9366.0 29340.0 62261.0 104291.0 149972.0 194553.0 234856.0 269214.0 297086.0 318647.0 334458.0 345254.0 351808.0 354855.0 355056.0 352985.0
4 1.0 152.5157277620057 -16.69658914551468 -1.0027723691376285 0.3320867216038029 0.21119661212571894 -0.13440530499894215 -0.12391310578278712 0.013134931609404165 28065.0 66848.0 117304.0 171266.0 222281.0 266607.0 302725.0 330552.0 350771.0 364401.0 372532.0 376198.0 376316.0 373664.0 368890.0 362522.0
5 1.0 232.5218807039962 -48.19785440923031 -1.0027723691376285 0.3320867216038029 0.21119661212571894 -0.13440530499894215 -0.12391310578278712 0.013134931609404165 9740.0 30163.0 63536.99999999999 105902.0 151764.0 196393.0 236649.0 270904.0 298646.0 320067.0 335742.0 346411.0 352849.0 355792.0 355901.0 353750.0
6 1.0 157.5313960545693 -66.15222574356306 -1.0027723691376285 0.3320867216038029 0.21119661212571894 -0.13440530499894215 -0.12391310578278712 0.013134931609404165 9976.0 30847.0 64852.99999999999 107891.0 154339.0 199407.0 239941.0 274331.0 302096.0 323457.0 339016.0 349536.0 355806.0 358574.0 358507.0 356185.0
7 1.0 321.03828028154874 -80.38310727837145 -1.0027723691376285 0.3320867216038029 0.21119661212571894 -0.13440530499894215 -0.12391310578278712 0.013134931609404165 10772.0 32520.0 67262.0 110610.0 156903.0 201455.0 241262.0 274843.0 301808.0 322436.0 337354.0 347335.0 353167.0 355588.0 355255.0 352737.0
8 1.0 346.91859378037054 40.60698555790418 -1.0027723691376285 0.3320867216038029 0.21119661212571894 -0.13440530499894215 -0.12391310578278712 0.013134931609404165 28181.0 72289.0 132958.0 200207.0 265285.0 322699.0 369956.0 406609.0 433371.0 451489.0 462368.0 467363.0 467686.0 464375.0 458290.0 450133.0
9 1.0 138.03894677727996 -87.94305744749441 -1.0027723691376285 0.3320867216038029 0.21119661212571894 -0.13440530499894215 -0.12391310578278712 0.013134931609404165 9679.0 30117.0 63602.00000000001 106157.0 152238.0 197074.0 237498.0 271874.0 299692.0 321150.0 336831.0 347485.0 353893.0 356795.0 356858.0 354657.0
10 1.0 285.02101370975925 48.70453473049972 -1.0027723691376285 0.3320867216038029 0.21119661212571894 -0.13440530499894215 -0.12391310578278712 0.013134931609404165 15452.0 43912.0 86784.0 137790.0 190123.0 238746.0 280795.0 315140.0 341776.0 361323.0 374682.0 382828.0 386692.0 387112.0 384811.0 380396.0
11 1.0 190.40217111104562 -63.549603827932486 -1.0027723691376285 0.3320867216038029 0.21119661212571894 -0.13440530499894215 -0.12391310578278712 0.013134931609404165 10452.0 32278.0 67764.0 112562.0 160776.0 207417.0 249229.0 284575.0 312990.0 334737.0 350465.0 360982.0 367121.0 369662.0 369301.0 366639.0
12 1.0 204.49604199381562 -75.68602513438397 -1.0027723691376285 0.3320867216038029 0.21119661212571894 -0.13440530499894215 -0.12391310578278712 0.013134931609404165 9338.0 29253.0 62078.0 103995.0 149564.0 194050.0 234278.0 268587.0 296432.0 317984.0 333802.0 344616.0 351195.0 354273.0 354507.0 352471.0
13 1.0 333.214789785358 -73.87145383705104 -1.0027723691376285 0.3320867216038029 0.21119661212571894 -0.13440530499894215 -0.12391310578278712 0.013134931609404165 12444.0 36282.0 73283.0 118488.0 165990.0 211110.0 250970.00000000003 284243.0 310673.0 330643.0 344855.0 354129.0 359282.0 361069.0 360156.0 357113.0
14 1.0 25.5729809512393 30.968605323704594 -1.0027723691376285 0.3320867216038029 0.21119661212571894 -0.13440530499894215 -0.12391310578278712 0.013134931609404165 29141.0 77003.0 144123.0 219297.0 292379.0 356903.0 409895.0 450799.0 480430.0 500233.99999999994 511839.99999999994 516816.00000000006 516560.0 512260.99999999994 504904.0 495284.0
15 1.0 31.366547892554657 -45.83390222648794 -1.0027723691376285 0.3320867216038029 0.21119661212571894 -0.13440530499894215 -0.12391310578278712 0.013134931609404165 24211.0 64243.99999999999 121191.0 186050.0 250249.99999999997 308024.0 356469.0 394764.0 423347.0 443282.0 455865.0 462398.0 464073.0 461926.0 456830.0 449503.0
16 1.0 7.278623078517259 -14.302895997582283 -1.0027723691376285 0.3320867216038029 0.21119661212571894 -0.13440530499894215 -0.12391310578278712 0.013134931609404165 53625.0 122094.0 206521.0 292443.0 369859.0 433885.0 483292.0 518927.99999999994 542580.0 556309.0 562093.0 561683.0 556551.0 547897.0 536683.0 523667.0
17 1.0 299.74314439725765 10.326382438305046 -1.0027723691376285 0.3320867216038029 0.21119661212571894 -0.13440530499894215 -0.12391310578278712 0.013134931609404165 15141.0 39810.0 74895.0 115104.0 155344.0 192105.0 223525.0 248971.0 268571.0 282862.0 292551.0 298376.0 301034.0 301145.0 299243.0 295775.0
18 1.0 280.13643034194615 64.89921128918289 -1.0027723691376285 0.3320867216038029 0.21119661212571894 -0.13440530499894215 -0.12391310578278712 0.013134931609404165 17061.0 48786.0 96691.0 153657.0 211963.0 265922.0 312339.0 349993.0 378937.0 399918.0 413989.0 422272.0 425833.0 425620.0 422448.0 416996.0
19 1.0 313.2043733688549 40.8679672880391 -1.0027723691376285 0.3320867216038029 0.21119661212571894 -0.13440530499894215 -0.12391310578278712 0.013134931609404165 19053.0 51197.0 97401.0 150505.0 203549.0 251753.99999999997 292629.0 325382.0 350258.0 368043.0 379737.0 386367.0 388884.0 388131.0 384820.0 379546.0
20 1.0 352.30260320379506 -41.34097705703137 -1.0027723691376285 0.3320867216038029 0.21119661212571894 -0.13440530499894215 -0.12391310578278712 0.013134931609404165 34360.0 81414.0 142167.0 206630.0 267067.0 319104.0 361064.0 392979.0 415771.0 430731.0 439212.0 442476.0 441630.0 437609.0 431181.0 422970.0
21 1.0 287.6970831180205 -66.33309612759703 -1.0027723691376285 0.3320867216038029 0.21119661212571894 -0.13440530499894215 -0.12391310578278712 0.013134931609404165 10168.0 30286.0 62155.0 101751.0 143976.0 184630.0 221018.0 251807.0 276634.0 295737.0 309668.0 319111.0 324771.0 327307.0 327312.0 325298.0
22 1.0 166.13257041105547 -80.03262232418437 -1.0027723691376285 0.3320867216038029 0.21119661212571894 -0.13440530499894215 -0.12391310578278712 0.013134931609404165 9359.0 29338.0 62286.0 104368.0 150118.0 194776.0 235154.0 269580.0 297511.0 319118.0 334965.0 345787.0 352358.0 355415.0 355619.0 353547.0
23 1.0 280.99050346312396 -35.712245793430355 -1.0027723691376285 0.3320867216038029 0.21119661212571894 -0.13440530499894215 -0.12391310578278712 0.013134931609404165 9259.0 26818.0 54076.0 87530.0 122954.0 156942.0 187333.0 213071.0 233877.0 249949.0 261741.99999999997 269814.0 274739.0 277057.0 277255.0 275754.0
24 1.0 42.57879331281596 -42.818733136857915 -1.0027723691376285 0.3320867216038029 0.21119661212571894 -0.13440530499894215 -0.12391310578278712 0.013134931609404165 20380.0 56423.0 109481.0 171409.0 233857.0 290909.0 339389.0 378217.0 407624.0 428530.0 442135.0 449682.0 452328.0 451092.0 446838.0 440283.0
25 1.0 230.3715676779086 -7.894697975913658 -1.0027723691376285 0.3320867216038029 0.21119661212571894 -0.13440530499894215 -0.12391310578278712 0.013134931609404165 17754.0 50932.0 101155.0 160934.0 222099.0 278631.0 327154.0 366393.0 396425.0 418062.0 432433.0 440736.0 444103.0 443539.0 439905.0 433917.0
26 1.0 51.607183467256704 32.990640398582485 -1.0027723691376285 0.3320867216038029 0.21119661212571894 -0.13440530499894215 -0.12391310578278712 0.013134931609404165 17034.0 48852.0 97082.0 154624.0 213678.0 268449.0 315648.0 353992.0 383502.0 404921.0 419307.0 427796.0 431471.0 431297.0 428103.0 422584.0
27 1.0 340.0808101378502 35.21258021499429 -1.0027723691376285 0.3320867216038029 0.21119661212571894 -0.13440530499894215 -0.12391310578278712 0.013134931609404165 29494.0 73822.0 133628.0 199049.0 261755.00000000003 316677.0 361612.0 396270.0 421422.0 438308.0 448298.0 452698.0 452669.0 449200.0 443111.0 435070.0
28 1.0 187.8653958300258 -38.96660761521 -1.0027723691376285 0.3320867216038029 0.21119661212571894 -0.13440530499894215 -0.12391310578278712 0.013134931609404165 20385.0 55313.0 106103.0 165017.0 224277.0 278409.0 324480.0 361489.0 389643.0 409789.0 423039.0 430547.0 433393.0 432530.0 428771.0 422793.0
29 1.0 149.2782983965885 -21.61314793797831 -1.0027723691376285 0.3320867216038029 0.21119661212571894 -0.13440530499894215 -0.12391310578278712 0.013134931609404165 23475.0 57674.0 103574.0 153938.0 202617.0 245775.0 281641.0 309859.0 330882.0 345553.0 354841.0 359698.0 360987.0 359458.0 355742.0 350359.0
0 1.0 95.24002035766571 -57.39282688735745 -1.0027723691376285 0.3320867216038029 0.21119661212571894 -0.13440530499894215 -0.12391310578278712 0.013134931609404165 9092.0 28351.0 60014.0 100408.0 144325.0 187233.0 226089.0 259290.00000000003 286303.0 307277.0 322739.0 333381.0 339936.0 343104.0 343514.0 341719.0
1 1.0 278.724128196318 51.93819221517336 -1.0027723691376285 0.3320867216038029 0.21119661212571894 -0.13440530499894215 -0.12391310578278712 0.013134931609404165 15712.0 44890.0 89011.0 141623.0 195673.0 245922.0 289383.0 324867.0 352363.0 372511.0 386244.0 394575.0 398472.0 398806.0 396328.0 391668.0
2 1.0 164.21411959795748 -79.76734624201674 -1.0027723691376285 0.3320867216038029 0.21119661212571894 -0.13440530499894215 -0.12391310578278712 0.013134931609404165 9359.0 29340.0 62293.0 104384.0 150145.0 194816.0 235206.0 269643.0 297582.0 319196.0 335049.0 345875.0 352448.0 355506.0 355711.0 353639.0
3 1.0 204.63622159271347 35.459503510497726 -1.0027723691376285 0.3320867216038029 0.21119661212571894 -0.13440530499894215 -0.12391310578278712 0.013134931609404165 41051.0 100677.0 179173.0 263053.0 341600.0 408739.0 462200.0 502111.0 529834.0 547213.0 556149.0 558388.0 555438.0 548555.0 538757.0 526858.0
4 1.0 6.764328157087851 50.1651712693986 -1.0027723691376285 0.3320867216038029 0.21119661212571894 -0.13440530499894215 -0.12391310578278712 0.013134931609404165 23543.0 64098.0 122600.0 189654.0 256170.0 316012.0 366101.0 405580.0 434924.0 455268.0 467985.0 474447.0 475902.0 473433.0 467948.0 460194.0
5 1.0 222.34877894731574 49.93336113277556 -1.0027723691376285 0.3320867216038029 0.21119661212571894 -0.13440530499894215 -0.12391310578278712 0.013134931609404165 26537.0 71253.0 134865.0 206913.0 277617.0 340570.0 392703.0 433307.0 463046.0 483240.0 495418.0 501075.99999999994 501559.0 498021.0 491421.0 482540.0
6 1.0 220.3544601800717 -43.303938417836115 -1.0027723691376285 0.3320867216038029 0.21119661212571894 -0.13440530499894215 -0.12391310578278712 0.013134931609404165 12049.0 36556.0 75715.0 124428.0 176185.0 225664.0 269517.0 306157.0 335238.0 357156.0 372684.0 382736.0 388228.0 390006.0 388814.0 385290.0
7 1.0 222.0962388749125 -22.713635172138936 -1.0027723691376285 0.3320867216038029 0.21119661212571894 -0.13440530499894215 -0.12391310578278712 0.013134931609404165 17707.0 50723.0 100668.0 160103.0 220922.0 277147.0 325425.0 364484.0 394396.0 415964.0 430306.0 438613.0 442006.0 441486.0 437907.0 431981.0
8 1.0 339.7493082652647 15.76793433535002 -1.0027723691376285 0.3320867216038029 0.21119661212571894 -0.13440530499894215 -0.12391310578278712 0.013134931609404165 40239.0 92826.0 158713.0 226783.0 289040.0 341351.0 382462.0 412811.0 433650.0 446503.0 452881.0 454142.0 451446.0 445750.0 437830.0 428303.0
9 1.0 245.45530767725404 -40.892057563595934 -1.0027723691376285 0.3320867216038029 0.21119661212571894 -0.13440530499894215 -0.12391310578278712 0.013134931609404165 8954.0 27612.0 58075.0 96804.0 138861.0 179962.0 217231.0 249144.0 275185.0 295485.0 310531.0 320971.0 327496.0 330765.0 331377.0 329856.0
10 1.0 129.42284420656296 -23.246496140780025 -1.0027723691376285 0.3320867216038029 0.21119661212571894 -0.13440530499894215 -0.12391310578278712 0.013134931609404165 13464.0 36223.0 69419.0 108299.0 147968.0 184854.0 216924.0 243354.0 264113.0 279618.0 290495.0 297435.0 301106.0 302117.0 301000.0 298208.0
11 1.0 157.33150336776293 -54.530229566584865 -1.0027723691376285 0.3320867216038029 0.21119661212571894 -0.13440530499894215 -0.12391310578278712 0.013134931609404165 11924.0 35311.0 72058.0 117333.0 165198.0 210873.0 251371.99999999997 285285.0 312307.0 332793.0 347436.0 357054.0 362474.0 364458.0 363683.0 360727.0
12 1.0 251.14723053381536 -7.225940923918671 -1.0027723691376285 0.3320867216038029 0.21119661212571894 -0.13440530499894215 -0.12391310578278712 0.013134931609404165 10313.0 30873.0 63611.0 104473.0 148227.0 190507.0 228480.0 260712.99999999997 286789.0 306922.0 321667.0 331721.0 337811.0 340622.0 340769.0 338787.0
13 1.0 21.68116978653714 -81.96978577425946 -1.0027723691376285 0.3320867216038029 0.21119661212571894 -0.13440530499894215 -0.12391310578278712 0.013134931609404165 10875.0 33113.0 68852.0 113599.0 161475.0 207585.0 248783.0 283515.0 311369.0 332635.0 347972.0 358186.0 364099.0 366484.0 366024.0 363311.0
14 1.0 240.03601756044037 53.96325922271123 -1.0027723691376285 0.3320867216038029 0.21119661212571894 -0.13440530499894215 -0.12391310578278712 0.013134931609404165 20322.0 57150.0 111798.0 175781.0 240332.0 299237.0 349182.0 389059.0 419136.0 440396.0 454106.0 461570.0 463997.0 462447.0 457818.0 450851.0
15 1.0 241.4296330625374 -76.1478395424061 -1.0027723691376285 0.3320867216038029 0.21119661212571894 -0.13440530499894215 -0.12391310578278712 0.013134931609404165 9234.0 28745.0 60761.0 101533.0 145789.0 188963.0 228004.0 261314.0 288374.0 309346.0 324770.0 335349.0 341824.0 344901.0 345216.0 343322.0
16 1.0 75.73772198658273 3.3903267896746883 -1.0027723691376285 0.3320867216038029 0.21119661212571894 -0.13440530499894215 -0.12391310578278712 0.013134931609404165 10116.0 30056.0 61613.0 100848.0 142760.0 183212.0 219527.0 250358.00000000003 275315.0 294607.0 308761.0 318441.0 324336.0 327098.0 327312.0 325488.0
17 1.0 46.41346715574719 -34.7741820818647 -1.0027723691376285 0.3320867216038029 0.21119661212571894 -0.13440530499894215 -0.12391310578278712 0.013134931609404165 20584.0 57230.0 111272.0 174363.0 237943.0 295959.0 345178.0 384517.0 414232.0 435281.0 448900.0 456366.0 458863.0 457431.0 452952.0 446155.0
18 1.0 113.55420633270619 13.957730789647584 -1.0027723691376285 0.3320867216038029 0.21119661212571894 -0.13440530499894215 -0.12391310578278712 0.013134931609404165 12807.0 34208.0 65142.00000000001 101088.0 137510.0 171174.0 200281.0 224144.0 242784.0 256620.00000000003 266245.0 272302.0 275408.0 276120.0 274922.0 272226.0
19 1.0 130.93587753934415 82.69800135001651 -1.0027723691376285 0.3320867216038029 0.21119661212571894 -0.13440530499894215 -0.12391310578278712 0.013134931609404165 18839.0 52709.0 102882.0 161676.0 221148.0 275641.0 322093.0 359438.0 387859.0 408204.0 421593.0 429195.0 432100.0 431274.0 427535.0 421568.0
20 1.0 205.27083735043666 26.20264400208069 -1.0027723691376285 0.3320867216038029 0.21119661212571894 -0.13440530499894215 -0.12391310578278712 0.013134931609404165 44081.0 106935.0 188854.0 275687.0 356436.0 425002.0 479227.0 519385.0 546978.0 563968.0 572346.0 573925.0 570261.0 562643.0 552112.0 539498.0
21 1.0 157.89654484643532 -83.63476156401164 -1.0027723691376285 0.3320867216038029 0.21119661212571894 -0.13440530499894215 -0.12391310578278712 0.013134931609404165 9437.0 29525.0 62597.0 104785.0 150605.0 195297.0 235677.0 270083.0 297981.0 319547.0 335351.0 346130.0 352660.0 355679.0 355848.0 353746.0
22 1.0 355.8145817013214 -12.527560888548976 -1.0027723691376285 0.3320867216038029 0.21119661212571894 -0.13440530499894215 -0.12391310578278712 0.013134931609404165 54113.0 120774.0 201321.0 281915.0 353447.0 411765.0 456103.0 487523.0 507866.00000000006 519140.00000000006 523231.0 521771.0 516119.0 507370.0 496396.0 483877.0
23 1.0 36.736131869290105 1.803033417285036 -1.0027723691376285 0.3320867216038029 0.21119661212571894 -0.13440530499894215 -0.12391310578278712 0.013134931609404165 32035.0 83268.0 154102.0 232567.0 308146.0 374316.0 428206.0 469421.0 498931.0 518317.0 529311.0 533559.0 532514.0 527403.0 519236.00000000006 508827.99999999994
24 1.0 75.19563219414049 6.511949046621353 -1.0027723691376285 0.3320867216038029 0.21119661212571894 -0.13440530499894215 -0.12391310578278712 0.013134931609404165 10343.0 30632.0 62636.0 102319.0 144612.0 185349.0 221852.0 252786.0 277779.0 297056.0 311158.0 320763.0 326567.0 329230.0 329342.0 327414.0
25 1.0 58.07142643859865 32.65065190869082 -1.0027723691376285 0.3320867216038029 0.21119661212571894 -0.13440530499894215 -0.12391310578278712 0.013134931609404165 15197.0 43891.0 87779.0 140618.0 195346.0 246586.0 291186.0 327822.0 356389.0 377477.0 391997.0 400961.0 405348.0 406042.0 403813.0 399309.0
26 1.0 235.11899716754343 -40.032702408282105 -1.0027723691376285 0.3320867216038029 0.21119661212571894 -0.13440530499894215 -0.12391310578278712 0.013134931609404165 10077.0 31019.0 65067.0 108125.0 154594.0 199696.0 240283.0 274738.0 302573.0 324004.0 339628.0 350202.0 356516.0 359317.0 359274.0 356966.0
27 1.0 91.18497691432157 -66.80509821606236 -1.0027723691376285 0.3320867216038029 0.21119661212571894 -0.13440530499894215 -0.12391310578278712 0.013134931609404165 9500.0 29673.0 62844.0 105125.0 151018.0 195760.0 236172.0 270594.0 298494.0 320055.0 335846.0 346610.0 353121.0 356120.0 356269.0 354145.0
28 1.0 167.87187822827028 -19.31837822152302 -1.0027723691376285 0.3320867216038029 0.21119661212571894 -0.13440530499894215 -0.12391310578278712 0.013134931609404165 34275.0 81169.0 141686.0 205880.0 266052.0 317852.0 359619.0 391386.0 414073.0 428966.0 437410.0 440662.0 439825.0 435826.0 429433.0 421264.0
29 1.0 87.99321312057698 82.1530301032708 -1.0027723691376285 0.3320867216038029 0.21119661212571894 -0.13440530499894215 -0.12391310578278712 0.013134931609404165 17947.0 50683.0 99579.0 157245.0 215883.0 269855.0 316055.0 353356.0 381879.0 402424.0 416072.0 423965.0 427175.0 426654.0 423214.0 417533.0
0 1.0 57.2290501123871 -56.31643948484795 -1.0027723691376285 0.3320867216038029 0.21119661212571894 -0.13440530499894215 -0.12391310578278712 0.013134931609404165 12777.0 38393.0 78953.0 129048.0 181961.0 232288.0 276688.0 313619.0 342791.0 364653.0 380023.0 389850.0 395074.0 396561.0 395070.0 391244.0
1 1.0 39.73505081914985 72.71711188708267 -1.0027723691376285 0.3320867216038029 0.21119661212571894 -0.13440530499894215 -0.12391310578278712 0.013134931609404165 17230.0 49248.0 97566.0 154985.0 213714.0 268026.0 314708.0 352542.0 381591.0 402616.0 416685.0 424930.0 428428.0 428135.0 424872.0 419323.0
2 1.0 236.27865220749842 7.885071013918747 -1.0027723691376285 0.3320867216038029 0.21119661212571894 -0.13440530499894215 -0.12391310578278712 0.013134931609404165 17838.0 51096.0 101382.0 161185.0 222341.0 278840.0 327320.0 366514.0 396503.0 418102.0 432440.0 440717.0 444064.0 443484.0 439838.0 433841.0
3 1.0 49.74586248550097 -7.755944103762147 -1.0027723691376285 0.3320867216038029 0.21119661212571894 -0.13440530499894215 -0.12391310578278712 0.013134931609404165 21114.0 58976.0 114846.0 179979.0 245455.0 305013.0 355355.0 395417.0 425517.0 446683.0 460219.0 467459.0 469632.0 467813.0 462911.0 455673.0
4 1.0 70.76965020481926 68.76745384138013 -1.0027723691376285 0.3320867216038029 0.21119661212571894 -0.13440530499894215 -0.12391310578278712 0.013134931609404165 16497.0 46895.0 92621.0 146893.0 202413.0 253819.00000000003 298096.0 334090.0 361839.0 382042.0 395685.0 403821.0 407455.0 407481.0 404669.0 399665.0
5 1.0 132.74106143794708 -7.451286881654539 -1.0027723691376285 0.3320867216038029 0.21119661212571894 -0.13440530499894215 -0.12391310578278712 0.013134931609404165 18543.0 46083.0 83499.0 124997.0 165509.0 201781.0 232239.0 256483.00000000003 274807.0 287852.0 296382.0 301164.0 302905.0 302222.0 299640.0 295597.0
6 1.0 295.55756274525663 40.350174590077785 -1.0027723691376285 0.3320867216038029 0.21119661212571894 -0.13440530499894215 -0.12391310578278712 0.013134931609404165 15574.0 43338.0 84495.0 132938.0 182281.0 227895.0 267201.0 299221.0 324002.0 342153.0 354531.0 362049.0 365580.0 365905.0 363694.0 359514.0
7 1.0 34.956459285502056 -18.17544209344163 -1.0027723691376285 0.3320867216038029 0.21119661212571894 -0.13440530499894215 -0.12391310578278712 0.013134931609404165 33558.0 85644.0 156765.0 234949.0 309899.0 375310.0 428464.0 469039.0 498035.0 517031.0 527744.0 531801.0 530637.0 525464.0 517275.99999999994 506878.00000000006
8 1.0 301.6601666995694 72.7279907221724 -1.0027723691376285 0.3320867216038029 0.21119661212571894 -0.13440530499894215 -0.12391310578278712 0.013134931609404165 17525.0 50072.0 99155.0 157438.0 216996.0 272020.0 319261.0 357498.0 386807.0 407972.0 422085.0 430302.0 433716.0 433300.0 429886.0 424169.0
9 1.0 34.59542684182671 34.20450363442093 -1.0027723691376285 0.3320867216038029 0.21119661212571894 -0.13440530499894215 -0.12391310578278712 0.013134931609404165 23544.0 64792.0 124733.0 193721.0 262296.0 324033.0 375688.0 416354.0 446518.0 467362.0 480316.0 486809.0 488141.0 485436.0 479636.0 471512.0
10 1.0 351.5254074048225 35.931969765093015 -1.0027723691376285 0.3320867216038029 0.21119661212571894 -0.13440530499894215 -0.12391310578278712 0.013134931609404165 31866.0 79901.0 144662.0 215350.0 282894.0 341820.0 389796.0 426572.0 453035.0 470577.0 480706.0 484853.0 484285.0 480074.0 473105.0 464095.0
11 1.0 168.71443259317257 -31.010327719718596 -1.0027723691376285 0.3320867216038029 0.21119661212571894 -0.13440530499894215 -0.12391310578278712 0.013134931609404165 25321.0 63825.99999999999 116560.0 175196.0 232361.0 283317.0 325804.0 359287.0 384247.0 401659.0 412667.0 418402.0 419897.0 418046.0 413604.0 407193.0
12 1.0 351.6339917485214 46.22015569264005 -1.0027723691376285 0.3320867216038029 0.21119661212571894 -0.13440530499894215 -0.12391310578278712 0.013134931609404165 25614.0 67665.0 126894.0 193668.0 259116.0 317459.0 365922.0 403853.0 431836.0 451052.0 462874.0 468655.0 469616.0 466811.0 461117.0 453256.0
13 1.0 217.74438710821656 24.490989980485438 -1.0027723691376285 0.3320867216038029 0.21119661212571894 -0.13440530499894215 -0.12391310578278712 0.013134931609404165 34260.0 87972.0 161422.0 242086.0 319229.0 386334.0 440643.0 481890.0 511166.0 530145.0 540630.0 544315.0 542687.0 536995.0 528262.0 517313.0
14 1.0 266.1348885833886 -46.79635079165228 -1.0027723691376285 0.3320867216038029 0.21119661212571894 -0.13440530499894215 -0.12391310578278712 0.013134931609404165 8541.0 25854.0 53719.0 88813.0 126694.0 163578.0 196956.0 225515.0 248824.0 267012.0 280519.0 289921.0 295831.0 298833.0 299459.0 298172.0
15 1.0 14.107605211555443 -61.103011952653844 -1.0027723691376285 0.3320867216038029 0.21119661212571894 -0.13440530499894215 -0.12391310578278712 0.013134931609404165 18946.0 51587.0 99290.0 154910.0 211152.0 262809.0 307031.0 342790.0 370213.0 390047.0 403311.0 411074.0 414349.0 414035.0 410902.0 405596.0
16 1.0 101.81050652750744 53.35046541311971 -1.0027723691376285 0.3320867216038029 0.21119661212571894 -0.13440530499894215 -0.12391310578278712 0.013134931609404165 15703.000000000002 43265.0 83818.0 131308.0 179508.0 223948.0 262162.0 293235.0 317238.0 334782.0 346710.0 353917.0 357257.0 357488.0 355264.0 351135.0
17 1.0 43.270762036740805 82.64998854634004 -1.0027723691376285 0.3320867216038029 0.21119661212571894 -0.13440530499894215 -0.12391310578278712 0.013134931609404165 17638.0 50207.0 99171.0 157183.0 216373.0 270993.0 317846.0 355742.0 384771.0 405722.0 419679.0 427792.0 431145.0 430704.0 427293.0 421599.0
18 1.0 106.61047110797217 -7.535011093192281 -1.0027723691376285 0.3320867216038029 0.21119661212571894 -0.13440530499894215 -0.12391310578278712 0.013134931609404165 9407.0 26856.0 53604.0 86129.0 120327.0 152957.0 182004.0 206511.0 226251.0 241447.0 252548.0 260100.0 264654.0 266732.0 266795.0 265246.0
19 1.0 42.74197882352786 16.377149758263286 -1.0027723691376285 0.3320867216038029 0.21119661212571894 -0.13440530499894215 -0.12391310578278712 0.013134931609404165 23885.0 65594.0 126092.00000000001 195612.0 264624.0 326675.0 378528.0 419291.0 449476.0 470285.0 483166.0 489560.0 490778.0 487950.0 482026.0 473778.0
20 1.0 114.47394458183138 64.39007595483983 -1.0027723691376285 0.3320867216038029 0.21119661212571894 -0.13440530499894215 -0.12391310578278712 0.013134931609404165 18302.0 49892.0 95830.0 149062.0 202560.0 251411.0 293001.0 326451.0 351957.0 370282.0 382421.0 389405.0 392197.0 391649.0 388487.0 383314.0
21 1.0 149.13467802528118 -7.699778396305732 -1.0027723691376285 0.3320867216038029 0.21119661212571894 -0.13440530499894215 -0.12391310578278712 0.013134931609404165 30401.0 70696.0 121829.0 175383.0 225085.0 267525.0 301500.0 327159.0 345336.0 357132.0 363677.0 366010.0 365037.0 361519.0 356078.0 349218.0
22 1.0 23.09309868556237 81.3374058298925 -1.0027723691376285 0.3320867216038029 0.21119661212571894 -0.13440530499894215 -0.12391310578278712 0.013134931609404165 17596.0 50208.0 99333.0 157614.0 217133.0 272092.0 319257.0 357417.0 386654.0 407757.0 421817.0 429991.0 433371.0 432930.0 429497.0 423767.0
23 1.0 249.28996297320714 13.63520916807704 -1.0027723691376285 0.3320867216038029 0.21119661212571894 -0.13440530499894215 -0.12391310578278712 0.013134931609404165 13381.0 39173.0 79235.0 128133.0 179414.0 227992.0 270759.0 306309.0 334398.0 355473.0 370320.0 379845.0 384947.0 386451.0 385081.0 381454.0
24 1.0 203.97652351436705 57.738081726236686 -1.0027723691376285 0.3320867216038029 0.21119661212571894 -0.13440530499894215 -0.12391310578278712 0.013134931609404165 29073.0 75763.0 140639.0 212934.0 283048.0 344912.0 395755.0 435071.0 463639.0 482830.0 494185.0 499189.0 499169.0 495256.0 488387.0 479322.0
25 1.0 95.54021673820034 73.5918693142929 -1.0027723691376285 0.3320867216038029 0.21119661212571894 -0.13440530499894215 -0.12391310578278712 0.013134931609404165 17517.0 49115.0 96084.0 151336.0 207457.0 259106.99999999997 303352.0 339124.0 366536.0 386341.0 399564.0 407284.0 410520.0 410176.0 407024.0 401713.0
26 1.0 188.36929924801188 56.7942873783424 -1.0027723691376285 0.3320867216038029 0.21119661212571894 -0.13440530499894215 -0.12391310578278712 0.013134931609404165 31911.000000000004 80572.0 146505.0 218691.0 287794.0 348141.0 397297.0 434979.0 462088.0 480044.0 490398.0 494619.0 494008.0 489667.0 482504.0 473254.0
27 1.0 33.818583873039 -61.30539657918793 -1.0027723691376285 0.3320867216038029 0.21119661212571894 -0.13440530499894215 -0.12391310578278712 0.013134931609404165 16139.0 46001.0 91254.0 145375.0 201141.0 253120.0 298173.0 335024.0 363620.0 384603.0 398926.0 407632.0 411726.0 412111.0 409567.0 404752.0
28 1.0 207.34073840022455 23.201719031106066 -1.0027723691376285 0.3320867216038029 0.21119661212571894 -0.13440530499894215 -0.12391310578278712 0.013134931609404165 43113.0 105263.0 186701.0 273357.0 354171.0 422954.0 477465.0 517922.0 545798.0 563040.0 571633.0 573392.0 569875.0 562377.0 551943.0 539405.0
29 1.0 334.5466311274371 -18.28183344845813 -1.0027723691376285 0.3320867216038029 0.21119661212571894 -0.13440530499894215 -0.12391310578278712 0.013134931609404165 40019.0 89923.0 150768.0 212188.0 267184.0 312440.0 347210.0 372179.0 388666.0 398157.0 402064.0 401628.0 397890.0 391694.0 383714.0 374482.0
0 1.0 114.68482288247652 -78.71166863579778 -1.0027723691376285 0.3320867216038029 0.21119661212571894 -0.13440530499894215 -0.12391310578278712 0.013134931609404165 9486.0 29693.0 62973.0 105434.0 151553.0 196534.0 237171.0 271790.0 299852.0 321539.0 337422.0 348247.0 354796.0 357811.0 357960.0 355823.0
1 1.0 240.2677367869254 -13.674194659828444 -1.0027723691376285 0.3320867216038029 0.21119661212571894 -0.13440530499894215 -0.12391310578278712 0.013134931609404165 12131.0 36340.0 74728.0 122310.0 172803.0 221083.0 263924.0 299788.0 328327.0 349911.0 365276.0 375302.0 380869.0 382796.0 381806.0 378517.0
2 1.0 47.447230465581185 -43.436867959906614 -1.0027723691376285 0.3320867216038029 0.21119661212571894 -0.13440530499894215 -0.12391310578278712 0.013134931609404165 18006.0 51100.0 100853.0 159846.0 220087.0 275712.0 323447.0 362059.0 391631.0 412958.0 427147.0 435370.0 438737.0 438234.0 434702.0 428847.0
3 1.0 257.8777934826836 62.82689551713193 -1.0027723691376285 0.3320867216038029 0.21119661212571894 -0.13440530499894215 -0.12391310578278712 0.013134931609404165 17929.0 51139.0 101143.0 160440.0 220959.0 276798.0 324672.0 363358.0 392952.0 414265.0 428415.0 436583.0 439887.0 439317.0 435718.0 429796.0
4 1.0 104.1861934609924 -84.00516722159469 -1.0027723691376285 0.3320867216038029 0.21119661212571894 -0.13440530499894215 -0.12391310578278712 0.013134931609404165 9696.0 30216.0 63878.00000000001 106691.0 153072.0 198208.0 238904.0 273507.0 301502.0 323087.0 338852.0 349551.0 355974.0 358868.0 358904.0 356663.0
5 1.0 65.94889032256206 82.61688993542523 -1.0027723691376285 0.3320867216038029 0.21119661212571894 -0.13440530499894215 -0.12391310578278712 0.013134931609404165 17700.0 50213.0 98960.0 156605.0 215339.0 269484.0 315893.0 353407.0 382128.0 402845.0 416637.0 424644.0 427941.0 427484.0 424088.0 418435.0
6 1.0 211.14465653162995 -26.033607275052667 -1.0027723691376285 0.3320867216038029 0.21119661212571894 -0.13440530499894215 -0.12391310578278712 0.013134931609404165 21765.0 59779.0 115276.0 179589.0 244026.0 302538.0 351958.0 391282.0 420835.0 441629.0 454941.0 462074.0 464232.0 462466.0 457666.0 450564.0
7 1.0 7.238716627497679 -25.792759727542276 -1.0027723691376285 0.3320867216038029 0.21119661212571894 -0.13440530499894215 -0.12391310578278712 0.013134931609404165 47763.0 110164.0 188239.0 268741.0 342173.0 403661.0 451762.0 487039.0 511018.0 525540.0 532418.0 533279.0 529506.0 522240.99999999994 512403.99999999994 500726.0
8 1.0 298.4184105182507 -87.06086951693258 -1.0027723691376285 0.3320867216038029 0.21119661212571894 -0.13440530499894215 -0.12391310578278712 0.013134931609404165 9947.0 30689.0 64431.0 107093.0 153113.0 197755.0 237908.0 271981.0 299500.0 320684.0 336127.0 346582.0 352829.0 355607.0 355576.0 353309.0
9 1.0 1.6903714293169436 -56.65818145748689 -1.0027723691376285 0.3320867216038029 0.21119661212571894 -0.13440530499894215 -0.12391310578278712 0.013134931609404165 22529.0 58555.0 109223.0 166686.0 223580.0 274950.0 318276.0 352810.0 378882.0 397371.0 409369.0 415984.0 418243.0 417044.0 413152.0 407198.0
10 1.0 244.01395324664284 -17.773289855350427 -1.0027723691376285 0.3320867216038029 0.21119661212571894 -0.13440530499894215 -0.12391310578278712 0.013134931609404165 10640.0 32163.999999999996 66672.0 109901.0 156254.0 201037.0 241201.0 275209.0 302621.0 323679.0 338992.0 349316.0 355438.0 358096.0 357952.0 355576.0
11 1.0 97.20287034917935 77.27245511448851 -1.0027723691376285 0.3320867216038029 0.21119661212571894 -0.13440530499894215 -0.12391310578278712 0.013134931609404165 17853.0 50127.0 98130.0 154595.0 211923.0 264644.0 309761.0 346188.0 374055.0 394141.0 407503.0 415250.0 418426.0 417957.0 414637.0 409123.0
12 1.0 264.66984796413414 -72.06931256017117 -1.0027723691376285 0.3320867216038029 0.21119661212571894 -0.13440530499894215 -0.12391310578278712 0.013134931609404165 9325.0 28680.0 60143.0 99959.0 142993.0 184853.0 222628.0 254813.0 280934.0 301165.0 316037.0 326234.0 332473.0 335434.0 335732.0 333900.0
13 1.0 346.38787624227774 80.15427602623433 -1.0027723691376285 0.3320867216038029 0.21119661212571894 -0.13440530499894215 -0.12391310578278712 0.013134931609404165 17694.0 50552.0 100090.0 158889.0 218949.0 274406.0 321991.0 360476.0 389948.0 411204.0 425349.0 433552.0 436919.0 436430.0 432927.0 427110.0
14 1.0 89.55113166718489 66.5079354983938 -1.0027723691376285 0.3320867216038029 0.21119661212571894 -0.13440530499894215 -0.12391310578278712 0.013134931609404165 16543.0 46471.0 91083.0 143721.0 197356.0 246885.0 289470.0 324042.0 350669.0 370036.0 383099.0 390874.0 394324.0 394311.0 391573.0 386728.0
15 1.0 207.4166403904213 -8.25076855664068 -1.0027723691376285 0.3320867216038029 0.21119661212571894 -0.13440530499894215 -0.12391310578278712 0.013134931609404165 35040.0 88375.0 160514.0 239294.0 314439.0 379753.0 432633.0 472844.0 501445.00000000006 520050.0 530397.0 534122.0 532661.0 527225.0 518808.00000000006 508210.00000000006
16 1.0 213.13509525786205 -31.19384128171319 -1.0027723691376285 0.3320867216038029 0.21119661212571894 -0.13440530499894215 -0.12391310578278712 0.013134931609404165 18262.0 51791.0 102137.0 161757.0 222558.0 278626.0 326673.0 365478.0 395142.0 416484.0 430631.0 438773.0 442031.0 441401.0 437735.0 431740.0
17 1.0 206.01068608471442 -48.10605672976977 -1.0027723691376285 0.3320867216038029 0.21119661212571894 -0.13440530499894215 -0.12391310578278712 0.013134931609404165 13184.0 39379.0 80637.0 131388.0 184820.0 235504.0 280108.0 317122.0 346286.0 368077.0 383334.0 393023.0 398096.0 399427.0 397779.0 393802.0
18 1.0 80.30938775062259 20.603647165837387 -1.0027723691376285 0.3320867216038029 0.21119661212571894 -0.13440530499894215 -0.12391310578278712 0.013134931609404165 10767.0 31298.0 63104.99999999999 101982.0 142934.0 181998.0 216715.0 245925.0 269366.0 287323.0 300355.0 309133.0 314332.0 316584.0 316449.0 314411.0
19 1.0 342.9896441461146 -84.04657353440899 -1.0027723691376285 0.3320867216038029 0.21119661212571894 -0.13440530499894215 -0.12391310578278712 0.013134931609404165 10509.0 32063.0 66784.0 110357.0 157081.0 202182.0 242569.0 276701.0 304149.0 325177.0 340410.0 350626.0 356622.0 359147.0 358871.0 356369.0
20 1.0 160.96513630234585 -87.19090839957092 -1.0027723691376285 0.3320867216038029 0.21119661212571894 -0.13440530499894215 -0.12391310578278712 0.013134931609404165 9590.0 29884.0 63180.0 105542.0 151457.0 196166.0 236505.0 270833.0 298632.0 320093.0 335794.0 346478.0 352922.0 355865.0 355970.0 353813.0
21 1.0 304.707122089606 -12.816769950317195 -1.0027723691376285 0.3320867216038029 0.21119661212571894 -0.13440530499894215 -0.12391310578278712 0.013134931609404165 16919.0 42505.0 77589.0 116767.0 155216.0 189793.0 218943.0 242239.0 259929.00000000003 272601.0 280970.0 285760.0 287640.0 287197.0 284929.0 281255.0
22 1.0 251.81253911430156 -77.74666668455036 -1.0027723691376285 0.3320867216038029 0.21119661212571894 -0.13440530499894215 -0.12391310578278712 0.013134931609404165 9359.0 29022.0 61181.0 102034.0 146296.0 189412.0 228352.0 261539.00000000003 288471.0 309321.0 324636.0 335121.0 341519.0 344533.0 344799.0 342869.0
23 1.0 107.07730230784811 -44.65062211570328 -1.0027723691376285 0.3320867216038029 0.21119661212571894 -0.13440530499894215 -0.12391310578278712 0.013134931609404165 8767.0 26819.0 56088.0 93114.0 133174.0 172218.0 207551.0 237760.0 262383.0 281559.0 295761.0 305608.0 311754.0 314827.0 315392.0 313942.0
24 1.0 292.9672150928918 -50.19103523770491 -1.0027723691376285 0.3320867216038029 0.21119661212571894 -0.13440530499894215 -0.12391310578278712 0.013134931609404165 11007.0 31276.0 62213.0 99680.0 138909.0 176170.0 209175.0 236863.0 259019.99999999997 275935.0 288157.0 296331.0 301104.0 303081.0 302795.0 300709.0
25 1.0 142.74206670491446 -44.425585129886656 -1.0027723691376285 0.3320867216038029 0.21119661212571894 -0.13440530499894215 -0.12391310578278712 0.013134931609404165 12574.0 35928.0 71644.0 114870.0 160016.0 202734.0 240382.0 271765.0 296679.0 315500.0 328898.0 337646.0 342512.0 344205.0 343350.0 340482.0
26 1.0 317.1971509600182 -66.4100583812536 -1.0027723691376285 0.3320867216038029 0.21119661212571894 -0.13440530499894215 -0.12391310578278712 0.013134931609404165 12973.0 36855.0 73202.0 117029.0 162669.0 205746.0 243626.0 275133.0 300087.0 318888.0 332223.0 340878.0 345634.0 347207.0 346226.0 343231.0
27 1.0 209.25823414890914 -87.83347987842222 -1.0027723691376285 0.3320867216038029 0.21119661212571894 -0.13440530499894215 -0.12391310578278712 0.013134931609404165 9657.0 30020.0 63362.0 105721.0 151584.0 196207.0 236443.0 270666.0 298367.0 319743.0 335374.0 346002.0 352405.0 355319.0 355405.0 353237.0
28 1.0 317.424730267747 -69.21282651502534 -1.0027723691376285 0.3320867216038029 0.21119661212571894 -0.13440530499894215 -0.12391310578278712 0.013134931609404165 12427.0 35803.0 71778.0 115499.0 161295.0 204714.0 243036.0 275016.0 300425.0 319636.0 333325.0 342275.0 347268.0 349027.0 348189.0 345298.0
29 1.0 249.3113724279957 21.32644671229461 -1.0027723691376285 0.3320867216038029 0.21119661212571894 -0.13440530499894215 -0.12391310578278712 0.013134931609404165 14503.0 42142.0 84706.0 136253.0 189919.0 240399.0 284530.0 320940.0 349469.0 370650.0 385356.0 394562.0 399224.0 400210.0 398277.0 394066.0
0 1.0 261.09154073507057 85.36611830724905 -1.0027723691376285 0.3320867216038029 0.21119661212571894 -0.13440530499894215 -0.12391310578278712 0.013134931609404165 18432.0 52279.0 102974.0 162840.0 223729.0 279743.0 327638.0 366239.0 395683.0 416813.0 430767.0 438742.0 441862.0 441120.0 437365.0 431303.0
1 1.0 180.47677749361281 88.26210028096091 -1.0027723691376285 0.3320867216038029 0.21119661212571894 -0.13440530499894215 -0.12391310578278712 0.013134931609404165 18520.0 52315.0 102762.0 162193.0 222539.0 277984.0 325348.0 363491.0 392566.0 413416.0 427173.0 435022.0 438074.0 437312.0 433574.0 427558.0
2 1.0 344.1901085003606 -16.37026283284891 -1.0027723691376285 0.3320867216038029 0.21119661212571894 -0.13440530499894215 -0.12391310578278712 0.013134931609404165 47744.0 106310.0 176943.0 247521.0 310092.0 361045.0 399725.0 427072.0 444701.0 454375.0 457750.0 456260.0 451098.0 443230.0 433421.0 422270.0
3 1.0 231.83647172266947 -60.66820331161104 -1.0027723691376285 0.3320867216038029 0.21119661212571894 -0.13440530499894215 -0.12391310578278712 0.013134931609404165 9211.0 28723.0 60799.0 101706.0 146162.0 189574.0 228864.0 262413.0 289686.0 310841.0 326414.0 337110.0 343673.0 346812.0 347166.0 345294.0
4 1.0 152.5878174809447 24.977116325975274 -1.0027723691376285 0.3320867216038029 0.21119661212571894 -0.13440530499894215 -0.12391310578278712 0.013134931609404165 39573.0 89377.0 150458.0 212459.0 268297.0 314545.0 350365.0 376371.0 393830.0 404198.0 408871.0 409083.0 405873.0 400094.0 392429.0 383417.0
5 1.0 218.30155708605275 -1.7450376212273113 -1.0027723691376285 0.3320867216038029 0.21119661212571894 -0.13440530499894215 -0.12391310578278712 0.013134931609404165 28905.0 76274.0 142745.0 217283.0 289853.0 354022.0 406808.0 447626.0 477261.0 497130.0 508839.99999999994 513945.0 513829.0 509676.0 502463.0 492984.0
6 1.0 6.909551391360069 88.09375991119765 -1.0027723691376285 0.3320867216038029 0.21119661212571894 -0.13440530499894215 -0.12391310578278712 0.013134931609404165 18072.0 51322.0 101192.0 160158.0 220207.0 275520.0 322880.0 361109.0 390324.0 411343.0 425280.0 433307.0 436529.0 435925.0 432332.0 426446.0
7 1.0 108.56693400283775 -78.24524271267956 -1.0027723691376285 0.3320867216038029 0.21119661212571894 -0.13440530499894215 -0.12391310578278712 0.013134931609404165 9502.0 29737.0 63053.0 105546.0 151688.0 196679.0 237316.0 271925.0 299971.0 321637.0 337499.0 348302.0 354829.0 357824.0 357955.0 355801.0
8 1.0 237.66247349736662 50.98219889648635 -1.0027723691376285 0.3320867216038029 0.21119661212571894 -0.13440530499894215 -0.12391310578278712 0.013134931609404165 20987.0 58755.0 114548.0 179625.0 245062.0 304591.0 354912.0 394959.0 425050.0 446210.0 459744.0 466986.0 469163.0 467351.0 462458.0 455230.0
9 1.0 104.42793859575987 -38.0882704803311 -1.0027723691376285 0.3320867216038029 0.21119661212571894 -0.13440530499894215 -0.12391310578278712 0.013134931609404165 8614.0 26172.0 54504.0 90245.0 128859.0 166474.0 200516.0 229637.0 253394.99999999997 271922.0 285668.0 295224.0 301217.0 304245.0 304852.0 303512.0
10 1.0 222.48555443958296 -46.54464838621668 -1.0027723691376285 0.3320867216038029 0.21119661212571894 -0.13440530499894215 -0.12391310578278712 0.013134931609404165 11109.0 34056.0 71114.0 117630.0 167444.0 215408.0 258211.00000000003 294223.0 323023.0 344926.0 360634.0 371000.0 376896.0 379131.0 378425.0 375396.0
11 1.0 154.35673234047582 29.250822875881667 -1.0027723691376285 0.3320867216038029 0.21119661212571894 -0.13440530499894215 -0.12391310578278712 0.013134931609404165 39898.0 90502.0 152861.0 216432.0 273919.0 321728.0 358917.0 386050.0 404386.0 415393.0 420493.0 420953.0 417843.0 412044.0 404265.0 395069.0
12 1.0 48.770663120082084 -45.70862670162639 -1.0027723691376285 0.3320867216038029 0.21119661212571894 -0.13440530499894215 -0.12391310578278712 0.013134931609404165 16932.0 48560.0 96557.0 153888.0 212787.0 267463.0 314617.0 352955.0 382484.0 403936.0 418365.0 426901.0 430624.0 430497.0 427350.0 421875.0
13 1.0 107.38163734417108 29.854641160653784 -1.0027723691376285 0.3320867216038029 0.21119661212571894 -0.13440530499894215 -0.12391310578278712 0.013134931609404165 13311.0 36116.0 69419.0 108339.0 147898.0 184511.0 216179.0 242134.0 262396.0 277422.0 287864.0 294425.0 297781.0 298540.0 297229.0 294294.0
14 1.0 205.18736785245537 3.11553309641198 -1.0027723691376285 0.3320867216038029 0.21119661212571894 -0.13440530499894215 -0.12391310578278712 0.013134931609404165 42651.0 103921.0 184193.0 269676.0 349505.0 417566.0 471617.0 511838.0 539652.0 556958.0 565703.0 567670.0 564395.0 557156.0 546987.0 534713.0
15 1.0 212.71419404934235 -13.663982081547132 -1.0027723691376285 0.3320867216038029 0.21119661212571894 -0.13440530499894215 -0.12391310578278712 0.013134931609404165 27840.0 73443.0 137585.0 209747.0 280264.0 342872.0 394607.0 434823.0 464216.0 484115.0 496051.0 501514.0 501841.0 498181.0 491486.0 482532.0
16 1.0 206.75708958584838 9.843805559055411 -1.0027723691376285 0.3320867216038029 0.21119661212571894 -0.13440530499894215 -0.12391310578278712 0.013134931609404165 43326.0 105585.0 187086.0 273773.0 354607.0 423407.0 477937.0 518414.99999999994 546310.0 563569.0 572175.0 573943.0 570432.0 562934.0 552498.0 539956.0
17 1.0 235.1522951485681 -38.330726414466646 -1.0027723691376285 0.3320867216038029 0.21119661212571894 -0.13440530499894215 -0.12391310578278712 0.013134931609404165 10233.0 31447.000000000004 65880.0 109366.0 156240.0 201685.0 242533.0 277172.0 305120.0 326606.0 342238.0 352787.0 359051.0 361784.0 361662.0 359267.0
18 1.0 234.757177200608 37.1834471291362 -1.0027723691376285 0.3320867216038029 0.21119661212571894 -0.13440530499894215 -0.12391310578278712 0.013134931609404165 22162.0 61596.0 119429.0 186478.0 253537.0 314239.0 365298.0 405718.0 435897.0 456940.0 470214.0 477101.0 478868.0 476616.0 471271.0 463594.0
19 1.0 155.31063675623062 -15.325763519958471 -1.0027723691376285 0.3320867216038029 0.21119661212571894 -0.13440530499894215 -0.12391310578278712 0.013134931609404165 30683.0 72259.0 125702.00000000001 182272.0 235258.0 280887.0 317728.0 345819.0 365966.0 379288.0 386959.0 390071.0 389584.0 386307.0 380909.0 373931.0
20 1.0 322.75677450638267 -25.101799112539396 -1.0027723691376285 0.3320867216038029 0.21119661212571894 -0.13440530499894215 -0.12391310578278712 0.013134931609404165 28173.0 65692.0 113454.0 163623.0 210315.0 250297.0 282403.0 306737.0 324059.0 335384.0 341762.0 344164.0 343438.0 340297.0 335328.0 329005.0
21 1.0 132.32227321724275 59.158244620032804 -1.0027723691376285 0.3320867216038029 0.21119661212571894 -0.13440530499894215 -0.12391310578278712 0.013134931609404165 21606.0 56441.0 105337.0 160544.0 214912.0 263724.0 304655.0 337082.0 361398.0 378497.0 389453.0 395343.0 397148.0 395726.0 391799.0 385964.0
22 1.0 156.91137309562566 76.4940441515746 -1.0027723691376285 0.3320867216038029 0.21119661212571894 -0.13440530499894215 -0.12391310578278712 0.013134931609404165 20831.0 56961.0 109439.0 170034.0 230620.0 285593.0 332042.0 369059.0 396959.0 416683.0 429418.0 436372.0 438660.0 437259.0 432994.0 426550.0
23 1.0 321.092407805642 -81.71868404028655 -1.0027723691376285 0.3320867216038029 0.21119661212571894 -0.13440530499894215 -0.12391310578278712 0.013134931609404165 10598.0 32147.000000000004 66705.0 109945.0 156221.0 200829.0 240739.0 274448.0 301546.0 322300.0 337333.0 347413.0 353328.0 355817.0 355540.0 353064.0
24 1.0 290.22983605659084 -48.12714129064221 -1.0027723691376285 0.3320867216038029 0.21119661212571894 -0.13440530499894215 -0.12391310578278712 0.013134931609404165 10596.0 30255.0 60389.0 97007.0 135453.0 172062.0 204565.0 231896.0 253823.00000000003 270612.0 282791.0 290983.0 295823.0 297899.0 297737.0 295789.0
25 1.0 253.39989007453187 -27.266513491338614 -1.0027723691376285 0.3320867216038029 0.21119661212571894 -0.13440530499894215 -0.12391310578278712 0.013134931609404165 8716.0 26522.0 55327.0 91760.0 131227.0 169778.0 204765.0 234781.0 259346.00000000003 278569.0 292894.0 302913.0 309258.0 312541.0 313315.0 312067.0
26 1.0 36.0816794324284 56.693966286644525 -1.0027723691376285 0.3320867216038029 0.21119661212571894 -0.13440530499894215 -0.12391310578278712 0.013134931609404165 18125.0 51649.0 102079.0 161828.0 222757.0 278926.0 327040.0 365879.0 395554.0 416890.0 431019.0 439136.0 442367.0 441709.0 438014.0 431993.0
27 1.0 331.0137409480825 87.38845697579356 -1.0027723691376285 0.3320867216038029 0.21119661212571894 -0.13440530499894215 -0.12391310578278712 0.013134931609404165 18055.0 51326.0 101268.0 160352.0 220543.0 275998.0 323488.0 361824.0 391121.0 412199.0 426172.0 434218.0 437445.0 436836.0 433228.0 427322.0
28 1.0 257.1268678376801 84.41490684066332 -1.0027723691376285 0.3320867216038029 0.21119661212571894 -0.13440530499894215 -0.12391310578278712 0.013134931609404165 18489.0 52423.0 103229.0 163203.0 224181.0 280259.0 328191.0 366806.0 396246.0 417360.0 431290.0 439235.0 442322.0 441546.0 437758.0 431663.0
29 1.0 359.5849223644319 72.89070219898684 -1.0027723691376285 0.3320867216038029 0.21119661212571894 -0.13440530499894215 -0.12391310578278712 0.013134931609404165 17922.0 51125.0 101110.0 160368.0 220830.0 276602.0 324408.0 363031.0 392570.0 413839.0 427956.0 436102.0 439391.0 438814.0 435214.0 429296.0
0 1.0 53.80138967687775 -36.619872288474625 -1.0027723691376285 0.3320867216038029 0.21119661212571894 -0.13440530499894215 -0.12391310578278712 0.013134931609404165 16334.000000000002 47336.0 94760.0 151714.0 210451.0 265135.0 312407.0 350920.0 380649.0 402301.0 416919.0 425627.0 429502.0 429509.0 426478.0 421102.0
1 1.0 312.52538065255715 88.56202381460534 -1.0027723691376285 0.3320867216038029 0.21119661212571894 -0.13440530499894215 -0.12391310578278712 0.013134931609404165 18185.0 51610.0 101710.0 160914.0 221174.0 276653.0 324130.0 362430.0 391680.0 412704.0 426624.0 434620.0 437800.0 437148.0 433503.0 427563.0
2 1.0 58.497456483494936 -45.10439260983878 -1.0027723691376285 0.3320867216038029 0.21119661212571894 -0.13440530499894215 -0.12391310578278712 0.013134931609404165 13606.0 40563.0 82913.0 134871.0 189429.0 241041.0 286335.0 323806.0 353225.0 375109.0 390335.0 399903.0 404792.0 405898.0 403999.0 399756.0
3 1.0 221.6014431421839 -70.9368921211982 -1.0027723691376285 0.3320867216038029 0.21119661212571894 -0.13440530499894215 -0.12391310578278712 0.013134931609404165 9241.0 28913.0 61319.0 102690.0 147666.0 191584.0 231315.0 265217.0 292753.0 314086.0 329763.0 340503.0 347062.0 350161.0 350448.0 348490.0
4 1.0 44.57519382579895 81.17146998997094 -1.0027723691376285 0.3320867216038029 0.21119661212571894 -0.13440530499894215 -0.12391310578278712 0.013134931609404165 17542.0 49965.0 98738.0 156556.0 215574.0 270059.0 316817.0 354653.0 383652.0 404595.0 418562.0 426696.0 430079.0 429673.0 426300.0 420646.0
5 1.0 305.2829625560044 -47.98435401574267 -1.0027723691376285 0.3320867216038029 0.21119661212571894 -0.13440530499894215 -0.12391310578278712 0.013134931609404165 13854.0 37361.0 71701.0 111959.0 153048.0 191254.0 224459.0 251805.99999999997 273266.0 289272.0 300479.0 307604.0 311345.0 312334.0 311124.0 308183.0
6 1.0 290.63482514100383 34.15828771399508 -1.0027723691376285 0.3320867216038029 0.21119661212571894 -0.13440530499894215 -0.12391310578278712 0.013134931609404165 14428.0 40257.0 78695.0 124120.0 170580.0 213713.0 251053.00000000003 281628.0 305438.0 323018.0 335149.0 342675.0 346407.0 347075.0 345310.0 341646.0
7 1.0 204.8762659012536 -79.49585538349405 -1.0027723691376285 0.3320867216038029 0.21119661212571894 -0.13440530499894215 -0.12391310578278712 0.013134931609404165 9324.0 29189.0 61918.0 103701.0 149116.0 193447.0 233535.0 267724.0 295472.0 316951.0 332716.0 343496.0 350057.0 353128.0 353366.0 351341.0
8 1.0 146.58598700135988 41.52763784294572 -1.0027723691376285 0.3320867216038029 0.21119661212571894 -0.13440530499894215 -0.12391310578278712 0.013134931609404165 30941.0 73590.0 128762.99999999999 187345.0 242267.0 289537.0 327634.0 356592.0 377260.0 390815.0 398490.0 401435.0 400655.0 396998.0 391163.0 383715.0
9 1.0 24.900118363849696 68.70963822009114 -1.0027723691376285 0.3320867216038029 0.21119661212571894 -0.13440530499894215 -0.12391310578278712 0.013134931609404165 17768.0 50731.0 100402.0 159337.0 219516.0 275067.0 322719.0 361246.0 390740.0 412001.0 426138.0 434324.0 437667.0 437151.0 433617.0 427768.0
10 1.0 251.07435833204292 -40.96135881612675 -1.0027723691376285 0.3320867216038029 0.21119661212571894 -0.13440530499894215 -0.12391310578278712 0.013134931609404165 8595.0 26424.0 55484.0 92413.0 132533.0 171789.0 207446.0 238047.0 263089.0 282678.0 297265.0 307455.0 313898.0 317216.0 317978.0 316680.0
11 1.0 163.27536576410478 -21.76975870606286 -1.0027723691376285 0.3320867216038029 0.21119661212571894 -0.13440530499894215 -0.12391310578278712 0.013134931609404165 30499.0 73174.0 129021.0 188977.0 245793.0 295217.0 335499.0 366510.0 389000.0 404104.0 413046.0 416987.0 416960.0 413841.0 408361.0 401112.0
12 1.0 259.94001580932525 -22.6266870022351 -1.0027723691376285 0.3320867216038029 0.21119661212571894 -0.13440530499894215 -0.12391310578278712 0.013134931609404165 8490.0 25559.0 52928.0 87338.0 124466.0 160639.0 193422.0 221535.0 244554.0 262594.0 276074.0 285546.0 291598.0 294795.0 295651.0 294615.0
13 1.0 311.8976373343065 44.781886357223954 -1.0027723691376285 0.3320867216038029 0.21119661212571894 -0.13440530499894215 -0.12391310578278712 0.013134931609404165 18443.0 50247.0 96468.0 150001.0 203773.0 252851.0 294614.0 328185.0 353766.0 372129.0 384277.0 391247.0 394009.0 393420.0 390207.0 384979.0
14 1.0 351.1877418010389 -47.19469634297301 -1.0027723691376285 0.3320867216038029 0.21119661212571894 -0.13440530499894215 -0.12391310578278712 0.013134931609404165 29258.0 71292.0 127097.99999999999 187681.0 245605.0 296378.0 338048.0 370355.0 393980.0 410030.0 419731.0 424259.0 424666.0 421854.0 416572.0 409435.0
15 1.0 308.08920326133995 -59.06644217142426 -1.0027723691376285 0.3320867216038029 0.21119661212571894 -0.13440530499894215 -0.12391310578278712 0.013134931609404165 12992.0 36287.0 71295.0 113162.0 156524.0 197302.0 233074.0 262782.0 286289.0 303992.0 316547.0 324699.0 329183.0 330673.0 329759.0 326947.0
16 1.0 4.21707030660071 -9.127503236207147 -1.0027723691376285 0.3320867216038029 0.21119661212571894 -0.13440530499894215 -0.12391310578278712 0.013134931609404165 55334.0 125011.00000000001 210230.0 296368.0 373509.0 436937.0 485585.0 520417.0 543297.0 556322.0 561491.0 560557.0 554988.0 545978.0 534479.0 521238.0
17 1.0 129.592103212211 -35.19568667208249 -1.0027723691376285 0.3320867216038029 0.21119661212571894 -0.13440530499894215 -0.12391310578278712 0.013134931609404165 11620.0 32923.0 65347.0 104511.0 145414.0 184168.0 218406.0 247046.0 269888.0 287256.0 299734.0 308005.0 312752.0 314606.0 314127.0 311795.0
18 1.0 262.7966024726609 61.05404200655744 -1.0027723691376285 0.3320867216038029 0.21119661212571894 -0.13440530499894215 -0.12391310578278712 0.013134931609404165 17395.0 49724.0 98521.0 156521.0 215852.0 270723.0 317886.0 356105.0 385441.0 406663.0 420851.0 429152.0 432653.0 432323.0 428992.0 423352.0
19 1.0 61.78668381411859 -47.20647131718502 -1.0027723691376285 0.3320867216038029 0.21119661212571894 -0.13440530499894215 -0.12391310578278712 0.013134931609404165 12556.0 37880.0 78123.0 127956.99999999999 180699.0 230943.0 275327.0 312288.0 341518.0 363452.0 378900.0 388804.0 394104.0 395661.0 394234.0 390468.0
20 1.0 187.57317823348654 0.4301023480670665 -1.0027723691376285 0.3320867216038029 0.21119661212571894 -0.13440530499894215 -0.12391310578278712 0.013134931609404165 51372.0 117988.0 200869.0 285851.0 362929.0 427075.0 476900.0 513117.00000000006 537418.0 551800.0 558207.0 558370.0 553752.0 545552.0 534735.0 522063.00000000006
21 1.0 19.561675802131305 79.66504794562746 -1.0027723691376285 0.3320867216038029 0.21119661212571894 -0.13440530499894215 -0.12391310578278712 0.013134931609404165 17564.0 50162.0 99304.0 157637.0 217234.0 272282.0 319534.0 357772.0 387075.0 408230.0 422329.0 430531.0 433929.0 433497.0 430068.0 424337.0
22 1.0 71.99874896270403 24.119585594038938 -1.0027723691376285 0.3320867216038029 0.21119661212571894 -0.13440530499894215 -0.12391310578278712 0.013134931609404165 11983.0 34908.0 70428.0 113787.0 159355.0 202684.0 241032.0 273125.0 298705.0 318121.0 332030.0 341202.0 346411.0 348374.0 347724.0 345006.0
23 1.0 6.66784600582103 66.11209298324366 -1.0027723691376285 0.3320867216038029 0.21119661212571894 -0.13440530499894215 -0.12391310578278712 0.013134931609404165 18675.0 52990.0 104387.0 165064.0 226747.0 283452.0 331893.0 370888.0 400588.0 421855.0 435853.0 443799.0 446834.0 445971.0 442067.0 435839.0
24 1.0 285.7311732086714 79.23774408385813 -1.0027723691376285 0.3320867216038029 0.21119661212571894 -0.13440530499894215 -0.12391310578278712 0.013134931609404165 17943.0 51184.0 101224.0 160547.0 221074.0 276905.0 324760.0 363421.0 392988.0 414276.0 428404.0 436555.0 439844.0 439263.0 435657.0 429730.0
25 1.0 80.61288770173685 45.13767513954335 -1.0027723691376285 0.3320867216038029 0.21119661212571894 -0.13440530499894215 -0.12391310578278712 0.013134931609404165 13558.0 38635.0 76623.0 122109.0 169108.0 213108.0 251475.0 283107.0 307916.0 326389.0 339285.0 347446.0 351688.0 352756.0 351294.0 347849.0
26 1.0 124.32660505088496 35.92351084045525 -1.0027723691376285 0.3320867216038029 0.21119661212571894 -0.13440530499894215 -0.12391310578278712 0.013134931609404165 19560.0 49455.0 90486.0 136203.0 180887.0 220853.0 254330.0 280881.0 300851.0 314974.0 324114.0 329134.0 330823.0 329868.0 326850.0 322250.0
27 1.0 334.1092656476127 84.23380198876086 -1.0027723691376285 0.3320867216038029 0.21119661212571894 -0.13440530499894215 -0.12391310578278712 0.013134931609404165 17821.0 50809.0 100451.0 159289.0 219319.0 274694.0 322166.0 360526.0 389874.0 411015.0 425058.0 433174.0 436467.0 435920.0 432370.0 426517.0
28 1.0 253.5891846924718 88.99214213658229 -1.0027723691376285 0.3320867216038029 0.21119661212571894 -0.13440530499894215 -0.12391310578278712 0.013134931609404165 18350.0 51987.0 102327.0 161742.0 222158.0 277734.0 325259.0 363570.0 392803.0 413793.0 427669.0 435614.0 438742.0 438038.0 434343.0 428355.0
29 1.0 11.462014631270826 -8.672097119443265 -1.0027723691376285 0.3320867216038029 0.21119661212571894 -0.13440530499894215 -0.12391310578278712 0.013134931609404165 53400.0 122851.0 209276.0 297818.0 377992.0 444557.0 496093.0 533386.0 558236.0 572756.0 578991.0 578760.0 573592.0 564742.0 553212.0 539794.0
0 1.0 59.289896339248585 -77.2434399268425 -1.0027723691376285 0.3320867216038029 0.21119661212571894 -0.13440530499894215 -0.12391310578278712 0.013134931609404165 10603.0 32618.0 68289.0 113207.0 161457.0 208060.0 249784.0 285015.0 313307.0 334933.0 350550.0 360970.0 367025.0 369496.0 369078.0 366370.0
1 1.0 223.73222453991488 -37.29707434070661 -1.0027723691376285 0.3320867216038029 0.21119661212571894 -0.13440530499894215 -0.12391310578278712 0.013134931609404165 12679.0 38195.0 78690.0 128788.99999999999 181769.0 232204.0 276729.0 313784.0 343066.0 365021.0 380465.0 390347.0 395611.0 397125.0 395649.0 391831.0
2 1.0 207.80229189750034 -62.57615297620852 -1.0027723691376285 0.3320867216038029 0.21119661212571894 -0.13440530499894215 -0.12391310578278712 0.013134931609404165 10050.0 31230.0 65873.0 109819.0 157312.0 203419.0 244890.0 280060.0 308428.0 330223.0 346065.0 356739.0 363059.0 365794.0 365632.0 363167.0
3 1.0 85.64141569482311 -14.852452536717877 -1.0027723691376285 0.3320867216038029 0.21119661212571894 -0.13440530499894215 -0.12391310578278712 0.013134931609404165 8593.0 25914.0 53728.0 88735.0 126534.00000000001 163383.0 196791.0 225447.0 248913.0 267302.0 281039.0 290686.0 296842.0 300083.0 300934.0 299854.0
4 1.0 336.3170392529258 -66.36792087481392 -1.0027723691376285 0.3320867216038029 0.21119661212571894 -0.13440530499894215 -0.12391310578278712 0.013134931609404165 15130.0 42013.0 82112.0 129712.0 178640.0 224296.0 264013.0 296693.0 322268.0 341259.0 354459.0 362746.0 366970.0 367902.0 366213.0 362472.0
5 1.0 221.02774414772256 18.741204723758756 -1.0027723691376285 0.3320867216038029 0.21119661212571894 -0.13440530499894215 -0.12391310578278712 0.013134931609404165 31281.000000000004 81803.0 151992.0 230011.0 305363.0 371483.0 425449.0 466814.0 496515.0 516109.00000000006 527311.0 531758.0 530898.0 525958.0 517945.0 507675.0
6 1.0 192.827809088985 -21.094549351586267 -1.0027723691376285 0.3320867216038029 0.21119661212571894 -0.13440530499894215 -0.12391310578278712 0.013134931609404165 33634.0 83560.0 150578.0 223611.0 293372.0 354239.0 403808.0 441810.0 469150.0 487259.0 497691.0 501927.0 501276.00000000006 496850.0 489565.0 480168.0
7 1.0 212.36759148764554 71.1694591718778 -1.0027723691376285 0.3320867216038029 0.21119661212571894 -0.13440530499894215 -0.12391310578278712 0.013134931609404165 22202.0 60984.0 117387.0 182462.0 247379.0 306084.0 355468.0 394603.0 423879.0 444357.0 457348.0 464173.0 466046.0 464025.0 458999.0 451700.0
8 1.0 262.8439306260371 84.20304092373033 -1.0027723691376285 0.3320867216038029 0.21119661212571894 -0.13440530499894215 -0.12391310578278712 0.013134931609404165 18430.0 52304.0 103065.0 163027.0 224028.0 280155.0 328151.0 366836.0 396345.0 417522.0 431508.0 439501.0 442628.0 441885.0 438122.0 432046.0
9 1.0 112.30019837265667 8.43928230049599 -1.0027723691376285 0.3320867216038029 0.21119661212571894 -0.13440530499894215 -0.12391310578278712 0.013134931609404165 11823.0 32017.999999999996 61577.0 96266.0 131703.0 164692.0 193405.0 217102.0 235748.0 249713.0 259552.0 265878.0 269286.0 270317.0 269445.0 267071.0
10 1.0 143.35958239779308 -40.531757423832616 -1.0027723691376285 0.3320867216038029 0.21119661212571894 -0.13440530499894215 -0.12391310578278712 0.013134931609404165 13679.0 38170.0 74912.0 118769.0 164099.0 206630.0 243847.0 274668.0 298972.0 317195.0 330039.0 338293.0 342732.0 344065.0 342910.0 339797.0
11 1.0 75.54374963104397 16.601475377130626 -1.0027723691376285 0.3320867216038029 0.21119661212571894 -0.13440530499894215 -0.12391310578278712 0.013134931609404165 10918.0 31986.0 64857.0 105253.0 147988.0 188890.0 225338.0 256065.0 280762.0 299700.0 313452.0 322715.0 328198.0 330565.0 330408.0 328239.0
12 1.0 67.02948211692102 71.41700848039378 -1.0027723691376285 0.3320867216038029 0.21119661212571894 -0.13440530499894215 -0.12391310578278712 0.013134931609404165 16765.0 47692.0 94224.0 149442.0 205903.0 258143.99999999997 303102.0 339606.0 367709.0 388128.0 401874.0 410025.0 413603.0 413523.0 410569.0 405396.0
13 1.0 339.9740603942161 -16.787997749565307 -1.0027723691376285 0.3320867216038029 0.21119661212571894 -0.13440530499894215 -0.12391310578278712 0.013134931609404165 44781.0 99936.0 166641.0 233471.0 292876.0 341388.0 378334.0 404562.0 421576.0 431030.0 434482.0 433289.0 428582.0 421278.0 412105.0 401634.0
14 1.0 266.2382862177435 9.374089804554757 -1.0027723691376285 0.3320867216038029 0.21119661212571894 -0.13440530499894215 -0.12391310578278712 0.013134931609404165 10424.0 30381.0 61393.0 99401.0 139541.0 177923.0 212115.0 240955.0 264163.0 282000.0 295002.0 303817.0 309105.0 311481.0 311495.0 309621.0
15 1.0 176.56517110232414 -41.10250183089374 -1.0027723691376285 0.3320867216038029 0.21119661212571894 -0.13440530499894215 -0.12391310578278712 0.013134931609404165 19232.0 52072.0 99859.0 155411.0 211466.0 262868.0 306817.0 342315.0 369507.0 389150.0 402260.0 409907.0 413098.0 412726.0 409558.0 404235.0
16 1.0 81.86926607039636 -8.020053098995149 -1.0027723691376285 0.3320867216038029 0.21119661212571894 -0.13440530499894215 -0.12391310578278712 0.013134931609404165 8993.0 26984.0 55744.0 91818.0 130660.0 168435.0 202606.0 231851.0 255739.0 274404.0 288290.0 297985.0 304108.0 307253.0 307961.0 306704.0
17 1.0 91.56833343734147 -17.69156363167224 -1.0027723691376285 0.3320867216038029 0.21119661212571894 -0.13440530499894215 -0.12391310578278712 0.013134931609404165 8354.0 25111.0 51947.0 85659.0 122006.0 157395.0 189445.0 216908.0 239374.0 256962.00000000003 270087.0 279292.0 285157.0 288236.0 289032.0 287986.0
18 1.0 20.89049771659522 -45.28557628506522 -1.0027723691376285 0.3320867216038029 0.21119661212571894 -0.13440530499894215 -0.12391310578278712 0.013134931609404165 28492.0 72552.0 133125.0 200433.0 265813.0 323749.0 371667.0 409034.0 436493.0 455246.0 466673.0 472120.0 472799.0 469755.0 463858.0 455821.0
19 1.0 156.3899852009235 1.0559490885555078 -1.0027723691376285 0.3320867216038029 0.21119661212571894 -0.13440530499894215 -0.12391310578278712 0.013134931609404165 40351.0 90845.0 152552.0 214973.0 270988.0 317194.0 352802.0 378482.0 395553.0 405510.0 409779.0 409613.0 406064.0 399989.0 392073.0 382854.0
20 1.0 112.24651751787692 -34.13145132363395 -1.0027723691376285 0.3320867216038029 0.21119661212571894 -0.13440530499894215 -0.12391310578278712 0.013134931609404165 9088.0 27016.0 55434.0 90824.0 128691.0 165300.0 198231.0 226257.0 249014.0 266677.0 279713.0 288710.0 294284.0 297017.0 297433.0 295990.0
21 1.0 250.6836559735654 -22.85372450146545 -1.0027723691376285 0.3320867216038029 0.21119661212571894 -0.13440530499894215 -0.12391310578278712 0.013134931609404165 9174.0 27873.0 58068.0 96187.0 137395.0 177554.0 213907.0 245006.0 270371.0 290143.0 304801.0 314978.0 321344.0 324541.0 325150.0 323680.0
22 1.0 135.99066214529313 4.494679605767573 -1.0027723691376285 0.3320867216038029 0.21119661212571894 -0.13440530499894215 -0.12391310578278712 0.013134931609404165 23768.0 56452.0 98884.0 144205.0 187020.0 224210.0 254521.0 277890.0 294898.0 306397.0 313302.0 316477.0 316685.0 314576.0 310691.0 305468.0
23 1.0 64.65732392146853 45.10710412721775 -1.0027723691376285 0.3320867216038029 0.21119661212571894 -0.13440530499894215 -0.12391310578278712 0.013134931609404165 14596.0 41986.0 83734.0 133885.0 185769.0 234335.0 276631.0 311421.0 338611.0 358751.0 372699.0 381399.0 385768.0 386638.0 384729.0 380653.0
24 1.0 8.884342220879242 -29.968656157570443 -1.0027723691376285 0.3320867216038029 0.21119661212571894 -0.13440530499894215 -0.12391310578278712 0.013134931609404165 44342.0 103572.0 178656.0 256930.0 329028.0 389962.0 438087.0 473778.0 498407.0 513702.0 521402.00000000006 523084.0 520103.0 513584.00000000006 504438.99999999994 493396.0
25 1.0 24.20986732676949 76.34857799173744 -1.0027723691376285 0.3320867216038029 0.21119661212571894 -0.13440530499894215 -0.12391310578278712 0.013134931609404165 17500.0 50010.0 99045.0 157277.0 216790.0 271778.0 318993.0 357213.0 386512.0 407675.0 421789.0 430010.0 433432.0 433025.0 429621.0 423914.0
26 1.0 244.58139845948423 65.21733843046243 -1.0027723691376285 0.3320867216038029 0.21119661212571894 -0.13440530499894215 -0.12391310578278712 0.013134931609404165 19423.0 54898.0 107814.0 170055.0 233110.0 290880.0 340061.0 379501.0 409403.0 430686.0 444561.0 452289.0 455042.0 453857.0 449611.0 443032.0
27 1.0 163.33086404017632 -81.23574672440486 -1.0027723691376285 0.3320867216038029 0.21119661212571894 -0.13440530499894215 -0.12391310578278712 0.013134931609404165 9372.0 29369.0 62337.0 104436.0 150197.0 194861.0 235240.0 269664.0 297591.0 319193.0 335034.0 345851.0 352417.0 355468.0 355668.0 353593.0
28 1.0 193.16851599914 -44.3443456337719 -1.0027723691376285 0.3320867216038029 0.21119661212571894 -0.13440530499894215 -0.12391310578278712 0.013134931609404165 16561.0 47085.0 93216.0 148257.0 204848.0 257485.00000000003 303013.0 340168.0 368926.0 389956.0 404242.0 412850.0 416802.0 417016.0 414285.0 409274.0
29 1.0 322.80166549452315 -9.695607721343649 -1.0027723691376285 0.3320867216038029 0.21119661212571894 -0.13440530499894215 -0.12391310578278712 0.013134931609404165 31075.0 71328.0 121662.0 173689.0 221387.0 261633.0 293453.0 317143.0 333615.0 343996.0 349406.0 350864.0 349242.0 345267.0 339531.0 332508.0
0 1.0 356.52202106281356 -71.16698002635466 -1.0027723691376285 0.3320867216038029 0.21119661212571894 -0.13440530499894215 -0.12391310578278712 0.013134931609404165 14170.0 40536.0 80772.0 129277.0 179683.0 227095.0 268594.0 302915.0 329901.0 350039.0 364126.0 373063.0 377731.0 378935.0 377377.0 373655.0
1 1.0 78.08291438345061 -27.274321973970522 -1.0027723691376285 0.3320867216038029 0.21119661212571894 -0.13440530499894215 -0.12391310578278712 0.013134931609404165 9379.0 28723.0 60125.0 99883.0 142916.0 184858.0 222799.0 255212.0 281600.0 302113.0 317264.0 327723.0 334198.0 337367.0 337841.0 336155.0
2 1.0 238.70815311603627 43.21755461118286 -1.0027723691376285 0.3320867216038029 0.21119661212571894 -0.13440530499894215 -0.12391310578278712 0.013134931609404165 20620.0 57911.0 113165.0 177771.0 242866.0 302192.0 352427.0 392479.0 422634.0 443899.0 457560.0 464939.0 467255.0 465581.0 460818.0 453714.0
3 1.0 94.79605562537424 32.49260660570866 -1.0027723691376285 0.3320867216038029 0.21119661212571894 -0.13440530499894215 -0.12391310578278712 0.013134931609404165 12099.0 33992.0 66890.0 106145.0 146685.0 184694.0 217940.0 245476.0 267206.0 283527.0 295066.0 302528.0 306600.0 307909.0 307006.0 304356.0
4 1.0 7.434359807662325 22.02919714188087 -1.0027723691376285 0.3320867216038029 0.21119661212571894 -0.13440530499894215 -0.12391310578278712 0.013134931609404165 42386.0 102232.0 179983.0 262325.0 338951.0 404150.0 455881.0 494377.0 521024.00000000006 537644.0 546093.0 548068.0 545030.0 538193.0 528542.0 516862.00000000006
5 1.0 273.01631538101094 37.895112490022214 -1.0027723691376285 0.3320867216038029 0.21119661212571894 -0.13440530499894215 -0.12391310578278712 0.013134931609404165 13916.0 39871.0 79336.0 126696.0 175693.0 221595.0 261633.99999999997 294645.0 320528.0 339788.0 353217.0 361693.0 366072.0 367131.0 365545.0 361888.0
6 1.0 115.20617429608842 -53.113736347253685 -1.0027723691376285 0.3320867216038029 0.21119661212571894 -0.13440530499894215 -0.12391310578278712 0.013134931609404165 9095.0 27965.0 58652.0 97516.0 139563.0 180512.0 217516.0 249094.0 274768.0 294699.0 309395.0 319518.0 325763.0 328793.0 329206.0 327522.0
7 1.0 138.04700190188328 -28.494339324348218 -1.0027723691376285 0.3320867216038029 0.21119661212571894 -0.13440530499894215 -0.12391310578278712 0.013134931609404165 15462.0 41027.0 77849.0 120542.0 163726.0 203566.0 237940.0 266043.0 287917.0 304072.0 315225.0 322146.0 325576.0 326180.0 324535.0 321131.0
8 1.0 211.79416087929806 31.723646809943318 -1.0027723691376285 0.3320867216038029 0.21119661212571894 -0.13440530499894215 -0.12391310578278712 0.013134931609404165 37801.0 94857.0 171402.0 254303.99999999997 332733.0 400334.0 454575.0 495393.0 524031.0 542269.0 551976.0 554890.0 552521.0 546131.0 536750.0 525202.0
9 1.0 299.17744388502854 68.26225734563889 -1.0027723691376285 0.3320867216038029 0.21119661212571894 -0.13440530499894215 -0.12391310578278712 0.013134931609404165 17321.0 49432.0 97826.0 155279.0 213999.0 268269.0 314890.0 352655.0 381634.0 402593.0 416601.0 424794.0 428246.0 427915.0 424619.0 419044.0
10 1.0 226.43346369281355 7.86204968905713 -1.0027723691376285 0.3320867216038029 0.21119661212571894 -0.13440530499894215 -0.12391310578278712 0.013134931609404165 24800.0 67559.0 129182.99999999999 199672.0 269397.0 331901.0 383989.0 424821.0 454957.0 475637.0 488339.0 494524.0 495518.0 492462.0 486310.0 477841.0
11 1.0 314.1542359610623 -39.11406282980341 -1.0027723691376285 0.3320867216038029 0.21119661212571894 -0.13440530499894215 -0.12391310578278712 0.013134931609404165 18813.0 47268.0 86322.0 129974.0 172852.0 211438.0 243986.0 270008.0 289772.0 303930.0 313280.0 318627.0 320720.0 320214.0 317669.0 313549.0
12 1.0 98.47513253362888 -84.55765355892314 -1.0027723691376285 0.3320867216038029 0.21119661212571894 -0.13440530499894215 -0.12391310578278712 0.013134931609404165 9733.0 30302.0 64011.0 106855.0 153243.0 198367.0 239037.0 273606.0 301562.0 323110.0 338841.0 349510.0 355906.0 358778.0 358795.0 356539.0
13 1.0 287.29686020852296 37.8606292153584 -1.0027723691376285 0.3320867216038029 0.21119661212571894 -0.13440530499894215 -0.12391310578278712 0.013134931609404165 14441.0 40658.0 79939.0 126571.99999999999 174417.0 218935.0 257533.99999999997 289175.0 313832.0 332046.0 344615.0 352410.0 356271.0 356952.0 355111.0 351301.0
14 1.0 66.8289399501428 -88.58086136848073 -1.0027723691376285 0.3320867216038029 0.21119661212571894 -0.13440530499894215 -0.12391310578278712 0.013134931609404165 9869.0 30587.0 64415.0 107293.0 153626.0 198628.0 239138.0 273537.0 301332.0 322736.0 338345.0 348917.0 355239.0 358055.0 358035.0 355755.0
15 1.0 343.0049965099 -22.9177674322208 -1.0027723691376285 0.3320867216038029 0.21119661212571894 -0.13440530499894215 -0.12391310578278712 0.013134931609404165 44132.0 99070.0 165966.0 233408.0 293726.0 343307.0 381364.0 408669.0 426684.0 437043.0 441297.0 440805.0 436703.0 429913.0 421173.0 411060.0
16 1.0 247.4957794996135 5.496698621300723 -1.0027723691376285 0.3320867216038029 0.21119661212571894 -0.13440530499894215 -0.12391310578278712 0.013134931609404165 12691.0 37429.0 76146.0 123704.0 173852.0 221586.0 263802.0 299051.0 327039.0 348160.0 363157.0 372903.0 378268.0 380060.0 378989.0 375662.0
17 1.0 77.58276376088104 75.98006311809476 -1.0027723691376285 0.3320867216038029 0.21119661212571894 -0.13440530499894215 -0.12391310578278712 0.013134931609404165 17269.0 48883.0 96230.0 152212.0 209279.0 261936.99999999997 307135.0 343736.0 371826.0 392158.0 405766.0 413749.0 417146.0 416878.0 413737.0 408383.0
18 1.0 341.0534125760127 -73.89098189407798 -1.0027723691376285 0.3320867216038029 0.21119661212571894 -0.13440530499894215 -0.12391310578278712 0.013134931609404165 12774.0 37149.0 74890.0 120900.0 169157.0 214912.0 255262.0 288882.0 315532.0 335618.0 349862.0 359104.0 364178.0 365853.0 364804.0 361610.0
19 1.0 263.1080904372568 -16.930382045708924 -1.0027723691376285 0.3320867216038029 0.21119661212571894 -0.13440530499894215 -0.12391310578278712 0.013134931609404165 8602.0 25662.0 52804.0 86735.0 123185.0 158576.0 190556.0 217910.0 240251.0 257715.00000000003 270724.0 279829.0 285609.0 288618.0 289357.0 288266.0
20 1.0 91.4189913342093 -85.6236240521716 -1.0027723691376285 0.3320867216038029 0.21119661212571894 -0.13440530499894215 -0.12391310578278712 0.013134931609404165 9820.0 30526.0 64416.0 107446.0 154002.0 199259.0 240028.0 274664.0 302663.0 324233.0 339969.0 350633.0 357016.0 359869.0 359863.0 357581.0
21 1.0 76.79231185229351 -28.33002281851374 -1.0027723691376285 0.3320867216038029 0.21119661212571894 -0.13440530499894215 -0.12391310578278712 0.013134931609404165 9579.0 29344.0 61423.0 102011.0 145905.0 188641.0 227252.0 260191.0 286958.0 307722.0 323011.0 333519.0 339973.0 343066.0 343425.0 341594.0
22 1.0 186.55225701503878 22.00159059116308 -1.0027723691376285 0.3320867216038029 0.21119661212571894 -0.13440530499894215 -0.12391310578278712 0.013134931609404165 54287.0 123611.0 209019.0 295828.0 373915.0 438369.0 487988.0 523665.99999999994 547238.0 560804.0 566377.0 565729.0 560347.0 551446.0 539991.0 526745.0
23 1.0 9.238578499631366 -39.767769318852295 -1.0027723691376285 0.3320867216038029 0.21119661212571894 -0.13440530499894215 -0.12391310578278712 0.013134931609404165 36128.0 87045.0 153667.0 224971.0 292187.0 350242.0 397124.0 432783.0 458214.0 474854.0 484220.0 487737.0 486655.0 482029.0 474727.0 465450.0
24 1.0 74.68922715879938 -52.245009061985684 -1.0027723691376285 0.3320867216038029 0.21119661212571894 -0.13440530499894215 -0.12391310578278712 0.013134931609404165 10201.0 31551.999999999996 66354.0 110404.0 157935.0 204028.0 245449.0 280549.0 308841.0 330561.0 346332.0 356943.0 363208.0 365895.0 365693.0 363195.0
25 1.0 152.88676875054225 -69.17341800112314 -1.0027723691376285 0.3320867216038029 0.21119661212571894 -0.13440530499894215 -0.12391310578278712 0.013134931609404165 9648.0 30026.0 63421.00000000001 105872.0 151851.0 196598.0 236951.0 271274.0 299057.0 320496.0 336170.0 346826.0 353243.0 356160.0 356240.0 354060.0
26 1.0 134.7011929203212 13.88524392366152 -1.0027723691376285 0.3320867216038029 0.21119661212571894 -0.13440530499894215 -0.12391310578278712 0.013134931609404165 24410.0 57826.0 101071.0 147120.0 190494.0 228056.0 258568.00000000003 282004.0 298977.0 310371.0 317126.0 320121.0 320136.0 317830.0 313747.0 308332.0
27 1.0 166.88715277133184 35.14860106284348 -1.0027723691376285 0.3320867216038029 0.21119661212571894 -0.13440530499894215 -0.12391310578278712 0.013134931609404165 44653.0 101859.0 172666.0 245047.0 310600.0 365147.0 407562.0 438471.0 459308.0 471761.0 477464.0 477873.0 474221.0 467516.0 458572.0 448031.0
28 1.0 99.94633426610349 30.95228530724802 -1.0027723691376285 0.3320867216038029 0.21119661212571894 -0.13440530499894215 -0.12391310578278712 0.013134931609404165 12335.0 34253.0 66881.0 105559.0 145312.0 182444.0 214821.0 241556.0 262586.0 278318.0 289376.0 296455.0 300232.0 301323.0 300265.0 297517.0
29 1.0 211.24236472494076 80.79498372969132 -1.0027723691376285 0.3320867216038029 0.21119661212571894 -0.13440530499894215 -0.12391310578278712 0.013134931609404165 19765.0 55306.0 107890.0 169391.0 231455.0 288160.0 336340.0 374921.0 404136.0 424907.0 438429.0 445939.0 448585.0 447380.0 443182.0 436702.0
0 1.0 310.9880181323633 -89.51342149916951 -1.0027723691376285 0.3320867216038029 0.21119661212571894 -0.13440530499894215 -0.12391310578278712 0.013134931609404165 9833.0 30462.0 64134.0 106808.0 152923.0 197715.0 238044.0 272296.0 299981.0 321309.0 336871.0 347420.0 353739.0 356568.0 356571.0 354323.0
1 1.0 42.31146814633191 26.49539770092649 -1.0027723691376285 0.3320867216038029 0.21119661212571894 -0.13440530499894215 -0.12391310578278712 0.013134931609404165 21866.0 60905.0 118278.0 184909.0 251647.0 312139.0 363087.0 403474.0 433677.0 454782.0 468143.0 475131.0 477005.0 474861.0 469623.0 462049.0
2 1.0 186.2564785754811 18.070602677575124 -1.0027723691376285 0.3320867216038029 0.21119661212571894 -0.13440530499894215 -0.12391310578278712 0.013134931609404165 55160.0 125181.99999999999 211173.0 298349.0 376597.0 441054.0 490573.0 526090.0 549474.0 562843.0 568221.0 567389.0 561838.0 552782.0 541188.0 527817.0
3 1.0 47.54451828425519 15.973129794651868 -1.0027723691376285 0.3320867216038029 0.21119661212571894 -0.13440530499894215 -0.12391310578278712 0.013134931609404165 20691.0 58075.0 113440.0 178152.0 243329.0 302710.0 352973.0 393030.0 423174.0 444415.0 458047.0 465392.0 467674.0 465964.0 461167.0 454031.0
4 1.0 258.06948522933374 83.29865757124364 -1.0027723691376285 0.3320867216038029 0.21119661212571894 -0.13440530499894215 -0.12391310578278712 0.013134931609404165 18505.0 52490.0 103389.0 163486.0 224598.0 280804.0 328848.0 367553.0 397062.0 418224.0 432185.0 440146.0 443237.0 442457.0 438656.0 432544.0
5 1.0 142.58149301062573 -86.96309879339286 -1.0027723691376285 0.3320867216038029 0.21119661212571894 -0.13440530499894215 -0.12391310578278712 0.013134931609404165 9609.0 29946.0 63311.00000000001 105756.0 151757.0 196543.0 236946.0 271322.0 299154.0 320635.0 336344.0 347028.0 353466.0 356397.0 356487.0 354312.0
6 1.0 203.55167226906323 35.36683752626102 -1.0027723691376285 0.3320867216038029 0.21119661212571894 -0.13440530499894215 -0.12391310578278712 0.013134931609404165 41715.0 101884.0 180823.0 264962.0 343599.0 410704.0 464057.0 503820.99999999994 531385.0 548606.0 557395.0 559499.0 556429.0 549439.0 539548.0 527568.0
7 1.0 65.9807410370683 56.462156946335426 -1.0027723691376285 0.3320867216038029 0.21119661212571894 -0.13440530499894215 -0.12391310578278712 0.013134931609404165 15416.0 44105.0 87558.0 139452.0 192847.0 242564.0 285631.0 320855.0 348204.0 368295.0 382040.0 390434.0 394430.0 394886.0 392545.0 388031.0
8 1.0 52.1451933636158 1.7652953918851466 -1.0027723691376285 0.3320867216038029 0.21119661212571894 -0.13440530499894215 -0.12391310578278712 0.013134931609404165 19005.0 53982.0 106411.0 168309.0 231201.0 288961.0 338237.0 377832.0 407917.0 429387.0 443443.0 451337.0 454239.0 453184.0 449051.0 442570.0
9 1.0 175.70026103362363 -29.886323472574354 -1.0027723691376285 0.3320867216038029 0.21119661212571894 -0.13440530499894215 -0.12391310578278712 0.013134931609404165 27370.0 68725.0 125074.99999999999 187417.0 247890.0 301515.0 345971.0 380776.0 406505.0 424241.0 435229.0 440688.0 441721.0 439281.0 434165.0 427028.0
10 1.0 128.020585625984 52.35122938093289 -1.0027723691376285 0.3320867216038029 0.21119661212571894 -0.13440530499894215 -0.12391310578278712 0.013134931609404165 21031.0 54346.0 100765.0 152951.0 204222.0 250201.0 288744.0 319287.0 342208.0 358346.0 368710.0 374307.0 376059.0 374769.0 371115.0 365659.0
11 1.0 338.5555002910127 -72.49627338616357 -1.0027723691376285 0.3320867216038029 0.21119661212571894 -0.13440530499894215 -0.12391310578278712 0.013134931609404165 13097.0 37801.0 75820.0 121973.0 170228.0 215870.0 256040.0 289449.0 315886.0 335769.0 349832.0 358916.0 363856.0 365420.0 364280.0 361013.0
12 1.0 275.5170913705075 -10.43358520861345 -1.0027723691376285 0.3320867216038029 0.21119661212571894 -0.13440530499894215 -0.12391310578278712 0.013134931609404165 9119.0 26373.0 53088.0 85796.0 120358.0 153461.0 183024.0 208039.0 228254.0 243874.0 255349.0 263223.0 268052.0 270361.0 270618.0 269229.0
13 1.0 269.51890314619703 3.5914274227508827 -1.0027723691376285 0.3320867216038029 0.21119661212571894 -0.13440530499894215 -0.12391310578278712 0.013134931609404165 9794.0 28491.0 57531.0 93137.0 130777.0 166815.0 198969.0 226134.0 248033.0 264897.0 277223.0 285610.0 290676.0 292996.0 293089.0 291399.0
14 1.0 325.33910630853603 34.91215396821855 -1.0027723691376285 0.3320867216038029 0.21119661212571894 -0.13440530499894215 -0.12391310578278712 0.013134931609404165 24137.0 61691.0 113415.0 170983.0 227020.0 276824.0 318187.0 350628.0 374664.0 391291.0 401659.0 406898.0 408029.0 405933.0 401350.0 394887.0
15 1.0 30.032076759126678 -73.6405682341663 -1.0027723691376285 0.3320867216038029 0.21119661212571894 -0.13440530499894215 -0.12391310578278712 0.013134931609404165 12492.0 37181.0 76050.0 123938.0 174497.0 222633.0 265184.0 300683.0 328834.0 350044.0 365072.0 374803.0 380124.0 381851.0 380701.0 377290.0
16 1.0 198.78928917206636 -49.00328972318503 -1.0027723691376285 0.3320867216038029 0.21119661212571894 -0.13440530499894215 -0.12391310578278712 0.013134931609404165 13809.0 40787.0 82886.0 134323.0 188202.0 239099.0 283734.0 320652.0 349643.0 371219.0 386244.0 395700.0 400549.0 401669.0 399827.0 395672.0
17 1.0 210.4113848240768 -16.14571871577739 -1.0027723691376285 0.3320867216038029 0.21119661212571894 -0.13440530499894215 -0.12391310578278712 0.013134931609404165 28071.0 73758.0 137852.0 209851.0 280148.0 342532.0 394071.0 434133.0 463413.0 483239.0 495133.0 500579.0 500909.00000000006 497264.0 490594.0 481671.0
18 1.0 346.2970962770024 22.193041143623518 -1.0027723691376285 0.3320867216038029 0.21119661212571894 -0.13440530499894215 -0.12391310578278712 0.013134931609404165 39848.0 93743.0 162475.0 234441.0 300970.0 357386.0 402106.0 435420.0 458554.0 473077.0 480576.0 482497.0 480083.0 474371.0 466203.0 456251.0
19 1.0 105.17310964531758 69.65294061913514 -1.0027723691376285 0.3320867216038029 0.21119661212571894 -0.13440530499894215 -0.12391310578278712 0.013134931609404165 17721.0 49169.0 95534.0 149775.0 204658.0 255033.99999999997 298104.0 332876.0 359492.0 378703.0 391516.0 398982.0 402093.0 401727.0 398634.0 393441.0
20 1.0 86.69836076956085 21.388710283447764 -1.0027723691376285 0.3320867216038029 0.21119661212571894 -0.13440530499894215 -0.12391310578278712 0.013134931609404165 10568.0 30449.0 61026.0 98204.0 137218.0 174322.0 207216.0 234826.0 256929.00000000003 273810.0 286012.0 294177.0 298953.0 300940.0 300673.0 298613.0
21 1.0 36.10581921557922 -65.9769352317118 -1.0027723691376285 0.3320867216038029 0.21119661212571894 -0.13440530499894215 -0.12391310578278712 0.013134931609404165 14200.0 41445.0 83584.0 134773.0 188182.0 238500.0 282544.0 318921.0 347454.0 368665.0 383416.0 392678.0 397401.0 398453.0 396587.0 392443.0
22 1.0 5.9146666529307135 86.50442390171082 -1.0027723691376285 0.3320867216038029 0.21119661212571894 -0.13440530499894215 -0.12391310578278712 0.013134931609404165 17927.0 51001.0 100684.0 159500.0 219456.0 274729.0 322091.0 360351.0 389614.0 410690.0 424685.0 432769.0 436046.0 435492.0 431944.0 426098.0
23 1.0 334.6305540451886 66.92143225598872 -1.0027723691376285 0.3320867216038029 0.21119661212571894 -0.13440530499894215 -0.12391310578278712 0.013134931609404165 18328.0 51891.0 102092.0 161323.0 221535.0 276913.0 324260.0 362423.0 391541.0 412446.0 426263.0 434173.0 437284.0 436579.0 432894.0 426926.0
24 1.0 241.16995677272763 0.4897370061583217 -1.0027723691376285 0.3320867216038029 0.21119661212571894 -0.13440530499894215 -0.12391310578278712 0.013134931609404165 14082.0 41407.0 83919.0 135769.0 190013.0 241209.0 286071.0 323148.0 352236.0 373861.0 388895.0 398328.0 403131.0 404190.0 402274.0 398038.0
25 1.0 282.6550483283296 76.02263672339393 -1.0027723691376285 0.3320867216038029 0.21119661212571894 -0.13440530499894215 -0.12391310578278712 0.013134931609404165 17826.0 50893.0 100711.0 159810.0 220143.0 275826.0 323579.0 362180.0 391721.0 413008.0 427154.0 435336.0 438665.0 438129.0 434571.0 428694.0
26 1.0 101.42283807142167 7.448542876284435 -1.0027723691376285 0.3320867216038029 0.21119661212571894 -0.13440530499894215 -0.12391310578278712 0.013134931609404165 9842.0 27896.0 55359.0 88534.0 123214.0 156131.0 185289.0 209763.0 229371.0 244368.0 255233.0 262531.0 266831.0 268662.0 268494.0 266732.0
27 1.0 211.1076598270776 76.19509222004936 -1.0027723691376285 0.3320867216038029 0.21119661212571894 -0.13440530499894215 -0.12391310578278712 0.013134931609404165 20841.0 57814.0 112081.0 175148.0 238450.0 296011.0 344694.0 383491.0 412709.0 433329.0 446600.0 453794.0 456090.0 454519.0 449952.0 443109.0
28 1.0 23.023895803553206 59.38152634860177 -1.0027723691376285 0.3320867216038029 0.21119661212571894 -0.13440530499894215 -0.12391310578278712 0.013134931609404165 19065.0 54008.0 106252.0 167823.0 230309.0 287653.0 336551.0 375833.0 405677.0 426976.0 440921.0 448754.0 451636.0 450593.0 446495.0 440065.0
29 1.0 174.82593453646425 84.29155385297352 -1.0027723691376285 0.3320867216038029 0.21119661212571894 -0.13440530499894215 -0.12391310578278712 0.013134931609404165 19237.0 53891.0 105247.0 165419.0 226252.0 281943.0 329362.0 367428.0 396342.0 416983.0 430510.0 438123.0 440944.0 439963.0 436020.0 429814.0
0 1.0 351.89825030800085 75.5609059400685 -1.0027723691376285 0.3320867216038029 0.21119661212571894 -0.13440530499894215 -0.12391310578278712 0.013134931609404165 17789.0 50805.0 100563.0 159604.0 219892.0 275543.0 323278.0 361871.0 391412.0 412706.0 426863.0 435058.0 438402.0 437881.0 434338.0 428475.0
1 1.0 315.54188831397266 -83.5139128628575 -1.0027723691376285 0.3320867216038029 0.21119661212571894 -0.13440530499894215 -0.12391310578278712 0.013134931609404165 10306.0 31475.999999999996 65622.0 108528.0 154594.0 199116.0 239037.0 272821.0 300032.0 320918.0 336087.0 346300.0 352339.0 354943.0 354769.0 352385.0
2 1.0 121.73722266126443 -58.54103925103081 -1.0027723691376285 0.3320867216038029 0.21119661212571894 -0.13440530499894215 -0.12391310578278712 0.013134931609404165 9300.0 28712.0 60361.0 100490.0 143920.0 186202.0 224384.0 256930.0 283354.0 303826.0 318880.0 329206.0 335528.0 338535.0 338847.0 337003.0
3 1.0 346.16525563493946 -19.95575812178656 -1.0027723691376285 0.3320867216038029 0.21119661212571894 -0.13440530499894215 -0.12391310578278712 0.013134931609404165 47420.0 105932.0 176760.0 247770.0 310926.0 362530.0 401856.0 429807.0 447977.0 458127.0 461911.0 460771.0 455908.0 448293.0 438697.0 427724.0
4 1.0 83.41258552963363 81.38568551317573 -1.0027723691376285 0.3320867216038029 0.21119661212571894 -0.13440530499894215 -0.12391310578278712 0.013134931609404165 17825.0 50381.0 99049.0 156485.0 214920.0 268732.0 314818.0 352046.0 380531.0 401063.0 414720.0 422636.0 425879.0 425398.0 422003.0 416369.0
5 1.0 341.75477606964535 -35.99479449433267 -1.0027723691376285 0.3320867216038029 0.21119661212571894 -0.13440530499894215 -0.12391310578278712 0.013134931609404165 35112.0 81508.0 140210.0 201494.0 258170.99999999997 306375.0 344786.0 373629.0 393903.0 406898.0 413924.0 416182.0 414713.0 410385.0 403907.0 395852.0
6 1.0 338.8959736943395 -61.11582410023181 -1.0027723691376285 0.3320867216038029 0.21119661212571894 -0.13440530499894215 -0.12391310578278712 0.013134931609404165 17754.0 47476.0 90436.0 140265.0 190572.0 236819.0 276522.0 308771.0 333659.0 351828.0 364154.0 371568.0 374954.0 375101.0 372691.0 368295.0
7 1.0 287.71293144686103 69.53483989558077 -1.0027723691376285 0.3320867216038029 0.21119661212571894 -0.13440530499894215 -0.12391310578278712 0.013134931609404165 17346.0 49583.0 98229.0 156027.0 215130.0 269770.0 316718.0 354750.0 383935.0 405042.0 419147.0 427395.0 430869.0 430533.0 427212.0 421595.0
8 1.0 226.9612572720448 -9.649005213023472 -1.0027723691376285 0.3320867216038029 0.21119661212571894 -0.13440530499894215 -0.12391310578278712 0.013134931609404165 19399.0 54890.0 107919.0 170379.0 233722.0 291801.0 341275.0 380968.0 411074.0 432511.0 446496.0 454293.0 457084.0 455910.0 451654.0 445050.0
9 1.0 314.7436679849809 73.41760698377868 -1.0027723691376285 0.3320867216038029 0.21119661212571894 -0.13440530499894215 -0.12391310578278712 0.013134931609404165 17638.0 50363.0 99683.0 158214.0 217998.0 273203.0 320577.0 358901.0 388259.0 409443.0 423550.0 431743.0 435121.0 434660.0 431197.0 425428.0
10 1.0 105.48730242280682 -61.15851606237421 -1.0027723691376285 0.3320867216038029 0.21119661212571894 -0.13440530499894215 -0.12391310578278712 0.013134931609404165 9093.0 28363.0 60044.0 100456.0 144384.0 187293.0 226139.0 259321.00000000003 286307.0 307249.0 322676.0 333281.0 339799.0 342930.0 343307.0 341480.0
11 1.0 305.61967991265055 29.00115207145791 -1.0027723691376285 0.3320867216038029 0.21119661212571894 -0.13440530499894215 -0.12391310578278712 0.013134931609404165 17480.0 46414.0 87730.0 135083.0 182364.0 225387.0 261963.99999999997 291389.0 313866.0 330071.0 340872.0 347165.0 349785.0 349469.0 346847.0 342443.0
12 1.0 222.43560909030856 -10.75252449069147 -1.0027723691376285 0.3320867216038029 0.21119661212571894 -0.13440530499894215 -0.12391310578278712 0.013134931609404165 22107.0 61143.0 118291.0 184536.0 250838.99999999997 310930.0 361555.0 401709.0 431763.0 452790.0 466128.0 473134.0 475055.0 472979.0 467819.0 460331.0
13 1.0 4.765268793203816 -76.23238157454863 -1.0027723691376285 0.3320867216038029 0.21119661212571894 -0.13440530499894215 -0.12391310578278712 0.013134931609404165 12411.0 36681.0 74716.0 121460.0 170753.0 217669.0 259156.0 293795.0 321302.0 342067.0 356822.0 366423.0 371728.0 373525.0 372513.0 369286.0
14 1.0 125.00406645559904 35.363366037450106 -1.0027723691376285 0.3320867216038029 0.21119661212571894 -0.13440530499894215 -0.12391310578278712 0.013134931609404165 19842.0 49978.0 91207.0 137033.0 181734.0 221648.0 255027.0 281456.0 301297.0 315292.0 324314.0 329229.0 330826.0 329794.0 326712.0 322060.0
15 1.0 53.330709941339414 -45.46822400295233 -1.0027723691376285 0.3320867216038029 0.21119661212571894 -0.13440530499894215 -0.12391310578278712 0.013134931609404165 15271.0 44653.0 90002.0 144873.0 201834.0 255183.0 301571.0 339593.0 369144.0 390854.0 405696.0 414742.0 419026.0 419483.0 416921.0 412018.0
16 1.0 353.45858033457114 -82.86920593568681 -1.0027723691376285 0.3320867216038029 0.21119661212571894 -0.13440530499894215 -0.12391310578278712 0.013134931609404165 10762.0 32701.0 67913.0 111976.0 159113.0 204522.0 245110.0 279350.0 306835.0 327844.0 343021.0 353156.0 359054.0 361473.0 361086.0 358473.0
17 1.0 172.2133105343957 -79.21002631507682 -1.0027723691376285 0.3320867216038029 0.21119661212571894 -0.13440530499894215 -0.12391310578278712 0.013134931609404165 9349.0 29311.0 62234.0 104290.0 150014.0 194650.0 235011.0 269424.0 297346.0 318947.0 334791.0 345613.0 352185.0 355244.0 355452.0 353384.0
18 1.0 179.06089157951857 -79.00586332797828 -1.0027723691376285 0.3320867216038029 0.21119661212571894 -0.13440530499894215 -0.12391310578278712 0.013134931609404165 9369.0 29361.0 62324.0 104422.0 150187.0 194858.0 235247.0 269682.0 297621.0 319234.0 335087.0 345913.0 352488.0 355547.0 355753.0 353682.0
19 1.0 230.2101059035405 73.39193234730709 -1.0027723691376285 0.3320867216038029 0.21119661212571894 -0.13440530499894215 -0.12391310578278712 0.013134931609404165 20245.0 56689.0 110600.0 173612.0 237129.0 295080.0 344231.0 383505.0 413162.0 434164.0 447751.0 455198.0 457687.0 456259.0 451793.0 445016.0
20 1.0 132.6904582066623 43.17910520923817 -1.0027723691376285 0.3320867216038029 0.21119661212571894 -0.13440530499894215 -0.12391310578278712 0.013134931609404165 23423.0 58194.0 105086.0 156563.0 206214.0 250069.0 286335.0 314695.0 335663.0 350142.0 359154.0 363689.0 364639.0 362771.0 358729.0 353038.0
21 1.0 49.284097806815616 71.6512242984723 -1.0027723691376285 0.3320867216038029 0.21119661212571894 -0.13440530499894215 -0.12391310578278712 0.013134931609404165 17010.0 48596.0 96261.0 152918.0 210896.0 264548.0 310702.0 348146.0 376932.0 397803.0 411805.0 420054.0 423607.0 423408.0 420266.0 414856.0
22 1.0 295.9623839499284 31.064816033373845 -1.0027723691376285 0.3320867216038029 0.21119661212571894 -0.13440530499894215 -0.12391310578278712 0.013134931609404165 15036.0 41291.0 79867.0 125038.00000000001 170920.0 213280.0 249773.0 279515.0 302557.0 319463.0 331021.0 338075.0 341430.0 341806.0 339824.0 336007.0
23 1.0 68.34524828499286 5.2091872255589635 -1.0027723691376285 0.3320867216038029 0.21119661212571894 -0.13440530499894215 -0.12391310578278712 0.013134931609404165 11712.0 34689.0 70849.0 115515.0 162881.0 208234.0 248595.0 282527.0 309684.0 330382.0 345279.0 355170.0 360863.0 363110.0 362580.0 359847.0
24 1.0 184.07483371672416 -35.19965441747191 -1.0027723691376285 0.3320867216038029 0.21119661212571894 -0.13440530499894215 -0.12391310578278712 0.013134931609404165 23374.0 61388.0 115181.0 176352.0 236947.0 291601.0 337594.0 374129.0 401579.0 420908.0 433306.0 439974.0 442021.0 440414.0 435972.0 429373.0
25 1.0 80.75413043090613 89.63320523916121 -1.0027723691376285 0.3320867216038029 0.21119661212571894 -0.13440530499894215 -0.12391310578278712 0.013134931609404165 18263.0 51727.0 101801.0 160903.0 221005.0 276298.0 323590.0 361721.0 390828.0 411736.0 425568.0 433500.0 436639.0 435963.0 432309.0 426372.0
26 1.0 35.22401441785226 -24.805969390909922 -1.0027723691376285 0.3320867216038029 0.21119661212571894 -0.13440530499894215 -0.12391310578278712 0.013134931609404165 31524.000000000004 81031.0 149155.0 224552.0 297277.0 361124.0 413327.0 453454.0 482385.0 501591.0 512702.0 517279.00000000006 516707.0 512162.0 504614.0 494851.0
27 1.0 310.388946271806 -5.28318914149628 -1.0027723691376285 0.3320867216038029 0.21119661212571894 -0.13440530499894215 -0.12391310578278712 0.013134931609404165 20842.0 50669.0 90281.0 133377.0 174740.0 211196.0 241339.0 264943.0 282446.0 294590.0 302211.0 306117.0 307040.0 305608.0 302350.0 297703.0
28 1.0 350.2510160483269 -21.915868513776886 -1.0027723691376285 0.3320867216038029 0.21119661212571894 -0.13440530499894215 -0.12391310578278712 0.013134931609404165 48412.0 108513.0 181545.0 255025.99999999997 320616.0 374422.0 415630.0 445115.0 464487.0 475540.0 479966.0 479248.0 474621.0 467088.0 457449.0 446332.0
29 1.0 345.90047690268005 86.31484728038254 -1.0027723691376285 0.3320867216038029 0.21119661212571894 -0.13440530499894215 -0.12391310578278712 0.013134931609404165 17938.0 51057.0 100828.0 159762.0 219847.0 275243.0 322712.0 361057.0 390384.0 411502.0 425523.0 433618.0 436894.0 436332.0 432769.0 426904.0
