idx D_km lam beta x1 y1 z1 x2 y2 z2 flux5 flux6 flux7 flux8 flux9 flux10 flux11 flux12 flux13 flux14 flux15 flux16 flux17 flux18 flux19 flux20
0 1.0 197.5728614138369 73.17998985981222 -0.1745035995135158 -1.0612350223527873 -0.4127778225804677 0.06010318932721714 -0.19272190422565214 -0.03523910281584055 11245.0 33439.0 68073.0 110287.0 154353.0 195821.0 232039.0 261865.0 285172.0 302415.0 314324.0 321715.0 325384.0 326049.0 324336.0 320772.0
1 1.0 257.468171894071 49.328519885754986 -0.1745035995135158 -1.0612350223527873 -0.4127778225804677 0.06010318932721714 -0.19272190422565214 -0.03523910281584055 12938.0 37762.0 75813.0 121508.0 168596.0 212388.0 250201.0 280971.0 304693.0 321945.0 333570.0 340472.0 343516.0 343474.0 341010.0 336678.0
2 1.0 216.99481538579178 -30.033872634844457 -0.1745035995135158 -1.0612350223527873 -0.4127778225804677 0.06010318932721714 -0.19272190422565214 -0.03523910281584055 19562.0 49819.0 91403.0 137637.0 182625.0 222612.0 255834.99999999997 281911.0 301255.0 314660.0 323048.0 327320.0 328294.0 326674.0 323052.0 317914.0
3 1.0 196.15794587888288 -75.40174980216058 -0.1745035995135158 -1.0612350223527873 -0.4127778225804677 0.06010318932721714 -0.19272190422565214 -0.03523910281584055 10122.0 29707.0 60135.0 97262.0 136183.0 173047.0 205511.0 232517.0 253884.0 269952.0 281313.0 288651.0 292641.0 293905.0 292987.0 290354.0
4 1.0 152.5157277620057 -16.69658914551468 -0.1745035995135158 -1.0612350223527873 -0.4127778225804677 0.06010318932721714 -0.19272190422565214 -0.03523910281584055 9830.0 29825.0 61669.0 101148.0 142965.0 182830.0 218074.0 247451.0 270711.0 288192.0 300531.0 308472.0 312756.0 314066.0 313002.0 310075.0
5 1.0 232.5218807039962 -48.19785440923031 -0.1745035995135158 -1.0612350223527873 -0.4127778225804677 0.06010318932721714 -0.19272190422565214 -0.03523910281584055 23235.0 57612.0 103695.0 153925.0 201994.0 244082.0 278541.0 305161.0 324529.0 337589.0 345376.0 348884.0 348994.0 346460.0 341907.0 335844.0
6 1.0 157.5313960545693 -66.15222574356306 -0.1745035995135158 -1.0612350223527873 -0.4127778225804677 0.06010318932721714 -0.19272190422565214 -0.03523910281584055 8168.999999999999 25019.0 52184.0 86272.0 122815.0 158084.0 189669.0 216369.0 237854.0 254330.0 266286.0 274326.0 279072.0 281107.0 280952.0 279055.0
7 1.0 321.03828028154874 -80.38310727837145 -0.1745035995135158 -1.0612350223527873 -0.4127778225804677 0.06010318932721714 -0.19272190422565214 -0.03523910281584055 10526.0 31007.0 62886.0 101799.0 142569.0 181133.0 215029.0 243155.0 265338.0 281946.0 293615.0 301072.0 305032.0 306154.0 305009.0 302088.0
8 1.0 346.91859378037054 40.60698555790418 -0.1745035995135158 -1.0612350223527873 -0.4127778225804677 0.06010318932721714 -0.19272190422565214 -0.03523910281584055 9134.0 27523.0 56669.0 92723.0 130900.99999999999 167344.0 199647.0 226680.0 248201.0 264500.0 276135.0 283764.0 288049.0 289601.0 288960.0 286586.0
9 1.0 138.03894677727996 -87.94305744749441 -0.1745035995135158 -1.0612350223527873 -0.4127778225804677 0.06010318932721714 -0.19272190422565214 -0.03523910281584055 9016.0 27252.0 56298.0 92394.0 130773.0 167543.0 200246.0 227700.0 249627.0 266291.0 278241.0 286129.0 290619.0 292326.0 291796.0 289496.0
10 1.0 285.02101370975925 48.70453473049972 -0.1745035995135158 -1.0612350223527873 -0.4127778225804677 0.06010318932721714 -0.19272190422565214 -0.03523910281584055 12439.0 36647.0 74053.0 119246.0 166036.0 209716.0 247556.0 278444.0 302334.0 319777.0 331596.0 338685.0 341904.0 342020.0 339698.0 335494.0
11 1.0 190.40217111104562 -63.549603827932486 -0.1745035995135158 -1.0612350223527873 -0.4127778225804677 0.06010318932721714 -0.19272190422565214 -0.03523910281584055 10079.0 29441.0 59415.0 95901.0 134089.0 170221.0 202020.0 228462.0 249380.0 265111.0 276235.0 283422.0 287334.0 288578.0 287687.0 285116.0
12 1.0 204.49604199381562 -75.68602513438397 -0.1745035995135158 -1.0612350223527873 -0.4127778225804677 0.06010318932721714 -0.19272190422565214 -0.03523910281584055 10606.0 30835.0 62015.0 99831.0 139286.0 176506.0 209164.0 236235.0 257573.0 273547.0 284772.0 291949.0 295765.0 296850.0 295757.0 292952.0
13 1.0 333.214789785358 -73.87145383705104 -0.1745035995135158 -1.0612350223527873 -0.4127778225804677 0.06010318932721714 -0.19272190422565214 -0.03523910281584055 10665.0 31461.000000000004 63852.00000000001 103392.0 144806.0 183958.0 218343.0 246845.0 269295.0 286074.0 297833.0 305315.0 309251.0 310309.0 309075.0 306044.0
14 1.0 25.5729809512393 30.968605323704594 -0.1745035995135158 -1.0612350223527873 -0.4127778225804677 0.06010318932721714 -0.19272190422565214 -0.03523910281584055 14437.0 39016.0 74607.0 115793.0 157195.0 195050.0 227348.0 253396.99999999997 273335.0 287734.0 297349.0 302968.0 305327.0 305082.0 302791.0 298922.0
15 1.0 31.366547892554657 -45.83390222648794 -0.1745035995135158 -1.0612350223527873 -0.4127778225804677 0.06010318932721714 -0.19272190422565214 -0.03523910281584055 7993.0 24809.0 52223.0 86896.0 124281.0 160515.0 193068.0 220656.0 242903.0 259994.99999999997 272423.0 280804.0 285775.0 287939.0 287832.0 285921.0
16 1.0 7.278623078517259 -14.302895997582283 -0.1745035995135158 -1.0612350223527873 -0.4127778225804677 0.06010318932721714 -0.19272190422565214 -0.03523910281584055 7966.000000000001 24525.0 51334.0 85083.0 121355.0 156436.0 187913.0 214571.0 236064.0 252583.0 264603.0 272721.0 277551.0 279673.0 279603.0 277788.0
17 1.0 299.74314439725765 10.326382438305046 -0.1745035995135158 -1.0612350223527873 -0.4127778225804677 0.06010318932721714 -0.19272190422565214 -0.03523910281584055 24941.0 65072.00000000001 120749.0 182599.0 242328.0 294748.0 337551.0 370382.0 393978.0 409567.0 418505.0 422087.0 421457.0 417587.0 411274.0 403166.0
18 1.0 280.13643034194615 64.89921128918289 -0.1745035995135158 -1.0612350223527873 -0.4127778225804677 0.06010318932721714 -0.19272190422565214 -0.03523910281584055 10450.0 31448.999999999996 64583.0 105328.0 148177.0 188765.0 224433.0 253989.00000000003 277242.0 294587.0 306706.0 314376.0 318363.0 319367.0 317998.0 314775.0
19 1.0 313.2043733688549 40.8679672880391 -0.1745035995135158 -1.0612350223527873 -0.4127778225804677 0.06010318932721714 -0.19272190422565214 -0.03523910281584055 10938.0 32781.0 67117.0 109203.0 153328.0 194998.0 231500.0 261641.0 285255.0 302775.0 314924.0 322512.0 326337.0 327123.0 325498.0 321996.0
20 1.0 352.30260320379506 -41.34097705703137 -0.1745035995135158 -1.0612350223527873 -0.4127778225804677 0.06010318932721714 -0.19272190422565214 -0.03523910281584055 8900.0 27371.0 57191.0 94580.0 134568.0 173021.0 207294.0 236098.0 259106.0 276582.0 289096.0 297335.0 301998.0 303737.0 303127.0 300663.0
21 1.0 287.6970831180205 -66.33309612759703 -0.1745035995135158 -1.0612350223527873 -0.4127778225804677 0.06010318932721714 -0.19272190422565214 -0.03523910281584055 17774.0 47243.0 89237.0 137179.0 184786.0 227802.0 264057.0 292904.0 314622.0 329961.0 339849.0 345228.0 346966.0 345823.0 342442.0 337354.0
22 1.0 166.13257041105547 -80.03262232418437 -0.1745035995135158 -1.0612350223527873 -0.4127778225804677 0.06010318932721714 -0.19272190422565214 -0.03523910281584055 8887.0 26844.0 55436.0 90969.0 128761.99999999999 164988.0 197230.0 224320.0 245980.0 262465.0 274309.0 282153.0 286647.0 288394.0 287932.0 285720.0
23 1.0 280.99050346312396 -35.712245793430355 -0.1745035995135158 -1.0612350223527873 -0.4127778225804677 0.06010318932721714 -0.19272190422565214 -0.03523910281584055 39629.0 92993.0 160418.0 230211.0 293888.0 347082.0 388507.0 418678.0 438967.0 451017.0 456440.0 456675.0 452939.0 446233.0 437357.0 426945.0
24 1.0 42.57879331281596 -42.818733136857915 -0.1745035995135158 -1.0612350223527873 -0.4127778225804677 0.06010318932721714 -0.19272190422565214 -0.03523910281584055 8818.0 26906.0 55937.0 92211.0 130930.99999999999 168138.0 201304.0 229200.0 251515.0 268503.0 280708.0 288788.0 293413.0 295208.0 294725.0 292440.0
25 1.0 230.3715676779086 -7.894697975913658 -0.1745035995135158 -1.0612350223527873 -0.4127778225804677 0.06010318932721714 -0.19272190422565214 -0.03523910281584055 27547.0 66906.0 118514.0 173700.0 225599.0 270284.0 306237.0 333469.0 352792.0 365341.0 372309.0 374801.0 373785.0 370073.0 364331.0 357097.0
26 1.0 51.607183467256704 32.990640398582485 -0.1745035995135158 -1.0612350223527873 -0.4127778225804677 0.06010318932721714 -0.19272190422565214 -0.03523910281584055 28519.0 68443.0 120227.0 175142.0 226439.0 270347.0 305481.0 331936.0 350573.0 362548.0 369054.0 371192.0 369915.0 366023.0 360169.0 352877.0
27 1.0 340.0808101378502 35.21258021499429 -0.1745035995135158 -1.0612350223527873 -0.4127778225804677 0.06010318932721714 -0.19272190422565214 -0.03523910281584055 9031.0 27406.0 56704.0 93102.0 131767.0 168766.0 201625.0 229167.0 251124.0 267775.0 279680.0 287504.0 291919.0 293545.0 292933.0 290554.0
28 1.0 187.8653958300258 -38.96660761521 -0.1745035995135158 -1.0612350223527873 -0.4127778225804677 0.06010318932721714 -0.19272190422565214 -0.03523910281584055 9794.0 28656.0 57887.0 93496.0 130794.0 166110.0 197216.0 223108.0 243617.0 259065.0 270018.0 277125.0 281029.0 282323.0 281525.0 279079.0
29 1.0 149.2782983965885 -21.61314793797831 -0.1745035995135158 -1.0612350223527873 -0.4127778225804677 0.06010318932721714 -0.19272190422565214 -0.03523910281584055 9769.0 29674.0 61412.0 100796.0 142541.0 182364.0 217589.0 246966.0 270238.0 287739.0 300102.0 308069.0 312380.0 313716.0 312677.0 309773.0
0 1.0 95.24002035766571 -57.39282688735745 -0.1745035995135158 -1.0612350223527873 -0.4127778225804677 0.06010318932721714 -0.19272190422565214 -0.03523910281584055 8571.0 26485.0 55541.0 92118.0 131373.0 169243.0 203101.0 231644.0 254523.0 271971.0 284532.0 292872.0 297673.0 299572.0 299136.0 296852.0
1 1.0 278.724128196318 51.93819221517336 -0.1745035995135158 -1.0612350223527873 -0.4127778225804677 0.06010318932721714 -0.19272190422565214 -0.03523910281584055 12056.0 35669.0 72307.0 116725.0 162852.0 206033.0 243543.0 274248.0 298072.0 315539.0 327443.0 334661.0 338034.0 338320.0 336175.0 332149.0
2 1.0 164.21411959795748 -79.76734624201674 -0.1745035995135158 -1.0612350223527873 -0.4127778225804677 0.06010318932721714 -0.19272190422565214 -0.03523910281584055 8818.0 26666.0 55116.0 90500.0 128159.0 164275.0 196434.0 223467.0 245091.0 261558.0 273397.0 281246.0 285752.0 287517.0 287076.0 284887.0
3 1.0 204.63622159271347 35.459503510497726 -0.1745035995135158 -1.0612350223527873 -0.4127778225804677 0.06010318932721714 -0.19272190422565214 -0.03523910281584055 10707.0 31890.0 65031.00000000001 105533.0 147931.0 187951.0 223019.0 252006.0 274759.0 291689.0 303481.0 310907.0 314723.0 315618.0 314192.0 310954.0
4 1.0 6.764328157087851 50.1651712693986 -0.1745035995135158 -1.0612350223527873 -0.4127778225804677 0.06010318932721714 -0.19272190422565214 -0.03523910281584055 11037.0 31875.0 63728.99999999999 102072.0 141806.0 179056.0 211546.0 238318.0 259284.0 274860.0 285691.0 292498.0 295980.0 296770.0 295421.0 292399.0
5 1.0 222.34877894731574 49.93336113277556 -0.1745035995135158 -1.0612350223527873 -0.4127778225804677 0.06010318932721714 -0.19272190422565214 -0.03523910281584055 11074.0 33009.0 67314.0 109198.0 152980.0 194231.0 230301.0 260038.0 283305.0 300543.0 312475.0 319907.0 323629.0 324355.0 322707.0 319211.0
6 1.0 220.3544601800717 -43.303938417836115 -0.1745035995135158 -1.0612350223527873 -0.4127778225804677 0.06010318932721714 -0.19272190422565214 -0.03523910281584055 19502.0 49709.0 91273.0 137536.0 182602.0 222701.0 256054.0 282264.0 301734.0 315255.0 323741.0 328096.0 329136.0 327568.0 323985.0 318875.0
7 1.0 222.0962388749125 -22.713635172138936 -0.1745035995135158 -1.0612350223527873 -0.4127778225804677 0.06010318932721714 -0.19272190422565214 -0.03523910281584055 22919.0 56891.0 102455.0 152127.0 199658.0 241265.0 275320.0 301616.0 320738.0 333622.0 341295.0 344739.0 344828.0 342307.0 337793.0 331791.0
8 1.0 339.7493082652647 15.76793433535002 -0.1745035995135158 -1.0612350223527873 -0.4127778225804677 0.06010318932721714 -0.19272190422565214 -0.03523910281584055 9062.0 27645.0 57422.0 94555.0 134114.0 172050.0 205797.0 234118.0 256718.0 273869.0 286140.0 294210.0 298768.0 300453.0 299831.0 297388.0
9 1.0 245.45530767725404 -40.892057563595934 -0.1745035995135158 -1.0612350223527873 -0.4127778225804677 0.06010318932721714 -0.19272190422565214 -0.03523910281584055 32418.000000000004 76566.0 132887.0 191783.0 246109.0 292050.0 328344.0 355269.0 373861.0 385427.0 391279.0 392607.0 390430.0 385597.0 378791.0 370561.0
10 1.0 129.42284420656296 -23.246496140780025 -0.1745035995135158 -1.0612350223527873 -0.4127778225804677 0.06010318932721714 -0.19272190422565214 -0.03523910281584055 13984.0 40319.0 80273.0 127876.99999999999 176610.0 221664.0 260345.0 291633.0 315587.0 332852.0 344329.0 350970.0 353678.0 353253.0 350379.0 345628.0
11 1.0 157.33150336776293 -54.530229566584865 -0.1745035995135158 -1.0612350223527873 -0.4127778225804677 0.06010318932721714 -0.19272190422565214 -0.03523910281584055 7991.0 24582.0 51426.0 85203.0 121491.0 156577.0 188051.0 214701.0 236183.0 252690.00000000003 264699.0 272806.0 277627.0 279741.0 279663.0 277843.0
12 1.0 251.14723053381536 -7.225940923918671 -0.1745035995135158 -1.0612350223527873 -0.4127778225804677 0.06010318932721714 -0.19272190422565214 -0.03523910281584055 41593.0 96144.0 164018.0 233373.0 295926.0 347610.0 387400.0 415990.0 434857.0 445692.0 450118.0 449564.0 445226.0 438080.0 428901.0 418300.0
13 1.0 21.68116978653714 -81.96978577425946 -0.1745035995135158 -1.0612350223527873 -0.4127778225804677 0.06010318932721714 -0.19272190422565214 -0.03523910281584055 8696.0 26569.0 55298.0 91237.0 129643.00000000001 166584.0 199546.0 227299.0 249525.0 266469.0 278664.0 286762.0 291424.0 293269.0 292845.0 290626.0
14 1.0 240.03601756044037 53.96325922271123 -0.1745035995135158 -1.0612350223527873 -0.4127778225804677 0.06010318932721714 -0.19272190422565214 -0.03523910281584055 11452.0 34034.0 69243.0 112114.0 156815.0 198829.0 235474.0 265604.0 289104.0 306446.0 318381.0 325741.0 329336.0 329898.0 328062.0 324362.0
15 1.0 241.4296330625374 -76.1478395424061 -0.1745035995135158 -1.0612350223527873 -0.4127778225804677 0.06010318932721714 -0.19272190422565214 -0.03523910281584055 12772.0 35868.0 70431.0 111419.0 153419.0 192433.0 226189.0 253784.0 275210.0 290958.0 301744.0 308342.0 311499.0 311883.0 310073.0 306556.0
16 1.0 75.73772198658273 3.3903267896746883 -0.1745035995135158 -1.0612350223527873 -0.4127778225804677 0.06010318932721714 -0.19272190422565214 -0.03523910281584055 40309.0 93643.0 160387.0 228950.0 291107.0 342738.0 382722.0 411664.0 430967.0 442270.0 447163.0 447051.0 443123.0 436346.0 427496.0 417184.0
17 1.0 46.41346715574719 -34.7741820818647 -0.1745035995135158 -1.0612350223527873 -0.4127778225804677 0.06010318932721714 -0.19272190422565214 -0.03523910281584055 10466.0 30845.0 62586.0 101348.0 141979.0 180430.0 214241.0 242310.0 264460.0 281055.0 292727.0 300197.0 304179.0 305327.0 304213.0 301325.0
18 1.0 113.55420633270619 13.957730789647584 -0.1745035995135158 -1.0612350223527873 -0.4127778225804677 0.06010318932721714 -0.19272190422565214 -0.03523910281584055 38658.0 92914.0 162858.0 236260.0 303868.0 360725.0 405217.0 437748.0 459705.0 472817.0 478802.0 479203.0 475331.0 468267.0 458873.0 447835.0
19 1.0 130.93587753934415 82.69800135001651 -0.1745035995135158 -1.0612350223527873 -0.4127778225804677 0.06010318932721714 -0.19272190422565214 -0.03523910281584055 13463.0 38486.0 76230.0 121070.0 166935.0 209367.0 245865.0 275479.0 298254.0 314778.0 325878.0 332432.0 335277.0 335155.0 332706.0 328462.0
20 1.0 205.27083735043666 26.20264400208069 -0.1745035995135158 -1.0612350223527873 -0.4127778225804677 0.06010318932721714 -0.19272190422565214 -0.03523910281584055 11114.0 32692.0 66104.0 106636.0 148833.0 188491.0 223121.0 251656.0 273985.0 290541.0 302017.0 309187.0 312801.0 313544.0 312007.0 308693.0
21 1.0 157.89654484643532 -83.63476156401164 -0.1745035995135158 -1.0612350223527873 -0.4127778225804677 0.06010318932721714 -0.19272190422565214 -0.03523910281584055 8877.0 26868.0 55562.0 91262.0 129262.99999999999 165709.0 198159.0 225432.0 247242.0 263844.0 275774.0 283676.0 288204.0 289968.0 289505.0 287281.0
22 1.0 355.8145817013214 -12.527560888548976 -0.1745035995135158 -1.0612350223527873 -0.4127778225804677 0.06010318932721714 -0.19272190422565214 -0.03523910281584055 8090.0 25012.0 52494.0 87154.0 124445.0 160529.0 192906.0 220316.0 242399.0 259352.00000000003 271667.0 279960.0 284868.0 286989.0 286856.0 284933.0
23 1.0 36.736131869290105 1.803033417285036 -0.1745035995135158 -1.0612350223527873 -0.4127778225804677 0.06010318932721714 -0.19272190422565214 -0.03523910281584055 15855.999999999998 42124.0 79638.0 122614.0 165478.0 204415.0 237439.0 263916.0 284044.0 298455.0 307951.0 313354.0 315434.0 314866.0 312227.0 307995.0
24 1.0 75.19563219414049 6.511949046621353 -0.1745035995135158 -1.0612350223527873 -0.4127778225804677 0.06010318932721714 -0.19272190422565214 -0.03523910281584055 41554.0 96048.0 163880.0 233234.0 295831.0 347596.0 387490.0 416196.0 435177.0 446120.0 450645.0 450177.0 445914.0 438830.0 429702.0 419143.0
25 1.0 58.07142643859865 32.65065190869082 -0.1745035995135158 -1.0612350223527873 -0.4127778225804677 0.06010318932721714 -0.19272190422565214 -0.03523910281584055 32740.0 77139.0 133624.0 192546.0 246768.0 292513.0 328560.0 355219.0 373549.0 384872.0 390506.0 391645.0 389310.0 384344.0 377432.0 369118.0
26 1.0 235.11899716754343 -40.032702408282105 -0.1745035995135158 -1.0612350223527873 -0.4127778225804677 0.06010318932721714 -0.19272190422565214 -0.03523910281584055 27810.0 66963.0 117939.0 172185.0 223020.0 266676.0 301729.0 328231.0 347002.0 359163.0 365885.0 368249.0 367200.0 363528.0 357882.0 350785.0
27 1.0 91.18497691432157 -66.80509821606236 -0.1745035995135158 -1.0612350223527873 -0.4127778225804677 0.06010318932721714 -0.19272190422565214 -0.03523910281584055 7854.999999999999 24510.0 51781.0 86391.0 123804.0 160143.0 192847.0 220607.0 243026.0 260278.99999999997 272849.0 281350.0 286421.0 288663.0 288616.0 286749.0
28 1.0 167.87187822827028 -19.31837822152302 -0.1745035995135158 -1.0612350223527873 -0.4127778225804677 0.06010318932721714 -0.19272190422565214 -0.03523910281584055 8570.0 26146.0 54332.0 89529.0 127093.00000000001 163196.0 195396.0 222504.0 244220.0 260784.00000000003 272719.0 280658.0 285246.0 287086.0 286712.0 284584.0
29 1.0 87.99321312057698 82.1530301032708 -0.1745035995135158 -1.0612350223527873 -0.4127778225804677 0.06010318932721714 -0.19272190422565214 -0.03523910281584055 14164.0 39926.0 78345.0 123613.0 169626.0 211981.0 248254.0 277564.0 300004.0 316197.0 326985.0 333260.0 335858.0 335524.0 332893.0 328497.0
0 1.0 57.2290501123871 -56.31643948484795 -0.1745035995135158 -1.0612350223527873 -0.4127778225804677 0.06010318932721714 -0.19272190422565214 -0.03523910281584055 8221.0 25498.0 53631.0 89169.0 127431.99999999999 164459.0 197666.0 225752.0 248346.0 265654.0 278188.0 286588.0 291511.0 293575.0 293334.0 291262.0
1 1.0 39.73505081914985 72.71711188708267 -0.1745035995135158 -1.0612350223527873 -0.4127778225804677 0.06010318932721714 -0.19272190422565214 -0.03523910281584055 14866.0 41058.0 79511.0 124338.0 169559.0 210949.0 246237.0 274641.0 296306.0 311870.0 322176.0 328098.0 330457.0 329977.0 327276.0 322869.0
2 1.0 236.27865220749842 7.885071013918747 -0.1745035995135158 -1.0612350223527873 -0.4127778225804677 0.06010318932721714 -0.19272190422565214 -0.03523910281584055 26514.0 65695.0 117954.0 174531.0 228241.0 274836.0 312578.0 341354.0 361929.0 375442.0 383110.0 386075.0 385345.0 381768.0 376041.0 368729.0
3 1.0 49.74586248550097 -7.755944103762147 -0.1745035995135158 -1.0612350223527873 -0.4127778225804677 0.06010318932721714 -0.19272190422565214 -0.03523910281584055 20009.0 51298.0 94543.0 142819.0 189933.0 231905.0 266838.0 294296.0 314690.0 328844.0 337716.0 342252.0 343311.0 341635.0 337849.0 332463.0
4 1.0 70.76965020481926 68.76745384138013 -0.1745035995135158 -1.0612350223527873 -0.4127778225804677 0.06010318932721714 -0.19272190422565214 -0.03523910281584055 19541.0 51302.0 95920.0 146208.0 195560.0 239657.0 276408.0 305298.0 326737.0 341587.0 350863.0 355566.0 356609.0 354778.0 350735.0 345021.0
5 1.0 132.74106143794708 -7.451286881654539 -0.1745035995135158 -1.0612350223527873 -0.4127778225804677 0.06010318932721714 -0.19272190422565214 -0.03523910281584055 18162.0 50153.0 96824.0 150732.0 204502.0 253072.00000000003 293855.0 326087.0 350108.0 366818.0 377319.0 382720.0 384035.0 382146.0 377793.0 371583.0
6 1.0 295.55756274525663 40.350174590077785 -0.1745035995135158 -1.0612350223527873 -0.4127778225804677 0.06010318932721714 -0.19272190422565214 -0.03523910281584055 13530.0 39388.0 78894.0 126182.99999999999 174753.0 219767.0 258491.00000000003 289874.0 313948.0 331344.0 342950.0 349713.0 352535.0 352213.0 349433.0 344765.0
7 1.0 34.956459285502056 -18.17544209344163 -0.1745035995135158 -1.0612350223527873 -0.4127778225804677 0.06010318932721714 -0.19272190422565214 -0.03523910281584055 11226.0 32255.0 64346.0 102976.0 143042.0 180653.0 213509.0 240628.0 261909.0 277754.0 288806.0 295784.0 299392.0 300266.0 298966.0 295962.0
8 1.0 301.6601666995694 72.7279907221724 -0.1745035995135158 -1.0612350223527873 -0.4127778225804677 0.06010318932721714 -0.19272190422565214 -0.03523910281584055 10259.0 30789.0 63126.0 102859.0 144638.0 184227.0 219045.0 247930.0 270692.0 287711.0 299641.0 307237.0 311239.0 312325.0 311089.0 308036.0
9 1.0 34.59542684182671 34.20450363442093 -0.1745035995135158 -1.0612350223527873 -0.4127778225804677 0.06010318932721714 -0.19272190422565214 -0.03523910281584055 18487.0 47660.0 88185.0 133603.0 178084.0 217840.0 251043.00000000003 277245.0 296803.0 310474.0 319148.0 323709.0 324963.0 323607.0 320231.0 315318.0
10 1.0 351.5254074048225 35.931969765093015 -0.1745035995135158 -1.0612350223527873 -0.4127778225804677 0.06010318932721714 -0.19272190422565214 -0.03523910281584055 9037.0 27194.0 55954.0 91525.0 129198.00000000001 165172.0 197075.0 223790.0 245075.0 261212.99999999997 272750.0 280334.0 284616.0 286197.0 285609.0 283308.0
11 1.0 168.71443259317257 -31.010327719718596 -0.1745035995135158 -1.0612350223527873 -0.4127778225804677 0.06010318932721714 -0.19272190422565214 -0.03523910281584055 8311.0 25358.0 52721.0 86932.0 123495.0 158693.0 190143.0 216676.0 237983.0 254286.99999999997 266085.0 273986.0 278614.0 280551.0 280315.0 278353.0
12 1.0 351.6339917485214 46.22015569264005 -0.1745035995135158 -1.0612350223527873 -0.4127778225804677 0.06010318932721714 -0.19272190422565214 -0.03523910281584055 9532.0 28444.0 58170.0 94707.0 133201.0 169788.0 202094.0 229028.0 250386.0 266484.0 277903.0 285316.0 289393.0 290751.0 289931.0 287397.0
13 1.0 217.74438710821656 24.490989980485438 -0.1745035995135158 -1.0612350223527873 -0.4127778225804677 0.06010318932721714 -0.19272190422565214 -0.03523910281584055 13569.0 38414.0 75628.0 119642.0 164535.0 205993.0 241617.0 270503.0 292713.0 308826.0 319651.0 326046.0 328824.0 328709.0 326322.0 322183.0
14 1.0 266.1348885833886 -46.79635079165228 -0.1745035995135158 -1.0612350223527873 -0.4127778225804677 0.06010318932721714 -0.19272190422565214 -0.03523910281584055 33445.0 79432.0 138373.0 200205.0 257365.99999999997 305780.0 344072.0 372503.0 392149.0 404383.0 410583.0 412006.0 409729.0 404646.0 397481.0 388812.0
15 1.0 14.107605211555443 -61.103011952653844 -0.1745035995135158 -1.0612350223527873 -0.4127778225804677 0.06010318932721714 -0.19272190422565214 -0.03523910281584055 8030.000000000001 24996.0 52715.0 87825.0 125715.0 162456.0 195469.0 223444.0 245994.0 263308.0 275885.0 284353.0 289359.0 291516.0 291372.0 289399.0
16 1.0 101.81050652750744 53.35046541311971 -0.1745035995135158 -1.0612350223527873 -0.4127778225804677 0.06010318932721714 -0.19272190422565214 -0.03523910281584055 30374.0 74470.0 132581.0 194809.0 253266.0 303443.0 343619.0 373833.0 395047.0 408586.0 415832.0 418059.0 416377.0 411711.0 404818.0 396305.0
17 1.0 43.270762036740805 82.64998854634004 -0.1745035995135158 -1.0612350223527873 -0.4127778225804677 0.06010318932721714 -0.19272190422565214 -0.03523910281584055 13193.0 37602.0 74364.0 118020.0 162688.0 204046.0 239664.0 268610.0 290918.0 307152.0 318105.0 324629.0 327532.0 327534.0 325256.0 321217.0
18 1.0 106.61047110797217 -7.535011093192281 -0.1745035995135158 -1.0612350223527873 -0.4127778225804677 0.06010318932721714 -0.19272190422565214 -0.03523910281584055 32225.999999999996 79551.0 142179.0 209345.0 272413.0 326438.0 369541.0 401782.0 424233.0 438361.0 445688.0 447615.0 445355.0 439918.0 432126.0 422632.0
19 1.0 42.74197882352786 16.377149758263286 -0.1745035995135158 -1.0612350223527873 -0.4127778225804677 0.06010318932721714 -0.19272190422565214 -0.03523910281584055 22196.0 55311.0 99920.0 148742.0 195629.0 236819.0 270657.0 296895.0 316074.0 329094.0 336954.0 340614.0 340933.0 338646.0 334363.0 328583.0
20 1.0 114.47394458183138 64.39007595483983 -0.1745035995135158 -1.0612350223527873 -0.4127778225804677 0.06010318932721714 -0.19272190422565214 -0.03523910281584055 21420.0 56097.0 104585.0 158949.0 211999.0 259108.0 298096.0 328493.0 350814.0 366042.0 375305.0 379707.0 380241.0 377758.0 372968.0 366452.0
21 1.0 149.13467802528118 -7.699778396305732 -0.1745035995135158 -1.0612350223527873 -0.4127778225804677 0.06010318932721714 -0.19272190422565214 -0.03523910281584055 11658.0 34675.0 70588.0 114324.0 159915.0 202737.0 240048.0 270685.0 294535.0 312091.0 324127.0 331499.0 335037.0 335492.0 333514.0 329648.0
22 1.0 23.09309868556237 81.3374058298925 -0.1745035995135158 -1.0612350223527873 -0.4127778225804677 0.06010318932721714 -0.19272190422565214 -0.03523910281584055 12676.0 36361.0 72241.0 115045.0 159008.0 199849.0 235134.0 263903.0 286158.0 302428.0 313482.0 320150.0 323223.0 323412.0 321326.0 317481.0
23 1.0 249.28996297320714 13.63520916807704 -0.1745035995135158 -1.0612350223527873 -0.4127778225804677 0.06010318932721714 -0.19272190422565214 -0.03523910281584055 30022.0 73689.0 131302.0 193059.0 251126.00000000003 301013.0 340994.0 371097.0 392263.0 405804.0 413086.0 415376.0 413772.0 409196.0 402399.0 393984.0
24 1.0 203.97652351436705 57.738081726236686 -0.1745035995135158 -1.0612350223527873 -0.4127778225804677 0.06010318932721714 -0.19272190422565214 -0.03523910281584055 10573.0 31801.000000000004 65268.00000000001 106388.0 149594.0 190484.0 226384.0 256101.00000000003 279452.0 296844.0 308969.0 316614.0 320555.0 321497.0 320056.0 316755.0
25 1.0 95.54021673820034 73.5918693142929 -0.1745035995135158 -1.0612350223527873 -0.4127778225804677 0.06010318932721714 -0.19272190422565214 -0.03523910281584055 17790.0 47952.0 91240.0 140788.0 189989.0 234376.0 271685.0 301260.0 323418.0 338959.0 348868.0 354133.0 355663.0 354248.0 350555.0 345133.0
26 1.0 188.36929924801188 56.7942873783424 -0.1745035995135158 -1.0612350223527873 -0.4127778225804677 0.06010318932721714 -0.19272190422565214 -0.03523910281584055 10950.0 32785.0 67064.0 109035.0 153001.0 194494.0 230825.0 260813.00000000003 284302.0 301726.0 313806.0 321349.0 325150.0 325927.0 324308.0 320821.0
27 1.0 33.818583873039 -61.30539657918793 -0.1745035995135158 -1.0612350223527873 -0.4127778225804677 0.06010318932721714 -0.19272190422565214 -0.03523910281584055 7751.0 24248.0 51326.0 85753.0 123025.0 159271.0 191927.0 219674.0 242105.0 259388.0 271997.0 280543.0 285660.0 287949.0 287948.0 286123.0
28 1.0 207.34073840022455 23.201719031106066 -0.1745035995135158 -1.0612350223527873 -0.4127778225804677 0.06010318932721714 -0.19272190422565214 -0.03523910281584055 11591.0 33757.0 67792.0 108822.0 151327.0 191114.0 225732.0 254160.0 276326.0 292693.0 303973.0 310951.0 314386.0 314963.0 313278.0 309832.0
29 1.0 334.5466311274371 -18.28183344845813 -0.1745035995135158 -1.0612350223527873 -0.4127778225804677 0.06010318932721714 -0.19272190422565214 -0.03523910281584055 11850.0 35046.0 71085.0 114854.0 160391.0 203102.0 240277.0 270772.0 294492.0 311933.0 323873.0 331167.0 334645.0 335055.0 333042.0 329153.0
0 1.0 114.68482288247652 -78.71166863579778 -0.1745035995135158 -1.0612350223527873 -0.4127778225804677 0.06010318932721714 -0.19272190422565214 -0.03523910281584055 8040.999999999999 24841.0 52119.0 86524.0 123547.0 159379.0 191538.0 218771.0 240718.0 257573.0 269824.0 278081.0 282976.0 285102.0 284988.0 283095.0
1 1.0 240.2677367869254 -13.674194659828444 -0.1745035995135158 -1.0612350223527873 -0.4127778225804677 0.06010318932721714 -0.19272190422565214 -0.03523910281584055 35796.0 83647.0 143957.0 206336.0 263279.0 310927.0 348140.0 375366.0 393804.0 404903.0 410081.0 410610.0 407568.0 401842.0 394145.0 385042.0
2 1.0 47.447230465581185 -43.436867959906614 -0.1745035995135158 -1.0612350223527873 -0.4127778225804677 0.06010318932721714 -0.19272190422565214 -0.03523910281584055 9133.0 27718.0 57402.0 94344.0 133648.0 171304.0 204780.0 232860.0 255259.0 272251.0 284404.0 292393.0 296900.0 298561.0 297936.0 295505.0
3 1.0 257.8777934826836 62.82689551713193 -0.1745035995135158 -1.0612350223527873 -0.4127778225804677 0.06010318932721714 -0.19272190422565214 -0.03523910281584055 10759.0 32290.0 66167.0 107724.0 151327.0 192539.0 228675.0 258546.0 281982.0 299403.0 311514.0 319114.0 322988.0 323849.0 322319.0 318923.0
4 1.0 104.1861934609924 -84.00516722159469 -0.1745035995135158 -1.0612350223527873 -0.4127778225804677 0.06010318932721714 -0.19272190422565214 -0.03523910281584055 8416.0 25788.0 53791.0 88911.0 126530.0 162795.0 195226.0 222595.0 244571.0 261378.0 273526.0 281646.0 286383.0 288340.0 288055.0 285992.0
5 1.0 65.94889032256206 82.61688993542523 -0.1745035995135158 -1.0612350223527873 -0.4127778225804677 0.06010318932721714 -0.19272190422565214 -0.03523910281584055 13758.0 38938.0 76626.0 121164.0 166551.0 208427.0 244370.0 273482.0 295831.0 312014.0 322855.0 329223.0 331944.0 331751.0 329271.0 325030.0
6 1.0 211.14465653162995 -26.033607275052667 -0.1745035995135158 -1.0612350223527873 -0.4127778225804677 0.06010318932721714 -0.19272190422565214 -0.03523910281584055 16632.0 43695.0 81936.0 125373.00000000001 168389.0 207218.0 239954.0 266043.0 285740.0 299719.0 308805.0 313837.0 315587.0 314733.0 311848.0 307409.0
7 1.0 7.238716627497679 -25.792759727542276 -0.1745035995135158 -1.0612350223527873 -0.4127778225804677 0.06010318932721714 -0.19272190422565214 -0.03523910281584055 7828.999999999999 24300.0 51155.0 85133.0 121791.0 157347.0 189322.0 216450.0 238356.0 255216.0 267504.0 275821.0 280789.0 282996.0 282968.0 281161.0
8 1.0 298.4184105182507 -87.06086951693258 -0.1745035995135158 -1.0612350223527873 -0.4127778225804677 0.06010318932721714 -0.19272190422565214 -0.03523910281584055 9765.0 29100.0 59512.0 96938.0 136419.0 173988.0 207196.0 234907.0 256898.00000000003 273486.0 285262.0 292914.0 297130.0 298543.0 297712.0 295113.0
9 1.0 1.6903714293169436 -56.65818145748689 -0.1745035995135158 -1.0612350223527873 -0.4127778225804677 0.06010318932721714 -0.19272190422565214 -0.03523910281584055 8479.0 26209.0 54983.0 91226.0 130148.99999999999 167725.0 201346.0 229715.0 252475.99999999997 269859.0 282394.0 290741.0 295572.0 297519.0 297142.0 294925.0
10 1.0 244.01395324664284 -17.773289855350427 -0.1745035995135158 -1.0612350223527873 -0.4127778225804677 0.06010318932721714 -0.19272190422565214 -0.03523910281584055 38692.0 89524.0 152903.0 217827.0 276555.0 325248.0 362896.0 390106.0 408221.0 418801.0 423347.0 423190.0 419445.0 413026.0 404660.0 394921.0
11 1.0 97.20287034917935 77.27245511448851 -0.1745035995135158 -1.0612350223527873 -0.4127778225804677 0.06010318932721714 -0.19272190422565214 -0.03523910281584055 16039.999999999998 44152.0 85227.0 132879.0 180712.0 224267.0 261195.99999999997 290733.0 313088.0 328981.0 339333.0 345088.0 347126.0 346216.0 343012.0 338058.0
12 1.0 264.66984796413414 -72.06931256017117 -0.1745035995135158 -1.0612350223527873 -0.4127778225804677 0.06010318932721714 -0.19272190422565214 -0.03523910281584055 15418.0 41839.0 80212.0 124693.0 169434.0 210335.0 245197.0 273269.0 294700.0 310116.0 320345.0 326245.0 328621.0 328188.0 325554.0 321225.0
13 1.0 346.38787624227774 80.15427602623433 -0.1745035995135158 -1.0612350223527873 -0.4127778225804677 0.06010318932721714 -0.19272190422565214 -0.03523910281584055 11416.0 33428.0 67369.0 108410.0 151021.0 190976.0 225787.0 254410.00000000003 276754.0 293274.0 304679.0 311755.0 315263.0 315892.0 314240.0 310812.0
14 1.0 89.55113166718489 66.5079354983938 -0.1745035995135158 -1.0612350223527873 -0.4127778225804677 0.06010318932721714 -0.19272190422565214 -0.03523910281584055 21858.0 56489.0 104424.0 157808.0 209663.0 255558.99999999997 293450.0 322933.0 344541.0 359249.0 368163.0 372358.0 372799.0 370314.0 365591.0 359194.0
15 1.0 207.4166403904213 -8.25076855664068 -0.1745035995135158 -1.0612350223527873 -0.4127778225804677 0.06010318932721714 -0.19272190422565214 -0.03523910281584055 14187.0 38773.0 74663.0 116408.0 158516.0 197105.0 230084.0 256718.99999999997 277130.0 291891.0 301769.0 307562.0 310026.0 309826.0 307534.0 303628.0
16 1.0 213.13509525786205 -31.19384128171319 -0.1745035995135158 -1.0612350223527873 -0.4127778225804677 0.06010318932721714 -0.19272190422565214 -0.03523910281584055 17486.0 45450.0 84603.0 128770.0 172267.0 211346.0 244149.0 270176.0 289730.0 303516.0 312387.0 317195.0 318726.0 317660.0 314577.0 309954.0
17 1.0 206.01068608471442 -48.10605672976977 -0.1745035995135158 -1.0612350223527873 -0.4127778225804677 0.06010318932721714 -0.19272190422565214 -0.03523910281584055 13624.0 37212.0 71716.0 111972.0 152722.0 190213.0 222388.0 248497.0 268618.0 283276.0 293192.0 299128.0 301805.0 301867.0 299867.0 296269.0
18 1.0 80.30938775062259 20.603647165837387 -0.1745035995135158 -1.0612350223527873 -0.4127778225804677 0.06010318932721714 -0.19272190422565214 -0.03523910281584055 46538.0 106192.0 179403.0 253309.0 319203.0 373007.0 413871.0 442727.0 461271.0 471378.0 474815.0 473116.0 467556.0 459161.0 448745.0 436942.0
19 1.0 342.9896441461146 -84.04657353440899 -0.1745035995135158 -1.0612350223527873 -0.4127778225804677 0.06010318932721714 -0.19272190422565214 -0.03523910281584055 9526.0 28588.0 58745.0 96017.0 135460.0 173091.0 206425.0 234296.0 256457.0 273210.0 285137.0 292921.0 297250.0 298758.0 298004.0 295467.0
20 1.0 160.96513630234585 -87.19090839957092 -0.1745035995135158 -1.0612350223527873 -0.4127778225804677 0.06010318932721714 -0.19272190422565214 -0.03523910281584055 9105.0 27457.0 56630.0 92829.0 131274.0 168073.0 200776.0 228211.0 250106.0 266734.0 278645.0 286497.0 290952.0 292627.0 292068.0 289743.0
21 1.0 304.707122089606 -12.816769950317195 -0.1745035995135158 -1.0612350223527873 -0.4127778225804677 0.06010318932721714 -0.19272190422565214 -0.03523910281584055 29301.0 73851.0 133881.0 199140.0 261083.99999999997 314647.0 357768.0 390342.0 413310.0 428053.0 436032.0 438610.0 436980.0 432138.0 424900.0 415921.0
22 1.0 251.81253911430156 -77.74666668455036 -0.1745035995135158 -1.0612350223527873 -0.4127778225804677 0.06010318932721714 -0.19272190422565214 -0.03523910281584055 12565.0 35469.0 69882.0 110811.0 152842.0 191952.0 225839.0 253578.00000000003 275145.0 291021.0 301918.0 308609.0 311841.0 312284.0 310519.0 307036.0
23 1.0 107.07730230784811 -44.65062211570328 -0.1745035995135158 -1.0612350223527873 -0.4127778225804677 0.06010318932721714 -0.19272190422565214 -0.03523910281584055 10807.0 32322.999999999996 66138.0 107616.0 151150.0 192319.0 228438.0 258314.0 281770.0 299219.0 311364.0 318999.0 322905.0 323797.0 322293.0 318921.0
24 1.0 292.9672150928918 -50.19103523770491 -0.1745035995135158 -1.0612350223527873 -0.4127778225804677 0.06010318932721714 -0.19272190422565214 -0.03523910281584055 26580.0 66301.0 119632.0 177682.0 233037.0 281249.0 320440.0 350431.0 371966.0 386192.0 394352.0 397621.0 397038.0 393482.0 387677.0 380210.0
25 1.0 142.74206670491446 -44.425585129886656 -0.1745035995135158 -1.0612350223527873 -0.4127778225804677 0.06010318932721714 -0.19272190422565214 -0.03523910281584055 8340.0 25743.0 53959.0 89486.0 127646.00000000001 164509.0 197525.0 225420.0 247840.0 265000.0 277415.0 285722.0 290578.0 292596.0 292326.0 290240.0
26 1.0 317.1971509600182 -66.4100583812536 -0.1745035995135158 -1.0612350223527873 -0.4127778225804677 0.06010318932721714 -0.19272190422565214 -0.03523910281584055 13641.0 38434.0 75549.0 119504.0 164433.0 206027.0 241864.0 271009.0 293492.0 309870.0 320939.0 327547.0 330504.0 330536.0 328265.0 324213.0
27 1.0 209.25823414890914 -87.83347987842222 -0.1745035995135158 -1.0612350223527873 -0.4127778225804677 0.06010318932721714 -0.19272190422565214 -0.03523910281584055 9467.0 28336.0 58136.0 94929.0 133847.0 170971.0 203860.0 231368.0 253251.99999999997 269810.0 281613.0 289333.0 293646.0 295174.0 294470.0 292003.0
28 1.0 317.424730267747 -69.21282651502534 -0.1745035995135158 -1.0612350223527873 -0.4127778225804677 0.06010318932721714 -0.19272190422565214 -0.03523910281584055 12950.0 36810.0 72805.0 115691.0 159745.0 200706.0 236142.0 265081.0 287509.0 303944.0 315146.0 321939.0 325114.0 325379.0 323349.0 319538.0
29 1.0 249.3113724279957 21.32644671229461 -0.1745035995135158 -1.0612350223527873 -0.4127778225804677 0.06010318932721714 -0.19272190422565214 -0.03523910281584055 25179.0 64044.00000000001 116993.0 175175.0 231008.0 279854.0 319699.0 350282.0 372316.0 386939.0 395402.0 398894.0 398466.0 395011.0 389265.0 381826.0
0 1.0 261.09154073507057 85.36611830724905 -0.1745035995135158 -1.0612350223527873 -0.4127778225804677 0.06010318932721714 -0.19272190422565214 -0.03523910281584055 11283.0 33318.0 67521.0 109062.0 152325.0 192976.0 228448.0 257643.99999999997 280455.0 297331.0 308991.0 316233.0 319833.0 320495.0 318829.0 315351.0
1 1.0 180.47677749361281 88.26210028096091 -0.1745035995135158 -1.0612350223527873 -0.4127778225804677 0.06010318932721714 -0.19272190422565214 -0.03523910281584055 12077.0 35207.0 70702.0 113437.0 157627.0 198895.0 234704.0 264017.0 286782.0 303503.0 314936.0 321912.0 325226.0 325595.0 323640.0 319882.0
2 1.0 344.1901085003606 -16.37026283284891 -0.1745035995135158 -1.0612350223527873 -0.4127778225804677 0.06010318932721714 -0.19272190422565214 -0.03523910281584055 9352.0 28592.0 59465.0 97976.0 138977.0 178241.0 213098.0 242273.0 265473.0 283001.0 295460.0 303569.0 308051.0 309575.0 308730.0 306023.0
3 1.0 231.83647172266947 -60.66820331161104 -0.1745035995135158 -1.0612350223527873 -0.4127778225804677 0.06010318932721714 -0.19272190422565214 -0.03523910281584055 17776.0 46421.0 86695.0 132270.0 177263.0 217760.0 251805.99999999997 278853.0 299196.0 313558.0 322814.0 327848.0 329473.0 328398.0 325223.0 320445.0
4 1.0 152.5878174809447 24.977116325975274 -0.1745035995135158 -1.0612350223527873 -0.4127778225804677 0.06010318932721714 -0.19272190422565214 -0.03523910281584055 15054.0 43063.0 85175.0 134943.0 185516.0 231944.0 271526.0 303305.0 327424.0 344614.0 355844.0 362124.0 364400.0 363503.0 360140.0 354897.0
5 1.0 218.30155708605275 -1.7450376212273113 -0.1745035995135158 -1.0612350223527873 -0.4127778225804677 0.06010318932721714 -0.19272190422565214 -0.03523910281584055 18579.0 48434.0 90228.0 137291.0 183510.0 224886.0 259469.0 286762.0 307128.0 321347.0 330351.0 335063.0 336325.0 334868.0 331309.0 326154.0
6 1.0 6.909551391360069 88.09375991119765 -0.1745035995135158 -1.0612350223527873 -0.4127778225804677 0.06010318932721714 -0.19272190422565214 -0.03523910281584055 12082.0 35142.0 70473.0 112966.0 156878.0 197873.0 233439.0 262551.0 285163.0 301774.0 313138.0 320076.0 323378.0 323757.0 321827.0 318106.0
7 1.0 108.56693400283775 -78.24524271267956 -0.1745035995135158 -1.0612350223527873 -0.4127778225804677 0.06010318932721714 -0.19272190422565214 -0.03523910281584055 7984.0 24708.0 51909.0 86257.0 123254.0 159088.0 191270.0 218540.0 240530.0 257429.00000000003 269722.0 278018.0 282947.0 285102.0 285014.0 283141.0
8 1.0 237.66247349736662 50.98219889648635 -0.1745035995135158 -1.0612350223527873 -0.4127778225804677 0.06010318932721714 -0.19272190422565214 -0.03523910281584055 11761.0 34781.0 70514.0 113873.0 158956.0 201227.0 238015.0 268197.0 291683.0 308965.0 320811.0 328065.0 331546.0 331991.0 330039.0 326228.0
9 1.0 104.42793859575987 -38.0882704803311 -0.1745035995135158 -1.0612350223527873 -0.4127778225804677 0.06010318932721714 -0.19272190422565214 -0.03523910281584055 13358.0 38489.0 76694.0 122352.0 169264.0 212813.0 250369.0 280904.0 304426.0 321518.0 333020.0 339831.0 342811.0 342727.0 340237.0 335894.0
10 1.0 222.48555443958296 -46.54464838621668 -0.1745035995135158 -1.0612350223527873 -0.4127778225804677 0.06010318932721714 -0.19272190422565214 -0.03523910281584055 19684.0 50137.0 92009.0 138590.0 183941.0 224276.0 257807.99999999997 284144.0 303695.0 317259.0 325758.0 330103.0 331116.0 329508.0 325876.0 320711.0
11 1.0 154.35673234047582 29.250822875881667 -0.1745035995135158 -1.0612350223527873 -0.4127778225804677 0.06010318932721714 -0.19272190422565214 -0.03523910281584055 14767.0 42362.0 83961.0 133227.0 183381.0 229499.0 268879.0 300549.0 324633.0 341840.0 353126.0 359489.0 361862.0 361072.0 357820.0 352690.0
12 1.0 48.770663120082084 -45.70862670162639 -0.1745035995135158 -1.0612350223527873 -0.4127778225804677 0.06010318932721714 -0.19272190422565214 -0.03523910281584055 8935.0 27249.0 56622.0 93294.0 132409.0 169961.0 203405.0 231505.0 253958.00000000003 271025.0 283262.0 291338.0 295931.0 297673.0 297123.0 294762.0
13 1.0 107.38163734417108 29.854641160653784 -0.1745035995135158 -1.0612350223527873 -0.4127778225804677 0.06010318932721714 -0.19272190422565214 -0.03523910281584055 41841.0 98548.0 170312.0 244570.0 312200.0 368523.0 412186.0 443780.0 464809.0 477064.0 482289.0 482035.0 477608.0 470077.0 460296.0 448938.0
14 1.0 205.18736785245537 3.11553309641198 -0.1745035995135158 -1.0612350223527873 -0.4127778225804677 0.06010318932721714 -0.19272190422565214 -0.03523910281584055 12564.0 35467.0 69783.0 110455.0 152075.0 190668.0 223991.0 251170.99999999997 272220.0 287641.0 298154.0 304534.0 307523.0 307786.0 305895.0 302333.0
15 1.0 212.71419404934235 -13.663982081547132 -0.1745035995135158 -1.0612350223527873 -0.4127778225804677 0.06010318932721714 -0.19272190422565214 -0.03523910281584055 16982.0 44668.0 83787.0 128193.0 172123.0 211726.0 245062.0 271577.0 291549.0 305674.0 314805.0 319805.0 321465.0 320480.0 317436.0 312820.0
16 1.0 206.75708958584838 9.843805559055411 -0.1745035995135158 -1.0612350223527873 -0.4127778225804677 0.06010318932721714 -0.19272190422565214 -0.03523910281584055 12480.0 35458.0 70050.0 111175.0 153340.0 192490.0 226323.0 253935.00000000003 275327.0 291003.0 301693.0 308184.0 311230.0 311507.0 309596.0 305989.0
17 1.0 235.1522951485681 -38.330726414466646 -0.1745035995135158 -1.0612350223527873 -0.4127778225804677 0.06010318932721714 -0.19272190422565214 -0.03523910281584055 28477.0 68316.0 119988.0 174800.0 226020.0 269887.0 305011.0 331483.0 350153.0 362173.0 368729.0 370918.0 369693.0 365850.0 360041.0 352792.0
18 1.0 234.757177200608 37.1834471291362 -0.1745035995135158 -1.0612350223527873 -0.4127778225804677 0.06010318932721714 -0.19272190422565214 -0.03523910281584055 14384.0 40795.0 80329.0 127000.0 174472.0 218162.0 255552.0 285724.0 308780.0 325369.0 336373.0 342717.0 345271.0 344808.0 341985.0 337353.0
19 1.0 155.31063675623062 -15.325763519958471 -0.1745035995135158 -1.0612350223527873 -0.4127778225804677 0.06010318932721714 -0.19272190422565214 -0.03523910281584055 9586.0 29139.0 60347.0 99116.0 140263.0 179568.0 214391.0 243482.0 266576.0 283987.0 296332.0 304334.0 308719.0 310156.0 309236.0 306462.0
20 1.0 322.75677450638267 -25.101799112539396 -0.1745035995135158 -1.0612350223527873 -0.4127778225804677 0.06010318932721714 -0.19272190422565214 -0.03523910281584055 17551.0 48323.0 93226.0 145191.0 197171.0 244289.0 284014.0 315563.0 339220.0 355818.0 366395.0 372007.0 373627.0 372103.0 368151.0 362360.0
21 1.0 132.32227321724275 59.158244620032804 -0.1745035995135158 -1.0612350223527873 -0.4127778225804677 0.06010318932721714 -0.19272190422565214 -0.03523910281584055 20080.0 53668.0 101406.0 155551.0 208844.0 256493.00000000003 296162.0 327268.0 350256.0 366074.0 375840.0 380654.0 381517.0 379292.0 374698.0 368326.0
22 1.0 156.91137309562566 76.4940441515746 -0.1745035995135158 -1.0612350223527873 -0.4127778225804677 0.06010318932721714 -0.19272190422565214 -0.03523910281584055 13306.0 38305.0 76216.0 121416.0 167761.0 210710.0 247698.0 277739.0 300860.0 317648.0 328937.0 335615.0 338529.0 338433.0 335974.0 331695.0
23 1.0 321.092407805642 -81.71868404028655 -0.1745035995135158 -1.0612350223527873 -0.4127778225804677 0.06010318932721714 -0.19272190422565214 -0.03523910281584055 10322.0 30506.0 62016.0 100565.0 141029.0 179366.0 213113.0 241158.0 263312.0 279931.0 291640.0 299156.0 303188.0 304387.0 303324.0 300485.0
24 1.0 290.22983605659084 -48.12714129064221 -0.1745035995135158 -1.0612350223527873 -0.4127778225804677 0.06010318932721714 -0.19272190422565214 -0.03523910281584055 28727.0 70714.0 126381.0 186363.0 243069.0 292069.0 331591.0 361574.0 382869.0 396706.0 404391.0 407141.0 406024.0 401938.0 395620.0 387664.0
25 1.0 253.39989007453187 -27.266513491338614 -0.1745035995135158 -1.0612350223527873 -0.4127778225804677 0.06010318932721714 -0.19272190422565214 -0.03523910281584055 42412.0 97237.0 164899.0 233569.0 295123.0 345671.0 384321.0 411854.0 429787.0 439831.0 443609.0 442540.0 437809.0 430375.0 421000.0 410281.0
26 1.0 36.0816794324284 56.693966286644525 -0.1745035995135158 -1.0612350223527873 -0.4127778225804677 0.06010318932721714 -0.19272190422565214 -0.03523910281584055 17148.0 45441.0 85613.0 131338.0 176635.0 217489.0 251871.99999999997 279202.0 299761.0 314273.0 323624.0 328708.0 330349.0 329264.0 326063.0 321247.0
27 1.0 331.0137409480825 87.38845697579356 -0.1745035995135158 -1.0612350223527873 -0.4127778225804677 0.06010318932721714 -0.19272190422565214 -0.03523910281584055 11781.0 34437.0 69301.0 111374.0 154969.0 195763.0 231231.0 260324.99999999997 282974.0 299660.0 311121.0 318167.0 321583.0 322074.0 320253.0 316634.0
28 1.0 257.1268678376801 84.41490684066332 -0.1745035995135158 -1.0612350223527873 -0.4127778225804677 0.06010318932721714 -0.19272190422565214 -0.03523910281584055 11172.0 33063.0 67105.0 108511.0 151680.0 192280.0 227736.0 256942.99999999997 279780.0 296692.0 308393.0 315677.0 319319.0 320021.0 318393.0 314950.0
29 1.0 359.5849223644319 72.89070219898684 -0.1745035995135158 -1.0612350223527873 -0.4127778225804677 0.06010318932721714 -0.19272190422565214 -0.03523910281584055 11535.0 33528.0 67250.0 107874.0 149943.0 189318.0 223581.0 251724.0 273677.0 289897.0 301086.0 308020.0 311448.0 312048.0 310406.0 307020.0
0 1.0 53.80138967687775 -36.619872288474625 -0.1745035995135158 -1.0612350223527873 -0.4127778225804677 0.06010318932721714 -0.19272190422565214 -0.03523910281584055 11192.0 32654.000000000004 65778.0 105938.0 147779.0 187163.0 221619.0 250077.0 272405.0 289017.0 300587.0 307873.0 311614.0 312485.0 311075.0 307882.0
1 1.0 312.52538065255715 88.56202381460534 -0.1745035995135158 -1.0612350223527873 -0.4127778225804677 0.06010318932721714 -0.19272190422565214 -0.03523910281584055 11831.0 34574.0 69556.0 111753.0 155461.0 196343.0 231872.0 261000.99999999997 283665.0 300349.0 311796.0 318820.0 322208.0 322668.0 320815.0 317164.0
2 1.0 58.497456483494936 -45.10439260983878 -0.1745035995135158 -1.0612350223527873 -0.4127778225804677 0.06010318932721714 -0.19272190422565214 -0.03523910281584055 9788.0 29426.0 60512.0 98920.0 139531.0 178224.0 212441.0 240990.0 263629.0 280686.0 292769.0 300593.0 304870.0 306258.0 305335.0 302594.0
3 1.0 221.6014431421839 -70.9368921211982 -0.1745035995135158 -1.0612350223527873 -0.4127778225804677 0.06010318932721714 -0.19272190422565214 -0.03523910281584055 12837.0 35840.0 70107.0 110619.0 152044.0 190466.0 223671.0 250794.00000000003 271838.0 287295.0 297872.0 304335.0 307416.0 307773.0 305976.0 302503.0
4 1.0 44.57519382579895 81.17146998997094 -0.1745035995135158 -1.0612350223527873 -0.4127778225804677 0.06010318932721714 -0.19272190422565214 -0.03523910281584055 13506.0 38278.0 75414.0 119365.0 164215.0 205650.0 241264.0 270153.0 292371.0 308497.0 319337.0 325748.0 328543.0 328444.0 326073.0 321948.0
5 1.0 305.2829625560044 -47.98435401574267 -0.1745035995135158 -1.0612350223527873 -0.4127778225804677 0.06010318932721714 -0.19272190422565214 -0.03523910281584055 23050.0 59304.0 109340.0 164959.0 218903.0 266578.0 305872.0 336381.0 358675.0 373778.0 382852.0 387021.0 387296.0 384540.0 379472.0 372677.0
6 1.0 290.63482514100383 34.15828771399508 -0.1745035995135158 -1.0612350223527873 -0.4127778225804677 0.06010318932721714 -0.19272190422565214 -0.03523910281584055 16635.0 46723.0 91238.0 143203.0 195477.0 243046.0 283267.0 315285.0 339352.0 356285.0 367126.0 372938.0 374703.0 373280.0 369392.0 363638.0
7 1.0 204.8762659012536 -79.49585538349405 -0.1745035995135158 -1.0612350223527873 -0.4127778225804677 0.06010318932721714 -0.19272190422565214 -0.03523910281584055 10237.0 30037.0 60791.0 98299.0 137601.0 174805.0 207546.0 234763.0 256278.0 272438.0 283846.0 291194.0 295166.0 296390.0 295418.0 292720.0
8 1.0 146.58598700135988 41.52763784294572 -0.1745035995135158 -1.0612350223527873 -0.4127778225804677 0.06010318932721714 -0.19272190422565214 -0.03523910281584055 18180.0 50062.0 96462.0 149969.0 203283.0 251411.0 291808.0 323732.0 347526.0 364083.0 374493.0 379854.0 381170.0 379312.0 375013.0 368872.0
9 1.0 24.900118363849696 68.70963822009114 -0.1745035995135158 -1.0612350223527873 -0.4127778225804677 0.06010318932721714 -0.19272190422565214 -0.03523910281584055 13720.0 38357.0 74925.0 117927.0 161624.0 201881.0 236419.0 264401.0 285903.0 301499.0 311975.0 318163.0 320850.0 320734.0 318417.0 314400.0
10 1.0 251.07435833204292 -40.96135881612675 -0.1745035995135158 -1.0612350223527873 -0.4127778225804677 0.06010318932721714 -0.19272190422565214 -0.03523910281584055 34603.0 81178.0 140154.0 201421.0 257587.99999999997 304795.0 341844.0 369113.0 387739.0 399115.0 404624.0 405507.0 402824.0 397451.0 390093.0 381311.0
11 1.0 163.27536576410478 -21.76975870606286 -0.1745035995135158 -1.0612350223527873 -0.4127778225804677 0.06010318932721714 -0.19272190422565214 -0.03523910281584055 8594.0 26279.0 54699.0 90238.0 128207.99999999999 164727.0 197318.0 224768.0 246766.0 263551.0 275651.0 283704.0 288365.0 290240.0 289873.0 287727.0
12 1.0 259.94001580932525 -22.6266870022351 -0.1745035995135158 -1.0612350223527873 -0.4127778225804677 0.06010318932721714 -0.19272190422565214 -0.03523910281584055 46117.0 105256.0 177857.0 251172.0 316565.0 369981.0 410573.0 439256.0 457709.0 467789.0 471246.0 469603.0 464122.0 455823.0 445514.0 433823.0
13 1.0 311.8976373343065 44.781886357223954 -0.1745035995135158 -1.0612350223527873 -0.4127778225804677 0.06010318932721714 -0.19272190422565214 -0.03523910281584055 10683.0 32088.0 65814.0 107238.0 150753.0 191924.0 228058.0 257955.0 281432.0 298902.0 311065.0 318717.0 322638.0 323542.0 322049.0 318687.0
14 1.0 351.1877418010389 -47.19469634297301 -0.1745035995135158 -1.0612350223527873 -0.4127778225804677 0.06010318932721714 -0.19272190422565214 -0.03523910281584055 9176.0 28080.0 58457.0 96401.0 136855.0 175650.0 210142.0 239058.0 262096.0 279542.0 291983.0 300123.0 304671.0 306285.0 305548.0 302958.0
15 1.0 308.08920326133995 -59.06644217142426 -0.1745035995135158 -1.0612350223527873 -0.4127778225804677 0.06010318932721714 -0.19272190422565214 -0.03523910281584055 17739.0 47615.0 90487.0 139640.0 188573.0 232848.0 270186.0 299896.0 322251.0 338023.0 348170.0 353666.0 355409.0 354186.0 350660.0 345383.0
16 1.0 4.21707030660071 -9.127503236207147 -0.1745035995135158 -1.0612350223527873 -0.4127778225804677 0.06010318932721714 -0.19272190422565214 -0.03523910281584055 7993.999999999999 24582.0 51411.0 85157.0 121402.0 156439.0 187862.0 214466.0 235907.0 252379.00000000003 264360.0 272446.0 277252.0 279354.0 279270.0 277445.0
17 1.0 129.592103212211 -35.19568667208249 -0.1745035995135158 -1.0612350223527873 -0.4127778225804677 0.06010318932721714 -0.19272190422565214 -0.03523910281584055 10652.0 32027.0 65757.0 107239.0 150858.0 192158.0 228425.0 258444.0 282026.0 299579.0 311805.0 319500.0 323448.0 324366.0 322878.0 319511.0
18 1.0 262.7966024726609 61.05404200655744 -0.1745035995135158 -1.0612350223527873 -0.4127778225804677 0.06010318932721714 -0.19272190422565214 -0.03523910281584055 10913.0 32701.0 66933.0 108872.0 152827.0 194329.0 230682.0 260697.99999999997 284219.0 301674.0 313782.0 321352.0 325174.0 325970.0 324366.0 320891.0
19 1.0 61.78668381411859 -47.20647131718502 -0.1745035995135158 -1.0612350223527873 -0.4127778225804677 0.06010318932721714 -0.19272190422565214 -0.03523910281584055 9619.0 29049.0 59925.0 98181.0 138719.0 177410.0 211676.0 240305.0 263040.0 280194.0 292372.0 300283.0 304638.0 306094.0 305229.0 302537.0
20 1.0 187.57317823348654 0.4301023480670665 -0.1745035995135158 -1.0612350223527873 -0.4127778225804677 0.06010318932721714 -0.19272190422565214 -0.03523910281584055 9566.0 28536.0 58343.0 94965.0 133535.0 170183.0 202531.0 229490.0 250859.0 266957.0 278368.0 285768.0 289827.0 291165.0 290325.0 287770.0
21 1.0 19.561675802131305 79.66504794562746 -0.1745035995135158 -1.0612350223527873 -0.4127778225804677 0.06010318932721714 -0.19272190422565214 -0.03523910281584055 12627.0 36199.0 71894.0 114471.0 158199.0 198825.0 233929.0 262557.0 284709.0 300911.0 311926.0 318577.0 321653.0 321858.0 319799.0 315988.0
22 1.0 71.99874896270403 24.119585594038938 -0.1745035995135158 -1.0612350223527873 -0.4127778225804677 0.06010318932721714 -0.19272190422565214 -0.03523910281584055 42733.0 97895.0 165910.0 234879.0 296648.0 347328.0 386038.0 413575.0 431474.0 441455.0 445154.0 443995.0 439170.0 431641.0 422172.0 411361.0
23 1.0 6.66784600582103 66.11209298324366 -0.1745035995135158 -1.0612350223527873 -0.4127778225804677 0.06010318932721714 -0.19272190422565214 -0.03523910281584055 11774.0 33905.0 67596.0 107983.0 149661.0 188567.0 222352.0 250054.0 271626.0 287533.0 298479.0 305233.0 308536.0 309058.0 307378.0 303984.0
24 1.0 285.7311732086714 79.23774408385813 -0.1745035995135158 -1.0612350223527873 -0.4127778225804677 0.06010318932721714 -0.19272190422565214 -0.03523910281584055 10617.0 31691.999999999996 64724.00000000001 105149.0 147511.0 187532.0 222629.0 251661.00000000003 274467.0 291452.0 303297.0 310772.0 314632.0 315565.0 314172.0 310961.0
25 1.0 80.61288770173685 45.13767513954335 -0.1745035995135158 -1.0612350223527873 -0.4127778225804677 0.06010318932721714 -0.19272190422565214 -0.03523910281584055 36523.0 85911.0 148513.0 213522.0 273036.0 322942.0 361982.0 390584.0 409985.0 421690.0 427184.0 427799.0 424667.0 418718.0 410703.0 401214.0
26 1.0 124.32660505088496 35.92351084045525 -0.1745035995135158 -1.0612350223527873 -0.4127778225804677 0.06010318932721714 -0.19272190422565214 -0.03523910281584055 30627.0 76374.0 137426.0 203310.0 265480.0 318968.0 361824.0 394035.0 416605.0 430953.0 438561.0 440805.0 438876.0 433774.0 426310.0 417136.0
27 1.0 334.1092656476127 84.23380198876086 -0.1745035995135158 -1.0612350223527873 -0.4127778225804677 0.06010318932721714 -0.19272190422565214 -0.03523910281584055 11495.0 33704.0 67977.0 109434.0 152478.0 192831.0 227979.0 256863.0 279395.0 296039.0 307512.0 314612.0 318110.0 318702.0 316994.0 313496.0
28 1.0 253.5891846924718 88.99214213658229 -0.1745035995135158 -1.0612350223527873 -0.4127778225804677 0.06010318932721714 -0.19272190422565214 -0.03523910281584055 11872.0 34701.0 69817.0 112177.0 156049.0 197081.0 232735.0 261961.99999999997 284697.0 301428.0 312902.0 319936.0 323322.0 323770.0 321898.0 318222.0
29 1.0 11.462014631270826 -8.672097119443265 -0.1745035995135158 -1.0612350223527873 -0.4127778225804677 0.06010318932721714 -0.19272190422565214 -0.03523910281584055 8321.0 25304.0 52514.0 86502.0 122814.0 157764.0 188992.0 215339.0 236500.0 252693.0 264413.0 272264.0 276865.0 278793.0 278564.0 276621.0
0 1.0 59.289896339248585 -77.2434399268425 -0.1745035995135158 -1.0612350223527873 -0.4127778225804677 0.06010318932721714 -0.19272190422565214 -0.03523910281584055 7951.0 24696.0 52013.0 86582.0 123872.0 160030.0 192528.0 220080.0 242307.0 259392.99999999997 271824.0 280215.0 285202.0 287384.0 287298.0 285407.0
1 1.0 223.73222453991488 -37.29707434070661 -0.1745035995135158 -1.0612350223527873 -0.4127778225804677 0.06010318932721714 -0.19272190422565214 -0.03523910281584055 22374.0 55662.0 100429.0 149359.0 196296.0 237487.0 271290.0 297472.0 316584.0 329533.0 337324.0 340918.0 341177.0 338835.0 334503.0 328680.0
2 1.0 207.80229189750034 -62.57615297620852 -0.1745035995135158 -1.0612350223527873 -0.4127778225804677 0.06010318932721714 -0.19272190422565214 -0.03523910281584055 12504.0 34923.0 68344.0 107889.0 148363.0 185945.0 218465.0 245067.0 265747.0 280973.0 291432.0 297866.0 300987.0 301436.0 299769.0 296453.0
3 1.0 85.64141569482311 -14.852452536717877 -0.1745035995135158 -1.0612350223527873 -0.4127778225804677 0.06010318932721714 -0.19272190422565214 -0.03523910281584055 30098.0 73976.0 131998.0 194338.0 253085.99999999997 303670.0 344302.0 374971.0 396601.0 410503.0 418048.0 420515.0 419015.0 414481.0 407678.0 399217.0
4 1.0 336.3170392529258 -66.36792087481392 -0.1745035995135158 -1.0612350223527873 -0.4127778225804677 0.06010318932721714 -0.19272190422565214 -0.03523910281584055 10985.0 32357.999999999996 65584.0 106063.0 148379.0 188303.0 223292.0 252228.0 274957.0 291885.0 303691.0 311140.0 314983.0 315908.0 314510.0 311297.0
5 1.0 221.02774414772256 18.741204723758756 -0.1745035995135158 -1.0612350223527873 -0.4127778225804677 0.06010318932721714 -0.19272190422565214 -0.03523910281584055 15623.0 42846.0 82556.0 128608.0 174860.0 217023.0 252830.0 281531.0 303316.0 318869.0 329066.0 334813.0 336954.0 336228.0 333268.0 328597.0
6 1.0 192.827809088985 -21.094549351586267 -0.1745035995135158 -1.0612350223527873 -0.4127778225804677 0.06010318932721714 -0.19272190422565214 -0.03523910281584055 10440.0 30222.0 60576.0 97254.0 135411.0 171325.0 202780.0 228814.0 249311.0 264636.0 275392.0 282257.0 285895.0 286912.0 285839.0 283124.0
7 1.0 212.36759148764554 71.1694591718778 -0.1745035995135158 -1.0612350223527873 -0.4127778225804677 0.06010318932721714 -0.19272190422565214 -0.03523910281584055 10791.0 32321.999999999996 66141.0 107577.0 151017.0 192049.0 228013.0 257733.0 281046.0 298374.0 310420.0 317981.0 321835.0 322692.0 321170.0 317793.0
8 1.0 262.8439306260371 84.20304092373033 -0.1745035995135158 -1.0612350223527873 -0.4127778225804677 0.06010318932721714 -0.19272190422565214 -0.03523910281584055 11130.0 32956.0 66918.0 108244.0 151347.0 191900.0 227327.0 256520.00000000003 279355.0 296274.0 307987.0 315288.0 318949.0 319671.0 318063.0 314641.0
9 1.0 112.30019837265667 8.43928230049599 -0.1745035995135158 -1.0612350223527873 -0.4127778225804677 0.06010318932721714 -0.19272190422565214 -0.03523910281584055 37856.0 91307.0 160450.0 233218.0 300412.0 357056.0 401494.0 434083.0 456172.0 469459.0 475642.0 476248.0 472581.0 465714.0 456507.0 445644.0
10 1.0 143.35958239779308 -40.531757423832616 -0.1745035995135158 -1.0612350223527873 -0.4127778225804677 0.06010318932721714 -0.19272190422565214 -0.03523910281584055 8565.0 26373.0 55172.0 91355.0 130144.00000000001 167542.0 200973.0 229161.0 251765.00000000003 269017.0 281451.0 289723.0 294503.0 296417.0 296024.0 293803.0
11 1.0 75.54374963104397 16.601475377130626 -0.1745035995135158 -1.0612350223527873 -0.4127778225804677 0.06010318932721714 -0.19272190422565214 -0.03523910281584055 44509.0 101811.0 172332.0 243713.0 307524.0 359773.0 399587.0 427823.0 446088.0 456178.0 459787.0 458397.0 453236.0 445301.0 435380.0 424089.0
12 1.0 67.02948211692102 71.41700848039378 -0.1745035995135158 -1.0612350223527873 -0.4127778225804677 0.06010318932721714 -0.19272190422565214 -0.03523910281584055 17955.0 47943.0 90689.0 139403.0 187642.0 231080.0 267546.0 296431.0 318057.0 333218.0 342878.0 348004.0 349482.0 348084.0 344460.0 339148.0
13 1.0 339.9740603942161 -16.787997749565307 -0.1745035995135158 -1.0612350223527873 -0.4127778225804677 0.06010318932721714 -0.19272190422565214 -0.03523910281584055 10221.0 30905.0 63729.99999999999 104288.0 147107.0 187798.0 223655.0 253439.00000000003 276927.0 294494.0 306809.0 314647.0 318771.0 319885.0 318602.0 315443.0
14 1.0 266.2382862177435 9.374089804554757 -0.1745035995135158 -1.0612350223527873 -0.4127778225804677 0.06010318932721714 -0.19272190422565214 -0.03523910281584055 37225.0 89151.0 155961.0 226053.0 290678.0 345140.0 387898.0 419312.0 440675.0 453608.0 459727.0 460488.0 457136.0 450692.0 441983.0 431661.0
15 1.0 176.56517110232414 -41.10250183089374 -0.1745035995135158 -1.0612350223527873 -0.4127778225804677 0.06010318932721714 -0.19272190422565214 -0.03523910281584055 8635.0 25994.0 53560.0 87760.0 124103.0 158932.0 189937.0 216006.0 236872.0 252778.99999999997 264237.0 271855.0 276255.0 278014.0 277646.0 275589.0
16 1.0 81.86926607039636 -8.020053098995149 -0.1745035995135158 -1.0612350223527873 -0.4127778225804677 0.06010318932721714 -0.19272190422565214 -0.03523910281584055 34924.0 83478.0 145997.0 211751.0 272606.0 324148.0 364871.0 395046.0 415821.0 428671.0 435079.0 436394.0 433772.0 428173.0 420373.0 410990.0
17 1.0 91.56833343734147 -17.69156363167224 -0.1745035995135158 -1.0612350223527873 -0.4127778225804677 0.06010318932721714 -0.19272190422565214 -0.03523910281584055 27940.0 69891.0 126237.99999999999 187495.0 245770.0 296355.0 337297.0 368450.0 390642.0 405122.0 413225.0 416208.0 415178.0 411064.0 404632.0 396499.0
18 1.0 20.89049771659522 -45.28557628506522 -0.1745035995135158 -1.0612350223527873 -0.4127778225804677 0.06010318932721714 -0.19272190422565214 -0.03523910281584055 7774.0 24254.0 51242.0 85499.0 122543.0 158535.0 190943.0 218466.0 240708.0 257838.0 270332.0 278797.0 283861.0 286121.0 286112.0 284295.0
19 1.0 156.3899852009235 1.0559490885555078 -0.1745035995135158 -1.0612350223527873 -0.4127778225804677 0.06010318932721714 -0.19272190422565214 -0.03523910281584055 11068.0 33140.0 67802.0 110251.0 154718.0 196674.0 233393.0 263680.0 287380.0 304938.0 317085.0 324644.0 328419.0 329141.0 327444.0 323865.0
20 1.0 112.24651751787692 -34.13145132363395 -0.1745035995135158 -1.0612350223527873 -0.4127778225804677 0.06010318932721714 -0.19272190422565214 -0.03523910281584055 13980.0 40074.0 79532.0 126473.0 174506.0 218921.0 257077.99999999997 287974.0 311663.0 328772.0 340180.0 346820.0 349579.0 349241.0 346480.0 341858.0
21 1.0 250.6836559735654 -22.85372450146545 -0.1745035995135158 -1.0612350223527873 -0.4127778225804677 0.06010318932721714 -0.19272190422565214 -0.03523910281584055 42266.0 96908.0 164345.0 232788.0 294140.0 344521.0 383044.0 410485.0 428359.0 438369.0 442135.0 441071.0 436358.0 428953.0 419613.0 408934.0
22 1.0 135.99066214529313 4.494679605767573 -0.1745035995135158 -1.0612350223527873 -0.4127778225804677 0.06010318932721714 -0.19272190422565214 -0.03523910281584055 20145.0 54690.0 104311.0 160926.0 216813.0 266827.0 308443.0 341015.0 365013.0 381441.0 391490.0 396334.0 397034.0 394505.0 389510.0 382670.0
23 1.0 64.65732392146853 45.10710412721775 -0.1745035995135158 -1.0612350223527873 -0.4127778225804677 0.06010318932721714 -0.19272190422565214 -0.03523910281584055 31610.0 75331.0 131562.0 190722.0 245553.0 292110.0 329030.0 356533.0 375625.0 387604.0 393786.0 395366.0 393377.0 388675.0 381954.0 373771.0
24 1.0 8.884342220879242 -29.968656157570443 -0.1745035995135158 -1.0612350223527873 -0.4127778225804677 0.06010318932721714 -0.19272190422565214 -0.03523910281584055 7807.0 24269.0 51145.0 85184.0 121935.0 157600.0 189687.0 216920.0 238916.0 255851.0 268198.0 276558.0 281557.0 283783.0 283766.0 281961.0
25 1.0 24.20986732676949 76.34857799173744 -0.1745035995135158 -1.0612350223527873 -0.4127778225804677 0.06010318932721714 -0.19272190422565214 -0.03523910281584055 13093.0 37177.0 73363.0 116283.0 160175.0 200814.0 235823.0 264293.0 286255.0 302258.0 313080.0 319551.0 322462.0 322520.0 320333.0 316409.0
26 1.0 244.58139845948423 65.21733843046243 -0.1745035995135158 -1.0612350223527873 -0.4127778225804677 0.06010318932721714 -0.19272190422565214 -0.03523910281584055 10590.0 31840.0 65333.0 106475.0 149696.0 190593.0 226494.0 256207.00000000003 279551.0 296934.0 309050.0 316685.0 320617.0 321550.0 320101.0 316792.0
27 1.0 163.33086404017632 -81.23574672440486 -0.1745035995135158 -1.0612350223527873 -0.4127778225804677 0.06010318932721714 -0.19272190422565214 -0.03523910281584055 8854.0 26770.0 55319.0 90818.0 128588.00000000001 164803.0 197041.0 224133.0 245797.0 262287.0 274137.0 281987.0 286485.0 288237.0 287779.0 285570.0
28 1.0 193.16851599914 -44.3443456337719 -0.1745035995135158 -1.0612350223527873 -0.4127778225804677 0.06010318932721714 -0.19272190422565214 -0.03523910281584055 10701.0 30719.0 61253.0 98011.0 136159.0 172003.0 203359.0 229288.0 249684.0 264919.0 275598.0 282398.0 285982.0 286953.0 285842.0 283094.0
29 1.0 322.80166549452315 -9.695607721343649 -0.1745035995135158 -1.0612350223527873 -0.4127778225804677 0.06010318932721714 -0.19272190422565214 -0.03523910281584055 16261.000000000002 45661.0 89229.0 140196.0 191587.0 238470.0 278217.0 309951.0 333889.0 350813.0 361730.0 367679.0 369620.0 368395.0 364719.0 359182.0
0 1.0 356.52202106281356 -71.16698002635466 -0.1745035995135158 -1.0612350223527873 -0.4127778225804677 0.06010318932721714 -0.19272190422565214 -0.03523910281584055 9133.0 27778.0 57608.0 94772.0 134336.0 172255.0 205970.0 234248.0 256801.0 273905.0 286131.0 294161.0 298683.0 300338.0 299691.0 297227.0
1 1.0 78.08291438345061 -27.274321973970522 -0.1745035995135158 -1.0612350223527873 -0.4127778225804677 0.06010318932721714 -0.19272190422565214 -0.03523910281584055 19840.0 52301.0 98117.0 149960.0 201003.0 246730.0 284922.0 315001.0 337362.0 352880.0 362599.0 367556.0 368697.0 366841.0 362676.0 356768.0
2 1.0 238.70815311603627 43.21755461118286 -0.1745035995135158 -1.0612350223527873 -0.4127778225804677 0.06010318932721714 -0.19272190422565214 -0.03523910281584055 13343.0 38524.0 76785.0 122450.0 169298.0 212718.0 250109.00000000003 280465.0 303814.0 320752.0 332125.0 338833.0 341735.0 341596.0 339071.0 334708.0
3 1.0 94.79605562537424 32.49260660570866 -0.1745035995135158 -1.0612350223527873 -0.4127778225804677 0.06010318932721714 -0.19272190422565214 -0.03523910281584055 44729.0 103395.0 176316.0 250703.99999999997 317645.0 372790.0 415078.0 445296.0 465062.0 476221.0 480532.0 479539.0 474533.0 466561.0 456455.0 444867.0
4 1.0 7.434359807662325 22.02919714188087 -0.1745035995135158 -1.0612350223527873 -0.4127778225804677 0.06010318932721714 -0.19272190422565214 -0.03523910281584055 9422.0 27840.0 56607.0 91845.0 128906.0 164115.0 195215.0 221172.0 241790.0 257371.00000000003 268467.0 275717.0 279758.0 281179.0 280499.0 278158.0
5 1.0 273.01631538101094 37.895112490022214 -0.1745035995135158 -1.0612350223527873 -0.4127778225804677 0.06010318932721714 -0.19272190422565214 -0.03523910281584055 17248.0 47930.0 92940.0 145168.0 197478.0 244918.0 284915.0 316669.0 340469.0 357153.0 367773.0 373394.0 375000.0 373444.0 369448.0 363607.0
6 1.0 115.20617429608842 -53.113736347253685 -0.1745035995135158 -1.0612350223527873 -0.4127778225804677 0.06010318932721714 -0.19272190422565214 -0.03523910281584055 8711.0 26865.0 56253.0 93185.0 132762.0 170891.0 204936.0 233598.0 256537.00000000003 274001.0 286543.0 294840.0 299581.0 301409.0 300896.0 298531.0
7 1.0 138.04700190188328 -28.494339324348218 -0.1745035995135158 -1.0612350223527873 -0.4127778225804677 0.06010318932721714 -0.19272190422565214 -0.03523910281584055 10591.0 31887.0 65528.0 106935.0 150500.0 191769.0 228025.0 258047.00000000003 281641.0 299212.0 311458.0 319175.0 323145.0 324084.0 322615.0 319267.0
8 1.0 211.79416087929806 31.723646809943318 -0.1745035995135158 -1.0612350223527873 -0.4127778225804677 0.06010318932721714 -0.19272190422565214 -0.03523910281584055 11614.0 34022.0 68570.0 110327.0 153654.0 194245.0 229578.0 258594.0 281213.0 297904.0 309394.0 316488.0 319962.0 320518.0 318764.0 315215.0
9 1.0 299.17744388502854 68.26225734563889 -0.1745035995135158 -1.0612350223527873 -0.4127778225804677 0.06010318932721714 -0.19272190422565214 -0.03523910281584055 10149.0 30552.0 62770.99999999999 102433.0 144196.0 183811.0 218682.0 247632.0 270460.0 287540.0 299525.0 307166.0 311205.0 312322.0 311111.0 308076.0
10 1.0 226.43346369281355 7.86204968905713 -0.1745035995135158 -1.0612350223527873 -0.4127778225804677 0.06010318932721714 -0.19272190422565214 -0.03523910281584055 20874.0 53752.0 99206.0 149845.0 199102.0 242794.0 278972.0 307230.0 328049.0 342330.0 351107.0 355386.0 356077.0 353960.0 349687.0 343793.0
11 1.0 314.1542359610623 -39.11406282980341 -0.1745035995135158 -1.0612350223527873 -0.4127778225804677 0.06010318932721714 -0.19272190422565214 -0.03523910281584055 21393.0 56263.0 105256.0 160411.0 214414.0 262503.0 302399.0 333571.0 356513.0 372207.0 381795.0 386401.0 387035.0 384572.0 379738.0 373129.0
12 1.0 98.47513253362888 -84.55765355892314 -0.1745035995135158 -1.0612350223527873 -0.4127778225804677 0.06010318932721714 -0.19272190422565214 -0.03523910281584055 8453.0 25881.0 53956.0 89146.0 126821.99999999999 163126.0 195581.0 222958.0 244933.0 261730.00000000003 273864.0 281966.0 286684.0 288621.0 288316.0 286234.0
13 1.0 287.29686020852296 37.8606292153584 -0.1745035995135158 -1.0612350223527873 -0.4127778225804677 0.06010318932721714 -0.19272190422565214 -0.03523910281584055 15685.000000000002 44494.0 87496.0 138042.0 189182.0 235957.0 275700.0 307500.0 331543.0 348593.0 359646.0 365730.0 367802.0 366703.0 363144.0 357714.0
14 1.0 66.8289399501428 -88.58086136848073 -0.1745035995135158 -1.0612350223527873 -0.4127778225804677 0.06010318932721714 -0.19272190422565214 -0.03523910281584055 9021.0 27299.0 56438.0 92669.0 131208.0 168141.0 200994.0 228579.0 250610.99999999997 267358.0 279366.0 287293.0 291806.0 293522.0 292990.0 290679.0
15 1.0 343.0049965099 -22.9177674322208 -0.1745035995135158 -1.0612350223527873 -0.4127778225804677 0.06010318932721714 -0.19272190422565214 -0.03523910281584055 9808.0 29813.0 61726.0 101334.0 143316.0 183354.0 218758.0 248269.0 271634.0 289190.0 301579.0 309547.0 313841.0 315148.0 314070.0 311121.0
16 1.0 247.4957794996135 5.496698621300723 -0.1745035995135158 -1.0612350223527873 -0.4127778225804677 0.06010318932721714 -0.19272190422565214 -0.03523910281584055 34049.0 81389.0 142327.0 206397.0 265674.0 315865.0 355518.0 384899.0 405136.0 417663.0 423926.0 425237.0 422719.0 417305.0 409749.0 400651.0
17 1.0 77.58276376088104 75.98006311809476 -0.1745035995135158 -1.0612350223527873 -0.4127778225804677 0.06010318932721714 -0.19272190422565214 -0.03523910281584055 16450.0 44873.0 86109.0 133712.0 181324.0 224557.0 261126.00000000003 290311.0 312349.0 327973.0 338106.0 343690.0 345599.0 344598.0 341334.0 336344.0
18 1.0 341.0534125760127 -73.89098189407798 -0.1745035995135158 -1.0612350223527873 -0.4127778225804677 0.06010318932721714 -0.19272190422565214 -0.03523910281584055 10097.0 30111.0 61580.0 100268.0 141021.0 179733.0 213880.0 242303.0 264791.0 281688.0 293616.0 301296.0 305444.0 306718.0 305697.0 302872.0
19 1.0 263.1080904372568 -16.930382045708924 -0.1745035995135158 -1.0612350223527873 -0.4127778225804677 0.06010318932721714 -0.19272190422565214 -0.03523910281584055 47560.0 108583.0 183485.0 259090.0 326473.0 381459.0 423186.0 452615.0 471487.0 481731.0 485156.0 483336.0 477575.0 468926.0 458219.0 446103.0
20 1.0 91.4189913342093 -85.6236240521716 -0.1745035995135158 -1.0612350223527873 -0.4127778225804677 0.06010318932721714 -0.19272190422565214 -0.03523910281584055 8587.0 26226.0 54577.0 90054.0 127982.00000000001 164487.0 197086.0 224557.0 246583.0 263398.0 275526.0 283604.0 288284.0 290175.0 289819.0 287682.0
21 1.0 76.79231185229351 -28.33002281851374 -0.1745035995135158 -1.0612350223527873 -0.4127778225804677 0.06010318932721714 -0.19272190422565214 -0.03523910281584055 18986.0 50436.0 95137.0 145993.0 196291.0 241532.0 279464.0 309459.0 331866.0 347518.0 357428.0 362609.0 363991.0 362381.0 358461.0 352791.0
22 1.0 186.55225701503878 22.00159059116308 -0.1745035995135158 -1.0612350223527873 -0.4127778225804677 0.06010318932721714 -0.19272190422565214 -0.03523910281584055 9851.0 29664.0 60986.0 99598.0 140324.0 179028.0 213169.0 241581.0 264050.0 280922.0 292822.0 300475.0 304597.0 305848.0 304807.0 301967.0
23 1.0 9.238578499631366 -39.767769318852295 -0.1745035995135158 -1.0612350223527873 -0.4127778225804677 0.06010318932721714 -0.19272190422565214 -0.03523910281584055 7816.999999999999 24380.0 51494.0 85896.0 123083.0 159203.0 191714.0 219315.0 241611.0 258776.99999999997 271290.0 279760.0 284821.0 287070.0 287043.0 285205.0
24 1.0 74.68922715879938 -52.245009061985684 -0.1745035995135158 -1.0612350223527873 -0.4127778225804677 0.06010318932721714 -0.19272190422565214 -0.03523910281584055 9245.0 28199.0 58576.0 96450.0 136777.0 175414.0 209744.0 238509.0 261419.0 278762.0 291125.0 299210.0 303722.0 305318.0 304575.0 301989.0
25 1.0 152.88676875054225 -69.17341800112314 -0.1745035995135158 -1.0612350223527873 -0.4127778225804677 0.06010318932721714 -0.19272190422565214 -0.03523910281584055 8130.999999999999 24952.0 52115.0 86241.0 122857.0 158220.0 189906.0 216703.0 238275.0 254824.0 266839.0 274924.0 279703.0 281760.0 281618.0 279727.0
26 1.0 134.7011929203212 13.88524392366152 -0.1745035995135158 -1.0612350223527873 -0.4127778225804677 0.06010318932721714 -0.19272190422565214 -0.03523910281584055 23278.0 61528.0 115202.0 175348.0 233847.0 285516.0 327967.0 360747.0 384504.0 400391.0 409713.0 413722.0 413539.0 410116.0 404240.0 396551.0
27 1.0 166.88715277133184 35.14860106284348 -0.1745035995135158 -1.0612350223527873 -0.4127778225804677 0.06010318932721714 -0.19272190422565214 -0.03523910281584055 11928.0 35360.0 71785.0 116008.0 161986.0 205070.0 242528.0 273217.0 297052.0 314546.0 326488.0 333749.0 337167.0 337500.0 335401.0 331418.0
28 1.0 99.94633426610349 30.95228530724802 -0.1745035995135158 -1.0612350223527873 -0.4127778225804677 0.06010318932721714 -0.19272190422565214 -0.03523910281584055 44270.0 102874.0 176086.0 251070.00000000003 318772.0 374712.0 417735.0 448581.0 468851.0 480391.0 484972.0 484153.0 479244.0 471304.0 461182.0 449540.0
29 1.0 211.24236472494076 80.79498372969132 -0.1745035995135158 -1.0612350223527873 -0.4127778225804677 0.06010318932721714 -0.19272190422565214 -0.03523910281584055 11315.0 33515.0 68049.0 110051.0 153831.0 194986.0 230905.0 260469.0 283562.0 300640.0 312432.0 319746.0 323372.0 324022.0 322316.0 318776.0
0 1.0 310.9880181323633 -89.51342149916951 -0.1745035995135158 -1.0612350223527873 -0.4127778225804677 0.06010318932721714 -0.19272190422565214 -0.03523910281584055 9316.0 28006.0 57629.0 94299.0 133167.0 170303.0 203249.0 230839.0 252817.0 269470.0 281362.0 289164.0 293547.0 295137.0 294483.0 292059.0
1 1.0 42.31146814633191 26.49539770092649 -0.1745035995135158 -1.0612350223527873 -0.4127778225804677 0.06010318932721714 -0.19272190422565214 -0.03523910281584055 22776.0 56503.0 101730.0 151041.0 198239.0 239574.0 273423.0 299580.0 318619.0 331466.0 339137.0 342605.0 342737.0 340271.0 335821.0 329887.0
2 1.0 186.2564785754811 18.070602677575124 -0.1745035995135158 -1.0612350223527873 -0.4127778225804677 0.06010318932721714 -0.19272190422565214 -0.03523910281584055 9753.0 29352.0 60331.0 98525.0 138821.0 177134.0 210950.0 239112.0 261405.0 278165.0 290009.0 297647.0 301789.0 303085.0 302107.0 299342.0
3 1.0 47.54451828425519 15.973129794651868 -0.1745035995135158 -1.0612350223527873 -0.4127778225804677 0.06010318932721714 -0.19272190422565214 -0.03523910281584055 25443.0 62035.0 110286.0 162184.0 211282.0 253825.00000000003 288300.0 314637.0 333537.0 346030.0 353209.0 356105.0 355623.0 352529.0 347455.0 340911.0
4 1.0 258.06948522933374 83.29865757124364 -0.1745035995135158 -1.0612350223527873 -0.4127778225804677 0.06010318932721714 -0.19272190422565214 -0.03523910281584055 11040.0 32752.000000000004 66590.0 107815.0 150854.0 191377.0 226803.0 256013.0 278877.0 295831.0 307582.0 314921.0 318618.0 319374.0 317797.0 314402.0
5 1.0 142.58149301062573 -86.96309879339286 -0.1745035995135158 -1.0612350223527873 -0.4127778225804677 0.06010318932721714 -0.19272190422565214 -0.03523910281584055 8945.0 27071.0 55974.0 91921.0 130170.00000000001 166838.0 199469.0 226879.0 248784.0 265443.0 277401.0 285306.0 289819.0 291554.0 291053.0 288783.0
6 1.0 203.55167226906323 35.36683752626102 -0.1745035995135158 -1.0612350223527873 -0.4127778225804677 0.06010318932721714 -0.19272190422565214 -0.03523910281584055 10635.0 31716.0 64728.99999999999 105108.0 147407.0 187356.0 222382.0 251350.00000000003 274101.0 291043.0 302854.0 310305.0 314149.0 315073.0 313677.0 310468.0
7 1.0 65.9807410370683 56.462156946335426 -0.1745035995135158 -1.0612350223527873 -0.4127778225804677 0.06010318932721714 -0.19272190422565214 -0.03523910281584055 25704.0 63686.00000000001 114387.0 169344.0 221595.0 267006.0 303865.0 332043.0 352263.0 365617.0 373275.0 376346.0 375803.0 372469.0 367025.0 360020.0
8 1.0 52.1451933636158 1.7652953918851466 -0.1745035995135158 -1.0612350223527873 -0.4127778225804677 0.06010318932721714 -0.19272190422565214 -0.03523910281584055 25053.0 61577.0 110102.0 162599.0 212506.0 255931.00000000003 291260.0 318359.0 337901.0 350908.0 358479.0 361658.0 361366.0 358383.0 353357.0 346811.0
9 1.0 175.70026103362363 -29.886323472574354 -0.1745035995135158 -1.0612350223527873 -0.4127778225804677 0.06010318932721714 -0.19272190422565214 -0.03523910281584055 8564.0 25886.0 53474.0 87767.0 124254.0 159250.0 190420.0 216639.0 237632.0 253641.0 265178.0 272855.0 277298.0 279086.0 278735.0 276689.0
10 1.0 128.020585625984 52.35122938093289 -0.1745035995135158 -1.0612350223527873 -0.4127778225804677 0.06010318932721714 -0.19272190422565214 -0.03523910281584055 23657.0 61408.0 113692.0 171813.0 228074.0 277632.0 318299.0 349694.0 372461.0 387712.0 396688.0 400585.0 400467.0 397241.0 391657.0 384324.0
11 1.0 338.5555002910127 -72.49627338616357 -0.1745035995135158 -1.0612350223527873 -0.4127778225804677 0.06010318932721714 -0.19272190422565214 -0.03523910281584055 10360.0 30764.0 62724.0 101900.0 143066.0 182087.0 216438.0 244975.0 267505.0 284389.0 296267.0 303870.0 307925.0 309097.0 307968.0 305034.0
12 1.0 275.5170913705075 -10.43358520861345 -0.1745035995135158 -1.0612350223527873 -0.4127778225804677 0.06010318932721714 -0.19272190422565214 -0.03523910281584055 46576.0 107837.0 184069.0 261869.00000000003 331865.0 389482.0 433596.0 465039.0 485514.0 496967.0 501248.99999999994 499988.0 494540.0 486007.0 475261.0 462987.0
13 1.0 269.51890314619703 3.5914274227508827 -0.1745035995135158 -1.0612350223527873 -0.4127778225804677 0.06010318932721714 -0.19272190422565214 -0.03523910281584055 41209.0 97186.0 168124.0 241622.0 308641.0 364527.0 407916.0 439370.0 460364.0 472660.0 477980.0 477856.0 473583.0 466220.0 456612.0 445428.0
14 1.0 325.33910630853603 34.91215396821855 -0.1745035995135158 -1.0612350223527873 -0.4127778225804677 0.06010318932721714 -0.19272190422565214 -0.03523910281584055 10012.0 30253.0 62358.0 102028.0 143935.0 183799.0 218977.0 248252.0 271391.0 288751.0 300974.0 308810.0 313003.0 314234.0 313103.0 310121.0
15 1.0 30.032076759126678 -73.6405682341663 -0.1745035995135158 -1.0612350223527873 -0.4127778225804677 0.06010318932721714 -0.19272190422565214 -0.03523910281584055 8085.0 25081.0 52772.0 87774.0 125489.99999999999 162021.0 194818.0 222590.0 244964.0 262135.0 274601.0 282988.0 287940.0 290066.0 289909.0 287937.0
16 1.0 198.78928917206636 -49.00328972318503 -0.1745035995135158 -1.0612350223527873 -0.4127778225804677 0.06010318932721714 -0.19272190422565214 -0.03523910281584055 11774.0 33150.0 65229.99999999999 103388.0 142611.0 179172.0 210927.0 237002.0 257361.0 272435.0 282871.0 289380.0 292648.0 293296.0 291861.0 288799.0
17 1.0 210.4113848240768 -16.14571871577739 -0.1745035995135158 -1.0612350223527873 -0.4127778225804677 0.06010318932721714 -0.19272190422565214 -0.03523910281584055 16004.999999999998 42529.0 80352.0 123596.0 166632.0 205632.0 238626.0 265004.0 284992.0 299239.0 308563.0 313800.0 315722.0 315010.0 312241.0 307896.0
18 1.0 346.2970962770024 22.193041143623518 -0.1745035995135158 -1.0612350223527873 -0.4127778225804677 0.06010318932721714 -0.19272190422565214 -0.03523910281584055 8644.0 26351.0 54722.0 90123.0 127876.99999999999 164136.0 196455.0 223644.0 245408.0 261992.99999999997 273929.0 281854.0 286418.0 288226.0 287815.0 285647.0
19 1.0 105.17310964531758 69.65294061913514 -0.1745035995135158 -1.0612350223527873 -0.4127778225804677 0.06010318932721714 -0.19272190422565214 -0.03523910281584055 19511.0 51795.0 97506.0 149276.0 200232.0 245839.0 283881.0 313794.0 335988.0 351351.0 360934.0 365778.0 366830.0 364908.0 360700.0 354767.0
20 1.0 86.69836076956085 21.388710283447764 -0.1745035995135158 -1.0612350223527873 -0.4127778225804677 0.06010318932721714 -0.19272190422565214 -0.03523910281584055 47843.0 109278.0 184712.0 260867.00000000003 328749.0 384144.0 426180.0 455823.0 474830.0 485143.0 488587.0 486746.0 480937.0 472218.0 461427.0 449218.0
21 1.0 36.10581921557922 -65.9769352317118 -0.1745035995135158 -1.0612350223527873 -0.4127778225804677 0.06010318932721714 -0.19272190422565214 -0.03523910281584055 7779.0 24313.0 51435.0 85898.0 123194.0 159449.0 192104.0 219842.0 242259.0 259525.0 272117.0 280646.0 285747.0 288021.0 288006.0 286170.0
22 1.0 5.9146666529307135 86.50442390171082 -0.1745035995135158 -1.0612350223527873 -0.4127778225804677 0.06010318932721714 -0.19272190422565214 -0.03523910281584055 12079.0 35098.0 70341.0 112708.0 156477.0 197332.0 232774.0 261783.0 284316.0 300870.0 312197.0 319114.0 322410.0 322792.0 320873.0 317169.0
23 1.0 334.6305540451886 66.92143225598872 -0.1745035995135158 -1.0612350223527873 -0.4127778225804677 0.06010318932721714 -0.19272190422565214 -0.03523910281584055 10179.0 30355.0 61989.0 100751.0 141440.0 179962.0 213829.0 241928.0 264081.0 280659.0 292300.0 299732.0 303674.0 304783.0 303633.0 300712.0
24 1.0 241.16995677272763 0.4897370061583217 -0.1745035995135158 -1.0612350223527873 -0.4127778225804677 0.06010318932721714 -0.19272190422565214 -0.03523910281584055 32681.0 78046.0 136449.0 197903.0 254834.99999999997 303128.0 341370.0 369798.0 389470.0 401746.0 408001.0 409485.0 407273.0 402257.0 395160.0 386560.0
25 1.0 282.6550483283296 76.02263672339393 -0.1745035995135158 -1.0612350223527873 -0.4127778225804677 0.06010318932721714 -0.19272190422565214 -0.03523910281584055 10421.0 31242.0 63997.0 104197.0 146418.0 186379.0 221483.0 250566.0 273450.0 290526.0 302465.0 310031.0 313976.0 314987.0 313663.0 310514.0
26 1.0 101.42283807142167 7.448542876284435 -0.1745035995135158 -1.0612350223527873 -0.4127778225804677 0.06010318932721714 -0.19272190422565214 -0.03523910281584055 43191.0 101426.0 174907.0 250753.99999999997 319668.0 376919.0 421177.0 453086.0 474210.0 486395.0 491433.0 490911.0 486166.0 478287.0 468144.0 456420.0
27 1.0 211.1076598270776 76.19509222004936 -0.1745035995135158 -1.0612350223527873 -0.4127778225804677 0.06010318932721714 -0.19272190422565214 -0.03523910281584055 11044.0 32907.0 67094.0 108836.0 152477.0 193605.0 229579.0 259249.99999999997 282477.0 299699.0 311632.0 319080.0 322827.0 323584.0 321972.0 318514.0
28 1.0 23.023895803553206 59.38152634860177 -0.1745035995135158 -1.0612350223527873 -0.4127778225804677 0.06010318932721714 -0.19272190422565214 -0.03523910281584055 13940.0 38558.0 74808.0 117213.0 160150.0 199606.0 233392.0 260724.0 281699.0 296892.0 307081.0 313080.0 315661.0 315507.0 313204.0 309243.0
29 1.0 174.82593453646425 84.29155385297352 -0.1745035995135158 -1.0612350223527873 -0.4127778225804677 0.06010318932721714 -0.19272190422565214 -0.03523910281584055 12207.0 35595.0 71481.0 114670.0 159308.0 200971.0 237098.0 266646.0 289570.0 306385.0 317860.0 324835.0 328117.0 328431.0 326404.0 322563.0
0 1.0 351.89825030800085 75.5609059400685 -0.1745035995135158 -1.0612350223527873 -0.4127778225804677 0.06010318932721714 -0.19272190422565214 -0.03523910281584055 11310.0 33079.0 66628.0 107190.0 149311.0 188820.0 223262.0 251601.00000000003 273744.0 290136.0 301474.0 308532.0 312059.0 312737.0 311154.0 307809.0
1 1.0 315.54188831397266 -83.5139128628575 -0.1745035995135158 -1.0612350223527873 -0.4127778225804677 0.06010318932721714 -0.19272190422565214 -0.03523910281584055 10185.0 30148.0 61361.0 99594.0 139769.0 177870.0 211441.0 239366.0 261450.00000000003 278039.0 289749.0 297288.0 301361.0 302611.0 301607.0 298831.0
2 1.0 121.73722266126443 -58.54103925103081 -0.1745035995135158 -1.0612350223527873 -0.4127778225804677 0.06010318932721714 -0.19272190422565214 -0.03523910281584055 8071.999999999999 25073.0 52798.0 87866.0 125673.0 162307.0 195206.0 223074.0 245531.0 262769.0 275287.0 283711.0 288689.0 290829.0 290677.0 288703.0
3 1.0 346.16525563493946 -19.95575812178656 -0.1745035995135158 -1.0612350223527873 -0.4127778225804677 0.06010318932721714 -0.19272190422565214 -0.03523910281584055 9145.0 28032.0 58423.0 96420.0 136957.0 175851.0 210442.0 239447.0 262560.0 280065.0 292549.0 300717.0 305281.0 306902.0 306164.0 303567.0
4 1.0 83.41258552963363 81.38568551317573 -0.1745035995135158 -1.0612350223527873 -0.4127778225804677 0.06010318932721714 -0.19272190422565214 -0.03523910281584055 14405.0 40451.0 79166.0 124677.0 170852.0 213293.0 249591.0 278882.0 301277.0 317407.0 328126.0 334328.0 336854.0 336450.0 333754.0 329296.0
5 1.0 341.75477606964535 -35.99479449433267 -0.1745035995135158 -1.0612350223527873 -0.4127778225804677 0.06010318932721714 -0.19272190422565214 -0.03523910281584055 10511.0 31572.000000000004 64806.0 105700.0 148738.0 189532.0 225402.0 255137.0 278538.0 295998.0 308198.0 315921.0 319936.0 320946.0 319569.0 316324.0
6 1.0 338.8959736943395 -61.11582410023181 -0.1745035995135158 -1.0612350223527873 -0.4127778225804677 0.06010318932721714 -0.19272190422565214 -0.03523910281584055 10929.0 32310.0 65641.0 106320.0 148890.0 189082.0 224321.0 253469.0 276366.0 293418.0 305308.0 312808.0 316674.0 317599.0 316185.0 312943.0
7 1.0 287.71293144686103 69.53483989558077 -0.1745035995135158 -1.0612350223527873 -0.4127778225804677 0.06010318932721714 -0.19272190422565214 -0.03523910281584055 10252.0 30864.0 63406.00000000001 103454.0 145605.0 185571.0 220731.0 249901.0 272886.0 290066.0 302105.0 309762.0 313788.0 314869.0 313606.0 310509.0
8 1.0 226.9612572720448 -9.649005213023472 -0.1745035995135158 -1.0612350223527873 -0.4127778225804677 0.06010318932721714 -0.19272190422565214 -0.03523910281584055 25381.0 62346.0 111370.0 164292.0 214480.0 258031.99999999997 293355.0 320352.0 339728.0 352531.0 359884.0 362844.0 362340.0 359160.0 353953.0 347244.0
9 1.0 314.7436679849809 73.41760698377868 -0.1745035995135158 -1.0612350223527873 -0.4127778225804677 0.06010318932721714 -0.19272190422565214 -0.03523910281584055 10333.0 30897.0 63191.0 102790.0 144363.0 183712.0 218287.0 246948.0 269518.0 286380.0 298192.0 305702.0 309648.0 310702.0 309455.0 306406.0
10 1.0 105.48730242280682 -61.15851606237421 -0.1745035995135158 -1.0612350223527873 -0.4127778225804677 0.06010318932721714 -0.19272190422565214 -0.03523910281584055 8106.0 25199.0 53089.0 88378.0 126427.00000000001 163293.0 196395.0 224424.0 246999.0 264318.0 276881.0 285324.0 290297.0 292416.0 292231.0 290215.0
11 1.0 305.61967991265055 29.00115207145791 -0.1745035995135158 -1.0612350223527873 -0.4127778225804677 0.06010318932721714 -0.19272190422565214 -0.03523910281584055 14747.0 42352.0 84002.0 133357.0 183619.0 229849.0 269329.0 301082.0 325230.0 342484.0 353800.0 360178.0 362558.0 361765.0 358504.0 353361.0
12 1.0 222.43560909030856 -10.75252449069147 -0.1745035995135158 -1.0612350223527873 -0.4127778225804677 0.06010318932721714 -0.19272190422565214 -0.03523910281584055 22456.0 56240.0 101888.0 151915.0 199973.0 242174.0 276806.0 303619.0 323175.0 336406.0 344347.0 347987.0 348212.0 345777.0 341310.0 335321.0
13 1.0 4.765268793203816 -76.23238157454863 -0.1745035995135158 -1.0612350223527873 -0.4127778225804677 0.06010318932721714 -0.19272190422565214 -0.03523910281584055 8867.0 27059.0 56260.0 92740.0 131672.0 169070.0 202394.0 230410.0 252809.0 269849.0 282079.0 290163.0 294776.0 296547.0 296031.0 293707.0
14 1.0 125.00406645559904 35.363366037450106 -0.1745035995135158 -1.0612350223527873 -0.4127778225804677 0.06010318932721714 -0.19272190422565214 -0.03523910281584055 30342.0 75826.0 136641.0 202363.0 264450.0 317919.0 360800.0 393062.0 415698.0 430117.0 437796.0 440107.0 438242.0 433198.0 425787.0 416659.0
15 1.0 53.330709941339414 -45.46822400295233 -0.1745035995135158 -1.0612350223527873 -0.4127778225804677 0.06010318932721714 -0.19272190422565214 -0.03523910281584055 9307.0 28201.0 58328.0 95764.0 135537.0 173591.0 207374.0 235670.0 258203.00000000003 275264.0 287432.0 295395.0 299848.0 301433.0 300719.0 298190.0
16 1.0 353.45858033457114 -82.86920593568681 -0.1745035995135158 -1.0612350223527873 -0.4127778225804677 0.06010318932721714 -0.19272190422565214 -0.03523910281584055 9329.0 28131.0 58000.0 95031.0 134316.0 171871.0 205198.0 233109.0 255338.99999999997 272178.0 284197.0 292074.0 296491.0 298081.0 297402.0 294933.0
17 1.0 172.2133105343957 -79.21002631507682 -0.1745035995135158 -1.0612350223527873 -0.4127778225804677 0.06010318932721714 -0.19272190422565214 -0.03523910281584055 9021.0 27153.0 55939.0 91632.0 129529.0 165804.0 198048.0 225110.0 246721.0 263147.0 274929.0 282712.0 287148.0 288842.0 288331.0 286076.0
18 1.0 179.06089157951857 -79.00586332797828 -0.1745035995135158 -1.0612350223527873 -0.4127778225804677 0.06010318932721714 -0.19272190422565214 -0.03523910281584055 9250.0 27696.0 56851.0 92878.0 131027.0 167461.0 199782.0 226856.0 248436.0 264802.0 276506.0 284203.0 288549.0 290155.0 289560.0 287224.0
19 1.0 230.2101059035405 73.39193234730709 -0.1745035995135158 -1.0612350223527873 -0.4127778225804677 0.06010318932721714 -0.19272190422565214 -0.03523910281584055 10621.0 31862.0 65278.0 106273.0 149300.0 189988.0 225689.0 255226.0 278426.0 295698.0 307734.0 315317.0 319219.0 320141.0 318695.0 315402.0
20 1.0 132.6904582066623 43.17910520923817 -0.1745035995135158 -1.0612350223527873 -0.4127778225804677 0.06010318932721714 -0.19272190422565214 -0.03523910281584055 24358.0 63276.0 117155.0 176986.0 234812.0 285649.0 327264.0 359293.0 382424.0 397821.0 406777.0 410530.0 410181.0 406664.0 400752.0 393069.0
21 1.0 49.284097806815616 71.6512242984723 -0.1745035995135158 -1.0612350223527873 -0.4127778225804677 0.06010318932721714 -0.19272190422565214 -0.03523910281584055 16138.0 43861.0 84005.0 130316.99999999999 176645.0 218741.0 254388.0 282883.0 304446.0 319781.0 329777.0 335345.0 337329.0 336471.0 333399.0 328636.0
22 1.0 295.9623839499284 31.064816033373845 -0.1745035995135158 -1.0612350223527873 -0.4127778225804677 0.06010318932721714 -0.19272190422565214 -0.03523910281584055 16691.0 46889.0 91569.0 143721.0 196176.0 243899.0 284240.0 316343.0 340462.0 357422.0 368270.0 374073.0 375818.0 374366.0 370445.0 364655.0
23 1.0 68.34524828499286 5.2091872255589635 -0.1745035995135158 -1.0612350223527873 -0.4127778225804677 0.06010318932721714 -0.19272190422565214 -0.03523910281584055 37321.0 87088.0 149713.0 214388.0 273339.0 322592.0 360991.0 389023.0 407950.0 419281.0 424494.0 424908.0 421641.0 415610.0 407555.0 398058.0
24 1.0 184.07483371672416 -35.19965441747191 -0.1745035995135158 -1.0612350223527873 -0.4127778225804677 0.06010318932721714 -0.19272190422565214 -0.03523910281584055 9270.0 27466.0 55961.0 90943.0 127806.0 162886.0 193922.0 219867.0 240512.0 256145.0 267308.0 274633.0 278752.0 280252.0 279646.0 277377.0
25 1.0 80.75413043090613 89.63320523916121 -0.1745035995135158 -1.0612350223527873 -0.4127778225804677 0.06010318932721714 -0.19272190422565214 -0.03523910281584055 12135.0 35305.0 70805.0 113497.0 157607.0 198775.0 234481.0 263697.0 286378.0 303030.0 314411.0 321348.0 324635.0 324988.0 323026.0 319266.0
26 1.0 35.22401441785226 -24.805969390909922 -0.1745035995135158 -1.0612350223527873 -0.4127778225804677 0.06010318932721714 -0.19272190422565214 -0.03523910281584055 10235.0 30065.0 60892.0 98510.0 137941.0 175276.0 208138.0 235457.0 257054.99999999997 273278.0 284730.0 292106.0 296093.0 297322.0 296345.0 293636.0
27 1.0 310.388946271806 -5.28318914149628 -0.1745035995135158 -1.0612350223527873 -0.4127778225804677 0.06010318932721714 -0.19272190422565214 -0.03523910281584055 23450.0 61704.0 115223.0 175096.0 233275.0 284635.0 326822.0 359395.0 383002.0 398792.0 408056.0 412042.0 411861.0 408458.0 402617.0 394971.0
28 1.0 350.2510160483269 -21.915868513776886 -0.1745035995135158 -1.0612350223527873 -0.4127778225804677 0.06010318932721714 -0.19272190422565214 -0.03523910281584055 8649.0 26666.0 55833.0 92494.0 131796.0 169678.0 203522.0 232034.0 254873.00000000003 272279.0 284797.0 293097.0 297861.0 299727.0 299262.0 296952.0
29 1.0 345.90047690268005 86.31484728038254 -0.1745035995135158 -1.0612350223527873 -0.4127778225804677 0.06010318932721714 -0.19272190422565214 -0.03523910281584055 11823.0 34503.0 69356.0 111375.0 154884.0 195576.0 230940.0 259936.99999999997 282503.0 299121.0 310528.0 317535.0 320923.0 321397.0 319568.0 315948.0
