idx D_km lam beta x1 y1 z1 x2 y2 z2 flux5 flux6 flux7 flux8 flux9 flux10 flux11 flux12 flux13 flux14 flux15 flux16 flux17 flux18 flux19 flux20
0 1.0 197.5728614138369 73.17998985981222 -0.5106308927321715 -0.8117488991503203 -0.609802847607733 -0.1784329885964936 0.030281878975506753 -0.24373521686002617 3982.0000000000005 12465.0 26296.0 43716.0 62381.0 80331.0 96318.0 109732.0 120424.0 128522.0 134297.0 138077.0 140189.0 140941.0 140604.0 139408.0
1 1.0 257.468171894071 49.328519885754986 -0.5106308927321715 -0.8117488991503203 -0.609802847607733 -0.1784329885964936 0.030281878975506753 -0.24373521686002617 2404.0 7863.0 17190.0 29441.0 43084.0 56698.0 69272.0 80228.0 89329.0 96566.0 102063.0 106012.0 108625.0 110115.0 110677.0 110486.0
2 1.0 216.99481538579178 -30.033872634844457 -0.5106308927321715 -0.8117488991503203 -0.609802847607733 -0.1784329885964936 0.030281878975506753 -0.24373521686002617 17043.0 39484.0 67561.0 96443.0 122693.0 144577.0 161607.0 174017.0 182379.0 187369.0 189645.0 189794.0 188311.0 185605.0 182002.0 177760.0
3 1.0 196.15794587888288 -75.40174980216058 -0.5106308927321715 -0.8117488991503203 -0.609802847607733 -0.1784329885964936 0.030281878975506753 -0.24373521686002617 11817.0 30534.0 56297.0 84756.0 112119.0 136047.0 155520.0 170405.0 181059.0 188055.0 192019.0 193546.0 193160.0 191306.0 188346.0 184576.0
4 1.0 152.5157277620057 -16.69658914551468 -0.5106308927321715 -0.8117488991503203 -0.609802847607733 -0.1784329885964936 0.030281878975506753 -0.24373521686002617 3507.0 11210.0 24011.0 40380.0 58139.0 75404.0 90933.0 104090.0 114686.0 122807.0 128690.0 132635.0 134949.0 135924.0 135818.0 134857.0
5 1.0 232.5218807039962 -48.19785440923031 -0.5106308927321715 -0.8117488991503203 -0.609802847607733 -0.1784329885964936 0.030281878975506753 -0.24373521686002617 18460.0 42488.0 72312.0 102760.0 130227.00000000001 152944.0 170464.0 183088.0 191455.0 196302.0 198334.0 198176.0 196350.0 193281.0 189311.0 184707.0
6 1.0 157.5313960545693 -66.15222574356306 -0.5106308927321715 -0.8117488991503203 -0.609802847607733 -0.1784329885964936 0.030281878975506753 -0.24373521686002617 8936.0 24521.0 47074.0 72928.0 98528.0 121487.0 140621.0 155618.0 166682.0 174270.0 178927.0 181190.0 181546.0 180417.0 178152.0 175038.0
7 1.0 321.03828028154874 -80.38310727837145 -0.5106308927321715 -0.8117488991503203 -0.609802847607733 -0.1784329885964936 0.030281878975506753 -0.24373521686002617 7938.000000000001 21967.0 42491.0 66266.0 90054.0 111612.0 129780.0 144200.0 155005.0 162577.0 167395.0 169944.0 170667.0 169956.0 168135.0 165477.0
8 1.0 346.91859378037054 40.60698555790418 -0.5106308927321715 -0.8117488991503203 -0.609802847607733 -0.1784329885964936 0.030281878975506753 -0.24373521686002617 9179.0 25057.0 47934.0 74072.0 99882.0 122975.0 142175.0 157188.0 168232.0 175775.0 180372.0 182567.0 182851.0 181649.0 179313.0 176130.0
9 1.0 138.03894677727996 -87.94305744749441 -0.5106308927321715 -0.8117488991503203 -0.609802847607733 -0.1784329885964936 0.030281878975506753 -0.24373521686002617 8156.999999999999 22632.0 43815.0 68326.0 92804.0 114931.0 133522.0 148223.0 159186.0 166817.0 171619.0 174096.0 174711.0 173864.0 171894.0 169077.0
10 1.0 285.02101370975925 48.70453473049972 -0.5106308927321715 -0.8117488991503203 -0.609802847607733 -0.1784329885964936 0.030281878975506753 -0.24373521686002617 2679.0 8711.0 18955.0 32340.0 47168.0 61889.0 75412.0 87129.0 96801.0 104435.0 110178.0 114249.0 116885.0 118321.0 118769.0 118420.0
11 1.0 190.40217111104562 -63.549603827932486 -0.5106308927321715 -0.8117488991503203 -0.609802847607733 -0.1784329885964936 0.030281878975506753 -0.24373521686002617 13761.0 34607.0 62616.00000000001 92979.0 121719.0 146497.0 166381.0 181344.0 191841.0 198524.0 202080.0 203145.0 202273.0 199929.0 196489.0 192255.0
12 1.0 204.49604199381562 -75.68602513438397 -0.5106308927321715 -0.8117488991503203 -0.609802847607733 -0.1784329885964936 0.030281878975506753 -0.24373521686002617 12154.0 31185.0 57232.0 85885.0 113350.0 137306.0 156757.0 171589.0 182174.0 189094.0 192983.0 194437.0 193983.0 192065.0 189048.0 185226.0
13 1.0 333.214789785358 -73.87145383705104 -0.5106308927321715 -0.8117488991503203 -0.609802847607733 -0.1784329885964936 0.030281878975506753 -0.24373521686002617 6845.0 19439.0 38286.0 60504.0 83057.0 103761.0 121422.0 135619.0 146416.0 154132.0 159196.0 162054.0 163126.0 162778.0 161326.0 159030.0
14 1.0 25.5729809512393 30.968605323704594 -0.5106308927321715 -0.8117488991503203 -0.609802847607733 -0.1784329885964936 0.030281878975506753 -0.24373521686002617 17006.0 40177.0 69672.0 100402.0 128608.0 152311.0 170886.0 184520.0 193787.0 199396.0 202049.0 202377.0 200919.0 198118.0 194329.0 189837.0
15 1.0 31.366547892554657 -45.83390222648794 -0.5106308927321715 -0.8117488991503203 -0.609802847607733 -0.1784329885964936 0.030281878975506753 -0.24373521686002617 3629.0 11308.0 23817.0 39597.0 56560.0 72950.0 87631.0 100036.0 110009.0 117646.0 123177.0 126885.0 129061.00000000001 129978.00000000001 129878.0 128971.0
16 1.0 7.278623078517259 -14.302895997582283 -0.5106308927321715 -0.8117488991503203 -0.609802847607733 -0.1784329885964936 0.030281878975506753 -0.24373521686002617 5156.0 15314.0 31138.0 50392.0 70460.0 89321.0 105775.0 119311.0 129876.99999999999 137685.0 143069.0 146401.0 148045.0 148326.0 147530.0 145895.0
17 1.0 299.74314439725765 10.326382438305046 -0.5106308927321715 -0.8117488991503203 -0.609802847607733 -0.1784329885964936 0.030281878975506753 -0.24373521686002617 2659.0 8341.0 17717.0 29726.0 42847.0 55744.0 67509.0 77650.0 85989.0 92551.0 97476.0 100958.0 103205.0 104420.0 104786.0 104468.0
18 1.0 280.13643034194615 64.89921128918289 -0.5106308927321715 -0.8117488991503203 -0.609802847607733 -0.1784329885964936 0.030281878975506753 -0.24373521686002617 3566.0 11366.0 24295.0 40796.0 58669.0 76021.0 91608.0 104798.0 115405.0 123523.0 129393.00000000001 133316.0 135604.0 136550.0 136415.0 135424.0
19 1.0 313.2043733688549 40.8679672880391 -0.5106308927321715 -0.8117488991503203 -0.609802847607733 -0.1784329885964936 0.030281878975506753 -0.24373521686002617 3681.0 11624.0 24701.0 41314.0 59252.0 76627.0 92208.0 105373.0 115946.0 124025.0 129856.0 133743.0 135997.0 136912.0 136750.0 135733.0
20 1.0 352.30260320379506 -41.34097705703137 -0.5106308927321715 -0.8117488991503203 -0.609802847607733 -0.1784329885964936 0.030281878975506753 -0.24373521686002617 3974.0 12380.0 26035.0 43200.0 61571.0 79234.0 94967.0 108177.0 118716.0 126709.99999999999 132422.0 136173.0 138284.0 139056.0 138753.0 137603.0
21 1.0 287.6970831180205 -66.33309612759703 -0.5106308927321715 -0.8117488991503203 -0.609802847607733 -0.1784329885964936 0.030281878975506753 -0.24373521686002617 10246.0 26398.0 48708.0 73518.0 97590.0 118873.0 136426.0 150067.0 160047.0 166823.0 170911.0 172812.0 172973.0 171781.0 169554.0 166554.0
22 1.0 166.13257041105547 -80.03262232418437 -0.5106308927321715 -0.8117488991503203 -0.609802847607733 -0.1784329885964936 0.030281878975506753 -0.24373521686002617 9296.0 25223.0 48076.0 74117.0 99790.0 122735.0 141800.0 156699.0 167654.0 175133.0 179687.0 181855.0 182128.0 180924.0 178594.0 175424.0
23 1.0 280.99050346312396 -35.712245793430355 -0.5106308927321715 -0.8117488991503203 -0.609802847607733 -0.1784329885964936 0.030281878975506753 -0.24373521686002617 8548.0 21475.0 39079.0 58549.0 77442.0 94217.0 108154.0 119103.0 127238.99999999999 132894.0 136449.0 138280.0 138727.0 138083.0 136596.0 134468.0
24 1.0 42.57879331281596 -42.818733136857915 -0.5106308927321715 -0.8117488991503203 -0.609802847607733 -0.1784329885964936 0.030281878975506753 -0.24373521686002617 3495.0 10830.0 22739.0 37746.0 53877.0 69476.0 83468.0 95315.0 104866.0 112207.0 117550.0 121162.0 123315.0 124267.0 124247.0 123453.0
25 1.0 230.3715676779086 -7.894697975913658 -0.5106308927321715 -0.8117488991503203 -0.609802847607733 -0.1784329885964936 0.030281878975506753 -0.24373521686002617 10235.0 24686.0 43627.0 63956.0 83201.0 99918.0 113521.0 123978.0 131549.0 136625.0 139624.0 140941.0 140925.0 139872.0 138028.0 135592.0
26 1.0 51.607183467256704 32.990640398582485 -0.5106308927321715 -0.8117488991503203 -0.609802847607733 -0.1784329885964936 0.030281878975506753 -0.24373521686002617 17542.0 40011.0 67666.0 95712.0 120864.0 141551.0 157409.0 168748.0 176178.0 180387.0 182031.0 181685.0 179830.0 176857.0 173077.0 168735.0
27 1.0 340.0808101378502 35.21258021499429 -0.5106308927321715 -0.8117488991503203 -0.609802847607733 -0.1784329885964936 0.030281878975506753 -0.24373521686002617 7077.0 20274.0 40092.0 63462.00000000001 87143.0 108813.0 127222.0 141942.0 153059.0 160929.0 166017.0 168802.0 169730.0 169190.0 167516.0 164978.0
28 1.0 187.8653958300258 -38.96660761521 -0.5106308927321715 -0.8117488991503203 -0.609802847607733 -0.1784329885964936 0.030281878975506753 -0.24373521686002617 13713.0 34228.0 61669.0 91355.0 119439.0 143662.0 163122.0 177794.0 188116.0 194718.0 198265.0 199374.0 198585.0 196349.0 193033.0 188933.0
29 1.0 149.2782983965885 -21.61314793797831 -0.5106308927321715 -0.8117488991503203 -0.609802847607733 -0.1784329885964936 0.030281878975506753 -0.24373521686002617 3544.0 11304.0 24176.0 40616.0 58433.0 75740.0 91296.0 104465.0 115063.0 123178.0 129052.0 132983.0 135281.0 136240.0 136118.0 135140.0
0 1.0 95.24002035766571 -57.39282688735745 -0.5106308927321715 -0.8117488991503203 -0.609802847607733 -0.1784329885964936 0.030281878975506753 -0.24373521686002617 3417.0 10798.0 22984.0 38531.0 55401.0 71835.0 86662.0 99276.0 109488.0 117368.0 123130.0 127048.0 129407.0 130481.00000000001 130512.99999999999 129715.0
1 1.0 278.724128196318 51.93819221517336 -0.5106308927321715 -0.8117488991503203 -0.609802847607733 -0.1784329885964936 0.030281878975506753 -0.24373521686002617 2674.0 8714.0 18986.0 32419.000000000004 47308.0 62093.0 75676.0 87445.0 97157.0 104822.0 110586.0 114670.0 117312.0 118748.0 119193.0 118837.0
2 1.0 164.21411959795748 -79.76734624201674 -0.5106308927321715 -0.8117488991503203 -0.609802847607733 -0.1784329885964936 0.030281878975506753 -0.24373521686002617 9216.0 25053.0 47810.0 73771.0 99388.0 122300.0 141350.0 156248.0 167211.0 174705.0 179277.0 181465.0 181758.0 180575.0 178265.0 175114.0
3 1.0 204.63622159271347 35.459503510497726 -0.5106308927321715 -0.8117488991503203 -0.609802847607733 -0.1784329885964936 0.030281878975506753 -0.24373521686002617 2826.0 9137.0 19776.0 33577.0 48764.0 63742.99999999999 77417.0 89188.0 98838.0 106397.0 112029.0 115968.0 118463.0 119756.0 120065.0 119583.0
4 1.0 6.764328157087851 50.1651712693986 -0.5106308927321715 -0.8117488991503203 -0.609802847607733 -0.1784329885964936 0.030281878975506753 -0.24373521686002617 14283.0 35652.0 64177.0 94946.0 123951.0 148868.0 168790.0 183721.0 194141.0 200721.0 204158.0 205099.0 204104.0 201640.0 198085.0 193744.0
5 1.0 222.34877894731574 49.93336113277556 -0.5106308927321715 -0.8117488991503203 -0.609802847607733 -0.1784329885964936 0.030281878975506753 -0.24373521686002617 2555.0 8389.0 18363.0 31446.0 45977.0 60427.0 73718.0 85244.0 94766.0 102288.0 107953.0 111974.0 114584.0 116013.0 116471.0 116144.0
6 1.0 220.3544601800717 -43.303938417836115 -0.5106308927321715 -0.8117488991503203 -0.609802847607733 -0.1784329885964936 0.030281878975506753 -0.24373521686002617 18804.0 43367.0 73909.0 105132.0 133327.0 156666.0 174678.0 187665.0 196279.0 201274.0 203374.0 203220.0 201349.0 198200.0 194122.0 189392.0
7 1.0 222.0962388749125 -22.713635172138936 -0.5106308927321715 -0.8117488991503203 -0.609802847607733 -0.1784329885964936 0.030281878975506753 -0.24373521686002617 15278.0 35484.0 60866.0 87088.0 111034.0 131103.0 146820.0 158369.0 166245.0 171046.0 173362.0 173720.0 172569.0 170277.0 167145.0 163408.0
8 1.0 339.7493082652647 15.76793433535002 -0.5106308927321715 -0.8117488991503203 -0.609802847607733 -0.1784329885964936 0.030281878975506753 -0.24373521686002617 5100.0 15421.0 31695.0 51640.0 72512.0 92167.0 109321.0 123424.0 134415.0 142515.0 148077.0 151493.0 153145.0 153378.0 152492.0 150736.0
9 1.0 245.45530767725404 -40.892057563595934 -0.5106308927321715 -0.8117488991503203 -0.609802847607733 -0.1784329885964936 0.030281878975506753 -0.24373521686002617 16684.0 38234.0 64896.99999999999 92063.0 116536.0 136758.0 152341.0 163560.0 170988.0 175284.0 177077.0 176923.0 175287.0 172550.0 169014.0 164916.0
10 1.0 129.42284420656296 -23.246496140780025 -0.5106308927321715 -0.8117488991503203 -0.609802847607733 -0.1784329885964936 0.030281878975506753 -0.24373521686002617 2524.0 8219.0 17914.0 30616.0 44729.0 58782.0 71737.0 83002.0 92339.0 99747.0 105356.0 109369.0 112008.0 113493.0 114027.0 113788.0
11 1.0 157.33150336776293 -54.530229566584865 -0.5106308927321715 -0.8117488991503203 -0.609802847607733 -0.1784329885964936 0.030281878975506753 -0.24373521686002617 8182.0 22810.0 44272.0 69134.0 93965.0 116403.0 135239.0 150114.0 161187.0 168877.0 173695.0 176157.0 176733.0 175833.0 173798.0 170910.0
12 1.0 251.14723053381536 -7.225940923918671 -0.5106308927321715 -0.8117488991503203 -0.609802847607733 -0.1784329885964936 0.030281878975506753 -0.24373521686002617 7724.0 19071.0 34330.0 51077.0 67259.0 81598.0 93509.0 102881.0 109868.0 114753.0 117857.0 119496.0 119957.0 119485.0 118290.0 116541.0
13 1.0 21.68116978653714 -81.96978577425946 -0.5106308927321715 -0.8117488991503203 -0.609802847607733 -0.1784329885964936 0.030281878975506753 -0.24373521686002617 6452.0 18688.0 37270.0 59393.0 82006.0 102870.0 120740.0 135155.0 146154.0 154048.0 159260.0 162238.0 163403.0 163127.0 161727.0 159468.0
14 1.0 240.03601756044037 53.96325922271123 -0.5106308927321715 -0.8117488991503203 -0.609802847607733 -0.1784329885964936 0.030281878975506753 -0.24373521686002617 2519.0 8271.0 18111.0 31034.0 45405.0 59714.0 72893.0 84339.0 93809.0 101304.0 106963.0 110993.0 113625.0 115084.0 115578.0 115291.0
15 1.0 241.4296330625374 -76.1478395424061 -0.5106308927321715 -0.8117488991503203 -0.609802847607733 -0.1784329885964936 0.030281878975506753 -0.24373521686002617 12293.0 31205.0 56891.0 85016.0 111899.0 135312.0 154307.0 168790.0 179129.0 185895.0 189702.0 191134.0 190702.0 188839.0 185899.0 182170.0
16 1.0 75.73772198658273 3.3903267896746883 -0.5106308927321715 -0.8117488991503203 -0.609802847607733 -0.1784329885964936 0.030281878975506753 -0.24373521686002617 6372.0 16239.0 29919.0 45314.0 60507.0 74230.0 85843.0 95155.0 102253.0 107359.0 110752.0 112716.0 113516.0 113384.0 112519.0 111088.0
17 1.0 46.41346715574719 -34.7741820818647 -0.5106308927321715 -0.8117488991503203 -0.609802847607733 -0.1784329885964936 0.030281878975506753 -0.24373521686002617 3651.0 11082.0 22957.0 37754.0 53535.0 68707.0 82254.0 93682.0 102865.0 109899.0 114999.0 118427.0 120448.0 121311.0 121240.0 120425.0
18 1.0 113.55420633270619 13.957730789647584 -0.5106308927321715 -0.8117488991503203 -0.609802847607733 -0.1784329885964936 0.030281878975506753 -0.24373521686002617 3282.0 9706.0 19833.0 32387.0 45772.0 58677.0 70258.0 80096.0 88071.0 94252.0 98805.0 101942.0 103878.0 104818.0 104947.0 104425.0
19 1.0 130.93587753934415 82.69800135001651 -0.5106308927321715 -0.8117488991503203 -0.609802847607733 -0.1784329885964936 0.030281878975506753 -0.24373521686002617 7056.0 19732.0 38525.0 60571.0 82890.0 103351.0 120795.0 134816.0 145480.0 153103.0 158109.0 160937.0 161999.0 161658.0 160224.0 157954.0
20 1.0 205.27083735043666 26.20264400208069 -0.5106308927321715 -0.8117488991503203 -0.609802847607733 -0.1784329885964936 0.030281878975506753 -0.24373521686002617 3295.0 10302.0 21790.0 36388.0 52195.0 67582.0 81470.0 93301.0 102900.0 110331.0 115791.0 119533.0 121820.0 122903.0 123009.0 122333.0
21 1.0 157.89654484643532 -83.63476156401164 -0.5106308927321715 -0.8117488991503203 -0.609802847607733 -0.1784329885964936 0.030281878975506753 -0.24373521686002617 8663.0 23803.0 45766.0 71005.0 96064.0 118599.0 137437.0 152252.0 163229.0 170804.0 175500.0 177840.0 178299.0 177288.0 175151.0 172168.0
22 1.0 355.8145817013214 -12.527560888548976 -0.5106308927321715 -0.8117488991503203 -0.609802847607733 -0.1784329885964936 0.030281878975506753 -0.24373521686002617 4610.0 14075.0 29159.0 47823.0 67530.0 86245.0 102720.0 116388.0 127150.99999999999 135184.0 140802.0 144362.0 146219.0 146696.0 146075.0 144597.0
23 1.0 36.736131869290105 1.803033417285036 -0.5106308927321715 -0.8117488991503203 -0.609802847607733 -0.1784329885964936 0.030281878975506753 -0.24373521686002617 9977.0 24898.0 45033.0 67104.0 88329.0 106998.0 122354.0 134276.0 143005.0 148944.0 152544.0 154238.0 154415.0 153407.0 151491.0 148894.0
24 1.0 75.19563219414049 6.511949046621353 -0.5106308927321715 -0.8117488991503203 -0.609802847607733 -0.1784329885964936 0.030281878975506753 -0.24373521686002617 7123.0 17812.0 32366.0 48505.0 64234.0 78284.0 90048.0 99379.0 106404.0 111378.0 114604.0 116384.0 116992.0 116669.0 115619.0 114010.0
25 1.0 58.07142643859865 32.65065190869082 -0.5106308927321715 -0.8117488991503203 -0.609802847607733 -0.1784329885964936 0.030281878975506753 -0.24373521686002617 16597.0 37899.0 64167.0 90859.0 114851.0 134634.0 149842.0 160759.0 167954.0 172074.0 173742.0 173501.0 171811.0 169043.0 165495.0 161401.0
26 1.0 235.11899716754343 -40.032702408282105 -0.5106308927321715 -0.8117488991503203 -0.609802847607733 -0.1784329885964936 0.030281878975506753 -0.24373521686002617 18015.0 41116.0 69555.0 98396.0 124256.0 145519.0 161809.0 173449.0 181067.0 185374.0 187047.0 186676.0 184758.0 181694.0 177804.0 173340.0
27 1.0 91.18497691432157 -66.80509821606236 -0.5106308927321715 -0.8117488991503203 -0.609802847607733 -0.1784329885964936 0.030281878975506753 -0.24373521686002617 4219.0 13083.0 27415.0 45350.0 64463.00000000001 82760.0 98984.0 112539.0 123293.0 131393.0 137126.0 140832.0 142851.0 143498.0 143049.0 141739.0
28 1.0 167.87187822827028 -19.31837822152302 -0.5106308927321715 -0.8117488991503203 -0.609802847607733 -0.1784329885964936 0.030281878975506753 -0.24373521686002617 5847.0 17159.0 34572.0 55543.0 77192.0 97349.0 114765.0 128942.0 139873.0 147822.0 153176.0 156354.0 157752.0 157728.0 156589.0 154590.0
29 1.0 87.99321312057698 82.1530301032708 -0.5106308927321715 -0.8117488991503203 -0.609802847607733 -0.1784329885964936 0.030281878975506753 -0.24373521686002617 8602.0 23145.0 44005.0 67872.0 91554.0 112890.0 130788.99999999999 144939.0 155497.0 162857.0 167500.0 169907.0 170521.0 169724.0 167840.0 165135.0
0 1.0 57.2290501123871 -56.31643948484795 -0.5106308927321715 -0.8117488991503203 -0.609802847607733 -0.1784329885964936 0.030281878975506753 -0.24373521686002617 3405.0 10703.0 22694.0 37934.0 54424.0 70451.0 84890.0 97160.0 107088.0 114746.0 120345.0 124154.0 126451.00000000001 127500.0 127537.00000000001 126767.99999999999
1 1.0 39.73505081914985 72.71711188708267 -0.5106308927321715 -0.8117488991503203 -0.609802847607733 -0.1784329885964936 0.030281878975506753 -0.24373521686002617 12511.0 31492.0 57131.0 85118.0 111825.0 135065.0 153913.0 168283.0 178543.0 185258.0 189039.0 190462.0 190035.0 188185.0 185265.0 181560.0
2 1.0 236.27865220749842 7.885071013918747 -0.5106308927321715 -0.8117488991503203 -0.609802847607733 -0.1784329885964936 0.030281878975506753 -0.24373521686002617 5527.0 14690.0 27888.0 43182.0 58639.0 72886.0 85167.0 95200.0 103004.0 108764.0 112739.0 115207.0 116432.0 116652.0 116071.0 114866.0
3 1.0 49.74586248550097 -7.755944103762147 -0.5106308927321715 -0.8117488991503203 -0.609802847607733 -0.1784329885964936 0.030281878975506753 -0.24373521686002617 6927.0 18040.0 33684.0 51445.0 69060.0 85007.0 98506.0 109321.0 117545.0 123441.0 127337.0 129568.99999999999 130447.00000000001 130246.0 129198.00000000001 127498.0
4 1.0 70.76965020481926 68.76745384138013 -0.5106308927321715 -0.8117488991503203 -0.609802847607733 -0.1784329885964936 0.030281878975506753 -0.24373521686002617 12545.0 31063.0 55778.0 82564.0 108020.0 130126.99999999999 148047.0 161719.0 171499.0 177922.0 181566.0 182972.0 182618.0 180909.0 178177.0 174691.0
5 1.0 132.74106143794708 -7.451286881654539 -0.5106308927321715 -0.8117488991503203 -0.609802847607733 -0.1784329885964936 0.030281878975506753 -0.24373521686002617 2362.0 7708.0 16830.0 28802.0 42133.0 55436.0 67729.0 78448.0 87362.0 94462.0 99866.0 103759.0 106348.0 107840.0 108424.0 108269.0
6 1.0 295.55756274525663 40.350174590077785 -0.5106308927321715 -0.8117488991503203 -0.609802847607733 -0.1784329885964936 0.030281878975506753 -0.24373521686002617 2687.0 8690.0 18846.0 32084.0 46727.0 61252.0 74589.0 86144.0 95684.0 103216.0 108888.0 112912.0 115523.0 116951.0 117406.0 117074.0
7 1.0 34.956459285502056 -18.17544209344163 -0.5106308927321715 -0.8117488991503203 -0.609802847607733 -0.1784329885964936 0.030281878975506753 -0.24373521686002617 5423.0 15303.0 30138.0 47775.0 65886.0 82743.0 97360.0 109340.0 118672.0 125560.0 130310.00000000001 133250.0 134701.0 134948.0 134242.0 132792.0
8 1.0 301.6601666995694 72.7279907221724 -0.5106308927321715 -0.8117488991503203 -0.609802847607733 -0.1784329885964936 0.030281878975506753 -0.24373521686002617 5458.0 16288.0 33180.0 53715.0 75066.0 95061.0 112425.0 126629.99999999999 137640.0 145700.0 151180.0 154489.0 156019.0 156122.0 155103.0 153216.0
9 1.0 34.59542684182671 34.20450363442093 -0.5106308927321715 -0.8117488991503203 -0.609802847607733 -0.1784329885964936 0.030281878975506753 -0.24373521686002617 18277.0 42302.0 72288.0 103040.0 130894.00000000001 154018.0 171922.0 184883.0 193527.0 198591.0 200784.0 200737.0 198979.0 195945.0 191980.0 187360.0
10 1.0 351.5254074048225 35.931969765093015 -0.5106308927321715 -0.8117488991503203 -0.609802847607733 -0.1784329885964936 0.030281878975506753 -0.24373521686002617 9853.0 26505.0 50206.0 77036.0 103337.0 126718.0 146043.0 161057.0 172019.0 179427.0 183856.0 185868.0 185965.0 184577.0 182060.0 178706.0
11 1.0 168.71443259317257 -31.010327719718596 -0.5106308927321715 -0.8117488991503203 -0.609802847607733 -0.1784329885964936 0.030281878975506753 -0.24373521686002617 7764.0 21686.0 42206.0 66097.0 90082.0 111872.0 130268.0 144889.0 155858.0 163556.0 168464.0 171071.0 171829.0 171132.0 169310.0 166638.0
12 1.0 351.6339917485214 46.22015569264005 -0.5106308927321715 -0.8117488991503203 -0.609802847607733 -0.1784329885964936 0.030281878975506753 -0.24373521686002617 10741.0 28430.0 53256.0 81058.0 108071.0 131896.0 151438.0 166495.0 177377.0 184624.0 188842.0 190615.0 190461.0 188820.0 186056.0 182464.0
13 1.0 217.74438710821656 24.490989980485438 -0.5106308927321715 -0.8117488991503203 -0.609802847607733 -0.1784329885964936 0.030281878975506753 -0.24373521686002617 3471.0 10537.0 21873.0 36072.0 51298.0 66018.0 79238.0 90456.0 99528.0 106530.0 111656.0 115151.0 117269.0 118248.0 118302.0 117618.0
14 1.0 266.1348885833886 -46.79635079165228 -0.5106308927321715 -0.8117488991503203 -0.609802847607733 -0.1784329885964936 0.030281878975506753 -0.24373521686002617 13135.0 31212.0 54466.0 78982.0 101782.0 121230.0 136744.0 148388.0 156559.0 161780.0 164582.0 165456.0 164825.0 163044.0 160401.0 157127.0
15 1.0 14.107605211555443 -61.103011952653844 -0.5106308927321715 -0.8117488991503203 -0.609802847607733 -0.1784329885964936 0.030281878975506753 -0.24373521686002617 4206.0 13028.0 27280.0 45108.0 64105.99999999999 82295.0 98428.0 111911.0 122615.0 130681.99999999999 136399.0 140101.0 142125.0 142785.0 142353.0 141063.0
16 1.0 101.81050652750744 53.35046541311971 -0.5106308927321715 -0.8117488991503203 -0.609802847607733 -0.1784329885964936 0.030281878975506753 -0.24373521686002617 9212.0 23298.0 42587.0 64000.0 84829.0 103349.0 118746.0 130842.99999999999 139826.0 146061.0 149969.0 151968.0 152435.0 151696.0 150025.0 147649.0
17 1.0 43.270762036740805 82.64998854634004 -0.5106308927321715 -0.8117488991503203 -0.609802847607733 -0.1784329885964936 0.030281878975506753 -0.24373521686002617 9202.0 24577.0 46461.0 71327.0 95843.0 117798.0 136100.0 150468.0 161098.0 168422.0 172951.0 175192.0 175606.0 174592.0 172482.0 169549.0
18 1.0 106.61047110797217 -7.535011093192281 -0.5106308927321715 -0.8117488991503203 -0.609802847607733 -0.1784329885964936 0.030281878975506753 -0.24373521686002617 2555.0 7884.0 16584.0 27660.0 39724.0 51565.0 62364.0 71678.0 79348.0 85396.0 89949.0 93181.0 95283.0 96438.0 96813.0 96557.0
19 1.0 42.74197882352786 16.377149758263286 -0.5106308927321715 -0.8117488991503203 -0.609802847607733 -0.1784329885964936 0.030281878975506753 -0.24373521686002617 14358.0 33605.0 57978.0 83335.0 106641.0 126296.99999999999 141792.0 153267.0 161173.0 166076.0 168539.0 169070.0 168105.0 166006.0 163066.0 159518.0
20 1.0 114.47394458183138 64.39007595483983 -0.5106308927321715 -0.8117488991503203 -0.609802847607733 -0.1784329885964936 0.030281878975506753 -0.24373521686002617 7891.0 20999.0 39731.0 61180.0 82542.0 101901.0 118266.0 131329.0 141201.0 148209.0 152764.0 155283.0 156155.0 155721.0 154270.0 152041.0
21 1.0 149.13467802528118 -7.699778396305732 -0.5106308927321715 -0.8117488991503203 -0.609802847607733 -0.1784329885964936 0.030281878975506753 -0.24373521686002617 2845.0 9291.0 20248.0 34542.0 50331.0 65944.0 80220.0 92520.0 102608.0 110508.0 116391.0 120499.0 123093.0 124428.0 124733.0 124211.0
22 1.0 23.09309868556237 81.3374058298925 -0.5106308927321715 -0.8117488991503203 -0.609802847607733 -0.1784329885964936 0.030281878975506753 -0.24373521686002617 9412.0 25108.0 47408.0 72698.0 97586.0 119829.0 138332.0 152822.0 163510.0 170842.0 175342.0 177529.0 177873.0 176776.0 174578.0 171554.0
23 1.0 249.28996297320714 13.63520916807704 -0.5106308927321715 -0.8117488991503203 -0.609802847607733 -0.1784329885964936 0.030281878975506753 -0.24373521686002617 3796.0 10754.0 21351.0 34169.0 47580.0 60317.0 71601.0 81071.0 88656.0 94452.0 98647.0 101459.0 103110.0 103804.0 103725.0 103030.0
24 1.0 203.97652351436705 57.738081726236686 -0.5106308927321715 -0.8117488991503203 -0.609802847607733 -0.1784329885964936 0.030281878975506753 -0.24373521686002617 2825.0 9274.0 20272.0 34647.0 50542.0 66267.0 80648.0 93039.0 103197.0 111149.0 117067.0 121196.0 123800.0 125135.0 125432.99999999999 124899.0
25 1.0 95.54021673820034 73.5918693142929 -0.5106308927321715 -0.8117488991503203 -0.609802847607733 -0.1784329885964936 0.030281878975506753 -0.24373521686002617 9550.0 24882.0 46321.0 70418.0 94020.0 115072.0 132584.0 146318.0 156477.0 163480.0 167816.0 169969.0 170375.0 169413.0 167401.0 164597.0
26 1.0 188.36929924801188 56.7942873783424 -0.5106308927321715 -0.8117488991503203 -0.609802847607733 -0.1784329885964936 0.030281878975506753 -0.24373521686002617 2973.0 9716.0 21162.0 36056.0 52461.0 68629.0 83358.0 95998.0 106318.0 114355.0 120298.0 124406.0 126955.00000000001 128211.99999999999 128415.0 127776.0
27 1.0 33.818583873039 -61.30539657918793 -0.5106308927321715 -0.8117488991503203 -0.609802847607733 -0.1784329885964936 0.030281878975506753 -0.24373521686002617 3888.0 12134.0 25563.0 42483.0 60630.0 78114.0 93719.0 106848.0 117346.0 125331.0 131058.00000000001 134839.0 136991.0 137811.0 137561.0 136465.0
28 1.0 207.34073840022455 23.201719031106066 -0.5106308927321715 -0.8117488991503203 -0.609802847607733 -0.1784329885964936 0.030281878975506753 -0.24373521686002617 3563.0 10924.0 22806.0 37735.0 53765.0 69262.0 83168.0 94951.0 104459.0 111777.0 117113.0 120728.0 122893.0 123862.0 123862.0 123090.0
29 1.0 334.5466311274371 -18.28183344845813 -0.5106308927321715 -0.8117488991503203 -0.609802847607733 -0.1784329885964936 0.030281878975506753 -0.24373521686002617 3675.0 11485.0 24229.0 40322.0 57626.0 74344.0 89312.0 101949.0 112098.0 119858.0 125465.0 129210.99999999999 131394.0 132295.0 132161.0 131208.0
0 1.0 114.68482288247652 -78.71166863579778 -0.5106308927321715 -0.8117488991503203 -0.609802847607733 -0.1784329885964936 0.030281878975506753 -0.24373521686002617 6683.0 19317.0 38445.0 61149.0 84284.0 105562.0 123727.0 138326.0 149419.0 157333.0 162512.0 165420.0 166488.0 166100.0 164578.0 162193.0
1 1.0 240.2677367869254 -13.674194659828444 -0.5106308927321715 -0.8117488991503203 -0.609802847607733 -0.1784329885964936 0.030281878975506753 -0.24373521686002617 11103.0 26233.0 45638.0 66086.0 85127.0 101414.0 114463.0 124319.0 131300.0 135829.0 138339.0 139231.0 138854.0 137499.0 135406.0 132769.0
2 1.0 47.447230465581185 -43.436867959906614 -0.5106308927321715 -0.8117488991503203 -0.609802847607733 -0.1784329885964936 0.030281878975506753 -0.24373521686002617 3400.0 10550.0 22178.0 36853.0 52653.0 67956.0 81707.0 93371.0 102793.0 110053.0 115356.0 118958.0 121127.0 122112.0 122139.0 121402.0
3 1.0 257.8777934826836 62.82689551713193 -0.5106308927321715 -0.8117488991503203 -0.609802847607733 -0.1784329885964936 0.030281878975506753 -0.24373521686002617 2939.0 9568.0 20798.0 35407.0 51503.0 67380.0 81863.0 94311.0 104493.0 112441.0 118336.0 122428.0 124987.0 126272.0 126517.99999999999 125930.99999999999
4 1.0 104.1861934609924 -84.00516722159469 -0.5106308927321715 -0.8117488991503203 -0.609802847607733 -0.1784329885964936 0.030281878975506753 -0.24373521686002617 7192.0 20476.0 40337.0 63690.0 87310.0 108897.0 127218.0 141857.0 152904.0 160718.0 165763.0 168517.0 169422.0 168869.0 167187.0 164647.0
5 1.0 65.94889032256206 82.61688993542523 -0.5106308927321715 -0.8117488991503203 -0.609802847607733 -0.1784329885964936 0.030281878975506753 -0.24373521686002617 9023.0 24114.0 45623.0 70101.0 94274.0 115960.0 134072.0 148323.0 158897.0 166210.0 170763.0 173052.0 173531.0 172592.0 170563.0 167714.0
6 1.0 211.14465653162995 -26.033607275052667 -0.5106308927321715 -0.8117488991503203 -0.609802847607733 -0.1784329885964936 0.030281878975506753 -0.24373521686002617 15682.999999999998 36918.0 63929.0 92109.0 118051.0 139944.0 157201.0 169968.0 178749.0 184174.0 186874.0 187420.0 186300.0 183919.0 180605.0 176618.0
7 1.0 7.238716627497679 -25.792759727542276 -0.5106308927321715 -0.8117488991503203 -0.609802847607733 -0.1784329885964936 0.030281878975506753 -0.24373521686002617 4279.0 13130.0 27318.0 44974.0 63718.0 81617.0 97463.0 110690.0 121179.0 129078.0 134671.0 138289.0 140264.0 140901.0 140468.0 139196.0
8 1.0 298.4184105182507 -87.06086951693258 -0.5106308927321715 -0.8117488991503203 -0.609802847607733 -0.1784329885964936 0.030281878975506753 -0.24373521686002617 8479.0 23276.0 44750.0 69457.0 94026.0 116164.0 134711.0 149338.0 160212.0 167753.0 172468.0 174863.0 175404.0 174491.0 172462.0 169593.0
9 1.0 1.6903714293169436 -56.65818145748689 -0.5106308927321715 -0.8117488991503203 -0.609802847607733 -0.1784329885964936 0.030281878975506753 -0.24373521686002617 4254.0 13147.0 27485.0 45394.0 64451.99999999999 82679.0 98831.0 112318.0 123014.0 131066.99999999999 136765.0 140446.0 142449.0 143087.0 142635.0 141327.0
10 1.0 244.01395324664284 -17.773289855350427 -0.5106308927321715 -0.8117488991503203 -0.609802847607733 -0.1784329885964936 0.030281878975506753 -0.24373521686002617 11829.0 27699.0 47850.0 68888.0 88304.0 104763.0 117823.0 127577.0 134386.0 138703.0 140986.0 141650.0 141054.0 139495.0 137215.0 134407.0
11 1.0 97.20287034917935 77.27245511448851 -0.5106308927321715 -0.8117488991503203 -0.609802847607733 -0.1784329885964936 0.030281878975506753 -0.24373521686002617 8976.0 23786.0 44786.0 68625.0 92150.0 113259.0 130911.0 144826.0 155178.0 162369.0 166877.0 169183.0 169723.0 168877.0 166962.0 164241.0
12 1.0 264.66984796413414 -72.06931256017117 -0.5106308927321715 -0.8117488991503203 -0.609802847607733 -0.1784329885964936 0.030281878975506753 -0.24373521686002617 12086.0 30492.0 55398.0 82624.0 108641.0 131316.0 149741.0 163823.0 173912.0 180552.0 184333.0 185813.0 185484.0 183761.0 180987.0 177438.0
13 1.0 346.38787624227774 80.15427602623433 -0.5106308927321715 -0.8117488991503203 -0.609802847607733 -0.1784329885964936 0.030281878975506753 -0.24373521686002617 8331.0 22866.0 43999.0 68368.0 92659.0 114600.0 133028.0 147601.0 158472.0 166043.0 170812.0 173276.0 173894.0 173061.0 171112.0 168322.0
14 1.0 89.55113166718489 66.5079354983938 -0.5106308927321715 -0.8117488991503203 -0.609802847607733 -0.1784329885964936 0.030281878975506753 -0.24373521686002617 10948.0 27523.0 50001.0 74702.0 98473.0 119368.0 136522.0 149797.0 159468.0 165996.0 169892.0 171652.0 171715.0 170459.0 168196.0 165182.0
15 1.0 207.4166403904213 -8.25076855664068 -0.5106308927321715 -0.8117488991503203 -0.609802847607733 -0.1784329885964936 0.030281878975506753 -0.24373521686002617 10088.0 25322.0 46006.0 68798.0 90814.0 110257.0 126309.0 138818.0 148017.0 154312.0 158165.0 160023.0 160290.0 159311.0 157377.0 154722.0
16 1.0 213.13509525786205 -31.19384128171319 -0.5106308927321715 -0.8117488991503203 -0.609802847607733 -0.1784329885964936 0.030281878975506753 -0.24373521686002617 17024.0 39665.0 68148.0 97578.0 124427.0 146887.0 164424.0 177251.0 185936.0 191160.0 193592.0 193833.0 192389.0 189680.0 186041.0 181739.0
17 1.0 206.01068608471442 -48.10605672976977 -0.5106308927321715 -0.8117488991503203 -0.609802847607733 -0.1784329885964936 0.030281878975506753 -0.24373521686002617 17646.0 41823.0 72662.0 104819.0 134330.0 159105.0 178487.0 192671.0 202268.0 208026.0 210687.0 210918.0 209286.0 206257.0 202206.0 197429.0
18 1.0 80.30938775062259 20.603647165837387 -0.5106308927321715 -0.8117488991503203 -0.609802847607733 -0.1784329885964936 0.030281878975506753 -0.24373521686002617 9259.0 22299.0 39385.0 57731.0 75114.0 90237.0 102567.0 112068.0 118970.0 123621.0 126395.00000000001 127645.00000000001 127685.0 126783.0 125160.0 122996.0
19 1.0 342.9896441461146 -84.04657353440899 -0.5106308927321715 -0.8117488991503203 -0.609802847607733 -0.1784329885964936 0.030281878975506753 -0.24373521686002617 7524.0 21122.0 41242.0 64734.0 88377.0 109905.0 128121.00000000001 142636.0 153559.0 161257.0 166200.0 168865.0 169697.0 169082.0 167349.0 164768.0
20 1.0 160.96513630234585 -87.19090839957092 -0.5106308927321715 -0.8117488991503203 -0.609802847607733 -0.1784329885964936 0.030281878975506753 -0.24373521686002617 8457.0 23304.0 44903.0 69786.0 94543.0 116854.0 135542.0 150273.0 161217.0 168798.0 173529.0 175922.0 176447.0 175509.0 173448.0 170543.0
21 1.0 304.707122089606 -12.816769950317195 -0.5106308927321715 -0.8117488991503203 -0.609802847607733 -0.1784329885964936 0.030281878975506753 -0.24373521686002617 3472.0 10451.0 21548.0 35351.0 50068.0 64227.00000000001 76892.0 87601.0 96231.0 102869.0 107709.0 110992.0 112961.0 113847.0 113856.0 113165.0
22 1.0 251.81253911430156 -77.74666668455036 -0.5106308927321715 -0.8117488991503203 -0.609802847607733 -0.1784329885964936 0.030281878975506753 -0.24373521686002617 11504.0 29560.0 54352.0 81727.0 108077.0 131168.0 150019.0 164487.0 174903.0 181804.0 185783.0 187406.0 187172.0 185507.0 182761.0 179217.0
23 1.0 107.07730230784811 -44.65062211570328 -0.5106308927321715 -0.8117488991503203 -0.609802847607733 -0.1784329885964936 0.030281878975506753 -0.24373521686002617 2832.0 9067.0 19515.0 33034.0 47900.0 62573.0 75990.0 87566.0 97085.0 104569.0 110175.0 114125.0 116658.0 118008.0 118387.0 117984.0
24 1.0 292.9672150928918 -50.19103523770491 -0.5106308927321715 -0.8117488991503203 -0.609802847607733 -0.1784329885964936 0.030281878975506753 -0.24373521686002617 8532.0 22158.0 41194.0 62612.0 83641.0 102470.0 118213.0 130645.00000000001 139928.0 146418.0 150535.0 152699.0 153291.0 152645.0 151041.0 148707.0
25 1.0 142.74206670491446 -44.425585129886656 -0.5106308927321715 -0.8117488991503203 -0.609802847607733 -0.1784329885964936 0.030281878975506753 -0.24373521686002617 4837.0 14753.0 30514.0 49951.0 70398.0 89738.0 106690.0 120685.0 131642.0 139763.0 145384.0 148885.0 150637.0 150980.0 150206.0 148564.0
26 1.0 317.1971509600182 -66.4100583812536 -0.5106308927321715 -0.8117488991503203 -0.609802847607733 -0.1784329885964936 0.030281878975506753 -0.24373521686002617 7259.0 20158.0 39136.0 61259.0 83539.0 103874.0 121142.0 134970.0 145446.0 152899.0 157759.0 160465.0 161430.0 161014.0 159525.0 157215.0
27 1.0 209.25823414890914 -87.83347987842222 -0.5106308927321715 -0.8117488991503203 -0.609802847607733 -0.1784329885964936 0.030281878975506753 -0.24373521686002617 8772.0 23969.0 45925.0 71093.0 96039.0 118447.0 137163.0 151872.0 162762.0 170271.0 174920.0 177229.0 177669.0 176650.0 174512.0 171535.0
28 1.0 317.424730267747 -69.21282651502534 -0.5106308927321715 -0.8117488991503203 -0.609802847607733 -0.1784329885964936 0.030281878975506753 -0.24373521686002617 7467.0 20685.0 40082.0 62640.0 85307.0 105950.0 123441.0 137412.0 147964.0 155441.0 160284.0 162945.0 163845.0 163351.0 161774.0 159373.0
29 1.0 249.3113724279957 21.32644671229461 -0.5106308927321715 -0.8117488991503203 -0.609802847607733 -0.1784329885964936 0.030281878975506753 -0.24373521686002617 3068.0 9157.0 18829.0 30893.0 43820.0 56338.0 67619.0 77241.0 85076.0 91180.0 95706.0 98853.0 100828.0 101828.0 102032.0 101594.0
0 1.0 261.09154073507057 85.36611830724905 -0.5106308927321715 -0.8117488991503203 -0.609802847607733 -0.1784329885964936 0.030281878975506753 -0.24373521686002617 6022.0 17533.0 35147.0 56271.0 78012.0 98207.0 115622.0 129772.0 140661.0 148561.0 153863.0 156989.0 158339.0 158270.0 157088.0 155051.0
1 1.0 180.47677749361281 88.26210028096091 -0.5106308927321715 -0.8117488991503203 -0.609802847607733 -0.1784329885964936 0.030281878975506753 -0.24373521686002617 6678.0 18996.0 37496.0 59385.0 81681.0 102215.0 119787.0 133958.0 144773.0 152538.0 157670.0 160606.0 161759.0 161493.0 160121.0 157901.0
2 1.0 344.1901085003606 -16.37026283284891 -0.5106308927321715 -0.8117488991503203 -0.609802847607733 -0.1784329885964936 0.030281878975506753 -0.24373521686002617 3924.0000000000005 12242.0 25775.0 42809.0 61062.0 78631.0 94297.0 107464.0 117982.0 125971.0 131691.0 135457.0 137590.0 138387.0 138111.0 136989.0
3 1.0 231.83647172266947 -60.66820331161104 -0.5106308927321715 -0.8117488991503203 -0.609802847607733 -0.1784329885964936 0.030281878975506753 -0.24373521686002617 16845.0 39937.0 69423.0 100218.0 128537.00000000001 152374.0 171083.0 184838.0 194207.0 199898.0 202613.0 202987.0 201560.0 198777.0 194998.0 190508.0
4 1.0 152.5878174809447 24.977116325975274 -0.5106308927321715 -0.8117488991503203 -0.609802847607733 -0.1784329885964936 0.030281878975506753 -0.24373521686002617 2685.0 8793.0 19199.0 32803.0 47863.0 62790.0 76474.0 88300.0 98032.0 105685.0 111418.0 115454.0 118041.0 119418.0 119802.0 119386.0
5 1.0 218.30155708605275 -1.7450376212273113 -0.5106308927321715 -0.8117488991503203 -0.609802847607733 -0.1784329885964936 0.030281878975506753 -0.24373521686002617 8626.0 21765.0 39749.0 59733.0 79208.0 96567.0 111048.0 122471.0 131000.0 136966.0 140756.0 142753.0 143307.0 142722.0 141253.0 139111.0
6 1.0 6.909551391360069 88.09375991119765 -0.5106308927321715 -0.8117488991503203 -0.609802847607733 -0.1784329885964936 0.030281878975506753 -0.24373521686002617 7421.0 20712.0 40344.0 63277.0 86394.0 107488.0 125385.0 139689.0 150496.0 158152.0 163109.0 165828.0 166742.0 166227.0 164605.0 162141.0
7 1.0 108.56693400283775 -78.24524271267956 -0.5106308927321715 -0.8117488991503203 -0.609802847607733 -0.1784329885964936 0.030281878975506753 -0.24373521686002617 6389.0 18614.0 37254.0 59500.0 82269.0 103292.0 121305.0 135837.0 146925.0 154881.0 160132.0 163129.0 164299.0 164016.0 162601.0 160322.0
8 1.0 237.66247349736662 50.98219889648635 -0.5106308927321715 -0.8117488991503203 -0.609802847607733 -0.1784329885964936 0.030281878975506753 -0.24373521686002617 2475.0 8116.0 17761.0 30423.0 44506.0 58534.0 71464.0 82703.0 92013.0 99391.0 104971.0 108955.0 111566.0 113025.0 113535.0 113275.0
9 1.0 104.42793859575987 -38.0882704803311 -0.5106308927321715 -0.8117488991503203 -0.609802847607733 -0.1784329885964936 0.030281878975506753 -0.24373521686002617 2563.0 8207.0 17683.0 29979.0 43551.0 57003.0 69363.0 80087.0 88962.0 95994.0 101314.0 105115.0 107611.0 109009.0 109504.0 109264.0
10 1.0 222.48555443958296 -46.54464838621668 -0.5106308927321715 -0.8117488991503203 -0.609802847607733 -0.1784329885964936 0.030281878975506753 -0.24373521686002617 18831.0 43481.0 74164.0 105556.0 133922.0 157416.0 175556.0 188642.0 197327.0 202368.0 204495.0 204350.0 202475.0 199312.0 195213.0 190457.0
11 1.0 154.35673234047582 29.250822875881667 -0.5106308927321715 -0.8117488991503203 -0.609802847607733 -0.1784329885964936 0.030281878975506753 -0.24373521686002617 2741.0 8961.0 19541.0 33352.0 48619.0 63730.99999999999 77565.0 89503.0 99313.0 107013.0 112768.0 116807.0 119381.0 120734.0 121086.0 120634.0
12 1.0 48.770663120082084 -45.70862670162639 -0.5106308927321715 -0.8117488991503203 -0.609802847607733 -0.1784329885964936 0.030281878975506753 -0.24373521686002617 3362.0 10472.0 22071.0 36743.0 52568.0 67918.0 81728.0 93456.0 102942.0 110262.0 115617.0 119265.0 121471.0 122486.0 122537.0 121816.0
13 1.0 107.38163734417108 29.854641160653784 -0.5106308927321715 -0.8117488991503203 -0.609802847607733 -0.1784329885964936 0.030281878975506753 -0.24373521686002617 5560.0 14891.0 28413.0 44149.0 60098.0 74830.0 87549.0 97953.0 106055.0 112042.0 116180.0 118755.0 120039.0 120279.0 119688.0 118447.0
14 1.0 205.18736785245537 3.11553309641198 -0.5106308927321715 -0.8117488991503203 -0.609802847607733 -0.1784329885964936 0.030281878975506753 -0.24373521686002617 6798.0 18338.0 35072.0 54479.0 74034.0 91955.0 107278.0 119664.0 129164.0 136042.0 140649.0 143357.0 144513.0 144426.0 143363.0 141546.0
15 1.0 212.71419404934235 -13.663982081547132 -0.5106308927321715 -0.8117488991503203 -0.609802847607733 -0.1784329885964936 0.030281878975506753 -0.24373521686002617 12184.0 29472.0 52126.0 76385.0 99261.0 119031.0 135014.0 147193.0 155907.0 161640.0 164906.0 166186.0 165901.0 164407.0 161999.0 158914.0
16 1.0 206.75708958584838 9.843805559055411 -0.5106308927321715 -0.8117488991503203 -0.609802847607733 -0.1784329885964936 0.030281878975506753 -0.24373521686002617 5429.0 15252.0 30008.0 47588.0 65693.0 82600.0 97310.0 109410.0 118872.0 125892.0 130762.99999999999 133814.0 135360.0 135689.0 135050.0 133653.0
17 1.0 235.1522951485681 -38.330726414466646 -0.5106308927321715 -0.8117488991503203 -0.609802847607733 -0.1784329885964936 0.030281878975506753 -0.24373521686002617 17832.0 40674.0 68784.0 97281.0 122830.0 143834.0 159926.0 171424.0 178949.0 183203.0 184853.0 184483.0 182583.0 179550.0 175699.0 171280.0
18 1.0 234.757177200608 37.1834471291362 -0.5106308927321715 -0.8117488991503203 -0.609802847607733 -0.1784329885964936 0.030281878975506753 -0.24373521686002617 2577.0 8228.0 17693.0 29944.0 43433.0 56769.0 68992.0 79568.0 88297.0 95190.0 100385.0 104077.0 106480.0 107803.0 108237.0 107952.0
19 1.0 155.31063675623062 -15.325763519958471 -0.5106308927321715 -0.8117488991503203 -0.609802847607733 -0.1784329885964936 0.030281878975506753 -0.24373521686002617 3675.0 11679.0 24899.0 41722.0 59892.0 77488.0 93254.0 106561.0 117234.0 125374.00000000001 131235.0 135126.0 137367.0 138254.0 138054.0 136994.0
20 1.0 322.75677450638267 -25.101799112539396 -0.5106308927321715 -0.8117488991503203 -0.609802847607733 -0.1784329885964936 0.030281878975506753 -0.24373521686002617 3787.0 11609.0 24181.0 39896.0 56675.0 72803.0 87190.0 99302.0 109007.0 116412.0 121750.0 125305.0 127364.0 128196.0 128038.00000000001 127097.99999999999
21 1.0 132.32227321724275 59.158244620032804 -0.5106308927321715 -0.8117488991503203 -0.609802847607733 -0.1784329885964936 0.030281878975506753 -0.24373521686002617 5599.0 15921.999999999998 31541.0 50214.0 69468.0 87441.0 103056.0 115869.0 125856.0 133227.0 138306.0 141446.0 142987.0 143240.0 142470.0 140904.0
22 1.0 156.91137309562566 76.4940441515746 -0.5106308927321715 -0.8117488991503203 -0.609802847607733 -0.1784329885964936 0.030281878975506753 -0.24373521686002617 5567.0 16264.0 32730.000000000004 52605.0 73198.0 92459.0 109188.0 122890.0 133534.0 141351.0 146693.0 149948.0 151487.0 151649.0 150723.0 148954.0
23 1.0 321.092407805642 -81.71868404028655 -0.5106308927321715 -0.8117488991503203 -0.609802847607733 -0.1784329885964936 0.030281878975506753 -0.24373521686002617 7997.000000000001 22123.0 42778.0 66693.0 90605.0 112263.0 130503.00000000001 144970.0 155799.0 163379.0 168192.0 170725.0 171428.0 170691.0 168843.0 166155.0
24 1.0 290.22983605659084 -48.12714129064221 -0.5106308927321715 -0.8117488991503203 -0.609802847607733 -0.1784329885964936 0.030281878975506753 -0.24373521686002617 8726.0 22448.0 41472.0 62761.0 83578.0 102157.0 117649.0 129850.0 138936.0 145265.0 149257.0 151329.0 151858.0 151172.0 149547.0 147209.0
25 1.0 253.39989007453187 -27.266513491338614 -0.5106308927321715 -0.8117488991503203 -0.609802847607733 -0.1784329885964936 0.030281878975506753 -0.24373521686002617 12672.0 29498.0 50715.0 72723.0 92907.0 109905.0 123293.0 133205.0 140039.0 144287.0 146435.0 146923.0 146123.0 144348.0 141846.0 138819.0
26 1.0 36.0816794324284 56.693966286644525 -0.5106308927321715 -0.8117488991503203 -0.609802847607733 -0.1784329885964936 0.030281878975506753 -0.24373521686002617 17109.0 40598.0 70619.0 101991.0 130851.0 155146.0 174213.0 188224.0 197760.0 203541.0 206287.0 206644.0 205164.0 202303.0 198427.0 193828.0
27 1.0 331.0137409480825 87.38845697579356 -0.5106308927321715 -0.8117488991503203 -0.609802847607733 -0.1784329885964936 0.030281878975506753 -0.24373521686002617 7182.0 20197.0 39540.0 62234.0 85187.0 106190.0 124053.0 138366.0 149208.0 156918.0 161936.0 164721.0 165701.0 165252.0 163692.0 161286.0
28 1.0 257.1268678376801 84.41490684066332 -0.5106308927321715 -0.8117488991503203 -0.609802847607733 -0.1784329885964936 0.030281878975506753 -0.24373521686002617 5791.0 16993.0 34246.0 55040.0 76527.0 96551.0 113872.0 127989.99999999999 138890.0 146832.0 152197.0 155396.0 156826.0 156838.0 155738.0 153779.0
29 1.0 359.5849223644319 72.89070219898684 -0.5106308927321715 -0.8117488991503203 -0.609802847607733 -0.1784329885964936 0.030281878975506753 -0.24373521686002617 10313.0 27235.0 51013.0 77719.0 103764.0 126839.00000000001 145862.0 160609.0 171352.0 178590.0 182895.0 184819.0 184860.0 183440.0 180911.0 177559.0
0 1.0 53.80138967687775 -36.619872288474625 -0.5106308927321715 -0.8117488991503203 -0.609802847607733 -0.1784329885964936 0.030281878975506753 -0.24373521686002617 3406.0 10414.0 21687.0 35817.0 50963.0 65593.0 78718.0 89842.0 98826.0 105750.0 110811.0 114252.0 116328.0 117276.0 117309.0 116612.0
1 1.0 312.52538065255715 88.56202381460534 -0.5106308927321715 -0.8117488991503203 -0.609802847607733 -0.1784329885964936 0.030281878975506753 -0.24373521686002617 6978.0 19718.0 38734.0 61120.0 83825.0 104653.0 122409.0 136672.0 147507.0 155240.0 160303.0 163147.0 164193.0 163814.0 162326.0 159990.0
2 1.0 58.497456483494936 -45.10439260983878 -0.5106308927321715 -0.8117488991503203 -0.609802847607733 -0.1784329885964936 0.030281878975506753 -0.24373521686002617 3193.0 9960.0 21028.0 35066.0 50250.0 65023.0 78354.0 89716.0 98941.0 106093.0 111360.0 114982.0 117211.0 118287.0 118424.0 117811.0
3 1.0 221.6014431421839 -70.9368921211982 -0.5106308927321715 -0.8117488991503203 -0.609802847607733 -0.1784329885964936 0.030281878975506753 -0.24373521686002617 14140.0 35043.0 62816.0 92704.0 120857.0 145050.0 164419.0 178968.0 189157.0 195628.0 199054.0 200055.0 199170.0 196851.0 193464.0 189303.0
4 1.0 44.57519382579895 81.17146998997094 -0.5106308927321715 -0.8117488991503203 -0.609802847607733 -0.1784329885964936 0.030281878975506753 -0.24373521686002617 9675.0 25578.0 48017.0 73348.0 98193.0 120342.0 138728.0 153100.0 163678.0 170913.0 175333.0 177454.0 177745.0 176608.0 174379.0 171332.0
5 1.0 305.2829625560044 -47.98435401574267 -0.5106308927321715 -0.8117488991503203 -0.609802847607733 -0.1784329885964936 0.030281878975506753 -0.24373521686002617 6660.0 18250.0 35201.0 54936.0 74848.0 93091.0 108671.0 121240.0 130856.0 137794.0 142418.0 145109.0 146226.0 146086.0 144960.0 143074.0
6 1.0 290.63482514100383 34.15828771399508 -0.5106308927321715 -0.8117488991503203 -0.609802847607733 -0.1784329885964936 0.030281878975506753 -0.24373521686002617 2435.0 7861.0 17044.0 29034.0 42339.0 55586.0 67807.0 78451.0 87295.0 94333.0 99685.0 103536.0 106093.0 107559.0 108124.0 107956.0
7 1.0 204.8762659012536 -79.49585538349405 -0.5106308927321715 -0.8117488991503203 -0.609802847607733 -0.1784329885964936 0.030281878975506753 -0.24373521686002617 11074.0 28930.0 53754.0 81390.0 108139.0 131673.0 150942.0 165770.0 176472.0 183589.0 187719.0 189438.0 189258.0 187613.0 184860.0 181290.0
8 1.0 146.58598700135988 41.52763784294572 -0.5106308927321715 -0.8117488991503203 -0.609802847607733 -0.1784329885964936 0.030281878975506753 -0.24373521686002617 3287.0 10355.0 22003.0 36852.0 52964.0 68667.0 82848.0 94932.0 104736.0 112323.0 117893.0 121706.0 124032.0 125126.99999999999 125223.0 124521.0
9 1.0 24.900118363849696 68.70963822009114 -0.5106308927321715 -0.8117488991503203 -0.609802847607733 -0.1784329885964936 0.030281878975506753 -0.24373521686002617 13320.0 33330.0 60173.0 89292.0 116912.0 140801.0 160051.0 174616.0 184910.0 191544.0 195164.0 196373.0 195701.0 193590.0 190404.0 186434.0
10 1.0 251.07435833204292 -40.96135881612675 -0.5106308927321715 -0.8117488991503203 -0.609802847607733 -0.1784329885964936 0.030281878975506753 -0.24373521686002617 15671.0 36111.0 61562.0 87645.0 111281.0 130934.0 146190.0 157279.0 164728.0 169153.0 171148.0 171243.0 169883.0 167432.0 164184.0 160369.0
11 1.0 163.27536576410478 -21.76975870606286 -0.5106308927321715 -0.8117488991503203 -0.609802847607733 -0.1784329885964936 0.030281878975506753 -0.24373521686002617 5379.0 16066.0 32756.0 53071.0 74218.0 94045.0 111285.0 125406.99999999999 136369.0 144410.0 149893.0 153220.0 154779.0 154919.0 153940.0 152097.0
12 1.0 259.94001580932525 -22.6266870022351 -0.5106308927321715 -0.8117488991503203 -0.609802847607733 -0.1784329885964936 0.030281878975506753 -0.24373521686002617 10124.0 24149.0 42328.0 61663.0 79823.0 95486.0 108142.0 117794.0 124715.0 129287.99999999999 131916.0 132976.0 132798.0 131664.0 129802.0 127400.00000000001
13 1.0 311.8976373343065 44.781886357223954 -0.5106308927321715 -0.8117488991503203 -0.609802847607733 -0.1784329885964936 0.030281878975506753 -0.24373521686002617 3812.0 12001.0 25432.0 42439.0 60744.0 78421.0 94225.0 107537.0 118191.0 126299.0 132119.0 135966.0 138160.0 139002.0 138758.0 137656.0
14 1.0 351.1877418010389 -47.19469634297301 -0.5106308927321715 -0.8117488991503203 -0.609802847607733 -0.1784329885964936 0.030281878975506753 -0.24373521686002617 4121.0 12768.0 26747.0 44249.0 62920.00000000001 80817.0 96714.0 110023.0 120609.0 128609.0 134299.0 138005.0 140058.0 140763.0 140388.0 139164.0
15 1.0 308.08920326133995 -59.06644217142426 -0.5106308927321715 -0.8117488991503203 -0.609802847607733 -0.1784329885964936 0.030281878975506753 -0.24373521686002617 7489.0 20402.0 39139.0 60786.0 82459.0 102160.0 118845.0 132177.0 142261.0 149423.0 154082.0 156665.0 157569.0 157143.0 155681.0 153429.0
16 1.0 4.21707030660071 -9.127503236207147 -0.5106308927321715 -0.8117488991503203 -0.609802847607733 -0.1784329885964936 0.030281878975506753 -0.24373521686002617 5522.0 16254.999999999998 32834.0 52866.0 73621.0 93020.0 109854.0 123625.0 134307.0 142137.0 147475.0 150712.0 152227.0 152358.0 151399.0 149596.0
17 1.0 129.592103212211 -35.19568667208249 -0.5106308927321715 -0.8117488991503203 -0.609802847607733 -0.1784329885964936 0.030281878975506753 -0.24373521686002617 3001.0 9662.0 20861.0 35360.0 51289.0 66975.0 81271.0 93553.0 103598.0 111440.0 117260.0 121304.0 123836.0 125112.0 125362.0 124789.0
18 1.0 262.7966024726609 61.05404200655744 -0.5106308927321715 -0.8117488991503203 -0.609802847607733 -0.1784329885964936 0.030281878975506753 -0.24373521686002617 2883.0 9392.0 20432.0 34812.0 50678.0 66352.0 80672.0 93000.0 103102.0 111006.0 116884.0 120982.0 123563.0 124881.0 125169.0 124628.0
19 1.0 61.78668381411859 -47.20647131718502 -0.5106308927321715 -0.8117488991503203 -0.609802847607733 -0.1784329885964936 0.030281878975506753 -0.24373521686002617 3148.0 9857.0 20867.0 34868.0 50043.0 64831.0 78199.0 89608.0 98887.0 106094.0 111413.0 115082.0 117352.0 118463.0 118629.0 118038.0
20 1.0 187.57317823348654 0.4301023480670665 -0.5106308927321715 -0.8117488991503203 -0.609802847607733 -0.1784329885964936 0.030281878975506753 -0.24373521686002617 5718.0 16447.0 32785.0 52378.0 72597.0 91460.0 107822.0 121213.0 131612.0 139250.0 144473.0 147657.0 149167.0 149330.0 148429.0 146703.0
21 1.0 19.561675802131305 79.66504794562746 -0.5106308927321715 -0.8117488991503203 -0.609802847607733 -0.1784329885964936 0.030281878975506753 -0.24373521686002617 9811.0 25990.0 48830.0 74603.0 99860.0 122347.0 140985.0 155523.0 166195.0 173467.0 177880.0 179961.0 180190.0 178975.0 176659.0 173521.0
22 1.0 71.99874896270403 24.119585594038938 -0.5106308927321715 -0.8117488991503203 -0.609802847607733 -0.1784329885964936 0.030281878975506753 -0.24373521686002617 11993.0 28032.0 48353.0 69528.0 89034.0 105536.0 118601.0 128333.0 135102.0 139370.0 141599.0 142208.0 141559.0 139949.0 137623.0 134773.0
23 1.0 6.66784600582103 66.11209298324366 -0.5106308927321715 -0.8117488991503203 -0.609802847607733 -0.1784329885964936 0.030281878975506753 -0.24373521686002617 12302.0 31472.0 57661.0 86437.0 113998.0 138024.0 157520.0 172378.0 182973.0 189891.0 193768.0 195204.0 194728.0 192785.0 189741.0 185891.0
24 1.0 285.7311732086714 79.23774408385813 -0.5106308927321715 -0.8117488991503203 -0.609802847607733 -0.1784329885964936 0.030281878975506753 -0.24373521686002617 5507.0 16362.999999999998 33246.0 53732.0 75006.0 94914.0 112192.0 126320.99999999999 137268.0 145278.0 150722.0 154005.0 155518.0 155612.0 154590.0 152704.0
25 1.0 80.61288770173685 45.13767513954335 -0.5106308927321715 -0.8117488991503203 -0.609802847607733 -0.1784329885964936 0.030281878975506753 -0.24373521686002617 13079.0 30861.0 53602.0 77482.0 99630.0 118483.0 133500.0 144757.0 152646.0 157675.0 160361.0 161179.0 160540.0 158786.0 156197.0 152997.0
26 1.0 124.32660505088496 35.92351084045525 -0.5106308927321715 -0.8117488991503203 -0.609802847607733 -0.1784329885964936 0.030281878975506753 -0.24373521686002617 4223.0 12265.0 24713.0 39902.0 55863.0 71039.0 84471.0 95716.0 104684.0 111497.0 116384.0 119616.0 121462.0 122172.0 121967.0 121037.0
27 1.0 334.1092656476127 84.23380198876086 -0.5106308927321715 -0.8117488991503203 -0.609802847607733 -0.1784329885964936 0.030281878975506753 -0.24373521686002617 7456.0 20863.0 40690.0 63859.0 87207.0 108503.0 126556.0 140971.0 151846.0 159537.0 164501.0 167209.0 168095.0 167544.0 165878.0 163366.0
28 1.0 253.5891846924718 88.99214213658229 -0.5106308927321715 -0.8117488991503203 -0.609802847607733 -0.1784329885964936 0.030281878975506753 -0.24373521686002617 6764.0 19218.0 37895.0 59965.0 82417.0 103070.0 120722.0 134939.0 145772.0 153534.0 158648.0 161555.0 162672.0 162368.0 160954.0 158693.0
29 1.0 11.462014631270826 -8.672097119443265 -0.5106308927321715 -0.8117488991503203 -0.609802847607733 -0.1784329885964936 0.030281878975506753 -0.24373521686002617 6165.0 17624.0 34913.0 55457.0 76476.0 95925.0 112657.0 126235.00000000001 136678.0 144255.0 149343.0 152348.0 153650.0 153592.0 152466.0 150517.0
0 1.0 59.289896339248585 -77.2434399268425 -0.5106308927321715 -0.8117488991503203 -0.609802847607733 -0.1784329885964936 0.030281878975506753 -0.24373521686002617 5336.0 16011.000000000002 32730.000000000004 53112.0 74347.0 94267.0 111591.0 125782.0 136798.0 144877.0 150385.0 153727.0 155292.0 155431.0 154448.0 152595.0
1 1.0 223.73222453991488 -37.29707434070661 -0.5106308927321715 -0.8117488991503203 -0.609802847607733 -0.1784329885964936 0.030281878975506753 -0.24373521686002617 18405.0 42187.0 71592.0 101517.0 128436.0 150639.0 167711.0 179968.0 188050.0 192687.0 194576.0 194332.0 192466.0 189396.0 185454.0 180902.0
2 1.0 207.80229189750034 -62.57615297620852 -0.5106308927321715 -0.8117488991503203 -0.609802847607733 -0.1784329885964936 0.030281878975506753 -0.24373521686002617 15840.0 38525.0 68139.0 99564.0 128810.00000000001 153664.0 173336.0 187919.0 197955.0 204150.0 207225.0 207833.0 206540.0 203810.0 200022.0 195476.0
3 1.0 85.64141569482311 -14.852452536717877 -0.5106308927321715 -0.8117488991503203 -0.609802847607733 -0.1784329885964936 0.030281878975506753 -0.24373521686002617 3149.0 9281.0 18916.0 30833.0 43519.0 55736.0 66696.0 76004.0 83553.0 89406.0 93724.0 96704.0 98550.0 99456.0 99594.0 99116.0
4 1.0 336.3170392529258 -66.36792087481392 -0.5106308927321715 -0.8117488991503203 -0.609802847607733 -0.1784329885964936 0.030281878975506753 -0.24373521686002617 5947.0 17288.0 34611.0 55363.0 76710.0 96539.0 113644.0 127555.0 138273.0 146064.0 151310.0 154422.0 155789.0 155762.0 154640.0 152674.0
5 1.0 221.02774414772256 18.741204723758756 -0.5106308927321715 -0.8117488991503203 -0.609802847607733 -0.1784329885964936 0.030281878975506753 -0.24373521686002617 4094.9999999999995 11905.0 24013.0 38809.0 54382.0 69214.0 82364.0 93394.0 102209.0 108925.0 113761.0 116977.0 118836.0 119581.0 119427.0 118559.0
6 1.0 192.827809088985 -21.094549351586267 -0.5106308927321715 -0.8117488991503203 -0.609802847607733 -0.1784329885964936 0.030281878975506753 -0.24373521686002617 11490.0 29084.0 53020.0 79337.0 104632.0 126808.0 144944.0 158905.0 169001.0 175737.0 179673.0 181344.0 181226.0 179721.0 177166.0 173832.0
7 1.0 212.36759148764554 71.1694591718778 -0.5106308927321715 -0.8117488991503203 -0.609802847607733 -0.1784329885964936 0.030281878975506753 -0.24373521686002617 3574.0 11399.0 24369.0 40919.0 58839.0 76231.0 91848.0 105058.0 115678.0 123801.0 129671.00000000001 133591.0 135873.0 136812.0 136668.0 135667.0
8 1.0 262.8439306260371 84.20304092373033 -0.5106308927321715 -0.8117488991503203 -0.609802847607733 -0.1784329885964936 0.030281878975506753 -0.24373521686002617 5814.0 17052.0 34351.0 55190.0 76712.0 96763.0 114099.0 128222.0 139122.0 147059.0 152414.0 155603.0 157021.0 157021.0 155909.0 153938.0
9 1.0 112.30019837265667 8.43928230049599 -0.5106308927321715 -0.8117488991503203 -0.609802847607733 -0.1784329885964936 0.030281878975506753 -0.24373521686002617 3008.0 9023.0 18617.0 30618.0 43507.0 56011.0 67296.0 76936.0 84796.0 90928.0 95483.0 98658.0 100659.0 101683.0 101907.0 101487.0
10 1.0 143.35958239779308 -40.531757423832616 -0.5106308927321715 -0.8117488991503203 -0.609802847607733 -0.1784329885964936 0.030281878975506753 -0.24373521686002617 4512.0 13906.0 28985.0 47730.0 67582.0 86474.0 103126.0 116954.0 127847.99999999999 135985.0 141678.0 145289.0 147175.0 147666.0 147046.0 145559.0
11 1.0 75.54374963104397 16.601475377130626 -0.5106308927321715 -0.8117488991503203 -0.609802847607733 -0.1784329885964936 0.030281878975506753 -0.24373521686002617 9391.0 22547.0 39727.0 58122.0 75508.0 90595.0 102866.0 112296.0 119122.0 123698.0 126401.00000000001 127586.0 127567.00000000001 126614.0 124945.0 122743.0
12 1.0 67.02948211692102 71.41700848039378 -0.5106308927321715 -0.8117488991503203 -0.609802847607733 -0.1784329885964936 0.030281878975506753 -0.24373521686002617 12158.0 30410.0 54981.0 81777.0 107363.0 129666.0 147807.0 161692.0 171663.0 178248.0 182022.0 183531.0 183254.0 181601.0 178907.0 175445.0
13 1.0 339.9740603942161 -16.787997749565307 -0.5106308927321715 -0.8117488991503203 -0.609802847607733 -0.1784329885964936 0.030281878975506753 -0.24373521686002617 3795.0 11867.0 25029.0 41635.0 59468.0 76671.0 92045.0 105000.0 115378.0 123289.0 128982.00000000001 132760.0 134933.0 135791.0 135592.0 134556.0
14 1.0 266.2382862177435 9.374089804554757 -0.5106308927321715 -0.8117488991503203 -0.609802847607733 -0.1784329885964936 0.030281878975506753 -0.24373521686002617 3362.0 9704.0 19513.0 31514.0 44187.0 56316.0 67139.0 76285.0 83664.0 89353.0 93518.0 96361.0 98088.0 98893.0 98947.0 98402.0
15 1.0 176.56517110232414 -41.10250183089374 -0.5106308927321715 -0.8117488991503203 -0.609802847607733 -0.1784329885964936 0.030281878975506753 -0.24373521686002617 11113.0 29053.0 54011.0 81811.0 108727.0 132410.0 151800.0 166718.0 177481.0 184633.0 188778.0 190497.0 190304.0 188637.0 185856.0 182254.0
16 1.0 81.86926607039636 -8.020053098995149 -0.5106308927321715 -0.8117488991503203 -0.609802847607733 -0.1784329885964936 0.030281878975506753 -0.24373521686002617 3930.9999999999995 11012.0 21685.0 34489.0 47798.0 60367.0 71447.0 80703.0 88080.0 93687.0 97715.0 100385.0 101919.0 102519.0 102367.0 101616.0
17 1.0 91.56833343734147 -17.69156363167224 -0.5106308927321715 -0.8117488991503203 -0.609802847607733 -0.1784329885964936 0.030281878975506753 -0.24373521686002617 2759.0 8377.0 17423.0 28818.0 41123.0 53115.0 63984.0 73303.0 80932.0 86908.0 91372.0 94505.0 96504.0 97557.0 97833.0 97482.0
18 1.0 20.89049771659522 -45.28557628506522 -0.5106308927321715 -0.8117488991503203 -0.609802847607733 -0.1784329885964936 0.030281878975506753 -0.24373521686002617 3755.0 11718.0 24686.0 41036.0 58590.0 75524.0 90662.0 103423.0 113653.0 121457.0 127080.0 130817.99999999999 132978.0 133841.0 133662.0 132658.0
19 1.0 156.3899852009235 1.0559490885555078 -0.5106308927321715 -0.8117488991503203 -0.609802847607733 -0.1784329885964936 0.030281878975506753 -0.24373521686002617 2918.0 9535.0 20775.0 35420.0 51570.0 67510.0 82054.0 94556.0 104782.0 112763.0 118682.0 122791.0 125359.0 126647.00000000001 126892.0 126300.0
20 1.0 112.24651751787692 -34.13145132363395 -0.5106308927321715 -0.8117488991503203 -0.609802847607733 -0.1784329885964936 0.030281878975506753 -0.24373521686002617 2504.0 8063.000000000001 17444.0 29667.0 43201.0 56652.0 69038.0 79807.0 88737.0 95825.0 101200.0 105051.0 107591.0 109028.0 109554.0 109340.0
21 1.0 250.6836559735654 -22.85372450146545 -0.5106308927321715 -0.8117488991503203 -0.609802847607733 -0.1784329885964936 0.030281878975506753 -0.24373521686002617 12098.0 28246.0 48681.0 69949.0 89519.0 106057.0 119133.0 128860.0 135610.0 139852.0 142050.0 142628.0 141947.0 140306.0 137950.0 135074.0
22 1.0 135.99066214529313 4.494679605767573 -0.5106308927321715 -0.8117488991503203 -0.609802847607733 -0.1784329885964936 0.030281878975506753 -0.24373521686002617 2423.0 7885.0 17174.0 29332.0 42830.0 56263.0 68640.0 79402.0 88325.0 95407.0 100775.0 104622.0 107159.0 108596.0 109126.0 108918.0
23 1.0 64.65732392146853 45.10710412721775 -0.5106308927321715 -0.8117488991503203 -0.609802847607733 -0.1784329885964936 0.030281878975506753 -0.24373521686002617 16402.0 37812.0 64477.00000000001 91808.0 116573.0 137161.0 153138.0 164746.0 172536.0 177154.0 179226.0 179305.0 177860.0 175273.0 171850.0 167835.0
24 1.0 8.884342220879242 -29.968656157570443 -0.5106308927321715 -0.8117488991503203 -0.609802847607733 -0.1784329885964936 0.030281878975506753 -0.24373521686002617 4117.0 12699.0 26527.0 43804.0 62208.0 79837.0 95488.0 108591.0 119015.0 126896.00000000001 132505.0 136165.0 138198.0 138905.0 138549.0 137357.0
25 1.0 24.20986732676949 76.34857799173744 -0.5106308927321715 -0.8117488991503203 -0.609802847607733 -0.1784329885964936 0.030281878975506753 -0.24373521686002617 10942.0 28381.0 52550.0 79442.0 105495.0 128457.99999999999 147309.0 161863.0 172416.0 179480.0 183632.0 185427.0 185358.0 183847.0 181243.0 177828.0
26 1.0 244.58139845948423 65.21733843046243 -0.5106308927321715 -0.8117488991503203 -0.609802847607733 -0.1784329885964936 0.030281878975506753 -0.24373521686002617 3009.0 9791.0 21267.0 36172.0 52566.0 68709.0 83406.0 96012.0 106298.0 114305.0 120223.0 124311.0 126843.00000000001 128086.0 128279.0 127633.0
27 1.0 163.33086404017632 -81.23574672440486 -0.5106308927321715 -0.8117488991503203 -0.609802847607733 -0.1784329885964936 0.030281878975506753 -0.24373521686002617 9051.0 24677.0 47192.0 72930.0 98373.0 121165.0 140146.0 155015.0 165979.0 173495.0 178102.0 180335.0 180678.0 179547.0 177290.0 174190.0
28 1.0 193.16851599914 -44.3443456337719 -0.5106308927321715 -0.8117488991503203 -0.609802847607733 -0.1784329885964936 0.030281878975506753 -0.24373521686002617 15380.0 37595.0 66743.0 97804.0 126818.99999999999 151563.0 171217.0 185846.0 195969.0 202273.0 205467.0 206197.0 205022.0 202406.0 198725.0 194277.0
29 1.0 322.80166549452315 -9.695607721343649 -0.5106308927321715 -0.8117488991503203 -0.609802847607733 -0.1784329885964936 0.030281878975506753 -0.24373521686002617 3359.0 10493.0 22157.0 36933.0 52886.0 68372.0 82314.0 94159.0 103744.0 111143.0 116558.0 120248.0 122481.0 123511.0 123564.0 122839.0
0 1.0 356.52202106281356 -71.16698002635466 -0.5106308927321715 -0.8117488991503203 -0.609802847607733 -0.1784329885964936 0.030281878975506753 -0.24373521686002617 5523.0 16383.000000000002 33242.0 53670.0 74862.0 94676.0 111865.0 125915.0 136798.0 144759.0 150168.0 153430.0 154932.0 155022.0 154003.0 152126.0
1 1.0 78.08291438345061 -27.274321973970522 -0.5106308927321715 -0.8117488991503203 -0.609802847607733 -0.1784329885964936 0.030281878975506753 -0.24373521686002617 2956.0 8985.0 18683.0 30872.0 43998.0 56749.0 68263.0 78097.0 86110.0 92354.0 96986.0 100208.0 102230.0 103257.0 103470.0 103028.0
2 1.0 238.70815311603627 43.21755461118286 -0.5106308927321715 -0.8117488991503203 -0.609802847607733 -0.1784329885964936 0.030281878975506753 -0.24373521686002617 2444.0 7927.999999999999 17230.0 29379.0 42846.0 56233.0 68555.0 79258.0 88123.0 95150.0 100470.0 104275.0 106777.0 108185.0 108692.0 108467.0
3 1.0 94.79605562537424 32.49260660570866 -0.5106308927321715 -0.8117488991503203 -0.609802847607733 -0.1784329885964936 0.030281878975506753 -0.24373521686002617 8233.0 20473.0 37029.0 55277.0 72961.0 88664.0 101731.0 112023.0 119701.0 125070.99999999999 128483.00000000001 130283.00000000001 130785.00000000001 130259.99999999999 128937.0 127006.00000000001
4 1.0 7.434359807662325 22.02919714188087 -0.5106308927321715 -0.8117488991503203 -0.609802847607733 -0.1784329885964936 0.030281878975506753 -0.24373521686002617 11757.0 30155.0 55363.0 83144.0 109835.0 133181.0 152199.0 166762.0 177212.0 184103.0 188040.0 189598.0 189287.0 187535.0 184699.0 181063.0
5 1.0 273.01631538101094 37.895112490022214 -0.5106308927321715 -0.8117488991503203 -0.609802847607733 -0.1784329885964936 0.030281878975506753 -0.24373521686002617 2300.0 7433.0 16135.0 27513.0 40154.0 52758.0 64402.0 74563.0 83023.0 89774.0 94929.0 98659.0 101160.0 102623.0 103227.0 103130.0
6 1.0 115.20617429608842 -53.113736347253685 -0.5106308927321715 -0.8117488991503203 -0.609802847607733 -0.1784329885964936 0.030281878975506753 -0.24373521686002617 3587.0 11326.0 24079.0 40307.0 57861.0 74899.0 90211.0 103182.0 113627.0 121637.0 127444.0 131342.0 133634.0 134605.0 134511.0 133571.0
7 1.0 138.04700190188328 -28.494339324348218 -0.5106308927321715 -0.8117488991503203 -0.609802847607733 -0.1784329885964936 0.030281878975506753 -0.24373521686002617 3101.0 9997.0 21583.0 36563.0 52987.0 69122.0 83786.0 96345.0 106580.0 114537.0 120408.0 124453.0 126950.00000000001 128162.0 128330.0 127662.0
8 1.0 211.79416087929806 31.723646809943318 -0.5106308927321715 -0.8117488991503203 -0.609802847607733 -0.1784329885964936 0.030281878975506753 -0.24373521686002617 2969.0 9414.0 20113.0 33844.0 48839.0 63543.0 76908.0 88371.0 97739.0 105054.0 110486.0 114267.0 116643.0 117850.0 118102.0 117588.0
9 1.0 299.17744388502854 68.26225734563889 -0.5106308927321715 -0.8117488991503203 -0.609802847607733 -0.1784329885964936 0.030281878975506753 -0.24373521686002617 4824.0 14714.0 30436.0 49832.0 70242.0 89555.0 106491.0 120479.0 131437.0 139564.0 145194.0 148707.0 150473.0 150829.0 150068.0 148439.0
10 1.0 226.43346369281355 7.86204968905713 -0.5106308927321715 -0.8117488991503203 -0.609802847607733 -0.1784329885964936 0.030281878975506753 -0.24373521686002617 5978.0 15892.0 30156.0 46656.0 63293.0 78586.0 91728.0 102424.0 110705.0 116781.0 120936.0 123473.0 124679.0 124814.0 124098.0 122720.0
11 1.0 314.1542359610623 -39.11406282980341 -0.5106308927321715 -0.8117488991503203 -0.609802847607733 -0.1784329885964936 0.030281878975506753 -0.24373521686002617 4969.0 14422.0 28934.0 46455.0 64654.0 81748.0 96681.0 109004.0 118669.0 125861.0 130872.99999999999 134034.0 135663.0 136052.0 135454.0 134085.0
12 1.0 98.47513253362888 -84.55765355892314 -0.5106308927321715 -0.8117488991503203 -0.609802847607733 -0.1784329885964936 0.030281878975506753 -0.24373521686002617 7186.0 20457.0 40298.0 63630.00000000001 87229.0 108800.0 127110.0 141742.0 152786.0 160600.0 165646.0 168403.0 169313.0 168765.0 167087.0 164552.0
13 1.0 287.29686020852296 37.8606292153584 -0.5106308927321715 -0.8117488991503203 -0.609802847607733 -0.1784329885964936 0.030281878975506753 -0.24373521686002617 2430.0 7870.0 17101.0 29177.0 42593.0 55963.0 68304.0 79057.0 87992.0 95102.0 100508.0 104397.0 106978.0 108456.0 109023.0 108850.0
14 1.0 66.8289399501428 -88.58086136848073 -0.5106308927321715 -0.8117488991503203 -0.609802847607733 -0.1784329885964936 0.030281878975506753 -0.24373521686002617 7819.0 21860.0 42545.0 66605.0 90735.0 112631.0 131095.0 145752.0 156730.0 164420.0 169307.0 171885.0 172610.0 171876.0 170017.0 167308.0
15 1.0 343.0049965099 -22.9177674322208 -0.5106308927321715 -0.8117488991503203 -0.609802847607733 -0.1784329885964936 0.030281878975506753 -0.24373521686002617 3839.0 11997.0 25290.0 42048.0 60030.0 77361.0 92837.0 105865.0 116290.0 124226.0 129926.99999999999 133699.0 135857.0 136693.0 136466.0 135400.0
16 1.0 247.4957794996135 5.496698621300723 -0.5106308927321715 -0.8117488991503203 -0.609802847607733 -0.1784329885964936 0.030281878975506753 -0.24373521686002617 5203.0 13800.0 26173.0 40514.0 55017.0 68400.0 79953.0 89408.0 96779.0 102238.0 106025.0 108395.0 109597.0 109852.0 109353.0 108262.0
17 1.0 77.58276376088104 75.98006311809476 -0.5106308927321715 -0.8117488991503203 -0.609802847607733 -0.1784329885964936 0.030281878975506753 -0.24373521686002617 10379.0 26790.0 49517.0 74847.0 99469.0 121269.0 139266.0 153262.0 163508.0 170466.0 174663.0 176613.0 176777.0 175550.0 173260.0 170177.0
18 1.0 341.0534125760127 -73.89098189407798 -0.5106308927321715 -0.8117488991503203 -0.609802847607733 -0.1784329885964936 0.030281878975506753 -0.24373521686002617 6458.0 18574.0 36893.0 58653.0 80873.0 101370.0 118934.0 133115.0 143952.0 151744.0 156907.0 159876.0 161062.0 160830.0 159490.0 157301.0
19 1.0 263.1080904372568 -16.930382045708924 -0.5106308927321715 -0.8117488991503203 -0.609802847607733 -0.1784329885964936 0.030281878975506753 -0.24373521686002617 8179.000000000001 20068.0 35943.0 53260.0 69899.0 84562.0 96675.0 106147.0 113154.0 118001.0 121029.0 122565.0 122906.0 122306.0 120979.0 119099.0
20 1.0 91.4189913342093 -85.6236240521716 -0.5106308927321715 -0.8117488991503203 -0.609802847607733 -0.1784329885964936 0.030281878975506753 -0.24373521686002617 7289.0 20683.0 40655.0 64095.0 87768.0 109380.0 127703.00000000001 142328.0 153354.0 161141.0 166157.0 168881.0 169759.0 169180.0 167473.0 164911.0
21 1.0 76.79231185229351 -28.33002281851374 -0.5106308927321715 -0.8117488991503203 -0.609802847607733 -0.1784329885964936 0.030281878975506753 -0.24373521686002617 2970.0 9040.0 18810.0 31096.0 44327.0 57180.0 68786.0 78696.0 86770.0 93061.0 97726.0 100969.0 103004.0 104036.0 104247.0 103800.0
22 1.0 186.55225701503878 22.00159059116308 -0.5106308927321715 -0.8117488991503203 -0.609802847607733 -0.1784329885964936 0.030281878975506753 -0.24373521686002617 3226.0 10335.0 22199.0 37445.0 54072.0 70330.0 85043.0 97594.0 107780.0 115663.0 121448.0 125402.00000000001 127809.0 128935.0 129022.0 128281.0
23 1.0 9.238578499631366 -39.767769318852295 -0.5106308927321715 -0.8117488991503203 -0.609802847607733 -0.1784329885964936 0.030281878975506753 -0.24373521686002617 3884.0 12107.0 25482.0 42315.0 60355.0 77722.0 93215.0 106243.0 116657.0 124575.0 130252.0 133998.0 136129.0 136938.0 136686.0 135596.0
24 1.0 74.68922715879938 -52.245009061985684 -0.5106308927321715 -0.8117488991503203 -0.609802847607733 -0.1784329885964936 0.030281878975506753 -0.24373521686002617 3104.0 9803.0 20876.0 35035.0 50449.0 65526.0 79194.0 90890.0 100424.0 107846.0 113338.0 117139.0 119506.0 120681.0 120885.0 120310.0
25 1.0 152.88676875054225 -69.17341800112314 -0.5106308927321715 -0.8117488991503203 -0.609802847607733 -0.1784329885964936 0.030281878975506753 -0.24373521686002617 8474.0 23479.0 45377.0 70639.0 95784.0 118439.0 137402.0 152333.0 163410.0 171065.0 175823.0 178208.0 178700.0 177710.0 175584.0 172607.0
26 1.0 134.7011929203212 13.88524392366152 -0.5106308927321715 -0.8117488991503203 -0.609802847607733 -0.1784329885964936 0.030281878975506753 -0.24373521686002617 2571.0 8258.0 17823.0 30239.0 43934.0 57490.0 69923.0 80685.0 89567.0 96579.0 101861.0 105611.0 108048.0 109384.0 109815.0 109514.0
27 1.0 166.88715277133184 35.14860106284348 -0.5106308927321715 -0.8117488991503203 -0.609802847607733 -0.1784329885964936 0.030281878975506753 -0.24373521686002617 2767.0 9110.0 19949.0 34139.0 49851.0 65415.0 79664.0 91954.0 102044.0 109953.0 115851.0 119976.0 122591.0 123946.0 124272.0 123770.0
28 1.0 99.94633426610349 30.95228530724802 -0.5106308927321715 -0.8117488991503203 -0.609802847607733 -0.1784329885964936 0.030281878975506753 -0.24373521686002617 6957.0 17807.0 32900.0 49917.0 66727.0 81914.0 94758.0 105046.0 112873.0 118488.0 122203.0 124334.0 125177.00000000001 124991.0 123997.0 122381.0
29 1.0 211.24236472494076 80.79498372969132 -0.5106308927321715 -0.8117488991503203 -0.609802847607733 -0.1784329885964936 0.030281878975506753 -0.24373521686002617 4955.0 14939.0 30687.0 50019.0 70300.0 89453.0 106226.0 120067.0 130902.99999999999 138935.0 144495.0 147959.0 149695.0 150035.0 149270.0 147645.0
0 1.0 310.9880181323633 -89.51342149916951 -0.5106308927321715 -0.8117488991503203 -0.609802847607733 -0.1784329885964936 0.030281878975506753 -0.24373521686002617 8213.0 22727.0 43923.0 68423.0 92868.0 114957.0 133509.0 148175.0 159110.0 166721.0 171508.0 173976.0 174586.0 173737.0 171768.0 168953.0
1 1.0 42.31146814633191 26.49539770092649 -0.5106308927321715 -0.8117488991503203 -0.609802847607733 -0.1784329885964936 0.030281878975506753 -0.24373521686002617 17052.0 39242.0 66809.0 94992.0 120463.0 141576.0 157908.0 169724.0 177606.0 182227.0 184237.0 184208.0 182623.0 179876.0 176282.0 172090.0
2 1.0 186.2564785754811 18.070602677575124 -0.5106308927321715 -0.8117488991503203 -0.609802847607733 -0.1784329885964936 0.030281878975506753 -0.24373521686002617 3468.0 10973.0 23362.0 39149.0 56248.0 72869.0 87831.0 100529.0 110780.0 118665.0 124406.0 128285.00000000001 130594.99999999999 131613.0 131585.0 130727.00000000001
3 1.0 47.54451828425519 15.973129794651868 -0.5106308927321715 -0.8117488991503203 -0.609802847607733 -0.1784329885964936 0.030281878975506753 -0.24373521686002617 13930.0 32508.000000000004 55975.0 80346.0 102714.0 121562.0 136411.0 147401.0 154973.0 159668.0 162027.0 162537.0 161615.0 159606.0 156791.0 153391.0
4 1.0 258.06948522933374 83.29865757124364 -0.5106308927321715 -0.8117488991503203 -0.609802847607733 -0.1784329885964936 0.030281878975506753 -0.24373521686002617 5581.0 16500.0 33421.0 53909.0 75156.0 95020.0 112250.0 126332.0 137239.0 145216.0 150634.0 153899.0 155399.0 155485.0 154458.0 152571.0
5 1.0 142.58149301062573 -86.96309879339286 -0.5106308927321715 -0.8117488991503203 -0.609802847607733 -0.1784329885964936 0.030281878975506753 -0.24373521686002617 8202.0 22746.0 44015.0 68614.0 93167.0 115352.0 133982.0 148706.0 159678.0 167309.0 172104.0 174569.0 175168.0 174304.0 172315.0 169479.0
6 1.0 203.55167226906323 35.36683752626102 -0.5106308927321715 -0.8117488991503203 -0.609802847607733 -0.1784329885964936 0.030281878975506753 -0.24373521686002617 2830.0 9156.0 19828.0 33677.0 48918.0 63951.99999999999 77676.0 89490.0 99175.0 106758.0 112409.0 116359.0 118860.0 120154.0 120461.0 119974.0
7 1.0 65.9807410370683 56.462156946335426 -0.5106308927321715 -0.8117488991503203 -0.609802847607733 -0.1784329885964936 0.030281878975506753 -0.24373521686002617 15420.0 36378.0 63098.0 91031.0 116791.0 138569.0 155769.0 168521.0 177319.0 182781.0 185533.0 186138.0 185081.0 182765.0 179515.0 175590.0
8 1.0 52.1451933636158 1.7652953918851466 -0.5106308927321715 -0.8117488991503203 -0.609802847607733 -0.1784329885964936 0.030281878975506753 -0.24373521686002617 9172.0 22580.0 40500.0 60035.0 78770.0 95237.0 108791.0 119338.0 127090.00000000001 132399.0 135655.0 137235.0 137477.0 136669.0 135053.0 132828.0
9 1.0 175.70026103362363 -29.886323472574354 -0.5106308927321715 -0.8117488991503203 -0.609802847607733 -0.1784329885964936 0.030281878975506753 -0.24373521686002617 9259.0 24923.0 47311.0 72793.0 97920.0 120403.0 139116.0 153774.0 164586.0 172000.0 176549.0 178758.0 179102.0 177990.0 175766.0 172709.0
10 1.0 128.020585625984 52.35122938093289 -0.5106308927321715 -0.8117488991503203 -0.609802847607733 -0.1784329885964936 0.030281878975506753 -0.24373521686002617 5401.0 15289.0 30222.0 48073.0 66496.0 83724.0 98725.0 111070.0 120727.0 127891.0 132863.0 135976.0 137553.0 137887.0 137234.0 135808.0
11 1.0 338.5555002910127 -72.49627338616357 -0.5106308927321715 -0.8117488991503203 -0.609802847607733 -0.1784329885964936 0.030281878975506753 -0.24373521686002617 6433.0 18492.0 36725.0 58385.0 80507.0 100922.0 118422.0 132558.0 143367.0 151147.0 156308.0 159284.0 160483.0 160267.0 158947.0 156779.0
12 1.0 275.5170913705075 -10.43358520861345 -0.5106308927321715 -0.8117488991503203 -0.609802847607733 -0.1784329885964936 0.030281878975506753 -0.24373521686002617 5062.0 13534.0 25794.0 40049.0 54495.0 67842.0 79376.0 88823.0 96194.0 101659.0 105454.0 107836.0 109051.0 109320.0 108834.0 107757.0
13 1.0 269.51890314619703 3.5914274227508827 -0.5106308927321715 -0.8117488991503203 -0.609802847607733 -0.1784329885964936 0.030281878975506753 -0.24373521686002617 3741.0 10552.0 20886.0 33348.0 46358.0 58693.0 69606.0 78756.0 86076.0 91666.0 95706.0 98411.0 99994.0 100655.0 100568.0 99888.0
14 1.0 325.33910630853603 34.91215396821855 -0.5106308927321715 -0.8117488991503203 -0.609802847607733 -0.1784329885964936 0.030281878975506753 -0.24373521686002617 4560.0 14023.0 29183.0 48006.0 67922.0 86859.0 103542.0 117386.0 128288.00000000001 136424.0 142111.0 145712.0 147587.0 148063.0 147429.0 145927.0
15 1.0 30.032076759126678 -73.6405682341663 -0.5106308927321715 -0.8117488991503203 -0.609802847607733 -0.1784329885964936 0.030281878975506753 -0.24373521686002617 4991.0 15114.0 31110.0 50754.0 71351.0 90782.0 107775.0 121774.0 132711.0 140794.0 146369.0 149818.0 151519.0 151809.0 150985.0 149295.0
16 1.0 198.78928917206636 -49.00328972318503 -0.5106308927321715 -0.8117488991503203 -0.609802847607733 -0.1784329885964936 0.030281878975506753 -0.24373521686002617 16503.0 39796.0 69975.0 101819.0 131322.0 156294.0 175983.0 190516.0 200459.0 206538.0 209485.0 209964.0 208541.0 205688.0 201783.0 197126.0
17 1.0 210.4113848240768 -16.14571871577739 -0.5106308927321715 -0.8117488991503203 -0.609802847607733 -0.1784329885964936 0.030281878975506753 -0.24373521686002617 12786.0 30853.0 54454.0 79649.0 103334.0 123735.0 140168.0 152635.0 161502.0 167283.0 170517.0 171706.0 171290.0 169638.0 167053.0 163781.0
18 1.0 346.2970962770024 22.193041143623518 -0.5106308927321715 -0.8117488991503203 -0.609802847607733 -0.1784329885964936 0.030281878975506753 -0.24373521686002617 6903.0 19833.0 39308.0 62334.0 85723.0 107175.0 125441.0 140083.0 151174.0 159056.0 164183.0 167026.0 168022.0 167558.0 165962.0 163503.0
19 1.0 105.17310964531758 69.65294061913514 -0.5106308927321715 -0.8117488991503203 -0.609802847607733 -0.1784329885964936 0.030281878975506753 -0.24373521686002617 8948.0 23434.0 43815.0 66851.0 89534.0 109873.0 126886.0 140313.0 150324.0 157300.0 161701.0 163982.0 164562.0 163802.0 162008.0 159431.0
20 1.0 86.69836076956085 21.388710283447764 -0.5106308927321715 -0.8117488991503203 -0.609802847607733 -0.1784329885964936 0.030281878975506753 -0.24373521686002617 8019.0 19749.0 35479.0 52704.0 69312.0 83997.0 96172.0 105727.0 112831.0 117776.0 120898.0 122522.0 122942.0 122412.0 121144.0 119316.0
21 1.0 36.10581921557922 -65.9769352317118 -0.5106308927321715 -0.8117488991503203 -0.609802847607733 -0.1784329885964936 0.030281878975506753 -0.24373521686002617 4143.0 12861.0 26973.0 44659.0 63533.00000000001 81627.0 97697.0 111145.0 121836.0 129907.0 135639.0 139364.0 141417.0 142108.0 141708.0 140452.0
22 1.0 5.9146666529307135 86.50442390171082 -0.5106308927321715 -0.8117488991503203 -0.609802847607733 -0.1784329885964936 0.030281878975506753 -0.24373521686002617 7766.0 21497.0 41636.0 65032.99999999999 88510.0 109848.0 127883.0 142242.0 153040.0 160644.0 165520.0 168141.0 168947.0 168321.0 166588.0 164014.0
23 1.0 334.6305540451886 66.92143225598872 -0.5106308927321715 -0.8117488991503203 -0.609802847607733 -0.1784329885964936 0.030281878975506753 -0.24373521686002617 8061.000000000001 22442.0 43555.0 68045.0 92548.0 114734.0 133399.0 148179.0 159217.0 166916.0 171776.0 174301.0 174955.0 174139.0 172191.0 169391.0
24 1.0 241.16995677272763 0.4897370061583217 -0.5106308927321715 -0.8117488991503203 -0.609802847607733 -0.1784329885964936 0.030281878975506753 -0.24373521686002617 6884.0 17452.0 32030.000000000004 48368.0 64435.99999999999 78902.0 91103.0 100855.0 108256.0 113553.0 117043.0 119031.0 119798.0 119589.0 118615.0 117050.0
25 1.0 282.6550483283296 76.02263672339393 -0.5106308927321715 -0.8117488991503203 -0.609802847607733 -0.1784329885964936 0.030281878975506753 -0.24373521686002617 4955.0 15017.0 30931.0 50491.0 71014.0 90390.0 107345.0 121321.0 132247.0 140330.0 145910.0 149370.0 151083.0 151389.0 150581.0 148908.0
26 1.0 101.42283807142167 7.448542876284435 -0.5106308927321715 -0.8117488991503203 -0.609802847607733 -0.1784329885964936 0.030281878975506753 -0.24373521686002617 3690.0 10480.0 20844.0 33403.0 46565.0 59082.0 70188.0 79523.0 87011.0 92744.0 96904.0 99705.0 101361.0 102074.0 102024.0 101365.0
27 1.0 211.1076598270776 76.19509222004936 -0.5106308927321715 -0.8117488991503203 -0.609802847607733 -0.1784329885964936 0.030281878975506753 -0.24373521686002617 4196.0 13035.0 27340.0 45254.0 64350.00000000001 82635.0 98851.0 112400.0 123150.0 131247.0 136980.0 140686.0 142707.0 143355.0 142909.0 141602.0
28 1.0 23.023895803553206 59.38152634860177 -0.5106308927321715 -0.8117488991503203 -0.609802847607733 -0.1784329885964936 0.030281878975506753 -0.24373521686002617 15599.0 37970.0 67219.0 98309.0 127293.99999999999 151972.0 171546.0 186094.0 196139.0 202377.0 205514.0 206197.0 204985.0 202339.0 198634.0 194169.0
29 1.0 174.82593453646425 84.29155385297352 -0.5106308927321715 -0.8117488991503203 -0.609802847607733 -0.1784329885964936 0.030281878975506753 -0.24373521686002617 6059.0 17529.0 35013.0 55940.0 77458.0 97441.0 114677.0 128689.0 139480.0 147319.0 152591.0 155710.0 157071.0 157026.0 155878.0 153880.0
0 1.0 351.89825030800085 75.5609059400685 -0.5106308927321715 -0.8117488991503203 -0.609802847607733 -0.1784329885964936 0.030281878975506753 -0.24373521686002617 9273.0 24985.0 47452.0 73025.0 98239.0 120793.0 139558.0 154250.0 165079.0 172499.0 177044.0 179242.0 179570.0 178440.0 176196.0 173119.0
1 1.0 315.54188831397266 -83.5139128628575 -0.5106308927321715 -0.8117488991503203 -0.609802847607733 -0.1784329885964936 0.030281878975506753 -0.24373521686002617 8233.0 22673.0 43697.0 67956.0 92145.0 113996.0 132353.0 146871.0 157705.0 165255.0 170014.0 172480.0 173106.0 172288.0 170358.0 167589.0
2 1.0 121.73722266126443 -58.54103925103081 -0.5106308927321715 -0.8117488991503203 -0.609802847607733 -0.1784329885964936 0.030281878975506753 -0.24373521686002617 4454.0 13737.0 28655.0 47224.0 66914.0 85676.0 102237.0 116007.0 126873.99999999999 135006.0 140711.0 144346.0 146265.0 146793.0 146213.0 144767.0
3 1.0 346.16525563493946 -19.95575812178656 -0.5106308927321715 -0.8117488991503203 -0.609802847607733 -0.1784329885964936 0.030281878975506753 -0.24373521686002617 3929.0 12257.0 25808.0 42863.0 61138.0 78727.0 94409.0 107589.0 118115.0 126109.0 131832.0 135599.0 137731.0 138526.0 138248.0 137123.0
4 1.0 83.41258552963363 81.38568551317573 -0.5106308927321715 -0.8117488991503203 -0.609802847607733 -0.1784329885964936 0.030281878975506753 -0.24373521686002617 8906.0 23792.0 45016.0 69188.0 93085.0 114548.0 132502.0 146652.0 157175.0 164475.0 169045.0 171372.0 171904.0 171026.0 169063.0 166283.0
5 1.0 341.75477606964535 -35.99479449433267 -0.5106308927321715 -0.8117488991503203 -0.609802847607733 -0.1784329885964936 0.030281878975506753 -0.24373521686002617 3960.0 12296.0 25804.0 42760.0 60893.0 78320.0 93841.0 106875.0 117279.0 125175.00000000001 130825.0 134541.0 136642.0 137421.0 137140.0 136022.0
6 1.0 338.8959736943395 -61.11582410023181 -0.5106308927321715 -0.8117488991503203 -0.609802847607733 -0.1784329885964936 0.030281878975506753 -0.24373521686002617 5341.0 15819.0 32089.0 51829.0 72349.0 91583.0 108317.0 122044.0 132722.0 140578.0 145962.0 149257.0 150837.0 151038.0 150148.0 148413.0
7 1.0 287.71293144686103 69.53483989558077 -0.5106308927321715 -0.8117488991503203 -0.609802847607733 -0.1784329885964936 0.030281878975506753 -0.24373521686002617 4343.0 13464.0 28183.0 46561.0 66095.0 84744.0 101233.0 114965.0 125820.99999999999 133961.0 139688.0 143353.0 145307.0 145873.0 145333.0 143927.0
8 1.0 226.9612572720448 -9.649005213023472 -0.5106308927321715 -0.8117488991503203 -0.609802847607733 -0.1784329885964936 0.030281878975506753 -0.24373521686002617 10990.0 26363.0 46389.0 67766.0 87897.0 105294.0 119374.0 130128.0 137851.0 142965.0 145918.0 147127.0 146959.0 145726.0 143683.0 141039.0
9 1.0 314.7436679849809 73.41760698377868 -0.5106308927321715 -0.8117488991503203 -0.609802847607733 -0.1784329885964936 0.030281878975506753 -0.24373521686002617 6382.0 18512.0 36972.0 58991.0 81534.0 102364.0 120229.0 134660.0 145689.0 153619.0 158870.0 161887.0 163089.0 162847.0 161480.0 159250.0
10 1.0 105.48730242280682 -61.15851606237421 -0.5106308927321715 -0.8117488991503203 -0.609802847607733 -0.1784329885964936 0.030281878975506753 -0.24373521686002617 3977.9999999999995 12421.0 26169.0 43480.0 62030.0 79878.0 95781.0 109133.0 119785.0 127860.0 133626.0 137406.0 139528.0 140295.0 139976.0 138801.0
11 1.0 305.61967991265055 29.00115207145791 -0.5106308927321715 -0.8117488991503203 -0.609802847607733 -0.1784329885964936 0.030281878975506753 -0.24373521686002617 2778.0 8911.0 19211.0 32560.0 47263.0 61795.0 75100.0 86596.0 96063.0 103518.0 109114.0 113068.0 115616.0 116989.0 117397.0 117026.0
12 1.0 222.43560909030856 -10.75252449069147 -0.5106308927321715 -0.8117488991503203 -0.609802847607733 -0.1784329885964936 0.030281878975506753 -0.24373521686002617 11470.0 27531.0 48453.0 70775.0 91779.0 109911.0 124565.0 135737.0 143740.0 149019.0 152044.0 153252.0 153028.0 151697.0 149527.0 146733.0
13 1.0 4.765268793203816 -76.23238157454863 -0.5106308927321715 -0.8117488991503203 -0.609802847607733 -0.1784329885964936 0.030281878975506753 -0.24373521686002617 5880.0 17284.0 34838.0 55961.0 77747.0 98008.0 115495.0 129712.0 140659.0 148606.0 153945.0 157099.0 158468.0 158413.0 157241.0 155208.0
14 1.0 125.00406645559904 35.363366037450106 -0.5106308927321715 -0.8117488991503203 -0.609802847607733 -0.1784329885964936 0.030281878975506753 -0.24373521686002617 4114.0 12016.0 24302.0 39344.0 55193.0 70295.0 83688.0 94921.0 103896.0 110731.0 115648.0 118915.0 120798.0 121546.0 121378.0 120484.0
15 1.0 53.330709941339414 -45.46822400295233 -0.5106308927321715 -0.8117488991503203 -0.609802847607733 -0.1784329885964936 0.030281878975506753 -0.24373521686002617 3284.0 10233.0 21582.0 35955.0 51477.0 66552.0 80134.0 91687.0 101047.0 108286.0 113598.0 117232.0 119448.0 120492.0 120583.0 119912.0
16 1.0 353.45858033457114 -82.86920593568681 -0.5106308927321715 -0.8117488991503203 -0.609802847607733 -0.1784329885964936 0.030281878975506753 -0.24373521686002617 7127.0 20222.0 39770.0 62749.0 86000.0 107271.0 125346.99999999999 139815.0 150758.0 158522.0 163559.0 166337.0 167290.0 166799.0 165190.0 162728.0
17 1.0 172.2133105343957 -79.21002631507682 -0.5106308927321715 -0.8117488991503203 -0.609802847607733 -0.1784329885964936 0.030281878975506753 -0.24373521686002617 9714.0 26129.0 49509.0 76002.0 102003.0 125150.00000000001 144311.0 159225.0 170139.0 177540.0 181993.0 184050.0 184204.0 182883.0 180438.0 177158.0
18 1.0 179.06089157951857 -79.00586332797828 -0.5106308927321715 -0.8117488991503203 -0.609802847607733 -0.1784329885964936 0.030281878975506753 -0.24373521686002617 10115.0 26980.0 50832.0 77718.0 103994.0 127300.0 146526.0 161436.0 172300.0 179622.0 183978.0 185929.0 185977.0 184549.0 182002.0 178624.0
19 1.0 230.2101059035405 73.39193234730709 -0.5106308927321715 -0.8117488991503203 -0.609802847607733 -0.1784329885964936 0.030281878975506753 -0.24373521686002617 3737.0 11845.0 25203.0 42163.0 60450.0 78131.0 93951.0 107284.0 117961.0 126092.00000000001 131931.0 135795.0 138003.0 138857.0 138623.0 137530.0
20 1.0 132.6904582066623 43.17910520923817 -0.5106308927321715 -0.8117488991503203 -0.609802847607733 -0.1784329885964936 0.030281878975506753 -0.24373521686002617 4152.0 12317.0 25146.0 40953.0 57666.0 73624.0 87787.0 99664.0 109146.0 116355.0 121528.0 124948.0 126901.00000000001 127651.99999999999 127435.0 126451.00000000001
21 1.0 49.284097806815616 71.6512242984723 -0.5106308927321715 -0.8117488991503203 -0.609802847607733 -0.1784329885964936 0.030281878975506753 -0.24373521686002617 12817.0 31981.999999999996 57686.0 85608.0 112158.0 135198.0 153844.0 168029.0 178132.0 184722.0 188407.0 189761.0 189286.0 187407.0 184472.0 180763.0
22 1.0 295.9623839499284 31.064816033373845 -0.5106308927321715 -0.8117488991503203 -0.609802847607733 -0.1784329885964936 0.030281878975506753 -0.24373521686002617 2506.0 8066.999999999999 17452.0 29680.0 43220.0 56676.0 69067.0 79839.0 88771.0 95862.0 101238.0 105090.0 107630.0 109067.0 109594.0 109382.0
23 1.0 68.34524828499286 5.2091872255589635 -0.5106308927321715 -0.8117488991503203 -0.609802847607733 -0.1784329885964936 0.030281878975506753 -0.24373521686002617 7964.000000000001 19652.0 35349.0 52552.0 69146.0 83823.0 95991.0 105542.0 112640.0 117581.0 120698.0 122317.0 122732.0 122197.0 120925.0 119092.0
24 1.0 184.07483371672416 -35.19965441747191 -0.5106308927321715 -0.8117488991503203 -0.609802847607733 -0.1784329885964936 0.030281878975506753 -0.24373521686002617 12236.0 31188.0 57023.0 85388.0 112551.0 136238.0 155476.0 170153.0 180636.0 187499.0 191365.0 192823.0 192393.0 190512.0 187541.0 183770.0
25 1.0 80.75413043090613 89.63320523916121 -0.5106308927321715 -0.8117488991503203 -0.609802847607733 -0.1784329885964936 0.030281878975506753 -0.24373521686002617 7091.0 19948.0 39072.0 61537.0 84284.0 105124.0 122874.0 137117.0 147927.0 155632.0 160667.0 163485.0 164506.0 164105.0 162596.0 160242.0
26 1.0 35.22401441785226 -24.805969390909922 -0.5106308927321715 -0.8117488991503203 -0.609802847607733 -0.1784329885964936 0.030281878975506753 -0.24373521686002617 4577.0 13400.0 27054.0 43654.0 61002.0 77387.0 91782.0 103728.0 113159.0 120232.0 125217.0 128420.0 130142.00000000001 130661.0 130217.0 129015.99999999999
27 1.0 310.388946271806 -5.28318914149628 -0.5106308927321715 -0.8117488991503203 -0.609802847607733 -0.1784329885964936 0.030281878975506753 -0.24373521686002617 3121.0 9663.0 20312.0 33784.0 48339.0 62494.0 75272.0 86170.0 95027.0 101903.0 106974.0 110471.0 112632.0 113686.0 113838.0 113268.0
28 1.0 350.2510160483269 -21.915868513776886 -0.5106308927321715 -0.8117488991503203 -0.609802847607733 -0.1784329885964936 0.030281878975506753 -0.24373521686002617 4001.0 12460.0 26198.0 43463.0 61935.0 79688.0 95495.0 108760.0 119338.0 127354.0 133077.0 136828.0 138931.0 139690.0 139370.0 138201.0
29 1.0 345.90047690268005 86.31484728038254 -0.5106308927321715 -0.8117488991503203 -0.609802847607733 -0.1784329885964936 0.030281878975506753 -0.24373521686002617 7510.0 20947.0 40773.0 63910.99999999999 87208.0 108445.0 126442.0 140809.0 151646.0 159308.0 164251.0 166946.0 167825.0 167271.0 165607.0 163098.0
