idx D_km lam beta x1 y1 z1 x2 y2 z2 flux5 flux6 flux7 flux8 flux9 flux10 flux11 flux12 flux13 flux14 flux15 flux16 flux17 flux18 flux19 flux20
0 1.0 197.5728614138369 73.17998985981222 -0.8588622472286769 0.6355441164123152 0.4248264966613539 -0.22115267869772973 -0.07650155397377387 0.11650069028511857 9357.0 26555.0 52266.0 82549.0 113258.0 141417.0 165411.0 184673.0 199295.0 209720.0 216538.0 220357.0 221750.0 221220.0 219193.0 216024.0
1 1.0 257.468171894071 49.328519885754986 -0.8588622472286769 0.6355441164123152 0.4248264966613539 -0.22115267869772973 -0.07650155397377387 0.11650069028511857 4305.0 13706.0 29332.0 49374.0 71223.0 92598.0 111966.0 128519.0 141986.0 152441.0 160147.0 165449.0 168713.0 170289.0 170492.0 169595.0
2 1.0 216.99481538579178 -30.033872634844457 -0.8588622472286769 0.6355441164123152 0.4248264966613539 -0.22115267869772973 -0.07650155397377387 0.11650069028511857 3483.0 11544.0 25418.0 43695.0 64049.99999999999 84321.0 102979.0 119159.0 132519.0 143062.0 150990.0 156603.0 160232.0 162199.0 162804.0 162308.0
3 1.0 196.15794587888288 -75.40174980216058 -0.8588622472286769 0.6355441164123152 0.4248264966613539 -0.22115267869772973 -0.07650155397377387 0.11650069028511857 3870.0 12682.0 27677.0 47236.0 68824.0 90146.0 109615.0 126362.0 140072.0 150783.0 158739.0 164272.0 167744.0 169502.0 169861.0 169099.0
4 1.0 152.5157277620057 -16.69658914551468 -0.8588622472286769 0.6355441164123152 0.4248264966613539 -0.22115267869772973 -0.07650155397377387 0.11650069028511857 10701.0 27677.0 51421.0 78236.0 104702.0 128549.0 148633.0 164631.0 176707.0 185277.0 190847.0 193931.0 195003.0 194477.0 192704.0 189977.0
5 1.0 232.5218807039962 -48.19785440923031 -0.8588622472286769 0.6355441164123152 0.4248264966613539 -0.22115267869772973 -0.07650155397377387 0.11650069028511857 3456.0 11283.0 24606.0 42030.0 61344.0 80521.0 98141.0 113409.0 126014.99999999999 135967.0 143460.0 148777.0 152227.0 154115.0 154719.0 154285.0
6 1.0 157.5313960545693 -66.15222574356306 -0.8588622472286769 0.6355441164123152 0.4248264966613539 -0.22115267869772973 -0.07650155397377387 0.11650069028511857 3498.0 11639.0 25687.0 44215.0 64856.0 85408.0 104313.0 120695.0 134207.0 144854.0 152846.0 158489.0 162120.0 164071.0 164643.0 164103.0
7 1.0 321.03828028154874 -80.38310727837145 -0.8588622472286769 0.6355441164123152 0.4248264966613539 -0.22115267869772973 -0.07650155397377387 0.11650069028511857 6824.0 20026.0 40490.0 65373.0 91347.0 115825.0 137258.0 154969.0 168870.0 179215.0 186422.0 190961.0 193293.0 193839.0 192964.0 190980.0
8 1.0 346.91859378037054 40.60698555790418 -0.8588622472286769 0.6355441164123152 0.4248264966613539 -0.22115267869772973 -0.07650155397377387 0.11650069028511857 6464.0 19318.0 39474.0 64148.0 90010.0 114449.0 135888.0 153630.0 167575.0 177969.0 185226.0 189814.0 192194.0 192787.0 191957.0 190015.0
9 1.0 138.03894677727996 -87.94305744749441 -0.8588622472286769 0.6355441164123152 0.4248264966613539 -0.22115267869772973 -0.07650155397377387 0.11650069028511857 4737.0 15041.0 32082.0 53809.0 77343.0 100206.0 120768.0 138197.0 152245.0 163027.0 170854.0 176119.0 179228.0 180562.0 180465.0 179230.0
10 1.0 285.02101370975925 48.70453473049972 -0.8588622472286769 0.6355441164123152 0.4248264966613539 -0.22115267869772973 -0.07650155397377387 0.11650069028511857 4185.0 13181.0 28006.0 46912.0 67444.0 87482.0 105613.0 121099.0 133701.0 143494.0 150725.0 155718.0 158811.0 160331.0 160568.0 159777.0
11 1.0 190.40217111104562 -63.549603827932486 -0.8588622472286769 0.6355441164123152 0.4248264966613539 -0.22115267869772973 -0.07650155397377387 0.11650069028511857 3531.0 11747.0 25916.0 44594.0 65390.00000000001 86086.0 105111.0 121586.0 135164.0 145853.0 153866.0 159514.0 163137.0 165071.0 165618.0 165050.0
12 1.0 204.49604199381562 -75.68602513438397 -0.8588622472286769 0.6355441164123152 0.4248264966613539 -0.22115267869772973 -0.07650155397377387 0.11650069028511857 3957.9999999999995 12905.0 28065.0 47776.0 69475.0 90862.0 110354.0 127094.00000000001 140775.0 151445.0 159352.0 164835.0 168256.0 169965.0 170280.0 169476.0
13 1.0 333.214789785358 -73.87145383705104 -0.8588622472286769 0.6355441164123152 0.4248264966613539 -0.22115267869772973 -0.07650155397377387 0.11650069028511857 8839.0 24610.0 48009.0 75544.0 103552.0 129375.99999999999 151545.0 169510.0 183312.0 193316.0 200026.0 203977.0 205673.0 205568.0 204047.0 201434.0
14 1.0 25.5729809512393 30.968605323704594 -0.8588622472286769 0.6355441164123152 0.4248264966613539 -0.22115267869772973 -0.07650155397377387 0.11650069028511857 5345.0 16729.0 35288.0 58670.0 83729.0 107840.0 129323.0 147358.0 161742.0 172645.0 180429.0 185530.0 188390.0 189421.0 188986.0 187396.0
15 1.0 31.366547892554657 -45.83390222648794 -0.8588622472286769 0.6355441164123152 0.4248264966613539 -0.22115267869772973 -0.07650155397377387 0.11650069028511857 9375.0 26740.0 52797.0 83551.0 114769.0 143403.0 167795.0 187361.0 202197.0 212757.0 219641.0 223475.0 224842.0 224256.0 222153.0 218894.0
16 1.0 7.278623078517259 -14.302895997582283 -0.8588622472286769 0.6355441164123152 0.4248264966613539 -0.22115267869772973 -0.07650155397377387 0.11650069028511857 17856.0 45144.0 82002.0 122133.0 160266.0 193265.0 219848.0 239941.0 254120.0 263230.0 268171.0 269784.0 268801.0 265838.0 261397.0 255881.00000000003
17 1.0 299.74314439725765 10.326382438305046 -0.8588622472286769 0.6355441164123152 0.4248264966613539 -0.22115267869772973 -0.07650155397377387 0.11650069028511857 7633.0 20179.0 38136.0 58826.0 79626.0 98704.0 115071.0 128374.99999999999 138666.0 146211.0 151368.0 154515.0 156012.0 156179.0 155291.0 153581.0
18 1.0 280.13643034194615 64.89921128918289 -0.8588622472286769 0.6355441164123152 0.4248264966613539 -0.22115267869772973 -0.07650155397377387 0.11650069028511857 4739.0 14984.0 31867.0 53347.0 76581.0 99139.0 119422.0 136617.0 150482.0 161131.0 168871.0 174087.0 177177.0 178518.0 178445.0 177249.0
19 1.0 313.2043733688549 40.8679672880391 -0.8588622472286769 0.6355441164123152 0.4248264966613539 -0.22115267869772973 -0.07650155397377387 0.11650069028511857 5413.0 16198.0 33211.0 54203.0 76408.0 97600.0 116398.0 132148.0 144711.0 154251.0 161088.0 165601.0 168171.0 169149.0 168849.0 167536.0
20 1.0 352.30260320379506 -41.34097705703137 -0.8588622472286769 0.6355441164123152 0.4248264966613539 -0.22115267869772973 -0.07650155397377387 0.11650069028511857 20680.0 49980.0 88098.0 128509.00000000001 166151.0 198210.0 223674.0 242647.0 255803.99999999997 264033.0 268243.0 269266.0 267820.0 264501.0 259792.00000000003 254081.0
21 1.0 287.6970831180205 -66.33309612759703 -0.8588622472286769 0.6355441164123152 0.4248264966613539 -0.22115267869772973 -0.07650155397377387 0.11650069028511857 7717.0 21507.0 42075.0 66448.0 91437.0 114683.0 134835.0 151350.0 164213.0 173705.0 180246.0 184289.0 186275.0 186601.0 185609.0 183590.0
22 1.0 166.13257041105547 -80.03262232418437 -0.8588622472286769 0.6355441164123152 0.4248264966613539 -0.22115267869772973 -0.07650155397377387 0.11650069028511857 3969.0000000000005 12989.0 28313.0 48268.0 70255.0 91933.0 111691.0 128654.99999999999 142512.0 153310.0 161303.0 166835.0 170276.0 171981.0 172273.0 171434.0
23 1.0 280.99050346312396 -35.712245793430355 -0.8588622472286769 0.6355441164123152 0.4248264966613539 -0.22115267869772973 -0.07650155397377387 0.11650069028511857 7467.0 19843.0 37666.0 58319.0 79192.0 98431.0 115017.0 128566.00000000001 139105.0 146885.0 152254.0 155587.0 157242.0 157539.0 156756.0 155129.0
24 1.0 42.57879331281596 -42.818733136857915 -0.8588622472286769 0.6355441164123152 0.4248264966613539 -0.22115267869772973 -0.07650155397377387 0.11650069028511857 6747.0 20458.0 42138.0 68769.0 96693.0 123033.0 146062.0 165027.0 179835.0 190774.0 198310.0 202966.0 205252.0 205628.0 204496.0 202191.0
25 1.0 230.3715676779086 -7.894697975913658 -0.8588622472286769 0.6355441164123152 0.4248264966613539 -0.22115267869772973 -0.07650155397377387 0.11650069028511857 3303.0 10894.0 23940.0 41143.0 60344.0 79528.0 97254.0 112698.0 125521.0 135707.0 143433.0 148970.0 152621.0 154687.0 155445.0 155142.0
26 1.0 51.607183467256704 32.990640398582485 -0.8588622472286769 0.6355441164123152 0.4248264966613539 -0.22115267869772973 -0.07650155397377387 0.11650069028511857 4209.0 13280.0 28247.0 47349.0 68103.0 88362.0 106694.0 122351.0 135089.0 144985.0 152289.0 157327.0 160444.0 161968.0 162195.0 161384.0
27 1.0 340.0808101378502 35.21258021499429 -0.8588622472286769 0.6355441164123152 0.4248264966613539 -0.22115267869772973 -0.07650155397377387 0.11650069028511857 7427.0 21394.0 42660.0 68152.0 94451.0 118989.0 140282.0 157725.0 171290.0 181276.0 188127.0 192333.0 194363.0 194640.0 193530.0 191343.0
28 1.0 187.8653958300258 -38.96660761521 -0.8588622472286769 0.6355441164123152 0.4248264966613539 -0.22115267869772973 -0.07650155397377387 0.11650069028511857 4379.0 14114.0 30422.0 51420.0 74343.0 96761.0 117043.0 134330.0 148344.0 159172.0 167099.0 172499.0 175762.0 177262.0 177334.0 176267.0
29 1.0 149.2782983965885 -21.61314793797831 -0.8588622472286769 0.6355441164123152 0.4248264966613539 -0.22115267869772973 -0.07650155397377387 0.11650069028511857 8777.0 23481.0 44696.0 69246.0 93973.0 116653.0 136082.0 151830.0 163956.0 172786.0 178754.0 182321.0 183921.0 183941.0 182715.0 180523.0
0 1.0 95.24002035766571 -57.39282688735745 -0.8588622472286769 0.6355441164123152 0.4248264966613539 -0.22115267869772973 -0.07650155397377387 0.11650069028511857 3327.0 11041.0 24342.0 41904.0 61506.0 81076.0 99136.0 114845.0 127859.0 138171.0 145966.0 151527.0 155166.0 157194.0 157894.0 157521.0
1 1.0 278.724128196318 51.93819221517336 -0.8588622472286769 0.6355441164123152 0.4248264966613539 -0.22115267869772973 -0.07650155397377387 0.11650069028511857 4202.0 13312.0 28391.0 47677.0 68665.0 89175.0 107751.0 123626.0 136547.0 146587.0 153998.0 159109.0 162269.0 163812.0 164039.0 163210.0
2 1.0 164.21411959795748 -79.76734624201674 -0.8588622472286769 0.6355441164123152 0.4248264966613539 -0.22115267869772973 -0.07650155397377387 0.11650069028511857 3946.0 12928.0 28199.0 48099.0 70038.0 91679.0 111411.0 128360.0 142209.0 153007.0 161004.0 166543.0 169993.0 171709.0 172012.0 171184.0
3 1.0 204.63622159271347 35.459503510497726 -0.8588622472286769 0.6355441164123152 0.4248264966613539 -0.22115267869772973 -0.07650155397377387 0.11650069028511857 12365.0 33712.0 64454.0 99570.0 134248.0 165279.0 191087.0 211272.0 226127.0 236280.0 242474.0 245438.0 245834.0 244231.0 241102.0 236834.0
4 1.0 6.764328157087851 50.1651712693986 -0.8588622472286769 0.6355441164123152 0.4248264966613539 -0.22115267869772973 -0.07650155397377387 0.11650069028511857 5202.0 16306.999999999998 34446.0 57342.0 81926.0 105626.0 126786.00000000001 144591.0 158830.0 169658.0 177423.0 182549.0 185466.0 186576.0 186234.0 184746.0
5 1.0 222.34877894731574 49.93336113277556 -0.8588622472286769 0.6355441164123152 0.4248264966613539 -0.22115267869772973 -0.07650155397377387 0.11650069028511857 7826.0 23197.0 46987.0 75713.0 105397.0 133036.0 156905.0 176316.0 191261.0 202108.0 209392.0 213691.0 215554.0 215472.0 213867.0 211089.0
6 1.0 220.3544601800717 -43.303938417836115 -0.8588622472286769 0.6355441164123152 0.4248264966613539 -0.22115267869772973 -0.07650155397377387 0.11650069028511857 3341.0 11086.0 24433.0 42041.0 61680.0 81269.0 99331.0 115026.0 128013.99999999999 138291.0 146046.0 151565.0 155161.0 157148.0 157809.0 157400.0
7 1.0 222.0962388749125 -22.713635172138936 -0.8588622472286769 0.6355441164123152 0.4248264966613539 -0.22115267869772973 -0.07650155397377387 0.11650069028511857 3406.0 11277.0 24828.0 42693.0 62612.0 82477.0 100791.0 116703.0 129870.99999999999 140289.0 148150.0 153741.0 157385.0 159394.0 160061.0 159641.0
8 1.0 339.7493082652647 15.76793433535002 -0.8588622472286769 0.6355441164123152 0.4248264966613539 -0.22115267869772973 -0.07650155397377387 0.11650069028511857 13283.0 33892.0 62190.0 93577.0 124011.0 150942.0 173197.0 190547.0 203302.0 212025.0 217358.0 219925.0 220287.0 218924.0 216239.0 212561.0
9 1.0 245.45530767725404 -40.892057563595934 -0.8588622472286769 0.6355441164123152 0.4248264966613539 -0.22115267869772973 -0.07650155397377387 0.11650069028511857 3535.0 11279.0 24236.0 40992.0 59423.0 77630.0 94301.0 108713.0 120595.0 129967.0 137021.0 142025.0 145272.0 147049.0 147617.0 147207.0
10 1.0 129.42284420656296 -23.246496140780025 -0.8588622472286769 0.6355441164123152 0.4248264966613539 -0.22115267869772973 -0.07650155397377387 0.11650069028511857 6042.0 16932.0 33342.0 53009.0 73418.0 92647.0 109549.0 123617.0 134778.0 143209.0 149215.0 153142.0 155333.0 156106.0 155738.0 154467.0
11 1.0 157.33150336776293 -54.530229566584865 -0.8588622472286769 0.6355441164123152 0.4248264966613539 -0.22115267869772973 -0.07650155397377387 0.11650069028511857 3671.0 12041.0 26310.0 44967.0 65613.0 86063.0 104793.0 120961.0 134248.0 144680.0 152477.0 157949.0 161436.0 163269.0 163747.0 163135.0
12 1.0 251.14723053381536 -7.225940923918671 -0.8588622472286769 0.6355441164123152 0.4248264966613539 -0.22115267869772973 -0.07650155397377387 0.11650069028511857 2983.0 9604.0 20795.0 35408.0 51636.0 67817.0 82772.0 95830.0 106711.0 115401.0 122042.0 126854.0 130084.0 131979.0 132767.0 132651.0
13 1.0 21.68116978653714 -81.96978577425946 -0.8588622472286769 0.6355441164123152 0.4248264966613539 -0.22115267869772973 -0.07650155397377387 0.11650069028511857 6021.0 18305.0 37874.0 62123.0 87787.0 112233.0 133830.0 151818.0 166051.0 176739.0 184277.0 189121.0 191728.0 192515.0 191850.0 190046.0
14 1.0 240.03601756044037 53.96325922271123 -0.8588622472286769 0.6355441164123152 0.4248264966613539 -0.22115267869772973 -0.07650155397377387 0.11650069028511857 5600.0 17448.0 36670.0 60779.0 86513.0 111178.0 133068.0 151373.0 165906.0 176863.0 184627.0 189656.0 192408.0 193306.0 192723.0 190976.0
15 1.0 241.4296330625374 -76.1478395424061 -0.8588622472286769 0.6355441164123152 0.4248264966613539 -0.22115267869772973 -0.07650155397377387 0.11650069028511857 4683.0 14711.0 31182.0 52110.0 74743.0 96728.0 116516.0 133316.0 146888.0 157339.0 164962.0 170127.0 173219.0 174602.0 174602.0 173500.0
16 1.0 75.73772198658273 3.3903267896746883 -0.8588622472286769 0.6355441164123152 0.4248264966613539 -0.22115267869772973 -0.07650155397377387 0.11650069028511857 3300.0 10386.0 22131.0 37239.0 53816.0 70182.0 85178.0 98168.0 108910.0 117421.0 123865.0 128476.0 131513.0 133227.0 133850.0 133586.0
17 1.0 46.41346715574719 -34.7741820818647 -0.8588622472286769 0.6355441164123152 0.4248264966613539 -0.22115267869772973 -0.07650155397377387 0.11650069028511857 5718.0 17812.0 37408.0 61949.0 88097.0 113112.0 135270.0 153759.0 168404.0 179411.0 187179.0 192177.0 194874.0 195699.0 195033.0 193197.0
18 1.0 113.55420633270619 13.957730789647584 -0.8588622472286769 0.6355441164123152 0.4248264966613539 -0.22115267869772973 -0.07650155397377387 0.11650069028511857 9674.0 24200.0 43970.0 65881.0 87224.0 106274.0 122212.0 134845.0 144345.0 151065.0 155416.0 157809.0 158617.0 158166.0 156732.0 154543.0
19 1.0 130.93587753934415 82.69800135001651 -0.8588622472286769 0.6355441164123152 0.4248264966613539 -0.22115267869772973 -0.07650155397377387 0.11650069028511857 7960.0 23036.0 46005.0 73493.0 101766.0 128038.99999999999 150723.0 169193.0 183449.0 193837.0 200858.0 205050.0 206929.0 206955.0 205524.0 202968.0
20 1.0 205.27083735043666 26.20264400208069 -0.8588622472286769 0.6355441164123152 0.4248264966613539 -0.22115267869772973 -0.07650155397377387 0.11650069028511857 11565.0 31919.000000000004 61542.0 95662.0 129586.0 160127.0 185675.0 205780.0 220684.0 230976.0 237364.0 240556.0 241196.0 239841.0 236958.0 232928.0
21 1.0 157.89654484643532 -83.63476156401164 -0.8588622472286769 0.6355441164123152 0.4248264966613539 -0.22115267869772973 -0.07650155397377387 0.11650069028511857 4244.0 13741.0 29719.0 50363.0 72964.0 95123.0 115216.0 132383.0 146333.0 157141.0 165082.0 170519.0 173837.0 175403.0 175546.0 174554.0
22 1.0 355.8145817013214 -12.527560888548976 -0.8588622472286769 0.6355441164123152 0.4248264966613539 -0.22115267869772973 -0.07650155397377387 0.11650069028511857 21335.0 51597.0 90929.0 132553.0 171233.0 204080.0 230077.0 249359.0 262644.0 270863.0 274964.0 275810.0 274141.0 270572.0 265599.0 259619.0
23 1.0 36.736131869290105 1.803033417285036 -0.8588622472286769 0.6355441164123152 0.4248264966613539 -0.22115267869772973 -0.07650155397377387 0.11650069028511857 5687.0 17692.0 37134.0 61480.0 87427.0 112260.0 134269.0 152646.0 167212.0 178172.0 185917.0 190912.0 193619.0 194466.0 193829.0 192028.0
24 1.0 75.19563219414049 6.511949046621353 -0.8588622472286769 0.6355441164123152 0.4248264966613539 -0.22115267869772973 -0.07650155397377387 0.11650069028511857 3383.0 10606.0 22536.0 37840.0 54592.0 71095.0 86189.0 99240.0 110011.0 118527.0 124958.0 129543.99999999999 132548.0 134224.0 134807.0 134501.0
25 1.0 58.07142643859865 32.65065190869082 -0.8588622472286769 0.6355441164123152 0.4248264966613539 -0.22115267869772973 -0.07650155397377387 0.11650069028511857 4162.0 13038.0 27610.0 46152.0 66259.0 85866.0 103598.0 118739.0 131058.00000000001 140630.0 147697.0 152577.0 155600.0 157086.0 157318.0 156546.0
26 1.0 235.11899716754343 -40.032702408282105 -0.8588622472286769 0.6355441164123152 0.4248264966613539 -0.22115267869772973 -0.07650155397377387 0.11650069028511857 3296.0 10778.0 23541.0 40273.0 58863.0 77369.0 94416.0 109230.0 121499.0 131222.0 138578.0 143832.0 147280.0 149212.0 149896.0 149567.0
27 1.0 91.18497691432157 -66.80509821606236 -0.8588622472286769 0.6355441164123152 0.4248264966613539 -0.22115267869772973 -0.07650155397377387 0.11650069028511857 3718.0 12274.0 26932.0 46154.0 67465.0 88593.0 107948.0 124651.0 138367.0 149120.0 157139.0 162749.0 166304.0 168146.0 168589.0 167907.0
28 1.0 167.87187822827028 -19.31837822152302 -0.8588622472286769 0.6355441164123152 0.4248264966613539 -0.22115267869772973 -0.07650155397377387 0.11650069028511857 9912.0 26714.0 50998.0 79050.0 107192.0 132857.0 154684.0 172216.0 185561.0 195123.0 201428.0 205019.0 206406.0 206037.0 204295.0 201499.0
29 1.0 87.99321312057698 82.1530301032708 -0.8588622472286769 0.6355441164123152 0.4248264966613539 -0.22115267869772973 -0.07650155397377387 0.11650069028511857 7125.0 21011.0 42519.0 68588.0 95684.0 121093.0 143221.0 161395.0 175558.0 186004.0 193188.0 197615.0 199773.0 200103.0 198987.0 196749.0
0 1.0 57.2290501123871 -56.31643948484795 -0.8588622472286769 0.6355441164123152 0.4248264966613539 -0.22115267869772973 -0.07650155397377387 0.11650069028511857 4914.0 15657.0 33438.0 56090.0 80578.0 104306.0 125578.0 143541.0 157953.0 168952.0 176875.0 182141.0 185179.0 186391.0 186134.0 184716.0
1 1.0 39.73505081914985 72.71711188708267 -0.8588622472286769 0.6355441164123152 0.4248264966613539 -0.22115267869772973 -0.07650155397377387 0.11650069028511857 5575.0 17175.0 35842.0 59145.0 83955.0 107709.0 128793.99999999999 146441.0 160479.0 171091.0 178643.0 183569.0 186305.0 187255.0 186774.0 185166.0
2 1.0 236.27865220749842 7.885071013918747 -0.8588622472286769 0.6355441164123152 0.4248264966613539 -0.22115267869772973 -0.07650155397377387 0.11650069028511857 3404.0 11138.0 24354.0 41709.0 61023.0 80278.0 98039.0 113491.0 126303.0 136466.0 144163.0 149667.0 153283.0 155315.0 156040.0 155706.0
3 1.0 49.74586248550097 -7.755944103762147 -0.8588622472286769 0.6355441164123152 0.4248264966613539 -0.22115267869772973 -0.07650155397377387 0.11650069028511857 4188.0 13450.0 28970.0 49001.0 70942.0 92489.0 112071.0 128846.99999999999 142525.0 153166.0 161026.0 166452.0 169809.0 171452.0 171699.0 170828.0
4 1.0 70.76965020481926 68.76745384138013 -0.8588622472286769 0.6355441164123152 0.4248264966613539 -0.22115267869772973 -0.07650155397377387 0.11650069028511857 6422.0 19030.0 38689.0 62677.0 87779.0 111483.0 132277.0 149495.0 163042.0 173155.0 180234.0 184730.0 187086.0 187707.0 186946.0 185104.0
5 1.0 132.74106143794708 -7.451286881654539 -0.8588622472286769 0.6355441164123152 0.4248264966613539 -0.22115267869772973 -0.07650155397377387 0.11650069028511857 10502.0 26320.0 47873.0 71766.0 95036.0 115794.0 133143.0 146873.0 157175.0 164435.0 169107.0 171640.0 172446.0 171881.0 170249.0 167799.0
6 1.0 295.55756274525663 40.350174590077785 -0.8588622472286769 0.6355441164123152 0.4248264966613539 -0.22115267869772973 -0.07650155397377387 0.11650069028511857 4510.0 13824.0 28847.0 47715.0 67975.0 87574.0 105180.0 120124.0 132211.0 141544.0 148381.0 153049.0 155883.0 157203.0 157293.0 156400.0
7 1.0 34.956459285502056 -18.17544209344163 -0.8588622472286769 0.6355441164123152 0.4248264966613539 -0.22115267869772973 -0.07650155397377387 0.11650069028511857 7642.0 22752.0 46231.0 74666.0 104123.0 131610.0 155395.0 174776.0 189732.0 200618.0 207959.0 212324.0 214259.0 214251.0 212718.0 210011.0
8 1.0 301.6601666995694 72.7279907221724 -0.8588622472286769 0.6355441164123152 0.4248264966613539 -0.22115267869772973 -0.07650155397377387 0.11650069028511857 5023.0 15819.0 33531.0 55968.0 80139.0 103508.0 124431.0 142087.0 156249.0 167059.0 174848.0 180028.0 183020.0 184218.0 183972.0 182584.0
9 1.0 34.59542684182671 34.20450363442093 -0.8588622472286769 0.6355441164123152 0.4248264966613539 -0.22115267869772973 -0.07650155397377387 0.11650069028511857 4715.0 14914.0 31727.0 53127.0 76285.0 98777.0 119009.0 136168.0 150011.0 160651.0 168390.0 173612.0 176713.0 178069.0 178013.0 176835.0
10 1.0 351.5254074048225 35.931969765093015 -0.8588622472286769 0.6355441164123152 0.4248264966613539 -0.22115267869772973 -0.07650155397377387 0.11650069028511857 7149.0 21028.0 42487.0 68466.0 95449.0 120742.0 142763.0 160848.0 174942.0 185337.0 192487.0 196895.0 199045.0 199377.0 198270.0 196044.0
11 1.0 168.71443259317257 -31.010327719718596 -0.8588622472286769 0.6355441164123152 0.4248264966613539 -0.22115267869772973 -0.07650155397377387 0.11650069028511857 6488.0 19064.0 38613.0 62457.0 87430.0 111049.0 131811.0 149040.0 162633.0 172813.0 179971.0 184548.0 186985.0 187682.0 186990.0 185209.0
12 1.0 351.6339917485214 46.22015569264005 -0.8588622472286769 0.6355441164123152 0.4248264966613539 -0.22115267869772973 -0.07650155397377387 0.11650069028511857 5725.0 17579.0 36596.0 60273.0 85421.0 109447.0 130727.00000000001 148500.0 162602.0 173232.0 180766.0 185648.0 188323.0 189200.0 188640.0 186949.0
13 1.0 217.74438710821656 24.490989980485438 -0.8588622472286769 0.6355441164123152 0.4248264966613539 -0.22115267869772973 -0.07650155397377387 0.11650069028511857 7314.0 21929.0 44788.0 72615.0 101567.0 128685.0 152234.0 171494.0 186418.0 197335.0 204754.0 209226.0 211286.0 211412.0 210017.0 207447.0
14 1.0 266.1348885833886 -46.79635079165228 -0.8588622472286769 0.6355441164123152 0.4248264966613539 -0.22115267869772973 -0.07650155397377387 0.11650069028511857 5314.0 15446.0 31166.0 50406.0 70690.0 90046.0 107244.0 121701.0 133288.0 142145.0 148552.0 152845.0 155361.0 156417.0 156292.0 155227.0
15 1.0 14.107605211555443 -61.103011952653844 -0.8588622472286769 0.6355441164123152 0.4248264966613539 -0.22115267869772973 -0.07650155397377387 0.11650069028511857 10819.0 29613.0 56948.0 88535.0 120112.0 148737.0 172881.0 192070.0 206473.0 216593.0 223059.0 226508.0 227529.0 226637.0 224264.0 220770.0
16 1.0 101.81050652750744 53.35046541311971 -0.8588622472286769 0.6355441164123152 0.4248264966613539 -0.22115267869772973 -0.07650155397377387 0.11650069028511857 9397.0 24969.0 47222.0 72735.0 98207.0 121371.0 141042.0 156840.0 168875.0 177518.0 183240.0 186529.0 187837.0 187565.0 186055.0 183592.0
17 1.0 43.270762036740805 82.64998854634004 -0.8588622472286769 0.6355441164123152 0.4248264966613539 -0.22115267869772973 -0.07650155397377387 0.11650069028511857 6209.0 18847.0 38904.0 63660.99999999999 89763.0 114536.0 136344.0 154442.0 168704.0 179364.0 186834.0 191584.0 194082.0 194753.0 193970.0 192049.0
18 1.0 106.61047110797217 -7.535011093192281 -0.8588622472286769 0.6355441164123152 0.4248264966613539 -0.22115267869772973 -0.07650155397377387 0.11650069028511857 4908.0 13937.0 27723.0 44434.0 61957.0 78634.0 93441.0 105899.0 115903.0 123574.0 129149.99999999999 132914.0 135153.0 136133.0 136092.0 135237.0
19 1.0 42.74197882352786 16.377149758263286 -0.8588622472286769 0.6355441164123152 0.4248264966613539 -0.22115267869772973 -0.07650155397377387 0.11650069028511857 4417.0 14048.0 30031.0 50501.0 72782.0 94545.0 114231.0 131023.0 144655.0 155209.0 162960.0 168265.0 171499.0 173021.0 173152.0 172173.0
20 1.0 114.47394458183138 64.39007595483983 -0.8588622472286769 0.6355441164123152 0.4248264966613539 -0.22115267869772973 -0.07650155397377387 0.11650069028511857 10570.0 28104.0 53088.0 81606.0 109922.0 135510.0 157083.0 174258.0 187200.0 196355.0 202273.0 205512.0 206586.0 205947.0 203974.0 200984.0
21 1.0 149.13467802528118 -7.699778396305732 -0.8588622472286769 0.6355441164123152 0.4248264966613539 -0.22115267869772973 -0.07650155397377387 0.11650069028511857 13789.0 33877.0 60641.0 89723.0 117521.0 141865.0 161822.0 177276.0 188563.0 196221.0 200840.0 202988.0 203168.0 201812.0 199278.0 195859.0
22 1.0 23.09309868556237 81.3374058298925 -0.8588622472286769 0.6355441164123152 0.4248264966613539 -0.22115267869772973 -0.07650155397377387 0.11650069028511857 5845.0 17954.0 37369.0 61522.0 87150.0 111602.0 133230.0 151262.0 165542.0 176278.0 183860.0 188745.0 191387.0 192205.0 191568.0 189789.0
23 1.0 249.28996297320714 13.63520916807704 -0.8588622472286769 0.6355441164123152 0.4248264966613539 -0.22115267869772973 -0.07650155397377387 0.11650069028511857 3119.0 10117.0 22008.0 37583.0 54911.0 72209.0 88208.0 102180.0 113825.0 123124.0 130229.00000000001 135375.0 138828.0 140851.0 141689.0 141561.0
24 1.0 203.97652351436705 57.738081726236686 -0.8588622472286769 0.6355441164123152 0.4248264966613539 -0.22115267869772973 -0.07650155397377387 0.11650069028511857 11197.0 30951.0 59771.0 93051.0 126230.00000000001 156185.0 181320.0 201170.0 215951.0 226220.0 232660.0 235957.0 236738.0 235546.0 232838.0 228988.0
25 1.0 95.54021673820034 73.5918693142929 -0.8588622472286769 0.6355441164123152 0.4248264966613539 -0.22115267869772973 -0.07650155397377387 0.11650069028511857 7910.0 22580.0 44736.0 71120.0 98190.0 123323.0 145028.0 162722.0 176406.0 186409.0 193203.0 197298.0 199182.0 199290.0 197999.0 195624.0
26 1.0 188.36929924801188 56.7942873783424 -0.8588622472286769 0.6355441164123152 0.4248264966613539 -0.22115267869772973 -0.07650155397377387 0.11650069028511857 14364.0 37648.0 70145.0 106457.0 141729.0 172872.0 198469.0 218252.0 232611.0 242238.0 247911.0 250383.00000000003 250325.00000000003 248309.0 244808.0 240207.0
27 1.0 33.818583873039 -61.30539657918793 -0.8588622472286769 0.6355441164123152 0.4248264966613539 -0.22115267869772973 -0.07650155397377387 0.11650069028511857 7775.0 22808.0 45962.0 73876.0 102729.0 129631.0 152912.0 171897.0 186565.0 197262.0 204496.0 208820.0 210765.0 210803.0 209343.0 206728.0
28 1.0 207.34073840022455 23.201719031106066 -0.8588622472286769 0.6355441164123152 0.4248264966613539 -0.22115267869772973 -0.07650155397377387 0.11650069028511857 10465.0 29412.0 57428.0 90087.0 122881.0 152660.0 177777.0 197714.0 212645.0 223098.0 229735.0 233231.0 234204.0 233194.0 230657.0 226965.0
29 1.0 334.5466311274371 -18.28183344845813 -0.8588622472286769 0.6355441164123152 0.4248264966613539 -0.22115267869772973 -0.07650155397377387 0.11650069028511857 23745.0 54705.0 93158.0 132429.0 167858.0 197155.0 219741.0 236003.0 246769.0 252992.0 255585.0 255355.0 252977.99999999997 249004.0 243873.0 237930.0
0 1.0 114.68482288247652 -78.71166863579778 -0.8588622472286769 0.6355441164123152 0.4248264966613539 -0.22115267869772973 -0.07650155397377387 0.11650069028511857 4016.9999999999995 13148.0 28658.0 48845.0 71074.0 92974.0 112916.0 130021.0 143975.0 154833.0 162855.0 168390.0 171815.0 173491.0 173744.0 172858.0
1 1.0 240.2677367869254 -13.674194659828444 -0.8588622472286769 0.6355441164123152 0.4248264966613539 -0.22115267869772973 -0.07650155397377387 0.11650069028511857 2985.0 9789.0 21454.0 36832.0 54017.0 71227.0 87185.0 101150.0 112809.0 122136.0 129278.0 134464.0 137959.0 140024.0 140904.0 140817.0
2 1.0 47.447230465581185 -43.436867959906614 -0.8588622472286769 0.6355441164123152 0.4248264966613539 -0.22115267869772973 -0.07650155397377387 0.11650069028511857 5828.0 18103.0 37938.0 62726.00000000001 89091.0 114273.0 136547.0 155105.0 169782.0 180792.0 188543.0 193509.0 196163.0 196941.0 196223.0 194335.0
3 1.0 257.8777934826836 62.82689551713193 -0.8588622472286769 0.6355441164123152 0.4248264966613539 -0.22115267869772973 -0.07650155397377387 0.11650069028511857 5092.0 16020.0 33933.0 56610.0 81021.0 104606.0 125705.00000000001 143493.0 157745.0 168608.0 176421.0 181601.0 184575.0 185742.0 185455.0 184020.0
4 1.0 104.1861934609924 -84.00516722159469 -0.8588622472286769 0.6355441164123152 0.4248264966613539 -0.22115267869772973 -0.07650155397377387 0.11650069028511857 4499.0 14452.0 31070.0 52408.0 75645.0 98318.0 118786.0 136195.0 150274.0 161122.0 169035.0 174396.0 177604.0 179038.0 179036.0 177892.0
5 1.0 65.94889032256206 82.61688993542523 -0.8588622472286769 0.6355441164123152 0.4248264966613539 -0.22115267869772973 -0.07650155397377387 0.11650069028511857 6618.0 19819.0 40534.0 65886.0 92438.0 117498.0 139447.0 157576.0 171789.0 182349.0 189686.0 194288.0 196630.0 197146.0 196212.0 194147.0
6 1.0 211.14465653162995 -26.033607275052667 -0.8588622472286769 0.6355441164123152 0.4248264966613539 -0.22115267869772973 -0.07650155397377387 0.11650069028511857 3909.0 12834.0 28044.0 47901.0 69827.0 91481.0 111246.0 128237.99999999999 142136.0 152981.0 161020.0 166597.0 170080.0 171822.0 172147.0 171336.0
7 1.0 7.238716627497679 -25.792759727542276 -0.8588622472286769 0.6355441164123152 0.4248264966613539 -0.22115267869772973 -0.07650155397377387 0.11650069028511857 18857.0 47177.0 85075.0 126045.99999999999 164749.0 198067.0 224767.0 244831.0 258882.99999999997 267807.0 272527.0 273902.0 272679.0 269479.0 264811.0 259079.0
8 1.0 298.4184105182507 -87.06086951693258 -0.8588622472286769 0.6355441164123152 0.4248264966613539 -0.22115267869772973 -0.07650155397377387 0.11650069028511857 5385.0 16632.0 34811.0 57602.0 81965.0 105381.0 126243.0 143771.0 157770.0 168405.0 176021.0 181039.0 183884.0 184952.0 184591.0 183103.0
9 1.0 1.6903714293169436 -56.65818145748689 -0.8588622472286769 0.6355441164123152 0.4248264966613539 -0.22115267869772973 -0.07650155397377387 0.11650069028511857 13992.0 36321.0 67359.0 102022.0 135747.0 165615.0 190265.0 209421.0 223427.0 232919.0 238624.0 241249.0 241428.0 239704.0 236529.0 232273.0
10 1.0 244.01395324664284 -17.773289855350427 -0.8588622472286769 0.6355441164123152 0.4248264966613539 -0.22115267869772973 -0.07650155397377387 0.11650069028511857 3005.0 9779.0 21324.0 36478.0 53361.0 70228.0 85834.0 99464.0 110821.0 119887.0 126809.0 131819.0 135176.0 137139.0 137948.0 137816.0
11 1.0 97.20287034917935 77.27245511448851 -0.8588622472286769 0.6355441164123152 0.4248264966613539 -0.22115267869772973 -0.07650155397377387 0.11650069028511857 7750.0 22340.0 44535.0 71094.0 98434.0 123877.0 145890.0 163860.0 177777.0 187963.0 194895.0 199087.0 201032.0 201174.0 199893.0 197510.0
12 1.0 264.66984796413414 -72.06931256017117 -0.8588622472286769 0.6355441164123152 0.4248264966613539 -0.22115267869772973 -0.07650155397377387 0.11650069028511857 5567.0 16740.0 34464.0 56430.0 79743.0 102051.0 121877.0 138512.0 151794.0 161888.0 169125.0 173904.0 176625.0 177660.0 177341.0 175949.0
13 1.0 346.38787624227774 80.15427602623433 -0.8588622472286769 0.6355441164123152 0.4248264966613539 -0.22115267869772973 -0.07650155397377387 0.11650069028511857 5488.0 17073.0 35859.0 59433.0 84616.0 108784.0 130268.0 148268.0 162593.0 173426.0 181136.0 186165.0 188957.0 189925.0 189433.0 187792.0
14 1.0 89.55113166718489 66.5079354983938 -0.8588622472286769 0.6355441164123152 0.4248264966613539 -0.22115267869772973 -0.07650155397377387 0.11650069028511857 7693.0 21829.0 43110.0 68423.0 94396.0 118533.0 139412.0 156470.0 169703.0 179416.0 186056.0 190105.0 192026.0 192235.0 191090.0 188895.0
15 1.0 207.4166403904213 -8.25076855664068 -0.8588622472286769 0.6355441164123152 0.4248264966613539 -0.22115267869772973 -0.07650155397377387 0.11650069028511857 5908.0 18282.0 38217.0 63076.99999999999 89476.0 114659.0 136910.0 155430.0 170062.0 181025.0 188731.0 193654.0 196270.0 197015.0 196268.0 194354.0
16 1.0 213.13509525786205 -31.19384128171319 -0.8588622472286769 0.6355441164123152 0.4248264966613539 -0.22115267869772973 -0.07650155397377387 0.11650069028511857 3612.0 11948.0 26264.0 45079.0 65983.0 86751.0 105818.0 122309.0 135884.0 146557.0 154546.0 160165.0 163757.0 165657.0 166173.0 165572.0
17 1.0 206.01068608471442 -48.10605672976977 -0.8588622472286769 0.6355441164123152 0.4248264966613539 -0.22115267869772973 -0.07650155397377387 0.11650069028511857 3497.0 11628.0 25651.0 44142.0 64737.0 85242.0 104104.0 120448.0 133931.0 144556.0 152533.0 158166.0 161793.0 163743.0 164318.0 163783.0
18 1.0 80.30938775062259 20.603647165837387 -0.8588622472286769 0.6355441164123152 0.4248264966613539 -0.22115267869772973 -0.07650155397377387 0.11650069028511857 4213.0 12649.0 26083.0 42846.0 60794.0 78150.0 93763.0 107050.0 117839.0 126212.99999999999 132394.0 136659.0 139301.0 140596.0 140792.0 140106.0
19 1.0 342.9896441461146 -84.04657353440899 -0.8588622472286769 0.6355441164123152 0.4248264966613539 -0.22115267869772973 -0.07650155397377387 0.11650069028511857 6086.0 18370.0 37842.0 61897.0 87311.0 111495.0 132846.0 150627.0 164696.0 175265.0 182721.0 187518.0 190104.0 190891.0 190242.0 188467.0
20 1.0 160.96513630234585 -87.19090839957092 -0.8588622472286769 0.6355441164123152 0.4248264966613539 -0.22115267869772973 -0.07650155397377387 0.11650069028511857 4626.0 14745.0 31534.0 52999.0 76297.0 98975.0 119405.0 136752.0 150757.0 161529.0 169370.0 174666.0 177816.0 179200.0 179155.0 177976.0
21 1.0 304.707122089606 -12.816769950317195 -0.8588622472286769 0.6355441164123152 0.4248264966613539 -0.22115267869772973 -0.07650155397377387 0.11650069028511857 13489.0 32242.0 56580.0 82481.0 106814.0 127805.0 144769.0 157709.0 166992.0 173130.0 176662.0 178093.0 177866.0 176353.0 173865.0 170650.0
22 1.0 251.81253911430156 -77.74666668455036 -0.8588622472286769 0.6355441164123152 0.4248264966613539 -0.22115267869772973 -0.07650155397377387 0.11650069028511857 5025.0 15569.0 32685.0 54243.0 77394.0 99752.0 119771.0 136682.0 150272.0 160674.0 168202.0 173243.0 176195.0 177428.0 177277.0 176025.0
23 1.0 107.07730230784811 -44.65062211570328 -0.8588622472286769 0.6355441164123152 0.4248264966613539 -0.22115267869772973 -0.07650155397377387 0.11650069028511857 3191.0 10410.0 22716.0 38853.0 56796.0 74679.0 91178.0 105539.0 117459.0 126928.00000000001 134115.0 139272.0 142681.0 144620.0 145346.0 145087.0
24 1.0 292.9672150928918 -50.19103523770491 -0.8588622472286769 0.6355441164123152 0.4248264966613539 -0.22115267869772973 -0.07650155397377387 0.11650069028511857 10236.0 26322.0 48739.0 74013.0 98948.0 121426.0 140380.0 155505.0 166953.0 175107.0 180442.0 183435.0 184529.0 184111.0 182513.0 180007.0
25 1.0 142.74206670491446 -44.425585129886656 -0.8588622472286769 0.6355441164123152 0.4248264966613539 -0.22115267869772973 -0.07650155397377387 0.11650069028511857 4109.0 12970.0 27625.0 46383.0 66823.0 86833.0 104992.0 120544.0 133236.0 143129.0 150461.0 155549.0 158731.0 160328.0 160633.0 159900.0
26 1.0 317.1971509600182 -66.4100583812536 -0.8588622472286769 0.6355441164123152 0.4248264966613539 -0.22115267869772973 -0.07650155397377387 0.11650069028511857 10626.0 28161.0 53148.0 81710.0 110129.0 135873.0 157634.0 175009.0 188148.0 197484.0 203560.0 206933.0 208117.0 207563.0 205654.0 202710.0
27 1.0 209.25823414890914 -87.83347987842222 -0.8588622472286769 0.6355441164123152 0.4248264966613539 -0.22115267869772973 -0.07650155397377387 0.11650069028511857 4821.0 15228.0 32367.0 54157.0 77707.0 100549.0 121065.0 138434.0 152419.0 163139.0 170911.0 176127.0 179193.0 180493.0 180368.0 179111.0
28 1.0 317.424730267747 -69.21282651502534 -0.8588622472286769 0.6355441164123152 0.4248264966613539 -0.22115267869772973 -0.07650155397377387 0.11650069028511857 9770.0 26391.0 50464.0 78317.0 106298.0 131847.0 153601.0 171095.0 184430.0 194003.0 200332.0 203957.0 205384.0 205058.0 203361.0 200610.0
29 1.0 249.3113724279957 21.32644671229461 -0.8588622472286769 0.6355441164123152 0.4248264966613539 -0.22115267869772973 -0.07650155397377387 0.11650069028511857 3308.0 10708.0 23250.0 39637.0 57821.0 75923.0 92616.0 107145.0 119206.0 128792.99999999999 136072.0 141298.0 144756.0 146725.0 147466.0 147207.0
0 1.0 261.09154073507057 85.36611830724905 -0.8588622472286769 0.6355441164123152 0.4248264966613539 -0.22115267869772973 -0.07650155397377387 0.11650069028511857 6411.0 19479.0 40212.0 65771.0 92672.0 118150.0 140521.0 159031.0 173566.0 184379.0 191904.0 196636.0 199059.0 199615.0 198689.0 196608.0
1 1.0 180.47677749361281 88.26210028096091 -0.8588622472286769 0.6355441164123152 0.4248264966613539 -0.22115267869772973 -0.07650155397377387 0.11650069028511857 6928.0 20696.0 42229.0 68493.0 95907.0 121691.0 144192.0 162701.0 177143.0 187807.0 195153.0 199689.0 201914.0 202276.0 201165.0 198908.0
2 1.0 344.1901085003606 -16.37026283284891 -0.8588622472286769 0.6355441164123152 0.4248264966613539 -0.22115267869772973 -0.07650155397377387 0.11650069028511857 23847.0 55685.0 95748.0 137101.0 174755.0 206171.0 230614.0 248409.0 260373.00000000003 267479.0 270679.0 270821.0 268621.0 264669.0 259435.00000000003 253294.00000000003
3 1.0 231.83647172266947 -60.66820331161104 -0.8588622472286769 0.6355441164123152 0.4248264966613539 -0.22115267869772973 -0.07650155397377387 0.11650069028511857 3813.0 12328.0 26680.0 45298.0 65786.0 85995.0 104445.0 120330.0 133356.0 143560.0 151166.0 156487.0 159859.0 161607.0 162028.0 161380.0
4 1.0 152.5878174809447 24.977116325975274 -0.8588622472286769 0.6355441164123152 0.4248264966613539 -0.22115267869772973 -0.07650155397377387 0.11650069028511857 23854.0 54867.0 93321.0 132538.0 167871.0 197051.0 219510.0 235649.0 246299.0 252415.0 254913.99999999997 254600.0 252149.0 248112.0 242928.0 236940.0
5 1.0 218.30155708605275 -1.7450376212273113 -0.8588622472286769 0.6355441164123152 0.4248264966613539 -0.22115267869772973 -0.07650155397377387 0.11650069028511857 4690.0 15024.0 32224.000000000004 54242.0 78147.0 101402.0 122328.0 140064.0 154353.0 165311.0 173254.0 178584.0 181716.0 183043.0 182913.0 181628.0
6 1.0 6.909551391360069 88.09375991119765 -0.8588622472286769 0.6355441164123152 0.4248264966613539 -0.22115267869772973 -0.07650155397377387 0.11650069028511857 6398.0 19388.0 39958.0 65292.0 91945.0 117185.0 139350.0 157699.0 172115.0 182850.0 190331.0 195046.0 197474.0 198051.0 197158.0 195118.0
7 1.0 108.56693400283775 -78.24524271267956 -0.8588622472286769 0.6355441164123152 0.4248264966613539 -0.22115267869772973 -0.07650155397377387 0.11650069028511857 4048.9999999999995 13241.0 28841.0 49130.0 71458.0 93442.0 113449.0 130599.0 144582.0 155455.0 163480.0 169010.0 172425.0 174085.0 174319.0 173414.0
8 1.0 237.66247349736662 50.98219889648635 -0.8588622472286769 0.6355441164123152 0.4248264966613539 -0.22115267869772973 -0.07650155397377387 0.11650069028511857 5646.0 17576.0 36912.0 61145.0 86991.0 111745.0 133701.0 152046.0 166600.0 177562.0 185319.0 190333.0 193064.0 193938.0 193329.0 191555.0
9 1.0 104.42793859575987 -38.0882704803311 -0.8588622472286769 0.6355441164123152 0.4248264966613539 -0.22115267869772973 -0.07650155397377387 0.11650069028511857 3191.0 10296.0 22309.0 37978.0 55344.0 72615.0 88532.0 102380.0 113873.0 123008.0 129947.0 134931.0 138233.0 140118.0 140832.0 140596.0
10 1.0 222.48555443958296 -46.54464838621668 -0.8588622472286769 0.6355441164123152 0.4248264966613539 -0.22115267869772973 -0.07650155397377387 0.11650069028511857 3364.0 11132.0 24492.0 42089.0 61694.0 81234.0 99238.0 114876.0 127813.00000000001 138047.0 145768.0 151261.0 154840.0 156816.0 157473.0 157062.0
11 1.0 154.35673234047582 29.250822875881667 -0.8588622472286769 0.6355441164123152 0.4248264966613539 -0.22115267869772973 -0.07650155397377387 0.11650069028511857 24128.0 55654.0 94853.0 134916.0 171082.0 201007.0 224090.0 240724.0 251749.99999999997 258137.0 260819.00000000003 260616.0 258216.99999999997 254185.0 248969.0 242919.0
12 1.0 48.770663120082084 -45.70862670162639 -0.8588622472286769 0.6355441164123152 0.4248264966613539 -0.22115267869772973 -0.07650155397377387 0.11650069028511857 5669.0 17682.0 37168.0 61595.0 87642.0 112578.0 134682.0 153137.0 167767.0 178772.0 186548.0 191562.0 194278.0 195126.0 194484.0 192673.0
13 1.0 107.38163734417108 29.854641160653784 -0.8588622472286769 0.6355441164123152 0.4248264966613539 -0.22115267869772973 -0.07650155397377387 0.11650069028511857 9785.0 24776.0 45389.0 68398.0 90931.0 111125.0 128075.0 141545.0 151700.0 158899.0 163576.0 166162.0 167056.0 166604.0 165102.0 162794.0
14 1.0 205.18736785245537 3.11553309641198 -0.8588622472286769 0.6355441164123152 0.4248264966613539 -0.22115267869772973 -0.07650155397377387 0.11650069028511857 8206.0 24000.0 48210.0 77252.0 107124.0 134838.0 158699.0 178049.0 192902.0 203642.0 210815.0 215005.0 216764.0 216584.0 214889.0 212030.0
15 1.0 212.71419404934235 -13.663982081547132 -0.8588622472286769 0.6355441164123152 0.4248264966613539 -0.22115267869772973 -0.07650155397377387 0.11650069028511857 4528.0 14592.0 31432.0 53081.0 76664.0 99674.0 120435.0 138079.0 152332.0 163297.0 171279.0 176669.0 179874.0 181282.0 181236.0 180037.0
16 1.0 206.75708958584838 9.843805559055411 -0.8588622472286769 0.6355441164123152 0.4248264966613539 -0.22115267869772973 -0.07650155397377387 0.11650069028511857 8826.0 25525.0 50860.0 80999.0 111782.0 140160.0 164445.0 184014.0 198928.0 209613.0 216650.0 220650.0 222186.0 221766.0 219824.0 216717.0
17 1.0 235.1522951485681 -38.330726414466646 -0.8588622472286769 0.6355441164123152 0.4248264966613539 -0.22115267869772973 -0.07650155397377387 0.11650069028511857 3262.0 10677.0 23338.0 39950.0 58422.0 76822.0 93784.0 108533.0 120758.0 130453.99999999999 137797.0 143050.0 146506.0 148453.0 149156.0 148849.0
18 1.0 234.757177200608 37.1834471291362 -0.8588622472286769 0.6355441164123152 0.4248264966613539 -0.22115267869772973 -0.07650155397377387 0.11650069028511857 5081.0 16025.999999999998 34004.0 56792.0 81341.0 105066.0 126292.99999999999 144187.0 158521.0 169440.0 177289.0 182486.0 185464.0 186624.0 186322.0 184866.0
19 1.0 155.31063675623062 -15.325763519958471 -0.8588622472286769 0.6355441164123152 0.4248264966613539 -0.22115267869772973 -0.07650155397377387 0.11650069028511857 11407.0 29296.0 54139.0 82027.0 109406.0 133951.0 154521.0 170815.0 183036.0 191631.0 197140.0 200099.0 201002.0 200280.0 198294.0 195344.0
20 1.0 322.75677450638267 -25.101799112539396 -0.8588622472286769 0.6355441164123152 0.4248264966613539 -0.22115267869772973 -0.07650155397377387 0.11650069028511857 21532.0 49560.0 84381.0 119980.0 152145.0 178797.0 199396.0 214276.0 224172.0 229938.0 232395.0 232271.0 230179.0 226618.0 221989.0 216608.0
21 1.0 132.32227321724275 59.158244620032804 -0.8588622472286769 0.6355441164123152 0.4248264966613539 -0.22115267869772973 -0.07650155397377387 0.11650069028511857 14167.0 35670.0 64847.0 96910.0 127766.99999999999 154893.0 177167.0 194415.0 206993.0 215499.0 220595.0 222923.0 223051.0 221467.0 218575.0 214706.0
22 1.0 156.91137309562566 76.4940441515746 -0.8588622472286769 0.6355441164123152 0.4248264966613539 -0.22115267869772973 -0.07650155397377387 0.11650069028511857 9879.0 27418.0 53214.0 83272.0 113532.0 141138.0 164571.0 183324.0 197519.0 207609.0 214176.0 217821.0 219102.0 218512.0 216465.0 213308.0
23 1.0 321.092407805642 -81.71868404028655 -0.8588622472286769 0.6355441164123152 0.4248264966613539 -0.22115267869772973 -0.07650155397377387 0.11650069028511857 6520.0 19330.0 39353.0 63847.0 89533.0 113834.0 135183.0 152882.0 166821.0 177236.0 184532.0 189171.0 191606.0 192254.0 191479.0 189589.0
24 1.0 290.22983605659084 -48.12714129064221 -0.8588622472286769 0.6355441164123152 0.4248264966613539 -0.22115267869772973 -0.07650155397377387 0.11650069028511857 9728.0 25132.0 46704.0 71127.0 95315.0 117198.0 135717.0 150553.0 161835.0 169923.0 175265.0 178322.0 179520.0 179235.0 177787.0 175444.0
25 1.0 253.39989007453187 -27.266513491338614 -0.8588622472286769 0.6355441164123152 0.4248264966613539 -0.22115267869772973 -0.07650155397377387 0.11650069028511857 3414.0 10739.0 22880.0 38495.0 55623.0 72520.0 87988.0 101370.0 112416.0 121147.0 127737.99999999999 132435.0 135507.0 137217.0 137805.0 137483.0
26 1.0 36.0816794324284 56.693966286644525 -0.8588622472286769 0.6355441164123152 0.4248264966613539 -0.22115267869772973 -0.07650155397377387 0.11650069028511857 4892.0 15354.0 32482.999999999996 54165.0 77520.0 100116.0 120369.0 137488.0 151250.0 161786.0 169411.0 174518.0 177508.0 178759.0 178608.0 177345.0
27 1.0 331.0137409480825 87.38845697579356 -0.8588622472286769 0.6355441164123152 0.4248264966613539 -0.22115267869772973 -0.07650155397377387 0.11650069028511857 6253.0 19044.0 39386.0 64520.99999999999 91032.0 116191.0 138327.0 156683.0 171133.0 181916.0 189454.0 194228.0 196716.0 197351.0 196512.0 194523.0
28 1.0 257.1268678376801 84.41490684066332 -0.8588622472286769 0.6355441164123152 0.4248264966613539 -0.22115267869772973 -0.07650155397377387 0.11650069028511857 6413.0 19494.0 40251.0 65844.0 92782.0 118295.0 140694.0 159227.0 173777.0 184599.0 192129.0 196862.0 199282.0 199833.0 198901.0 196812.0
29 1.0 359.5849223644319 72.89070219898684 -0.8588622472286769 0.6355441164123152 0.4248264966613539 -0.22115267869772973 -0.07650155397377387 0.11650069028511857 5142.0 16141.0 34130.0 56860.0 81291.0 104864.0 125929.00000000001 143670.0 157871.0 168684.0 176450.0 181589.0 184528.0 185666.0 185356.0 183903.0
0 1.0 53.80138967687775 -36.619872288474625 -0.8588622472286769 0.6355441164123152 0.4248264966613539 -0.22115267869772973 -0.07650155397377387 0.11650069028511857 4632.0 14847.0 31867.0 53681.0 77392.0 100487.0 121293.0 138951.0 153197.0 164140.0 172089.0 177442.0 180608.0 181975.0 181889.0 180651.0
1 1.0 312.52538065255715 88.56202381460534 -0.8588622472286769 0.6355441164123152 0.4248264966613539 -0.22115267869772973 -0.07650155397377387 0.11650069028511857 6441.0 19515.0 40211.0 65690.0 92486.0 117850.0 140114.0 158534.0 172997.0 183758.0 191248.0 195960.0 198374.0 198931.0 198014.0 195946.0
2 1.0 58.497456483494936 -45.10439260983878 -0.8588622472286769 0.6355441164123152 0.4248264966613539 -0.22115267869772973 -0.07650155397377387 0.11650069028511857 4412.0 14244.0 30738.0 51994.0 75205.0 97903.0 118430.0 135915.0 150077.0 161004.0 168990.0 174414.0 177676.0 179154.0 179188.0 178072.0
3 1.0 221.6014431421839 -70.9368921211982 -0.8588622472286769 0.6355441164123152 0.4248264966613539 -0.22115267869772973 -0.07650155397377387 0.11650069028511857 3986.0 12914.0 27966.0 47475.0 68908.0 90005.0 109217.0 125708.99999999999 139185.0 149696.0 157487.0 162891.0 166267.0 167958.0 168274.0 167489.0
4 1.0 44.57519382579895 81.17146998997094 -0.8588622472286769 0.6355441164123152 0.4248264966613539 -0.22115267869772973 -0.07650155397377387 0.11650069028511857 6144.0 18666.0 38559.0 63136.0 89070.0 113704.0 135405.0 153432.0 167651.0 178293.0 185763.0 190527.0 193048.0 193749.0 193001.0 191117.0
5 1.0 305.2829625560044 -47.98435401574267 -0.8588622472286769 0.6355441164123152 0.4248264966613539 -0.22115267869772973 -0.07650155397377387 0.11650069028511857 13536.0 33310.0 59703.0 88428.0 115926.0 140042.0 159843.0 175203.0 186446.0 194098.0 198740.0 200930.0 201166.0 199874.0 197410.0 194064.0
6 1.0 290.63482514100383 34.15828771399508 -0.8588622472286769 0.6355441164123152 0.4248264966613539 -0.22115267869772973 -0.07650155397377387 0.11650069028511857 4393.0 13368.0 27780.0 45841.0 65217.0 83961.0 100808.0 115122.0 126716.0 135685.0 142275.0 146794.0 149561.0 150878.0 151017.0 150213.0
7 1.0 204.8762659012536 -79.49585538349405 -0.8588622472286769 0.6355441164123152 0.4248264966613539 -0.22115267869772973 -0.07650155397377387 0.11650069028511857 4169.0 13486.0 29155.0 49409.0 71599.0 93378.0 113152.0 130069.99999999999 143843.0 154537.0 162417.0 167837.0 171172.0 172778.0 172980.0 172060.0
8 1.0 146.58598700135988 41.52763784294572 -0.8588622472286769 0.6355441164123152 0.4248264966613539 -0.22115267869772973 -0.07650155397377387 0.11650069028511857 21321.0 49909.0 86033.0 123492.0 157778.0 186553.0 209103.0 225672.0 236964.0 243836.0 247133.0 247615.0 245928.0 242607.0 238081.0 232691.0
9 1.0 24.900118363849696 68.70963822009114 -0.8588622472286769 0.6355441164123152 0.4248264966613539 -0.22115267869772973 -0.07650155397377387 0.11650069028511857 5172.0 16170.0 34098.0 56700.0 80954.0 104329.0 125201.0 142769.0 156826.0 167525.0 175208.0 180290.0 183196.0 184319.0 184009.0 182567.0
10 1.0 251.07435833204292 -40.96135881612675 -0.8588622472286769 0.6355441164123152 0.4248264966613539 -0.22115267869772973 -0.07650155397377387 0.11650069028511857 3782.0 11840.0 25121.0 42110.0 60649.0 78845.0 95415.0 109671.0 121367.0 130545.0 137410.0 142238.0 145327.0 146965.0 147414.0 146903.0
11 1.0 163.27536576410478 -21.76975870606286 -0.8588622472286769 0.6355441164123152 0.4248264966613539 -0.22115267869772973 -0.07650155397377387 0.11650069028511857 9215.0 24995.0 47963.0 74656.0 101587.0 126281.0 147400.0 164466.0 177549.0 187013.0 193345.0 197055.0 198625.0 198483.0 196998.0 194474.0
12 1.0 259.94001580932525 -22.6266870022351 -0.8588622472286769 0.6355441164123152 0.4248264966613539 -0.22115267869772973 -0.07650155397377387 0.11650069028511857 3638.0 11177.0 23442.0 39013.0 55930.0 72501.0 87583.0 100567.0 111236.0 119630.0 125929.99999999999 130385.0 133261.0 134816.0 135285.0 134876.0
13 1.0 311.8976373343065 44.781886357223954 -0.8588622472286769 0.6355441164123152 0.4248264966613539 -0.22115267869772973 -0.07650155397377387 0.11650069028511857 5081.0 15460.0 32058.000000000004 52739.0 74780.0 95944.0 114814.0 130703.00000000001 143440.0 153167.0 160191.0 164881.0 167613.0 168736.0 168562.0 167359.0
14 1.0 351.1877418010389 -47.19469634297301 -0.8588622472286769 0.6355441164123152 0.4248264966613539 -0.22115267869772973 -0.07650155397377387 0.11650069028511857 18878.0 46209.0 82227.0 120826.0 157128.0 188331.0 213352.0 232202.0 245465.0 253957.0 258529.99999999997 259973.99999999997 258978.0 256116.99999999997 251863.0 246593.0
15 1.0 308.08920326133995 -59.06644217142426 -0.8588622472286769 0.6355441164123152 0.4248264966613539 -0.22115267869772973 -0.07650155397377387 0.11650069028511857 11699.0 30016.0 55418.0 83889.0 111798.0 136778.0 157675.0 174196.0 186555.0 195217.0 200736.0 203664.0 204505.0 203698.0 201612.0 198554.0
16 1.0 4.21707030660071 -9.127503236207147 -0.8588622472286769 0.6355441164123152 0.4248264966613539 -0.22115267869772973 -0.07650155397377387 0.11650069028511857 18000.0 45281.0 81986.0 121850.0 159669.0 192361.0 218676.0 238554.0 252574.00000000003 261575.0 266449.0 268029.0 267040.0 264091.0 259679.0 254201.99999999997
17 1.0 129.592103212211 -35.19568667208249 -0.8588622472286769 0.6355441164123152 0.4248264966613539 -0.22115267869772973 -0.07650155397377387 0.11650069028511857 4408.0 13400.0 27862.0 46030.0 65573.0 84528.0 101611.0 116163.0 127982.00000000001 137154.0 143916.0 148575.0 151451.0 152849.0 153042.0 152270.0
18 1.0 262.7966024726609 61.05404200655744 -0.8588622472286769 0.6355441164123152 0.4248264966613539 -0.22115267869772973 -0.07650155397377387 0.11650069028511857 4819.0 15225.0 32363.000000000004 54156.0 77714.0 100570.0 121104.0 138494.0 152499.0 163239.0 171027.0 176256.0 179334.0 180642.0 180522.0 179269.0
19 1.0 61.78668381411859 -47.20647131718502 -0.8588622472286769 0.6355441164123152 0.4248264966613539 -0.22115267869772973 -0.07650155397377387 0.11650069028511857 4191.0 13616.0 29527.0 50140.0 72757.0 94970.0 115140.0 132394.0 146430.0 157316.0 165325.0 170818.0 174181.0 175780.0 175948.0 174973.0
20 1.0 187.57317823348654 0.4301023480670665 -0.8588622472286769 0.6355441164123152 0.4248264966613539 -0.22115267869772973 -0.07650155397377387 0.11650069028511857 13260.0 35015.0 65664.0 100211.0 134049.0 164170.0 189137.0 208617.0 222925.0 232681.0 238608.0 241414.0 241737.0 240125.0 237036.0 232843.0
21 1.0 19.561675802131305 79.66504794562746 -0.8588622472286769 0.6355441164123152 0.4248264966613539 -0.22115267869772973 -0.07650155397377387 0.11650069028511857 5681.0 17530.0 36611.0 60428.0 85768.0 110005.0 131489.0 149440.0 163689.0 174431.0 182045.0 186980.0 189685.0 190572.0 190007.0 188301.0
22 1.0 71.99874896270403 24.119585594038938 -0.8588622472286769 0.6355441164123152 0.4248264966613539 -0.22115267869772973 -0.07650155397377387 0.11650069028511857 4014.0 12337.0 25826.0 42864.0 61265.0 79175.0 95367.0 109206.0 120488.0 129283.00000000001 135808.0 140347.0 143198.0 144646.0 144947.0 144327.0
23 1.0 6.66784600582103 66.11209298324366 -0.8588622472286769 0.6355441164123152 0.4248264966613539 -0.22115267869772973 -0.07650155397377387 0.11650069028511857 5000.0 15757.0 33409.0 55779.0 79880.0 103186.0 124055.0 141669.0 155801.0 166590.0 174368.0 179544.0 182538.0 183742.0 183505.0 182128.0
24 1.0 285.7311732086714 79.23774408385813 -0.8588622472286769 0.6355441164123152 0.4248264966613539 -0.22115267869772973 -0.07650155397377387 0.11650069028511857 5610.0 17437.0 36589.0 60585.0 86181.0 110705.0 132469.0 150668.0 165121.0 176020.0 183748.0 188758.0 191504.0 192407.0 191837.0 190110.0
25 1.0 80.61288770173685 45.13767513954335 -0.8588622472286769 0.6355441164123152 0.4248264966613539 -0.22115267869772973 -0.07650155397377387 0.11650069028511857 5913.0 17100.0 34296.0 55136.0 76896.0 97462.0 115561.0 130623.99999999999 142562.0 151564.0 157960.0 162124.0 164428.0 165214.0 164782.0 163389.0
26 1.0 124.32660505088496 35.92351084045525 -0.8588622472286769 0.6355441164123152 0.4248264966613539 -0.22115267869772973 -0.07650155397377387 0.11650069028511857 15785.0 37558.0 65633.0 95315.0 123012.0 146729.0 165735.0 180084.0 190236.0 196804.0 200424.0 201684.0 201094.0 199083.0 196003.0 192135.0
27 1.0 334.1092656476127 84.23380198876086 -0.8588622472286769 0.6355441164123152 0.4248264966613539 -0.22115267869772973 -0.07650155397377387 0.11650069028511857 5856.0 18043.0 37627.0 62022.0 87925.0 112648.0 134515.0 152743.0 167171.0 178011.0 185658.0 190575.0 193224.0 194030.0 193365.0 191547.0
28 1.0 253.5891846924718 88.99214213658229 -0.8588622472286769 0.6355441164123152 0.4248264966613539 -0.22115267869772973 -0.07650155397377387 0.11650069028511857 6626.0 19971.0 41000.0 66798.0 93849.0 119390.0 141757.0 160219.0 174680.0 185405.0 192840.0 197482.0 199821.0 200299.0 199303.0 197158.0
29 1.0 11.462014631270826 -8.672097119443265 -0.8588622472286769 0.6355441164123152 0.4248264966613539 -0.22115267869772973 -0.07650155397377387 0.11650069028511857 15145.0 39567.0 73503.0 111254.0 147755.0 179830.0 206052.0 226193.0 240695.0 250301.0 255836.99999999997 258091.00000000003 257763.00000000003 255446.0 251628.00000000003 246706.0
0 1.0 59.289896339248585 -77.2434399268425 -0.8588622472286769 0.6355441164123152 0.4248264966613539 -0.22115267869772973 -0.07650155397377387 0.11650069028511857 5126.0 16150.000000000002 34231.0 57119.0 81745.0 105520.0 126771.0 144668.0 158990.0 169890.0 177713.0 182884.0 185834.0 186967.0 186640.0 185160.0
1 1.0 223.73222453991488 -37.29707434070661 -0.8588622472286769 0.6355441164123152 0.4248264966613539 -0.22115267869772973 -0.07650155397377387 0.11650069028511857 3277.0 10866.0 23950.0 41221.0 60502.0 79756.0 97531.0 112998.0 125818.99999999999 135985.0 143675.0 149167.0 152767.0 154780.0 155486.0 155133.0
2 1.0 207.80229189750034 -62.57615297620852 -0.8588622472286769 0.6355441164123152 0.4248264966613539 -0.22115267869772973 -0.07650155397377387 0.11650069028511857 3566.0 11800.0 25944.0 44536.0 65196.00000000001 85726.0 104581.0 120895.0 134333.0 144907.0 152832.0 158415.0 161995.0 163902.0 164439.0 163871.0
3 1.0 85.64141569482311 -14.852452536717877 -0.8588622472286769 0.6355441164123152 0.4248264966613539 -0.22115267869772973 -0.07650155397377387 0.11650069028511857 3064.0 9742.0 20917.0 35406.0 51408.0 67298.0 81936.0 94681.0 105276.0 113721.0 120160.0 124814.0 127927.00000000001 129741.0 130479.00000000001 130339.00000000001
4 1.0 336.3170392529258 -66.36792087481392 -0.8588622472286769 0.6355441164123152 0.4248264966613539 -0.22115267869772973 -0.07650155397377387 0.11650069028511857 11543.0 30467.0 57276.0 87743.0 117878.0 145007.0 167786.0 185836.0 199356.0 208839.0 214883.0 218090.0 219014.0 218135.0 215862.0 212528.0
5 1.0 221.02774414772256 18.741204723758756 -0.8588622472286769 0.6355441164123152 0.4248264966613539 -0.22115267869772973 -0.07650155397377387 0.11650069028511857 5960.0 18446.0 38555.0 63616.00000000001 90210.0 115558.0 137936.0 156544.0 171229.0 182217.0 189924.0 194834.0 197425.0 198135.0 197350.0 195394.0
6 1.0 192.827809088985 -21.094549351586267 -0.8588622472286769 0.6355441164123152 0.4248264966613539 -0.22115267869772973 -0.07650155397377387 0.11650069028511857 6424.0 19416.0 39978.0 65307.00000000001 91969.0 117232.0 139432.0 157819.0 172274.0 183045.0 190557.0 195297.0 197744.0 198336.0 197452.0 195417.0
7 1.0 212.36759148764554 71.1694591718778 -0.8588622472286769 0.6355441164123152 0.4248264966613539 -0.22115267869772973 -0.07650155397377387 0.11650069028511857 8499.0 24652.0 49233.0 78560.0 108598.0 136369.0 160206.0 179479.0 194227.0 204850.0 211904.0 215978.0 217630.0 217353.0 215570.0 212632.0
8 1.0 262.8439306260371 84.20304092373033 -0.8588622472286769 0.6355441164123152 0.4248264966613539 -0.22115267869772973 -0.07650155397377387 0.11650069028511857 6319.0 19258.0 39839.0 65260.0 92058.0 117470.0 139808.0 158311.0 172857.0 183693.0 191248.0 196014.0 198472.0 199063.0 198171.0 196122.0
9 1.0 112.30019837265667 8.43928230049599 -0.8588622472286769 0.6355441164123152 0.4248264966613539 -0.22115267869772973 -0.07650155397377387 0.11650069028511857 8346.0 21357.0 39466.0 59908.0 80139.0 98460.0 114003.0 126504.0 136062.0 142970.0 147592.0 150303.0 151454.0 151354.0 150267.0 148416.0
10 1.0 143.35958239779308 -40.531757423832616 -0.8588622472286769 0.6355441164123152 0.4248264966613539 -0.22115267869772973 -0.07650155397377387 0.11650069028511857 4498.0 13889.0 29152.0 48441.0 69258.0 89478.0 107704.0 123219.0 135801.0 145540.0 152696.0 157600.0 160599.0 162021.0 162161.0 161275.0
11 1.0 75.54374963104397 16.601475377130626 -0.8588622472286769 0.6355441164123152 0.4248264966613539 -0.22115267869772973 -0.07650155397377387 0.11650069028511857 3776.0 11623.0 24378.0 40537.0 58044.0 75137.0 90641.0 103939.0 114821.0 123344.0 129704.00000000001 134166.0 137010.0 138506.0 138897.0 138397.0
12 1.0 67.02948211692102 71.41700848039378 -0.8588622472286769 0.6355441164123152 0.4248264966613539 -0.22115267869772973 -0.07650155397377387 0.11650069028511857 6346.0 18929.0 38648.0 62788.0 88106.0 112052.0 133084.0 150514.0 164239.0 174495.0 181680.0 186250.0 188654.0 189301.0 188548.0 186700.0
13 1.0 339.9740603942161 -16.787997749565307 -0.8588622472286769 0.6355441164123152 0.4248264966613539 -0.22115267869772973 -0.07650155397377387 0.11650069028511857 23978.0 55599.0 95120.0 135691.0 172462.0 203009.0 226675.0 243821.0 255274.99999999997 262003.0 264944.0 264927.0 262651.0 258687.99999999997 253496.0 247435.0
14 1.0 266.2382862177435 9.374089804554757 -0.8588622472286769 0.6355441164123152 0.4248264966613539 -0.22115267869772973 -0.07650155397377387 0.11650069028511857 3320.0 10359.0 21951.0 36800.0 53044.0 69044.0 83680.0 96339.0 106792.0 115062.0 121315.0 125782.0 128716.0 130365.00000000001 130953.00000000001 130681.99999999999
15 1.0 176.56517110232414 -41.10250183089374 -0.8588622472286769 0.6355441164123152 0.4248264966613539 -0.22115267869772973 -0.07650155397377387 0.11650069028511857 4562.0 14503.0 30979.0 52035.0 74899.0 97170.0 117254.0 134330.0 148141.0 158786.0 166557.0 171830.0 174994.0 176418.0 176435.0 175331.0
16 1.0 81.86926607039636 -8.020053098995149 -0.8588622472286769 0.6355441164123152 0.4248264966613539 -0.22115267869772973 -0.07650155397377387 0.11650069028511857 3121.0 9877.0 21141.0 35703.0 51750.0 67654.0 82281.0 94997.0 105554.0 113954.0 120349.0 124959.0 128033.00000000001 129810.00000000001 130516.0 130348.99999999999
17 1.0 91.56833343734147 -17.69156363167224 -0.8588622472286769 0.6355441164123152 0.4248264966613539 -0.22115267869772973 -0.07650155397377387 0.11650069028511857 3166.0 9978.0 21301.0 35906.0 51974.0 67876.0 82482.0 95165.0 105678.0 114031.0 120377.0 124941.0 127972.0 129712.0 130386.0 130192.0
18 1.0 20.89049771659522 -45.28557628506522 -0.8588622472286769 0.6355441164123152 0.4248264966613539 -0.22115267869772973 -0.07650155397377387 0.11650069028511857 12413.0 33518.0 63747.0 98196.0 132192.0 162623.0 187959.0 207807.0 222448.0 232489.0 238650.0 241642.0 242109.0 240606.0 237597.0 233460.0
19 1.0 156.3899852009235 1.0559490885555078 -0.8588622472286769 0.6355441164123152 0.4248264966613539 -0.22115267869772973 -0.07650155397377387 0.11650069028511857 18162.0 43282.0 75668.0 109868.0 141712.0 168900.0 190604.0 206908.0 218357.0 225677.0 229611.0 230845.0 229971.0 227484.0 223789.0 219210.0
20 1.0 112.24651751787692 -34.13145132363395 -0.8588622472286769 0.6355441164123152 0.4248264966613539 -0.22115267869772973 -0.07650155397377387 0.11650069028511857 3542.0 11131.0 23690.0 39818.0 57478.0 74872.0 90768.0 104493.0 115798.0 124713.0 131420.0 136178.0 139267.0 140958.0 141500.0 141113.0
21 1.0 250.6836559735654 -22.85372450146545 -0.8588622472286769 0.6355441164123152 0.4248264966613539 -0.22115267869772973 -0.07650155397377387 0.11650069028511857 3198.0 10197.0 21928.0 37144.0 53942.0 70606.0 85935.0 99257.0 110306.0 119086.0 125757.00000000001 130552.0 133733.0 135555.0 136254.0 136041.0
22 1.0 135.99066214529313 4.494679605767573 -0.8588622472286769 0.6355441164123152 0.4248264966613539 -0.22115267869772973 -0.07650155397377387 0.11650069028511857 15175.0 36014.0 62833.0 91154.0 117564.0 140177.0 158307.0 172009.0 181721.0 188027.0 191528.0 192781.0 192270.0 190401.0 187507.0 183857.0
23 1.0 64.65732392146853 45.10710412721775 -0.8588622472286769 0.6355441164123152 0.4248264966613539 -0.22115267869772973 -0.07650155397377387 0.11650069028511857 4864.0 14835.0 30828.0 50813.0 72171.0 92738.0 111128.0 126662.0 139157.0 148742.0 155704.0 160394.0 163174.0 164380.0 164314.0 163236.0
24 1.0 8.884342220879242 -29.968656157570443 -0.8588622472286769 0.6355441164123152 0.4248264966613539 -0.22115267869772973 -0.07650155397377387 0.11650069028511857 18132.0 45692.0 82813.0 123147.0 161408.0 194468.0 221060.0 241126.0 255253.0 264300.0 269171.0 270711.0 269658.0 266627.0 262122.00000000003 256547.00000000003
25 1.0 24.20986732676949 76.34857799173744 -0.8588622472286769 0.6355441164123152 0.4248264966613539 -0.22115267869772973 -0.07650155397377387 0.11650069028511857 5527.0 17118.0 35848.0 59294.0 84302.0 108276.0 129574.0 147410.0 161603.0 172334.0 179973.0 184956.0 187725.0 188687.0 188203.0 186580.0
26 1.0 244.58139845948423 65.21733843046243 -0.8588622472286769 0.6355441164123152 0.4248264966613539 -0.22115267869772973 -0.07650155397377387 0.11650069028511857 5903.0 18255.0 38151.0 62958.0 89302.0 114434.0 136643.0 155133.0 169743.0 180694.0 188393.0 193317.0 195937.0 196688.0 195950.0 194047.0
27 1.0 163.33086404017632 -81.23574672440486 -0.8588622472286769 0.6355441164123152 0.4248264966613539 -0.22115267869772973 -0.07650155397377387 0.11650069028511857 4048.0000000000005 13210.0 28729.0 48892.0 71066.0 92893.0 112756.0 129784.00000000001 143671.0 154474.0 162453.0 167957.0 171361.0 173024.0 173271.0 172385.0
28 1.0 193.16851599914 -44.3443456337719 -0.8588622472286769 0.6355441164123152 0.4248264966613539 -0.22115267869772973 -0.07650155397377387 0.11650069028511857 3844.0 12653.0 27695.0 47361.0 69101.0 90597.0 110237.0 127139.0 140978.0 151792.0 159822.0 165406.0 168908.0 170678.0 171037.0 170264.0
29 1.0 322.80166549452315 -9.695607721343649 -0.8588622472286769 0.6355441164123152 0.4248264966613539 -0.22115267869772973 -0.07650155397377387 0.11650069028511857 19561.0 45391.0 77774.0 111154.0 141552.0 166947.0 186758.0 201241.0 211048.0 216955.0 219720.0 220019.0 218425.0 215408.0 211346.0 206537.0
0 1.0 356.52202106281356 -71.16698002635466 -0.8588622472286769 0.6355441164123152 0.4248264966613539 -0.22115267869772973 -0.07650155397377387 0.11650069028511857 9408.0 26122.0 50808.0 79723.0 108992.0 135847.0 158776.0 177245.0 191332.0 201445.0 208127.0 211950.0 213449.0 213098.0 211301.0 208397.0
1 1.0 78.08291438345061 -27.274321973970522 -0.8588622472286769 0.6355441164123152 0.4248264966613539 -0.22115267869772973 -0.07650155397377387 0.11650069028511857 2975.0 9739.0 21323.0 36587.0 53646.0 70737.0 86594.0 100481.0 112087.0 121382.0 128509.00000000001 133695.0 137200.0 139283.0 140185.0 140123.0
2 1.0 238.70815311603627 43.21755461118286 -0.8588622472286769 0.6355441164123152 0.4248264966613539 -0.22115267869772973 -0.07650155397377387 0.11650069028511857 5044.0 15907.000000000002 33754.0 56387.0 80780.0 104370.0 125488.99999999999 143304.0 157586.0 168478.0 176317.0 181519.0 184512.0 185694.0 185420.0 183995.0
3 1.0 94.79605562537424 32.49260660570866 -0.8588622472286769 0.6355441164123152 0.4248264966613539 -0.22115267869772973 -0.07650155397377387 0.11650069028511857 6952.0 18889.0 36366.0 56838.0 77687.0 97014.0 113751.0 127481.00000000001 138204.0 146157.0 151681.0 155148.0 156914.0 157301.0 156590.0 155018.0
4 1.0 7.434359807662325 22.02919714188087 -0.8588622472286769 0.6355441164123152 0.4248264966613539 -0.22115267869772973 -0.07650155397377387 0.11650069028511857 8671.0 24952.0 49584.0 78862.0 108775.0 136384.0 160052.0 179172.0 193790.0 204310.0 211287.0 215308.0 216924.0 216628.0 214838.0 211903.0
5 1.0 273.01631538101094 37.895112490022214 -0.8588622472286769 0.6355441164123152 0.4248264966613539 -0.22115267869772973 -0.07650155397377387 0.11650069028511857 3762.0 11888.0 25352.0 42622.0 61489.0 80014.0 96883.0 111389.0 123284.0 132612.0 139582.0 144479.0 147606.0 149257.0 149700.0 149169.0
6 1.0 115.20617429608842 -53.113736347253685 -0.8588622472286769 0.6355441164123152 0.4248264966613539 -0.22115267869772973 -0.07650155397377387 0.11650069028511857 3273.0 10780.0 23657.0 40599.0 59470.0 78288.0 95646.0 110743.0 123256.0 133181.0 140694.0 146066.0 149596.0 151579.0 152288.0 151964.0
7 1.0 138.04700190188328 -28.494339324348218 -0.8588622472286769 0.6355441164123152 0.4248264966613539 -0.22115267869772973 -0.07650155397377387 0.11650069028511857 6013.0 17149.0 34147.0 54692.0 76132.0 96409.0 114279.0 129178.99999999999 141015.0 149968.0 156353.0 160537.0 162882.0 163724.0 163358.0 162037.0
8 1.0 211.79416087929806 31.723646809943318 -0.8588622472286769 0.6355441164123152 0.4248264966613539 -0.22115267869772973 -0.07650155397377387 0.11650069028511857 9699.0 27685.0 54623.0 86329.0 118413.0 147742.0 172633.0 192517.0 207518.0 218123.0 224964.0 228692.0 229909.0 229145.0 226849.0 223388.0
9 1.0 299.17744388502854 68.26225734563889 -0.8588622472286769 0.6355441164123152 0.4248264966613539 -0.22115267869772973 -0.07650155397377387 0.11650069028511857 4817.0 15215.0 32328.000000000004 54073.0 77562.0 100336.0 120786.0 138097.0 152032.0 162715.0 170460.0 175658.0 178715.0 180012.0 179889.0 178638.0
10 1.0 226.43346369281355 7.86204968905713 -0.8588622472286769 0.6355441164123152 0.4248264966613539 -0.22115267869772973 -0.07650155397377387 0.11650069028511857 4239.0 13699.0 29607.0 50172.0 72703.0 94813.0 114880.0 132039.0 145996.0 156820.0 164783.0 170244.0 173587.0 175176.0 175341.0 174370.0
11 1.0 314.1542359610623 -39.11406282980341 -0.8588622472286769 0.6355441164123152 0.4248264966613539 -0.22115267869772973 -0.07650155397377387 0.11650069028511857 17598.0 41536.0 72126.0 104209.0 133919.0 159171.0 179248.0 194270.0 204770.0 211437.0 214970.0 216006.0 215096.0 212700.0 209191.0 204869.0
12 1.0 98.47513253362888 -84.55765355892314 -0.8588622472286769 0.6355441164123152 0.4248264966613539 -0.22115267869772973 -0.07650155397377387 0.11650069028511857 4593.0 14700.0 31517.999999999996 53058.0 76467.0 99269.0 119820.0 137272.0 151365.0 162203.0 170090.0 175415.0 178580.0 179968.0 179919.0 178729.0
13 1.0 287.29686020852296 37.8606292153584 -0.8588622472286769 0.6355441164123152 0.4248264966613539 -0.22115267869772973 -0.07650155397377387 0.11650069028511857 4173.0 12898.0 27085.0 45023.0 64399.0 83243.0 100260.0 114779.0 126590.00000000001 135769.0 142551.0 147239.0 150151.0 151588.0 151824.0 151095.0
14 1.0 66.8289399501428 -88.58086136848073 -0.8588622472286769 0.6355441164123152 0.4248264966613539 -0.22115267869772973 -0.07650155397377387 0.11650069028511857 5013.0 15754.0 33356.0 55647.0 79657.0 102875.0 123667.0 141220.0 155306.0 166065.0 173826.0 178995.0 181989.0 183200.0 182974.0 181612.0
15 1.0 343.0049965099 -22.9177674322208 -0.8588622472286769 0.6355441164123152 0.4248264966613539 -0.22115267869772973 -0.07650155397377387 0.11650069028511857 24436.0 56816.0 97384.0 139103.0 176967.0 208456.0 232875.0 250581.0 262419.0 269382.0 272435.0 272432.0 270096.0 266018.0 260668.0 254421.99999999997
16 1.0 247.4957794996135 5.496698621300723 -0.8588622472286769 0.6355441164123152 0.4248264966613539 -0.22115267869772973 -0.07650155397377387 0.11650069028511857 3008.0 9783.0 21328.0 36488.0 53389.0 70292.0 85954.0 99656.0 111097.0 120256.0 127274.0 132377.0 135824.0 137869.0 138751.0 138684.0
17 1.0 77.58276376088104 75.98006311809476 -0.8588622472286769 0.6355441164123152 0.4248264966613539 -0.22115267869772973 -0.07650155397377387 0.11650069028511857 6914.0 20364.0 41201.0 66481.0 92794.0 117515.0 139090.0 156856.0 170745.0 181032.0 188150.0 192583.0 194803.0 195234.0 194248.0 192158.0
18 1.0 341.0534125760127 -73.89098189407798 -0.8588622472286769 0.6355441164123152 0.4248264966613539 -0.22115267869772973 -0.07650155397377387 0.11650069028511857 8869.0 24759.0 48373.0 76182.0 104478.0 130568.99999999999 152961.0 171098.0 185023.0 195107.0 201860.0 205824.0 207512.0 207380.0 205821.0 203161.0
19 1.0 263.1080904372568 -16.930382045708924 -0.8588622472286769 0.6355441164123152 0.4248264966613539 -0.22115267869772973 -0.07650155397377387 0.11650069028511857 3666.0 11168.0 23299.0 38633.0 55242.0 71474.0 86224.0 98906.0 109317.0 117501.0 123639.0 127975.0 130771.0 132278.0 132726.0 132318.0
20 1.0 91.4189913342093 -85.6236240521716 -0.8588622472286769 0.6355441164123152 0.4248264966613539 -0.22115267869772973 -0.07650155397377387 0.11650069028511857 4735.0 15068.0 32176.999999999996 54010.0 77664.0 100649.0 121318.0 138835.0 152948.0 163776.0 171630.0 176908.0 180017.0 181344.0 181232.0 179978.0
21 1.0 76.79231185229351 -28.33002281851374 -0.8588622472286769 0.6355441164123152 0.4248264966613539 -0.22115267869772973 -0.07650155397377387 0.11650069028511857 2999.0 9834.0 21556.0 37013.0 54299.0 71623.0 87698.0 101776.0 113539.0 122956.0 130172.00000000001 135418.0 138956.0 141051.0 141949.0 141868.0
22 1.0 186.55225701503878 22.00159059116308 -0.8588622472286769 0.6355441164123152 0.4248264966613539 -0.22115267869772973 -0.07650155397377387 0.11650069028511857 18680.0 46724.0 84267.0 124880.0 163279.0 196369.0 222919.0 242901.0 256925.0 265861.0 270622.0 272058.0 270906.0 267785.0 263198.0 257548.99999999997
23 1.0 9.238578499631366 -39.767769318852295 -0.8588622472286769 0.6355441164123152 0.4248264966613539 -0.22115267869772973 -0.07650155397377387 0.11650069028511857 16911.0 43012.0 78505.0 117382.0 154532.0 186859.0 213052.0 232984.0 247171.0 256411.99999999997 261563.0 263436.0 262740.0 260077.0 255938.0 250718.0
24 1.0 74.68922715879938 -52.245009061985684 -0.8588622472286769 0.6355441164123152 0.4248264966613539 -0.22115267869772973 -0.07650155397377387 0.11650069028511857 3617.0 11923.0 26156.0 44844.0 65599.0 86218.0 105154.0 121540.0 135037.0 145658.0 153618.0 159225.0 162819.0 164732.0 165268.0 164694.0
25 1.0 152.88676875054225 -69.17341800112314 -0.8588622472286769 0.6355441164123152 0.4248264966613539 -0.22115267869772973 -0.07650155397377387 0.11650069028511857 3524.0 11721.0 25859.0 44499.0 65255.99999999999 85915.0 104913.0 121368.0 134934.0 145618.0 153631.0 159284.0 162915.0 164858.0 165417.0 164861.0
26 1.0 134.7011929203212 13.88524392366152 -0.8588622472286769 0.6355441164123152 0.4248264966613539 -0.22115267869772973 -0.07650155397377387 0.11650069028511857 17343.0 40457.0 69631.0 99892.0 127624.99999999999 150945.0 169271.0 182791.0 192064.0 197773.0 200596.0 201142.0 199931.0 197391.0 193867.0 189635.0
27 1.0 166.88715277133184 35.14860106284348 -0.8588622472286769 0.6355441164123152 0.4248264966613539 -0.22115267869772973 -0.07650155397377387 0.11650069028511857 23566.0 55585.0 96251.0 138525.0 177237.0 209690.0 235055.0 253608.99999999997 266160.0 273692.0 277178.0 277488.0 275362.0 271409.0 266117.0 259874.0
28 1.0 99.94633426610349 30.95228530724802 -0.8588622472286769 0.6355441164123152 0.4248264966613539 -0.22115267869772973 -0.07650155397377387 0.11650069028511857 7913.0 20876.0 39382.0 60653.0 81990.0 101516.0 118229.0 131780.0 142231.0 149864.0 155052.0 158186.0 159636.0 159731.0 158755.0 156945.0
29 1.0 211.24236472494076 80.79498372969132 -0.8588622472286769 0.6355441164123152 0.4248264966613539 -0.22115267869772973 -0.07650155397377387 0.11650069028511857 7575.0 22355.0 45207.0 72821.0 101414.0 128112.0 151247.0 170140.0 184761.0 195446.0 202696.0 207056.0 209050.0 209147.0 207752.0 205205.0
0 1.0 310.9880181323633 -89.51342149916951 -0.8588622472286769 0.6355441164123152 0.4248264966613539 -0.22115267869772973 -0.07650155397377387 0.11650069028511857 5080.0 15900.999999999998 33578.0 55916.0 79938.0 103139.0 123896.0 141404.0 155443.0 166156.0 173875.0 179007.0 181971.0 183156.0 182909.0 181530.0
1 1.0 42.31146814633191 26.49539770092649 -0.8588622472286769 0.6355441164123152 0.4248264966613539 -0.22115267869772973 -0.07650155397377387 0.11650069028511857 4390.0 13937.0 29754.0 49983.0 71978.0 93446.0 112855.0 129406.0 142841.0 153246.0 160890.0 166127.0 169325.0 170838.0 170981.0 170031.0
2 1.0 186.2564785754811 18.070602677575124 -0.8588622472286769 0.6355441164123152 0.4248264966613539 -0.22115267869772973 -0.07650155397377387 0.11650069028511857 18225.0 45721.0 82648.0 122705.0 160676.0 193479.0 219868.0 239791.0 253830.0 262833.0 267696.0 269254.0 268236.0 265253.0 260803.0 255288.00000000003
3 1.0 47.54451828425519 15.973129794651868 -0.8588622472286769 0.6355441164123152 0.4248264966613539 -0.22115267869772973 -0.07650155397377387 0.11650069028511857 4104.0 13093.0 28075.0 47345.0 68411.0 89080.0 107865.0 123972.0 137127.0 147387.0 154994.0 160276.0 163581.0 165242.0 165562.0 164807.0
4 1.0 258.06948522933374 83.29865757124364 -0.8588622472286769 0.6355441164123152 0.4248264966613539 -0.22115267869772973 -0.07650155397377387 0.11650069028511857 6341.0 19321.0 39962.0 65450.99999999999 92312.0 117776.0 140154.0 158684.0 173244.0 184086.0 191640.0 196399.0 198847.0 199425.0 198519.0 196455.0
5 1.0 142.58149301062573 -86.96309879339286 -0.8588622472286769 0.6355441164123152 0.4248264966613539 -0.22115267869772973 -0.07650155397377387 0.11650069028511857 4605.0 14698.0 31461.999999999996 52910.0 76203.0 98884.0 119323.0 136681.0 150700.0 161484.0 169336.0 174640.0 177798.0 179188.0 179149.0 177974.0
6 1.0 203.55167226906323 35.36683752626102 -0.8588622472286769 0.6355441164123152 0.4248264966613539 -0.22115267869772973 -0.07650155397377387 0.11650069028511857 12754.0 34564.0 65808.0 101359.0 136355.0 167583.0 193487.0 213690.0 228508.0 238588.0 244686.0 247543.0 247826.0 246110.0 242871.0 238497.0
7 1.0 65.9807410370683 56.462156946335426 -0.8588622472286769 0.6355441164123152 0.4248264966613539 -0.22115267869772973 -0.07650155397377387 0.11650069028511857 5554.0 16704.0 34348.0 56146.0 79210.0 101215.0 120715.0 137032.0 150024.0 159866.0 166896.0 171511.0 174109.0 175059.0 174685.0 173265.0
8 1.0 52.1451933636158 1.7652953918851466 -0.8588622472286769 0.6355441164123152 0.4248264966613539 -0.22115267869772973 -0.07650155397377387 0.11650069028511857 3842.0 12355.0 26663.0 45202.0 65601.0 85735.0 104139.0 120008.0 133046.0 143283.0 150938.0 156317.0 159751.0 161563.0 162045.0 161455.0
9 1.0 175.70026103362363 -29.886323472574354 -0.8588622472286769 0.6355441164123152 0.4248264966613539 -0.22115267869772973 -0.07650155397377387 0.11650069028511857 6403.0 19024.0 38792.0 63016.0 88459.0 112562.0 133767.0 151371.0 165258.0 175654.0 182957.0 187620.0 190094.0 190790.0 190067.0 188233.0
10 1.0 128.020585625984 52.35122938093289 -0.8588622472286769 0.6355441164123152 0.4248264966613539 -0.22115267869772973 -0.07650155397377387 0.11650069028511857 15006.0 36928.0 66087.0 97666.0 127714.0 153884.0 175195.0 191562.0 203383.0 211269.0 215882.0 217846.0 217715.0 215960.0 212970.0 209059.0
11 1.0 338.5555002910127 -72.49627338616357 -0.8588622472286769 0.6355441164123152 0.4248264966613539 -0.22115267869772973 -0.07650155397377387 0.11650069028511857 9333.0 25754.0 49923.0 78188.0 106790.0 133043.0 155483.0 173587.0 187427.0 197393.0 204012.0 207837.0 209387.0 209122.0 207437.0 204660.0
12 1.0 275.5170913705075 -10.43358520861345 -0.8588622472286769 0.6355441164123152 0.4248264966613539 -0.22115267869772973 -0.07650155397377387 0.11650069028511857 4722.0 13497.0 26966.0 43359.0 60602.0 77057.0 91701.0 104050.0 113989.0 121632.0 127207.99999999999 130993.0 133267.0 134294.0 134308.0 133512.0
13 1.0 269.51890314619703 3.5914274227508827 -0.8588622472286769 0.6355441164123152 0.4248264966613539 -0.22115267869772973 -0.07650155397377387 0.11650069028511857 3559.0 10873.0 22718.0 37709.0 53961.0 69856.0 84311.0 96747.0 106964.0 115002.0 121036.0 125304.0 128062.00000000001 129555.0 130009.99999999999 129622.99999999999
14 1.0 325.33910630853603 34.91215396821855 -0.8588622472286769 0.6355441164123152 0.4248264966613539 -0.22115267869772973 -0.07650155397377387 0.11650069028511857 6928.0 19853.0 39505.0 63081.0 87460.0 110282.0 130168.0 146542.0 159359.0 168875.0 175488.0 179639.0 181755.0 182224.0 181384.0 179520.0
15 1.0 30.032076759126678 -73.6405682341663 -0.8588622472286769 0.6355441164123152 0.4248264966613539 -0.22115267869772973 -0.07650155397377387 0.11650069028511857 6812.0 20334.0 41518.0 67419.0 94521.0 120077.0 142435.0 160876.0 175308.0 186003.0 193405.0 198017.0 200325.0 200775.0 199751.0 197581.0
16 1.0 198.78928917206636 -49.00328972318503 -0.8588622472286769 0.6355441164123152 0.4248264966613539 -0.22115267869772973 -0.07650155397377387 0.11650069028511857 3579.0 11886.0 26190.0 45021.0 65965.0 86787.0 105912.0 122457.0 136079.0 146792.0 154811.0 160452.0 164059.0 165968.0 166488.0 165888.0
17 1.0 210.4113848240768 -16.14571871577739 -0.8588622472286769 0.6355441164123152 0.4248264966613539 -0.22115267869772973 -0.07650155397377387 0.11650069028511857 4604.0 14807.0 31842.000000000004 53698.0 77468.0 100625.0 121490.0 139196.0 153478.0 164446.0 172412.0 177772.0 180939.0 182303.0 182211.0 180963.0
18 1.0 346.2970962770024 22.193041143623518 -0.8588622472286769 0.6355441164123152 0.4248264966613539 -0.22115267869772973 -0.07650155397377387 0.11650069028511857 10909.0 29251.0 55514.0 85559.0 115405.0 142356.0 165042.0 183058.0 196586.0 206105.0 212205.0 215481.0 216483.0 215688.0 213501.0 210256.0
19 1.0 105.17310964531758 69.65294061913514 -0.8588622472286769 0.6355441164123152 0.4248264966613539 -0.22115267869772973 -0.07650155397377387 0.11650069028511857 8953.0 24782.0 48101.0 75375.0 102975.0 128310.00000000001 149974.0 167464.0 180850.0 190509.0 196948.0 200694.0 202249.0 202054.0 200487.0 197864.0
20 1.0 86.69836076956085 21.388710283447764 -0.8588622472286769 0.6355441164123152 0.4248264966613539 -0.22115267869772973 -0.07650155397377387 0.11650069028511857 4801.0 13945.0 28124.0 45476.0 63778.0 81262.0 96822.0 109934.0 120475.0 128567.99999999999 134459.0 138445.0 140829.0 141890.0 141879.0 141013.0
21 1.0 36.10581921557922 -65.9769352317118 -0.8588622472286769 0.6355441164123152 0.4248264966613539 -0.22115267869772973 -0.07650155397377387 0.11650069028511857 7095.0 21133.0 43052.0 69759.0 97611.0 123783.0 146599.0 165345.0 179951.0 190713.0 198102.0 202641.0 204835.0 205142.0 203959.0 201620.0
22 1.0 5.9146666529307135 86.50442390171082 -0.8588622472286769 0.6355441164123152 0.4248264966613539 -0.22115267869772973 -0.07650155397377387 0.11650069028511857 6201.0 18891.0 39083.0 64047.00000000001 90392.0 115408.0 137432.0 155708.0 170107.0 180864.0 188395.0 193177.0 195683.0 196344.0 195537.0 193582.0
23 1.0 334.6305540451886 66.92143225598872 -0.8588622472286769 0.6355441164123152 0.4248264966613539 -0.22115267869772973 -0.07650155397377387 0.11650069028511857 4902.0 15470.0 32841.0 54883.0 78661.0 101685.0 122329.0 139777.0 153798.0 164523.0 172276.0 177457.0 180478.0 181726.0 181545.0 180231.0
24 1.0 241.16995677272763 0.4897370061583217 -0.8588622472286769 0.6355441164123152 0.4248264966613539 -0.22115267869772973 -0.07650155397377387 0.11650069028511857 3047.0 9987.0 21881.0 37558.0 55083.0 72639.0 88921.0 103172.0 115069.0 124586.0 131868.0 137151.0 140703.0 142794.0 143672.0 143560.0
25 1.0 282.6550483283296 76.02263672339393 -0.8588622472286769 0.6355441164123152 0.4248264966613539 -0.22115267869772973 -0.07650155397377387 0.11650069028511857 5401.0 16876.0 35557.0 59062.0 84228.0 108420.0 129955.99999999999 148022.0 162418.0 173318.0 181090.0 186171.0 189009.0 190014.0 189552.0 187935.0
26 1.0 101.42283807142167 7.448542876284435 -0.8588622472286769 0.6355441164123152 0.4248264966613539 -0.22115267869772973 -0.07650155397377387 0.11650069028511857 5664.0 15597.0 30364.0 47905.0 66002.0 82988.0 97885.0 110272.0 120099.0 127530.0 132835.0 136318.0 138280.0 138996.0 138709.0 137626.0
27 1.0 211.1076598270776 76.19509222004936 -0.8588622472286769 0.6355441164123152 0.4248264966613539 -0.22115267869772973 -0.07650155397377387 0.11650069028511857 8074.0 23594.0 47378.0 75915.0 105287.0 132565.0 156082.0 175185.0 189881.0 200538.0 207688.0 211900.0 213715.0 213615.0 212015.0 209260.0
28 1.0 23.023895803553206 59.38152634860177 -0.8588622472286769 0.6355441164123152 0.4248264966613539 -0.22115267869772973 -0.07650155397377387 0.11650069028511857 4933.0 15542.0 32959.0 55039.0 78841.0 101874.0 122516.0 139954.0 153959.0 164667.0 172402.0 177564.0 180568.0 181800.0 181605.0 180278.0
29 1.0 174.82593453646425 84.29155385297352 -0.8588622472286769 0.6355441164123152 0.4248264966613539 -0.22115267869772973 -0.07650155397377387 0.11650069028511857 7701.0 22550.0 45376.0 72857.0 101242.0 127702.00000000001 150604.0 169291.0 183743.0 194298.0 201454.0 205751.0 207709.0 207790.0 206396.0 203862.0
0 1.0 351.89825030800085 75.5609059400685 -0.8588622472286769 0.6355441164123152 0.4248264966613539 -0.22115267869772973 -0.07650155397377387 0.11650069028511857 5219.0 16357.0 34540.0 57484.0 82112.0 105848.0 127034.00000000001 144855.0 159102.0 169931.0 177693.0 182812.0 185720.0 186819.0 186465.0 184966.0
1 1.0 315.54188831397266 -83.5139128628575 -0.8588622472286769 0.6355441164123152 0.4248264966613539 -0.22115267869772973 -0.07650155397377387 0.11650069028511857 6095.0 18331.0 37681.0 61556.0 86763.0 110743.0 131916.0 149553.0 163514.0 174009.0 181422.0 186198.0 188783.0 189584.0 188959.0 187216.0
2 1.0 121.73722266126443 -58.54103925103081 -0.8588622472286769 0.6355441164123152 0.4248264966613539 -0.22115267869772973 -0.07650155397377387 0.11650069028511857 3336.0 11046.0 24314.0 41803.0 61298.0 80740.0 98665.0 114242.0 127137.0 137345.0 145053.0 150543.0 154128.0 156115.0 156787.0 156394.0
3 1.0 346.16525563493946 -19.95575812178656 -0.8588622472286769 0.6355441164123152 0.4248264966613539 -0.22115267869772973 -0.07650155397377387 0.11650069028511857 24110.0 56414.0 97132.0 139210.0 177556.0 209565.0 234480.0 252620.0 264817.0 272060.0 275320.0 275461.0 273215.0 269183.0 263845.0 257583.0
4 1.0 83.41258552963363 81.38568551317573 -0.8588622472286769 0.6355441164123152 0.4248264966613539 -0.22115267869772973 -0.07650155397377387 0.11650069028511857 7039.0 20792.0 42125.0 68013.0 94949.0 120234.0 142274.0 160394.0 174531.0 184972.0 192168.0 196618.0 198806.0 199172.0 198094.0 195895.0
5 1.0 341.75477606964535 -35.99479449433267 -0.8588622472286769 0.6355441164123152 0.4248264966613539 -0.22115267869772973 -0.07650155397377387 0.11650069028511857 23001.0 53955.0 93106.0 133707.0 170845.0 201969.0 226308.0 244134.0 256220.99999999997 263509.0 266923.0 267293.0 265324.0 261598.0 256581.0 250643.99999999997
6 1.0 338.8959736943395 -61.11582410023181 -0.8588622472286769 0.6355441164123152 0.4248264966613539 -0.22115267869772973 -0.07650155397377387 0.11650069028511857 13728.0 35111.0 64549.99999999999 97265.0 129032.00000000001 157169.0 180430.0 198564.0 211888.0 220989.0 226538.0 229189.0 229529.0 228065.0 225219.0 221335.0
7 1.0 287.71293144686103 69.53483989558077 -0.8588622472286769 0.6355441164123152 0.4248264966613539 -0.22115267869772973 -0.07650155397377387 0.11650069028511857 4925.0 15536.0 32972.0 55096.0 78966.0 102079.0 122805.0 140323.0 154401.0 165170.0 172954.0 178155.0 181186.0 182437.0 182252.0 180929.0
8 1.0 226.9612572720448 -9.649005213023472 -0.8588622472286769 0.6355441164123152 0.4248264966613539 -0.22115267869772973 -0.07650155397377387 0.11650069028511857 3445.0 11355.0 24932.0 42800.0 62701.99999999999 82538.0 100819.0 116701.0 129842.00000000001 140239.0 148085.0 153666.0 157302.0 159308.0 159973.0 159553.0
9 1.0 314.7436679849809 73.41760698377868 -0.8588622472286769 0.6355441164123152 0.4248264966613539 -0.22115267869772973 -0.07650155397377387 0.11650069028511857 5036.0 15859.000000000002 33612.0 56097.0 80313.0 103721.0 124674.0 142350.0 156525.0 167341.0 175131.0 180308.0 183294.0 184484.0 184229.0 182830.0
10 1.0 105.48730242280682 -61.15851606237421 -0.8588622472286769 0.6355441164123152 0.4248264966613539 -0.22115267869772973 -0.07650155397377387 0.11650069028511857 3356.0 11147.0 24586.0 42327.0 62123.0 81874.0 100089.0 115919.0 129022.0 139391.0 147218.0 152789.0 156422.0 158432.0 159105.0 158698.0
11 1.0 305.61967991265055 29.00115207145791 -0.8588622472286769 0.6355441164123152 0.4248264966613539 -0.22115267869772973 -0.07650155397377387 0.11650069028511857 6002.0 17173.0 34212.0 54756.0 76133.0 96287.0 113992.0 128706.99999999999 140354.0 149127.0 155352.0 159397.0 161627.0 162376.0 161937.0 160562.0
12 1.0 222.43560909030856 -10.75252449069147 -0.8588622472286769 0.6355441164123152 0.4248264966613539 -0.22115267869772973 -0.07650155397377387 0.11650069028511857 3721.0 12219.0 26732.0 45737.0 66795.0 87673.0 106808.0 123333.0 136916.0 147579.0 155545.0 161133.0 164688.0 166549.0 167023.0 166382.0
13 1.0 4.765268793203816 -76.23238157454863 -0.8588622472286769 0.6355441164123152 0.4248264966613539 -0.22115267869772973 -0.07650155397377387 0.11650069028511857 7625.0 22106.0 44282.0 70965.0 98557.0 124330.0 146701.0 165015.0 179237.0 189680.0 196815.0 201161.0 203216.0 203429.0 202187.0 199818.0
14 1.0 125.00406645559904 35.363366037450106 -0.8588622472286769 0.6355441164123152 0.4248264966613539 -0.22115267869772973 -0.07650155397377387 0.11650069028511857 16020.0 38027.0 66331.0 96191.0 123998.0 147764.0 166773.0 181095.0 191197.0 197705.0 201260.0 202453.0 201798.0 199724.0 196583.0 192659.0
15 1.0 53.330709941339414 -45.46822400295233 -0.8588622472286769 0.6355441164123152 0.4248264966613539 -0.22115267869772973 -0.07650155397377387 0.11650069028511857 5006.0 15900.999999999998 33881.0 56736.0 81395.0 105251.0 126604.0 144608.0 159029.0 170014.0 177908.0 183133.0 186124.0 187286.0 186979.0 185511.0
16 1.0 353.45858033457114 -82.86920593568681 -0.8588622472286769 0.6355441164123152 0.4248264966613539 -0.22115267869772973 -0.07650155397377387 0.11650069028511857 6290.0 18887.0 38760.0 63225.0 88993.0 113449.0 134989.0 152882.0 167002.0 177575.0 185001.0 189744.0 192259.0 192966.0 192232.0 190368.0
17 1.0 172.2133105343957 -79.21002631507682 -0.8588622472286769 0.6355441164123152 0.4248264966613539 -0.22115267869772973 -0.07650155397377387 0.11650069028511857 3933.0 12886.0 28111.0 47952.0 69832.0 91419.0 111107.0 128022.0 141849.0 152633.0 160623.0 166162.0 169616.0 171340.0 171653.0 170836.0
18 1.0 179.06089157951857 -79.00586332797828 -0.8588622472286769 0.6355441164123152 0.4248264966613539 -0.22115267869772973 -0.07650155397377387 0.11650069028511857 3949.0000000000005 12924.0 28172.0 48030.0 69916.0 91501.0 111180.0 128082.0 141894.0 152664.0 160641.0 166167.0 169611.0 171326.0 171632.0 170810.0
19 1.0 230.2101059035405 73.39193234730709 -0.8588622472286769 0.6355441164123152 0.4248264966613539 -0.22115267869772973 -0.07650155397377387 0.11650069028511857 7081.0 21246.0 43443.0 70524.0 98770.0 125295.99999999999 148396.0 167348.0 182087.0 192922.0 200334.0 204859.0 207013.0 207261.0 206007.0 203589.0
20 1.0 132.6904582066623 43.17910520923817 -0.8588622472286769 0.6355441164123152 0.4248264966613539 -0.22115267869772973 -0.07650155397377387 0.11650069028511857 17820.0 42294.0 73720.0 106790.0 137491.0 163631.0 184441.0 200025.0 210926.0 217854.0 221532.0 222620.0 221691.0 219222.0 215602.0 211142.0
21 1.0 49.284097806815616 71.6512242984723 -0.8588622472286769 0.6355441164123152 0.4248264966613539 -0.22115267869772973 -0.07650155397377387 0.11650069028511857 5732.0 17513.0 36343.0 59733.0 84543.0 108225.0 129193.0 146703.0 160599.0 171077.0 178509.0 183332.0 185981.0 186859.0 186321.0 184668.0
22 1.0 295.9623839499284 31.064816033373845 -0.8588622472286769 0.6355441164123152 0.4248264966613539 -0.22115267869772973 -0.07650155397377387 0.11650069028511857 4864.0 14454.0 29557.0 48216.0 68013.0 86991.0 103916.0 118189.0 129664.0 138464.0 144857.0 149168.0 151725.0 152837.0 152781.0 151794.0
23 1.0 68.34524828499286 5.2091872255589635 -0.8588622472286769 0.6355441164123152 0.4248264966613539 -0.22115267869772973 -0.07650155397377387 0.11650069028511857 3311.0 10541.0 22627.0 38263.0 55485.0 72530.0 88175.0 101739.0 112961.0 121851.0 128580.0 133392.0 136557.0 138340.0 138984.0 138702.0
24 1.0 184.07483371672416 -35.19965441747191 -0.8588622472286769 0.6355441164123152 0.4248264966613539 -0.22115267869772973 -0.07650155397377387 0.11650069028511857 4983.0 15668.999999999998 33192.0 55394.0 79319.0 102465.0 123203.0 140718.0 154783.0 165531.0 173290.0 178465.0 181471.0 182697.0 182489.0 181145.0
25 1.0 80.75413043090613 89.63320523916121 -0.8588622472286769 0.6355441164123152 0.4248264966613539 -0.22115267869772973 -0.07650155397377387 0.11650069028511857 6677.0 20080.0 41165.0 67001.0 94069.0 119612.0 141969.0 160417.0 174860.0 185569.0 192988.0 197617.0 199943.0 200412.0 199407.0 197255.0
26 1.0 35.22401441785226 -24.805969390909922 -0.8588622472286769 0.6355441164123152 0.4248264966613539 -0.22115267869772973 -0.07650155397377387 0.11650069028511857 8009.000000000001 23643.0 47759.0 76804.0 106757.0 134596.0 158598.0 178084.0 193058.0 203901.0 211156.0 215409.0 217216.0 217071.0 215399.0 212554.0
27 1.0 310.388946271806 -5.28318914149628 -0.8588622472286769 0.6355441164123152 0.4248264966613539 -0.22115267869772973 -0.07650155397377387 0.11650069028511857 14182.0 33845.0 59309.0 86352.0 111701.0 133517.0 151100.0 164469.0 174015.0 180284.0 183844.0 185223.0 184886.0 183222.0 180554.0 177142.0
28 1.0 350.2510160483269 -21.915868513776886 -0.8588622472286769 0.6355441164123152 0.4248264966613539 -0.22115267869772973 -0.07650155397377387 0.11650069028511857 23722.0 56003.0 97030.0 139694.0 178772.0 211534.0 237138.0 255861.99999999997 268521.0 276112.0 279615.0 279912.0 277749.0 273743.0 268386.0 262071.0
29 1.0 345.90047690268005 86.31484728038254 -0.8588622472286769 0.6355441164123152 0.4248264966613539 -0.22115267869772973 -0.07650155397377387 0.11650069028511857 6114.0 18683.0 38737.0 63576.99999999999 89832.0 114792.0 136790.0 155064.0 169474.0 180252.0 187810.0 192622.0 195158.0 195849.0 195071.0 193143.0
