idx D_km lam beta x1 y1 z1 x2 y2 z2 flux5 flux6 flux7 flux8 flux9 flux10 flux11 flux12 flux13 flux14 flux15 flux16 flux17 flux18 flux19 flux20
0 1.0 197.5728614138369 73.17998985981222 -0.9407078139854329 -0.4658091284972078 -0.4642506886347282 -0.1453837971159127 0.06384354292461465 -0.23440735270347862 6064.0 16903.0 33196.0 52716.0 72984.0 92094.0 108898.0 122879.0 133957.0 142305.0 148224.0 152062.0 154162.0 154843.0 154385.0 153029.0
1 1.0 257.468171894071 49.328519885754986 -0.9407078139854329 -0.4658091284972078 -0.4642506886347282 -0.1453837971159127 0.06384354292461465 -0.23440735270347862 6554.0 17946.0 34703.0 54396.0 74503.0 93182.0 109390.0 122707.0 133125.0 140863.0 146247.0 149635.0 151370.0 151766.0 151093.0 149582.0
2 1.0 216.99481538579178 -30.033872634844457 -0.9407078139854329 -0.4658091284972078 -0.4642506886347282 -0.1453837971159127 0.06384354292461465 -0.23440735270347862 19336.0 44467.0 75646.0 107473.0 136179.0 159918.0 178221.0 191405.0 200139.0 205195.0 207313.0 207145.0 205237.0 202036.0 197896.0 193097.0
3 1.0 196.15794587888288 -75.40174980216058 -0.9407078139854329 -0.4658091284972078 -0.4642506886347282 -0.1453837971159127 0.06384354292461465 -0.23440735270347862 14439.0 36433.0 66183.0 98684.0 129707.99999999999 156704.0 178594.0 195275.0 207174.0 214950.0 219315.0 220940.0 220416.0 218242.0 214828.0 210503.0
4 1.0 152.5157277620057 -16.69658914551468 -0.9407078139854329 -0.4658091284972078 -0.4642506886347282 -0.1453837971159127 0.06384354292461465 -0.23440735270347862 10808.0 27641.0 50917.0 76956.0 102446.0 125235.00000000001 144275.0 159303.0 170517.0 178345.0 183297.0 185878.0 186553.0 185723.0 183729.0 180851.0
5 1.0 232.5218807039962 -48.19785440923031 -0.9407078139854329 -0.4658091284972078 -0.4642506886347282 -0.1453837971159127 0.06384354292461465 -0.23440735270347862 17897.0 42507.0 74049.0 107129.0 137696.0 163567.0 184010.0 199168.0 209621.0 216105.0 219363.0 220068.0 218797.0 216029.0 212152.0 207475.0
6 1.0 157.5313960545693 -66.15222574356306 -0.9407078139854329 -0.4658091284972078 -0.4642506886347282 -0.1453837971159127 0.06384354292461465 -0.23440735270347862 13944.0 35287.0 64265.0 96035.0 126468.0 153045.0 174676.0 191232.0 203109.0 210938.0 215407.0 217169.0 216802.0 214794.0 211550.0 207394.0
7 1.0 321.03828028154874 -80.38310727837145 -0.9407078139854329 -0.4658091284972078 -0.4642506886347282 -0.1453837971159127 0.06384354292461465 -0.23440735270347862 10567.0 28153.0 53154.0 81555.0 109565.0 134663.0 155603.0 172059.0 184250.0 192663.0 197882.0 200482.0 200991.0 199861.0 197475.0 194143.0
8 1.0 346.91859378037054 40.60698555790418 -0.9407078139854329 -0.4658091284972078 -0.4642506886347282 -0.1453837971159127 0.06384354292461465 -0.23440735270347862 18015.0 43338.0 76179.0 110930.0 143264.0 170782.0 192626.0 208892.0 220159.0 227194.0 230777.0 231624.0 230350.0 227468.0 223394.0 218460.0
9 1.0 138.03894677727996 -87.94305744749441 -0.9407078139854329 -0.4658091284972078 -0.4642506886347282 -0.1453837971159127 0.06384354292461465 -0.23440735270347862 11251.0 29671.0 55609.0 84851.0 113507.0 139034.0 160213.0 176756.0 188923.0 197235.0 202302.0 204721.0 205031.0 203697.0 201107.0 197576.0
10 1.0 285.02101370975925 48.70453473049972 -0.9407078139854329 -0.4658091284972078 -0.4642506886347282 -0.1453837971159127 0.06384354292461465 -0.23440735270347862 8016.000000000001 21824.0 41990.0 65498.0 89278.0 111134.0 129862.0 145021.0 156660.0 165090.0 170737.0 174052.0 175463.0 175349.0 174037.0 171800.0
11 1.0 190.40217111104562 -63.549603827932486 -0.9407078139854329 -0.4658091284972078 -0.4642506886347282 -0.1453837971159127 0.06384354292461465 -0.23440735270347862 17115.0 41673.0 73863.0 108199.0 140350.0 167860.0 189808.0 206240.0 217703.0 224939.0 228717.0 229745.0 228638.0 225907.0 221968.0 217155.0
12 1.0 204.49604199381562 -75.68602513438397 -0.9407078139854329 -0.4658091284972078 -0.4642506886347282 -0.1453837971159127 0.06384354292461465 -0.23440735270347862 14450.0 36459.0 66229.0 98748.0 129787.99999999999 156796.0 178694.0 195380.0 207281.0 215058.0 219422.0 221045.0 220519.0 218342.0 214924.0 210596.0
13 1.0 333.214789785358 -73.87145383705104 -0.9407078139854329 -0.4658091284972078 -0.4642506886347282 -0.1453837971159127 0.06384354292461465 -0.23440735270347862 9849.0 26463.0 50287.0 77554.0 104626.0 129039.99999999999 149541.0 165768.0 177892.0 186361.0 191719.0 194515.0 195255.0 194376.0 192248.0 189175.0
14 1.0 25.5729809512393 30.968605323704594 -0.9407078139854329 -0.4658091284972078 -0.4642506886347282 -0.1453837971159127 0.06384354292461465 -0.23440735270347862 19722.0 45319.0 77055.0 109432.0 138626.0 162764.0 181375.0 194779.0 203658.0 208794.0 210937.0 210750.0 208790.0 205508.0 201269.0 196356.0
15 1.0 31.366547892554657 -45.83390222648794 -0.9407078139854329 -0.4658091284972078 -0.4642506886347282 -0.1453837971159127 0.06384354292461465 -0.23440735270347862 8005.999999999999 21327.0 40342.0 62093.0 83748.0 103385.0 120013.0 133325.0 143431.0 150655.0 155406.0 158101.0 159127.0 158824.0 157481.0 155340.0
16 1.0 7.278623078517259 -14.302895997582283 -0.9407078139854329 -0.4658091284972078 -0.4642506886347282 -0.1453837971159127 0.06384354292461465 -0.23440735270347862 12781.0 31488.000000000004 56347.0 83216.0 108720.0 130869.00000000001 148847.0 162603.0 172490.0 179042.0 182825.0 184376.0 184167.0 182595.0 179991.0 176620.0
17 1.0 299.74314439725765 10.326382438305046 -0.9407078139854329 -0.4658091284972078 -0.4642506886347282 -0.1453837971159127 0.06384354292461465 -0.23440735270347862 9202.0 24847.0 47403.0 73352.0 99254.0 122740.0 142582.0 158396.0 170314.0 178739.0 184174.0 187134.0 188096.0 187477.0 185631.0 182851.0
18 1.0 280.13643034194615 64.89921128918289 -0.9407078139854329 -0.4658091284972078 -0.4642506886347282 -0.1453837971159127 0.06384354292461465 -0.23440735270347862 7881.000000000001 21511.0 41484.0 64840.99999999999 88532.0 110360.0 129105.0 144311.0 156013.0 164512.0 170229.0 173611.0 175082.0 175023.0 173759.0 171565.0
19 1.0 313.2043733688549 40.8679672880391 -0.9407078139854329 -0.4658091284972078 -0.4642506886347282 -0.1453837971159127 0.06384354292461465 -0.23440735270347862 11567.0 30290.0 56504.0 85936.0 114690.0 140241.0 161393.0 177879.0 189973.0 198206.0 203195.0 205539.0 205779.0 204381.0 201732.0 198149.0
20 1.0 352.30260320379506 -41.34097705703137 -0.9407078139854329 -0.4658091284972078 -0.4642506886347282 -0.1453837971159127 0.06384354292461465 -0.23440735270347862 9302.0 24774.0 46794.0 71874.0 96707.0 119078.0 137869.0 152767.0 163934.0 171776.0 176785.0 179457.0 180248.0 179554.0 177710.0 174991.0
21 1.0 287.6970831180205 -66.33309612759703 -0.9407078139854329 -0.4658091284972078 -0.4642506886347282 -0.1453837971159127 0.06384354292461465 -0.23440735270347862 11597.0 30451.0 56877.0 86550.0 115527.0 141258.0 162538.0 179104.0 191238.0 199482.0 204458.0 206773.0 206975.0 205532.0 202835.0 199201.0
22 1.0 166.13257041105547 -80.03262232418437 -0.9407078139854329 -0.4658091284972078 -0.4642506886347282 -0.1453837971159127 0.06384354292461465 -0.23440735270347862 12620.0 32630.0 60301.0 91055.0 120835.0 147083.0 168635.0 185282.0 197361.0 205454.0 210220.0 212289.0 212227.0 210514.0 207549.0 203655.0
23 1.0 280.99050346312396 -35.712245793430355 -0.9407078139854329 -0.4658091284972078 -0.4642506886347282 -0.1453837971159127 0.06384354292461465 -0.23440735270347862 10830.0 28384.0 52976.0 80614.0 107655.0 131738.0 151735.0 167384.0 178932.0 186864.0 191748.0 194141.0 194546.0 193395.0 191052.0 187813.0
24 1.0 42.57879331281596 -42.818733136857915 -0.9407078139854329 -0.4658091284972078 -0.4642506886347282 -0.1453837971159127 0.06384354292461465 -0.23440735270347862 7630.0 20328.0 38475.0 59265.0 80005.0 98853.0 114855.0 127705.99999999999 137502.0 144545.0 149219.0 151919.0 153012.0 152822.0 151626.0 149654.0
25 1.0 230.3715676779086 -7.894697975913658 -0.9407078139854329 -0.4658091284972078 -0.4642506886347282 -0.1453837971159127 0.06384354292461465 -0.23440735270347862 13432.0 31901.0 55660.0 80721.0 104046.0 123963.0 139876.0 151848.0 160282.0 165705.0 168658.0 169638.0 169077.0 167333.0 164700.0 161416.0
26 1.0 51.607183467256704 32.990640398582485 -0.9407078139854329 -0.4658091284972078 -0.4642506886347282 -0.1453837971159127 0.06384354292461465 -0.23440735270347862 14895.0 35078.0 60846.0 87876.0 112936.0 134274.0 151284.0 164057.0 173032.0 178783.0 181890.0 182888.0 182236.0 180321.0 177457.0 173897.0
27 1.0 340.0808101378502 35.21258021499429 -0.9407078139854329 -0.4658091284972078 -0.4642506886347282 -0.1453837971159127 0.06384354292461465 -0.23440735270347862 17052.0 41558.0 73703.0 108010.0 140144.0 167646.0 189593.0 206028.0 217495.0 224737.0 228521.0 229557.0 228456.0 225732.0 221799.0 216993.0
28 1.0 187.8653958300258 -38.96660761521 -0.9407078139854329 -0.4658091284972078 -0.4642506886347282 -0.1453837971159127 0.06384354292461465 -0.23440735270347862 19880.0 46320.0 79595.0 113999.0 145418.0 171732.0 192313.0 207398.0 217643.0 223840.0 226766.0 227119.0 225493.0 222376.0 218163.0 213166.0
29 1.0 149.2782983965885 -21.61314793797831 -0.9407078139854329 -0.4658091284972078 -0.4642506886347282 -0.1453837971159127 0.06384354292461465 -0.23440735270347862 10849.0 27864.0 51463.0 77909.0 103818.0 126983.00000000001 146330.0 161587.0 172956.0 180876.0 185867.0 188447.0 189089.0 188205.0 186140.0 183182.0
0 1.0 95.24002035766571 -57.39282688735745 -0.9407078139854329 -0.4658091284972078 -0.4642506886347282 -0.1453837971159127 0.06384354292461465 -0.23440735270347862 7801.0 21271.0 40979.0 63999.0 87332.0 108826.0 127287.00000000001 142271.0 153812.0 162207.0 167868.0 171231.0 172714.0 172689.0 171476.0 169344.0
1 1.0 278.724128196318 51.93819221517336 -0.9407078139854329 -0.4658091284972078 -0.4642506886347282 -0.1453837971159127 0.06384354292461465 -0.23440735270347862 7580.0 20703.0 39949.0 62481.0 85375.0 106516.0 124722.0 139543.0 150998.0 159368.0 165050.0 168469.0 170030.0 170098.0 168987.0 166962.0
2 1.0 164.21411959795748 -79.76734624201674 -0.9407078139854329 -0.4658091284972078 -0.4642506886347282 -0.1453837971159127 0.06384354292461465 -0.23440735270347862 12597.0 32576.0 60211.0 90931.0 120683.0 146911.0 168449.0 185088.0 197164.0 205258.0 210027.0 212101.0 212045.0 210339.0 207380.0 203494.0
3 1.0 204.63622159271347 35.459503510497726 -0.9407078139854329 -0.4658091284972078 -0.4642506886347282 -0.1453837971159127 0.06384354292461465 -0.23440735270347862 6405.0 17143.0 32659.0 50671.0 68899.0 85722.0 100244.0 112127.0 121387.0 128237.99999999999 132982.0 135942.0 137429.0 137722.0 137065.0 135663.0
4 1.0 6.764328157087851 50.1651712693986 -0.9407078139854329 -0.4658091284972078 -0.4642506886347282 -0.1453837971159127 0.06384354292461465 -0.23440735270347862 18505.0 43853.0 76309.0 110350.0 141826.0 168493.0 189589.0 205251.0 216068.0 222792.0 226184.0 226935.0 225641.0 222796.0 218802.0 213977.0
5 1.0 222.34877894731574 49.93336113277556 -0.9407078139854329 -0.4658091284972078 -0.4642506886347282 -0.1453837971159127 0.06384354292461465 -0.23440735270347862 5842.0 16029.000000000002 31076.0 48839.0 67060.0 84070.0 98907.0 111171.0 120832.0 128074.0 133181.0 136467.0 138239.0 138779.0 138331.0 137104.0
6 1.0 220.3544601800717 -43.303938417836115 -0.9407078139854329 -0.4658091284972078 -0.4642506886347282 -0.1453837971159127 0.06384354292461465 -0.23440735270347862 19514.0 45459.0 78085.0 111776.0 142494.0 168172.0 188206.0 202845.0 212741.0 218680.0 221428.0 221672.0 219994.0 216872.0 212692.0 207758.0
7 1.0 222.0962388749125 -22.713635172138936 -0.9407078139854329 -0.4658091284972078 -0.4642506886347282 -0.1453837971159127 0.06384354292461465 -0.23440735270347862 17689.0 40831.0 69674.0 99246.0 126041.99999999999 148314.0 165594.0 178144.0 186564.0 191554.0 193791.0 193875.0 192311.0 189514.0 185815.0 181475.0
8 1.0 339.7493082652647 15.76793433535002 -0.9407078139854329 -0.4658091284972078 -0.4642506886347282 -0.1453837971159127 0.06384354292461465 -0.23440735270347862 15931.0 39199.0 69982.0 103057.0 134218.0 161036.0 182560.0 198789.0 210216.0 217540.0 221493.0 222753.0 221913.0 219469.0 215826.0 211309.0
9 1.0 245.45530767725404 -40.892057563595934 -0.9407078139854329 -0.4658091284972078 -0.4642506886347282 -0.1453837971159127 0.06384354292461465 -0.23440735270347862 15882.0 38265.0 67361.0 98235.0 127061.0 151700.0 171370.0 186129.0 196471.0 203056.0 206563.0 207618.0 206761.0 204447.0 201042.0 196844.0
10 1.0 129.42284420656296 -23.246496140780025 -0.9407078139854329 -0.4658091284972078 -0.4642506886347282 -0.1453837971159127 0.06384354292461465 -0.23440735270347862 7562.0 20667.0 39935.0 62553.0 85587.0 106897.0 125276.0 140255.0 151844.0 160321.0 166082.0 169556.0 171150.0 171235.0 170126.0 168092.0
11 1.0 157.33150336776293 -54.530229566584865 -0.9407078139854329 -0.4658091284972078 -0.4642506886347282 -0.1453837971159127 0.06384354292461465 -0.23440735270347862 14743.0 36745.0 66255.0 98337.0 128879.0 155424.0 176943.0 193346.0 205060.0 212728.0 217048.0 218675.0 218188.0 216074.0 212736.0 208497.0
12 1.0 251.14723053381536 -7.225940923918671 -0.9407078139854329 -0.4658091284972078 -0.4642506886347282 -0.1453837971159127 0.06384354292461465 -0.23440735270347862 10693.0 26800.0 48572.0 72447.0 95404.0 115590.0 132189.0 145075.0 154510.0 160931.0 164826.0 166663.0 166863.0 165782.0 163721.0 160924.0
13 1.0 21.68116978653714 -81.96978577425946 -0.9407078139854329 -0.4658091284972078 -0.4642506886347282 -0.1453837971159127 0.06384354292461465 -0.23440735270347862 9809.0 26335.0 50027.0 77146.0 104084.0 128389.0 148813.0 164991.0 177092.0 185556.0 190924.0 193740.0 194506.0 193657.0 191562.0 188523.0
14 1.0 240.03601756044037 53.96325922271123 -0.9407078139854329 -0.4658091284972078 -0.4642506886347282 -0.1453837971159127 0.06384354292461465 -0.23440735270347862 6092.0 16751.0 32516.999999999996 51144.0 70261.0 88114.0 103688.0 116563.0 126704.00000000001 134303.0 139657.0 143095.0 144940.0 145488.0 144994.0 143681.0
15 1.0 241.4296330625374 -76.1478395424061 -0.9407078139854329 -0.4658091284972078 -0.4642506886347282 -0.1453837971159127 0.06384354292461465 -0.23440735270347862 13652.0 34823.0 63732.0 95537.0 126071.99999999999 152777.0 174537.0 191205.0 203174.0 211075.0 215596.0 217394.0 217051.0 215058.0 211820.0 207665.0
16 1.0 75.73772198658273 3.3903267896746883 -0.9407078139854329 -0.4658091284972078 -0.4642506886347282 -0.1453837971159127 0.06384354292461465 -0.23440735270347862 7248.0 18935.0 35455.0 54306.0 73112.0 90252.0 104875.0 116699.0 125793.99999999999 132415.0 136897.0 139583.0 140798.0 140832.0 139931.0 138304.0
17 1.0 46.41346715574719 -34.7741820818647 -0.9407078139854329 -0.4658091284972078 -0.4642506886347282 -0.1453837971159127 0.06384354292461465 -0.23440735270347862 7666.0 20221.0 38017.0 58290.0 78428.0 96668.0 112107.0 124471.0 133866.0 140593.0 145029.0 147561.0 148546.0 148299.0 147086.0 145131.0
18 1.0 113.55420633270619 13.957730789647584 -0.9407078139854329 -0.4658091284972078 -0.4642506886347282 -0.1453837971159127 0.06384354292461465 -0.23440735270347862 5220.0 14721.0 29186.0 46715.0 65111.0 82637.0 98211.0 111317.0 121836.0 129890.0 135727.0 139644.0 141946.0 142914.0 142804.0 141833.0
19 1.0 130.93587753934415 82.69800135001651 -0.9407078139854329 -0.4658091284972078 -0.4642506886347282 -0.1453837971159127 0.06384354292461465 -0.23440735270347862 7577.0 20673.0 39905.0 62466.0 85432.0 106674.0 124993.0 139924.0 151478.0 159931.0 165677.0 169144.0 170738.0 170827.0 169726.0 167702.0
20 1.0 205.27083735043666 26.20264400208069 -0.9407078139854329 -0.4658091284972078 -0.4642506886347282 -0.1453837971159127 0.06384354292461465 -0.23440735270347862 7509.0 19475.0 36277.0 55343.0 74274.0 91454.0 106050.0 117801.0 126795.99999999999 133303.0 137665.0 140233.0 141336.0 141266.0 140271.0 138559.0
21 1.0 157.89654484643532 -83.63476156401164 -0.9407078139854329 -0.4658091284972078 -0.4642506886347282 -0.1453837971159127 0.06384354292461465 -0.23440735270347862 11897.0 31084.0 57871.0 87866.0 117094.0 142999.0 164384.0 181001.0 193143.0 201364.0 206296.0 208553.0 208687.0 207172.0 204401.0 200693.0
22 1.0 355.8145817013214 -12.527560888548976 -0.9407078139854329 -0.4658091284972078 -0.4642506886347282 -0.1453837971159127 0.06384354292461465 -0.23440735270347862 12963.0 32321.999999999996 58294.0 86555.0 113506.0 136994.0 156113.0 170772.0 181333.0 188346.0 192413.0 194100.0 193910.0 192266.0 189521.0 185960.0
23 1.0 36.736131869290105 1.803033417285036 -0.9407078139854329 -0.4658091284972078 -0.4642506886347282 -0.1453837971159127 0.06384354292461465 -0.23440735270347862 13807.0 32523.000000000004 56411.0 81444.0 104616.0 124300.0 139943.0 151639.0 159809.0 164991.0 167733.0 168533.0 167821.0 165955.0 163227.0 159870.0
24 1.0 75.19563219414049 6.511949046621353 -0.9407078139854329 -0.4658091284972078 -0.4642506886347282 -0.1453837971159127 0.06384354292461465 -0.23440735270347862 7532.0 19543.0 36421.0 55591.0 74646.0 91957.0 106681.0 118550.0 127647.00000000001 134239.0 138669.0 141289.0 142431.0 142386.0 141405.0 139698.0
25 1.0 58.07142643859865 32.65065190869082 -0.9407078139854329 -0.4658091284972078 -0.4642506886347282 -0.1453837971159127 0.06384354292461465 -0.23440735270347862 13367.0 31923.0 55980.0 81562.0 105579.0 126285.00000000001 143011.0 155765.0 164911.0 170955.0 174432.0 175839.0 175612.0 174120.0 171667.0 168499.0
26 1.0 235.11899716754343 -40.032702408282105 -0.9407078139854329 -0.4658091284972078 -0.4642506886347282 -0.1453837971159127 0.06384354292461465 -0.23440735270347862 17530.0 41392.0 71815.0 103603.0 132891.0 157624.0 177130.0 191568.0 201506.0 207656.0 210730.0 211371.0 210131.0 207466.0 203746.0 199266.0
27 1.0 91.18497691432157 -66.80509821606236 -0.9407078139854329 -0.4658091284972078 -0.4642506886347282 -0.1453837971159127 0.06384354292461465 -0.23440735270347862 8570.0 23230.0 44515.0 69183.0 93990.0 116653.0 135950.0 151461.0 163270.0 171729.0 177301.0 180467.0 181679.0 181334.0 179774.0 177281.0
28 1.0 167.87187822827028 -19.31837822152302 -0.9407078139854329 -0.4658091284972078 -0.4642506886347282 -0.1453837971159127 0.06384354292461465 -0.23440735270347862 14516.0 35124.0 62150.0 91133.0 118514.0 142229.0 161448.0 176137.0 186684.0 193659.0 197669.0 199288.0 199018.0 197286.0 194445.0 190780.0
29 1.0 87.99321312057698 82.1530301032708 -0.9407078139854329 -0.4658091284972078 -0.4642506886347282 -0.1453837971159127 0.06384354292461465 -0.23440735270347862 8593.0 23007.0 43785.0 67788.0 91906.0 113953.0 132754.0 147903.0 159474.0 167801.0 173324.0 176506.0 177780.0 177532.0 176090.0 173729.0
0 1.0 57.2290501123871 -56.31643948484795 -0.9407078139854329 -0.4658091284972078 -0.4642506886347282 -0.1453837971159127 0.06384354292461465 -0.23440735270347862 7428.0 20138.0 38599.0 60029.0 81645.0 101485.0 118486.0 132268.0 142882.0 150610.0 155835.0 158958.0 160360.0 160380.0 159310.0 157395.0
1 1.0 39.73505081914985 72.71711188708267 -0.9407078139854329 -0.4658091284972078 -0.4642506886347282 -0.1453837971159127 0.06384354292461465 -0.23440735270347862 11921.0 30206.0 55231.0 82968.0 109883.0 133738.0 153487.0 168915.0 180283.0 188077.0 192860.0 195180.0 195532.0 194344.0 191973.0 188711.0
2 1.0 236.27865220749842 7.885071013918747 -0.9407078139854329 -0.4658091284972078 -0.4642506886347282 -0.1453837971159127 0.06384354292461465 -0.23440735270347862 9588.0 24002.0 43519.0 64982.0 85700.0 104003.0 119138.0 130972.0 139720.0 145759.0 149516.0 151404.0 151797.0 151015.0 149325.0 146948.0
3 1.0 49.74586248550097 -7.755944103762147 -0.9407078139854329 -0.4658091284972078 -0.4642506886347282 -0.1453837971159127 0.06384354292461465 -0.23440735270347862 9870.0 24418.0 43926.0 65234.0 85694.0 103692.0 118518.0 130064.00000000001 138560.0 144391.0 147982.0 149744.0 150047.0 149205.0 147482.0 145094.0
4 1.0 70.76965020481926 68.76745384138013 -0.9407078139854329 -0.4658091284972078 -0.4642506886347282 -0.1453837971159127 0.06384354292461465 -0.23440735270347862 10360.0 26673.0 49376.0 74907.0 100013.0 122549.0 141452.0 156435.0 167670.0 175566.0 180615.0 183312.0 184110.0 183408.0 181541.0 178786.0
5 1.0 132.74106143794708 -7.451286881654539 -0.9407078139854329 -0.4658091284972078 -0.4642506886347282 -0.1453837971159127 0.06384354292461465 -0.23440735270347862 6578.0 18224.0 35617.0 56327.0 77697.0 97719.0 115205.0 129648.00000000001 140993.0 149451.0 155359.0 159094.0 161028.0 161500.0 160804.0 159194.0
6 1.0 295.55756274525663 40.350174590077785 -0.9407078139854329 -0.4658091284972078 -0.4642506886347282 -0.1453837971159127 0.06384354292461465 -0.23440735270347862 8968.0 24230.0 46297.0 71768.0 97281.0 120495.0 140176.0 155921.0 167840.0 176313.0 181828.0 184887.0 185959.0 185453.0 183720.0 181050.0
7 1.0 34.956459285502056 -18.17544209344163 -0.9407078139854329 -0.4658091284972078 -0.4642506886347282 -0.1453837971159127 0.06384354292461465 -0.23440735270347862 10185.0 25387.0 45870.0 68296.0 89850.0 108809.0 124415.0 136551.0 145463.0 151557.0 155287.0 157088.0 157350.0 156409.0 154541.0 151976.0
8 1.0 301.6601666995694 72.7279907221724 -0.9407078139854329 -0.4658091284972078 -0.4642506886347282 -0.1453837971159127 0.06384354292461465 -0.23440735270347862 9270.0 24806.0 47112.0 72739.0 98323.0 121545.0 141192.0 156880.0 168731.0 177132.0 182578.0 185572.0 186582.0 186022.0 184239.0 181524.0
9 1.0 34.59542684182671 34.20450363442093 -0.9407078139854329 -0.4658091284972078 -0.4642506886347282 -0.1453837971159127 0.06384354292461465 -0.23440735270347862 18428.0 42561.0 72673.0 103585.0 131636.0 154993.0 173152.0 186376.0 195282.0 200596.0 203022.0 203186.0 201617.0 198748.0 194925.0 190424.0
10 1.0 351.5254074048225 35.931969765093015 -0.9407078139854329 -0.4658091284972078 -0.4642506886347282 -0.1453837971159127 0.06384354292461465 -0.23440735270347862 18988.0 45121.0 78621.0 113749.0 146189.0 173615.0 195247.0 211242.0 222222.0 228977.0 232301.0 232915.0 231437.0 228378.0 224152.0 219089.0
11 1.0 168.71443259317257 -31.010327719718596 -0.9407078139854329 -0.4658091284972078 -0.4642506886347282 -0.1453837971159127 0.06384354292461465 -0.23440735270347862 16397.0 39312.0 69043.0 100604.0 130125.99999999999 155435.0 175715.0 191006.0 201790.0 208724.0 212493.0 213729.0 212985.0 210722.0 207319.0 203082.0
12 1.0 351.6339917485214 46.22015569264005 -0.9407078139854329 -0.4658091284972078 -0.4642506886347282 -0.1453837971159127 0.06384354292461465 -0.23440735270347862 18055.0 43314.0 76003.0 110550.0 142672.0 170001.0 191694.0 207850.0 219047.0 226042.0 229612.0 230464.0 229209.0 226357.0 222319.0 217425.0
13 1.0 217.74438710821656 24.490989980485438 -0.9407078139854329 -0.4658091284972078 -0.4642506886347282 -0.1453837971159127 0.06384354292461465 -0.23440735270347862 7652.0 19769.0 36701.0 55829.0 74739.0 91826.0 106279.0 117859.0 126672.0 133000.0 137194.0 139611.0 140581.0 140397.0 139306.0 137515.0
14 1.0 266.1348885833886 -46.79635079165228 -0.9407078139854329 -0.4658091284972078 -0.4642506886347282 -0.1453837971159127 0.06384354292461465 -0.23440735270347862 13134.0 33234.0 60519.0 90441.0 119131.0 144228.0 164709.0 180443.0 191794.0 199345.0 203735.0 205570.0 205390.0 203651.0 200732.0 196937.0
15 1.0 14.107605211555443 -61.103011952653844 -0.9407078139854329 -0.4658091284972078 -0.4642506886347282 -0.1453837971159127 0.06384354292461465 -0.23440735270347862 8415.0 22718.0 43352.0 67126.0 90912.0 112550.0 130907.0 145618.0 156788.0 164768.0 170007.0 172967.0 174079.0 173720.0 172213.0 169827.0
16 1.0 101.81050652750744 53.35046541311971 -0.9407078139854329 -0.4658091284972078 -0.4642506886347282 -0.1453837971159127 0.06384354292461465 -0.23440735270347862 7160.0 19397.0 37300.0 58287.0 79683.0 99535.0 116732.0 130831.0 141826.0 149955.0 155570.0 159054.0 160779.0 161080.0 160249.0 158533.0
17 1.0 43.270762036740805 82.64998854634004 -0.9407078139854329 -0.4658091284972078 -0.4642506886347282 -0.1453837971159127 0.06384354292461465 -0.23440735270347862 9620.0 25354.0 47680.0 73138.0 98427.0 121305.0 140617.0 156011.0 167622.0 175841.0 181156.0 184063.0 185023.0 184440.0 182657.0 179959.0
18 1.0 106.61047110797217 -7.535011093192281 -0.9407078139854329 -0.4658091284972078 -0.4642506886347282 -0.1453837971159127 0.06384354292461465 -0.23440735270347862 5449.0 15231.0 29977.0 47694.0 66153.0 83628.0 99069.0 111995.0 122315.0 130168.0 135817.0 139564.0 141717.0 142559.0 142343.0 141285.0
19 1.0 42.74197882352786 16.377149758263286 -0.9407078139854329 -0.4658091284972078 -0.4642506886347282 -0.1453837971159127 0.06384354292461465 -0.23440735270347862 15343.0 35678.0 61265.0 87750.0 111988.0 132354.0 148358.0 160170.0 168281.0 173286.0 175774.0 176273.0 175234.0 173029.0 169960.0 166266.0
20 1.0 114.47394458183138 64.39007595483983 -0.9407078139854329 -0.4658091284972078 -0.4642506886347282 -0.1453837971159127 0.06384354292461465 -0.23440735270347862 6845.0 18807.0 36531.0 57504.0 79038.0 99128.0 116609.0 130996.0 142257.0 150615.0 156419.0 160052.0 161890.0 162272.0 161495.0 159812.0
21 1.0 149.13467802528118 -7.699778396305732 -0.9407078139854329 -0.4658091284972078 -0.4642506886347282 -0.1453837971159127 0.06384354292461465 -0.23440735270347862 8812.0 23228.0 43755.0 67280.0 90793.0 112215.0 130446.0 145119.0 156320.0 164379.0 169726.0 172808.0 174044.0 173805.0 172408.0 170120.0
22 1.0 23.09309868556237 81.3374058298925 -0.9407078139854329 -0.4658091284972078 -0.4642506886347282 -0.1453837971159127 0.06384354292461465 -0.23440735270347862 10187.0 26639.0 49804.0 76047.0 101969.0 125295.99999999999 144886.0 160414.0 172052.0 180218.0 185424.0 188188.0 188982.0 188223.0 186259.0 183381.0
23 1.0 249.28996297320714 13.63520916807704 -0.9407078139854329 -0.4658091284972078 -0.4642506886347282 -0.1453837971159127 0.06384354292461465 -0.23440735270347862 8141.000000000001 21197.0 39490.0 60141.0 80503.0 98826.0 114245.0 126518.99999999999 135784.0 142362.0 146645.0 149026.0 149868.0 149487.0 148152.0 146085.0
24 1.0 203.97652351436705 57.738081726236686 -0.9407078139854329 -0.4658091284972078 -0.4642506886347282 -0.1453837971159127 0.06384354292461465 -0.23440735270347862 5569.0 15470.0 30295.0 48003.0 66360.0 83662.0 98891.0 111594.0 121700.0 129362.0 134846.0 138459.0 140506.0 141268.0 140994.0 139898.0
25 1.0 95.54021673820034 73.5918693142929 -0.9407078139854329 -0.4658091284972078 -0.4642506886347282 -0.1453837971159127 0.06384354292461465 -0.23440735270347862 8364.0 22370.0 42568.0 65929.0 89442.0 110983.0 129400.99999999999 144286.0 155700.0 163955.0 169475.0 172703.0 174060.0 173919.0 172601.0 170374.0
26 1.0 188.36929924801188 56.7942873783424 -0.9407078139854329 -0.4658091284972078 -0.4642506886347282 -0.1453837971159127 0.06384354292461465 -0.23440735270347862 5422.0 15140.0 29774.0 47343.0 65635.0 82944.0 98233.0 111030.0 121245.0 129020.0 134614.0 138327.0 140463.0 141302.0 141094.0 140053.0
27 1.0 33.818583873039 -61.30539657918793 -0.9407078139854329 -0.4658091284972078 -0.4642506886347282 -0.1453837971159127 0.06384354292461465 -0.23440735270347862 8021.0 21687.0 41452.0 64289.0 87208.0 108129.0 125948.0 140293.0 151246.0 159131.0 164371.0 167402.0 168636.0 168434.0 167107.0 164914.0
28 1.0 207.34073840022455 23.201719031106066 -0.9407078139854329 -0.4658091284972078 -0.4642506886347282 -0.1453837971159127 0.06384354292461465 -0.23440735270347862 7983.000000000001 20465.0 37800.0 57300.0 76519.0 93846.0 108475.0 120178.0 129068.99999999999 135439.0 139647.0 142054.0 142997.0 142770.0 141627.0 139776.0
29 1.0 334.5466311274371 -18.28183344845813 -0.9407078139854329 -0.4658091284972078 -0.4642506886347282 -0.1453837971159127 0.06384354292461465 -0.23440735270347862 10868.0 28575.0 53447.0 81448.0 108876.0 133320.0 153624.0 169518.0 181245.0 189299.0 194256.0 196681.0 197085.0 195911.0 193525.0 190230.0
0 1.0 114.68482288247652 -78.71166863579778 -0.9407078139854329 -0.4658091284972078 -0.4642506886347282 -0.1453837971159127 0.06384354292461465 -0.23440735270347862 10656.0 28273.0 53245.0 81565.0 109469.0 134459.0 155305.0 171687.0 183824.0 192203.0 197403.0 199997.0 200508.0 199388.0 197015.0 193700.0
1 1.0 240.2677367869254 -13.674194659828444 -0.9407078139854329 -0.4658091284972078 -0.4642506886347282 -0.1453837971159127 0.06384354292461465 -0.23440735270347862 13197.0 31756.0 55923.0 81651.0 105783.0 126530.0 143216.0 155857.0 164836.0 170681.0 173941.0 175128.0 174688.0 172995.0 170359.0 167026.0
2 1.0 47.447230465581185 -43.436867959906614 -0.9407078139854329 -0.4658091284972078 -0.4642506886347282 -0.1453837971159127 0.06384354292461465 -0.23440735270347862 7424.0 19853.0 37678.0 58163.0 78654.0 97326.0 113219.0 126018.99999999999 135807.0 142872.0 147590.0 150346.0 151503.0 151380.0 150252.0 148346.0
3 1.0 257.8777934826836 62.82689551713193 -0.9407078139854329 -0.4658091284972078 -0.4642506886347282 -0.1453837971159127 0.06384354292461465 -0.23440735270347862 6727.0 18525.0 36008.0 56687.0 77912.0 97712.0 114948.0 129144.00000000001 140267.0 148539.0 154297.0 157920.0 159774.0 160192.0 159467.0 157845.0
4 1.0 104.1861934609924 -84.00516722159469 -0.9407078139854329 -0.4658091284972078 -0.4642506886347282 -0.1453837971159127 0.06384354292461465 -0.23440735270347862 10720.0 28449.0 53572.0 82050.0 110092.0 135187.0 156102.0 172522.0 184673.0 193047.0 198227.0 200793.0 201270.0 200113.0 197702.0 194348.0
5 1.0 65.94889032256206 82.61688993542523 -0.9407078139854329 -0.4658091284972078 -0.4642506886347282 -0.1453837971159127 0.06384354292461465 -0.23440735270347862 9141.0 24256.0 45852.0 70618.0 95346.0 117819.0 136877.0 152142.0 163723.0 171982.0 177386.0 180416.0 181518.0 181089.0 179464.0 176923.0
6 1.0 211.14465653162995 -26.033607275052667 -0.9407078139854329 -0.4658091284972078 -0.4642506886347282 -0.1453837971159127 0.06384354292461465 -0.23440735270347862 19343.0 44363.0 75321.0 106850.0 135232.0 158657.0 176678.0 189619.0 198150.0 203038.0 205019.0 204738.0 202739.0 199464.0 195264.0 190419.0
7 1.0 7.238716627497679 -25.792759727542276 -0.9407078139854329 -0.4658091284972078 -0.4642506886347282 -0.1453837971159127 0.06384354292461465 -0.23440735270347862 10690.0 27268.0 49996.0 75165.0 99541.0 121091.0 138891.0 152764.0 162967.0 169951.0 174231.0 176304.0 176617.0 175554.0 173435.0 170521.0
8 1.0 298.4184105182507 -87.06086951693258 -0.9407078139854329 -0.4658091284972078 -0.4642506886347282 -0.1453837971159127 0.06384354292461465 -0.23440735270347862 11188.0 29550.0 55439.0 84649.0 113292.0 138820.0 160007.0 176564.0 188746.0 197074.0 202156.0 204588.0 204911.0 203588.0 201007.0 197485.0
9 1.0 1.6903714293169436 -56.65818145748689 -0.9407078139854329 -0.4658091284972078 -0.4642506886347282 -0.1453837971159127 0.06384354292461465 -0.23440735270347862 8662.0 23340.0 44465.0 68748.0 92984.0 114976.0 133585.0 148454.0 159702.0 167699.0 172908.0 175805.0 176831.0 176371.0 174754.0 172252.0
10 1.0 244.01395324664284 -17.773289855350427 -0.9407078139854329 -0.4658091284972078 -0.4642506886347282 -0.1453837971159127 0.06384354292461465 -0.23440735270347862 13348.0 32260.999999999996 56978.0 83359.0 108150.0 129493.0 146675.0 159705.0 168968.0 175004.0 178380.0 179620.0 179185.0 177460.0 174763.0 171350.0
11 1.0 97.20287034917935 77.27245511448851 -0.9407078139854329 -0.4658091284972078 -0.4642506886347282 -0.1453837971159127 0.06384354292461465 -0.23440735270347862 8316.0 22315.0 42553.0 66002.0 89630.0 111292.0 129823.0 144804.0 156294.0 164606.0 170164.0 173417.0 174785.0 174647.0 173323.0 171085.0
12 1.0 264.66984796413414 -72.06931256017117 -0.9407078139854329 -0.4658091284972078 -0.4642506886347282 -0.1453837971159127 0.06384354292461465 -0.23440735270347862 12989.0 33423.0 61544.0 92673.0 122712.0 149104.0 170708.0 187340.0 199359.0 207366.0 212030.0 213993.0 213823.0 212005.0 208940.0 204953.0
13 1.0 346.38787624227774 80.15427602623433 -0.9407078139854329 -0.4658091284972078 -0.4642506886347282 -0.1453837971159127 0.06384354292461465 -0.23440735270347862 10250.0 26875.0 50317.0 76887.0 103128.0 126729.00000000001 146529.0 162206.0 173934.0 182144.0 187357.0 190100.0 190855.0 190041.0 188015.0 185068.0
14 1.0 89.55113166718489 66.5079354983938 -0.9407078139854329 -0.4658091284972078 -0.4642506886347282 -0.1453837971159127 0.06384354292461465 -0.23440735270347862 8749.0 23114.0 43608.0 67127.0 90659.0 112116.0 130390.0 145105.0 156346.0 164440.0 169816.0 172921.0 174175.0 173949.0 172562.0 170281.0
15 1.0 207.4166403904213 -8.25076855664068 -0.9407078139854329 -0.4658091284972078 -0.4642506886347282 -0.1453837971159127 0.06384354292461465 -0.23440735270347862 15737.000000000002 36511.0 62578.99999999999 89490.0 114051.0 134631.0 150748.0 162597.0 170688.0 175634.0 178039.0 178440.0 177297.0 174986.0 171813.0 168019.0
16 1.0 213.13509525786205 -31.19384128171319 -0.9407078139854329 -0.4658091284972078 -0.4642506886347282 -0.1453837971159127 0.06384354292461465 -0.23440735270347862 19792.0 45463.0 77270.0 109696.0 138908.0 163034.0 181606.0 194955.0 203767.0 208833.0 210909.0 210660.0 208644.0 205317.0 201041.0 196100.0
17 1.0 206.01068608471442 -48.10605672976977 -0.9407078139854329 -0.4658091284972078 -0.4642506886347282 -0.1453837971159127 0.06384354292461465 -0.23440735270347862 20074.0 46901.0 80729.0 115739.0 147718.0 174492.0 195410.0 210717.0 221084.0 227321.0 230227.0 230515.0 228794.0 225562.0 221222.0 216091.0
18 1.0 80.30938775062259 20.603647165837387 -0.9407078139854329 -0.4658091284972078 -0.4642506886347282 -0.1453837971159127 0.06384354292461465 -0.23440735270347862 7863.999999999999 20385.0 37983.0 57984.0 77883.0 95978.0 111386.0 123819.0 133360.0 140282.0 144941.0 147704.0 148916.0 148883.0 147866.0 146087.0
19 1.0 342.9896441461146 -84.04657353440899 -0.9407078139854329 -0.4658091284972078 -0.4642506886347282 -0.1453837971159127 0.06384354292461465 -0.23440735270347862 10449.0 27864.0 52650.0 80838.0 108669.0 133634.0 154488.0 170897.0 183073.0 191495.0 196739.0 199376.0 199928.0 198846.0 196508.0 193226.0
20 1.0 160.96513630234585 -87.19090839957092 -0.9407078139854329 -0.4658091284972078 -0.4642506886347282 -0.1453837971159127 0.06384354292461465 -0.23440735270347862 11499.0 30223.0 56506.0 86060.0 114959.0 140651.0 161925.0 178506.0 190670.0 198949.0 203964.0 206319.0 206558.0 205150.0 202486.0 198882.0
21 1.0 304.707122089606 -12.816769950317195 -0.9407078139854329 -0.4658091284972078 -0.4642506886347282 -0.1453837971159127 0.06384354292461465 -0.23440735270347862 9469.0 25561.0 48726.0 75317.0 101791.0 125725.0 145879.0 161879.0 173882.0 182312.0 187694.0 190561.0 191404.0 190650.0 188661.0 185734.0
22 1.0 251.81253911430156 -77.74666668455036 -0.9407078139854329 -0.4658091284972078 -0.4642506886347282 -0.1453837971159127 0.06384354292461465 -0.23440735270347862 13004.0 33483.0 61680.0 92903.0 123038.0 149516.0 171189.0 187872.0 199924.0 207950.0 212621.0 214581.0 214402.0 212570.0 209488.0 205481.0
23 1.0 107.07730230784811 -44.65062211570328 -0.9407078139854329 -0.4658091284972078 -0.4642506886347282 -0.1453837971159127 0.06384354292461465 -0.23440735270347862 7293.0 20007.0 38756.0 60819.0 83340.0 104226.0 122286.0 137048.0 148511.0 156935.0 162700.0 166220.0 167892.0 168073.0 167076.0 165160.0
24 1.0 292.9672150928918 -50.19103523770491 -0.9407078139854329 -0.4658091284972078 -0.4642506886347282 -0.1453837971159127 0.06384354292461465 -0.23440735270347862 10712.0 28418.0 53483.0 81862.0 109776.0 134733.0 155517.0 171821.0 183878.0 192180.0 197310.0 199845.0 200307.0 199147.0 196743.0 193405.0
25 1.0 142.74206670491446 -44.425585129886656 -0.9407078139854329 -0.4658091284972078 -0.4642506886347282 -0.1453837971159127 0.06384354292461465 -0.23440735270347862 11875.0 30558.0 56403.0 85222.0 113273.0 138157.0 158748.0 174805.0 186601.0 194650.0 199547.0 201871.0 202146.0 200821.0 198272.0 194806.0
26 1.0 317.1971509600182 -66.4100583812536 -0.9407078139854329 -0.4658091284972078 -0.4642506886347282 -0.1453837971159127 0.06384354292461465 -0.23440735270347862 10044.0 26953.0 51158.0 78811.0 106220.0 130892.00000000001 151572.0 167904.0 180075.0 188545.0 193871.0 196613.0 197283.0 196325.0 194113.0 190955.0
27 1.0 209.25823414890914 -87.83347987842222 -0.9407078139854329 -0.4658091284972078 -0.4642506886347282 -0.1453837971159127 0.06384354292461465 -0.23440735270347862 11589.0 30431.0 56851.0 86532.0 115528.0 141285.0 162593.0 179185.0 191342.0 199603.0 204591.0 206915.0 207121.0 205680.0 202982.0 199346.0
28 1.0 317.424730267747 -69.21282651502534 -0.9407078139854329 -0.4658091284972078 -0.4642506886347282 -0.1453837971159127 0.06384354292461465 -0.23440735270347862 10144.0 27187.0 51554.0 79365.0 106906.0 131677.0 152422.0 168791.0 180977.0 189445.0 194756.0 197476.0 198117.0 197127.0 194882.0 191689.0
29 1.0 249.3113724279957 21.32644671229461 -0.9407078139854329 -0.4658091284972078 -0.4642506886347282 -0.1453837971159127 0.06384354292461465 -0.23440735270347862 7441.0 19664.0 37028.0 56853.0 76587.0 94499.0 109697.0 121898.0 131198.0 137884.0 142323.0 144888.0 145928.0 145751.0 144619.0 142751.0
0 1.0 261.09154073507057 85.36611830724905 -0.9407078139854329 -0.4658091284972078 -0.4642506886347282 -0.1453837971159127 0.06384354292461465 -0.23440735270347862 7962.0 21652.0 41665.0 65033.99999999999 88713.0 110514.0 129226.00000000001 144396.0 156064.0 164533.0 170224.0 173583.0 175036.0 174961.0 173685.0 171482.0
1 1.0 180.47677749361281 88.26210028096091 -0.9407078139854329 -0.4658091284972078 -0.4642506886347282 -0.1453837971159127 0.06384354292461465 -0.23440735270347862 7950.000000000001 21595.0 41526.0 64791.0 88364.0 110070.0 128705.00000000001 143818.0 155448.0 163895.0 169576.0 172936.0 174398.0 174338.0 173080.0 170896.0
2 1.0 344.1901085003606 -16.37026283284891 -0.9407078139854329 -0.4658091284972078 -0.4642506886347282 -0.1453837971159127 0.06384354292461465 -0.23440735270347862 11701.0 30117.0 55508.0 83702.0 111023.0 135154.0 155038.0 170479.0 181768.0 189426.0 194040.0 196176.0 196345.0 194981.0 192447.0 189039.0
3 1.0 231.83647172266947 -60.66820331161104 -0.9407078139854329 -0.4658091284972078 -0.4642506886347282 -0.1453837971159127 0.06384354292461465 -0.23440735270347862 16815.0 40903.0 72446.0 106071.0 137546.0 164480.0 185979.0 202090.0 213346.0 220474.0 224222.0 225280.0 224247.0 221621.0 217810.0 213139.0
4 1.0 152.5878174809447 24.977116325975274 -0.9407078139854329 -0.4658091284972078 -0.4642506886347282 -0.1453837971159127 0.06384354292461465 -0.23440735270347862 5714.0 15933.0 31322.999999999996 49804.0 69046.0 87244.0 103302.0 116719.0 127402.99999999999 135507.0 141307.0 145124.0 147282.0 148077.0 147776.0 146606.0
5 1.0 218.30155708605275 -1.7450376212273113 -0.9407078139854329 -0.4658091284972078 -0.4642506886347282 -0.1453837971159127 0.06384354292461465 -0.23440735270347862 13266.0 31344.999999999996 54507.0 78865.0 101489.0 120777.0 136168.0 147733.0 155866.0 161083.0 163911.0 164831.0 164261.0 162550.0 159982.0 156786.0
6 1.0 6.909551391360069 88.09375991119765 -0.9407078139854329 -0.4658091284972078 -0.4642506886347282 -0.1453837971159127 0.06384354292461465 -0.23440735270347862 8661.0 23250.0 44309.0 68647.0 93094.0 115426.0 134450.0 149756.0 161425.0 169801.0 175334.0 178496.0 179730.0 179426.0 177918.0 175487.0
7 1.0 108.56693400283775 -78.24524271267956 -0.9407078139854329 -0.4658091284972078 -0.4642506886347282 -0.1453837971159127 0.06384354292461465 -0.23440735270347862 10393.0 27666.0 52232.0 80169.0 107765.0 132538.0 153250.0 169568.0 181695.0 190103.0 195358.0 198024.0 198618.0 197585.0 195301.0 192075.0
8 1.0 237.66247349736662 50.98219889648635 -0.9407078139854329 -0.4658091284972078 -0.4642506886347282 -0.1453837971159127 0.06384354292461465 -0.23440735270347862 6059.0 16620.0 32201.0 50567.0 69377.0 86911.0 102183.0 114789.0 124705.0 132126.0 137346.0 140692.0 142481.0 143003.0 142509.0 141215.0
9 1.0 104.42793859575987 -38.0882704803311 -0.9407078139854329 -0.4658091284972078 -0.4642506886347282 -0.1453837971159127 0.06384354292461465 -0.23440735270347862 6677.0 18402.0 35794.0 56385.0 77538.0 97289.0 114495.0 128677.99999999999 139803.0 148085.0 153860.0 157504.0 159380.0 159822.0 159120.0 157520.0
10 1.0 222.48555443958296 -46.54464838621668 -0.9407078139854329 -0.4658091284972078 -0.4642506886347282 -0.1453837971159127 0.06384354292461465 -0.23440735270347862 19173.0 44946.0 77557.0 111405.0 142400.0 168414.0 188793.0 203753.0 213932.0 220107.0 223045.0 223438.0 221872.0 218830.0 214703.0 209800.0
11 1.0 154.35673234047582 29.250822875881667 -0.9407078139854329 -0.4658091284972078 -0.4642506886347282 -0.1453837971159127 0.06384354292461465 -0.23440735270347862 5560.0 15546.0 30626.0 48778.0 67716.0 85663.0 101531.0 114815.0 125418.0 133482.0 139274.0 143109.0 145302.0 146146.0 145903.0 144795.0
12 1.0 48.770663120082084 -45.70862670162639 -0.9407078139854329 -0.4658091284972078 -0.4642506886347282 -0.1453837971159127 0.06384354292461465 -0.23440735270347862 7366.0 19762.0 37593.0 58132.0 78715.0 97500.0 113511.0 126422.0 136307.0 143453.0 148234.0 151038.0 152228.0 152128.0 151013.0 149114.0
13 1.0 107.38163734417108 29.854641160653784 -0.9407078139854329 -0.4658091284972078 -0.4642506886347282 -0.1453837971159127 0.06384354292461465 -0.23440735270347862 5669.0 15788.0 31009.0 49272.0 68276.0 86244.0 102098.0 115347.0 125900.00000000001 133909.0 139646.0 143428.0 145572.0 146372.0 146088.0 144946.0
14 1.0 205.18736785245537 3.11553309641198 -0.9407078139854329 -0.4658091284972078 -0.4642506886347282 -0.1453837971159127 0.06384354292461465 -0.23440735270347862 12623.0 30035.0 52520.0 76342.0 98629.0 117775.0 133181.0 144877.0 153217.0 158685.0 161783.0 162976.0 162671.0 161209.0 158872.0 155885.0
15 1.0 212.71419404934235 -13.663982081547132 -0.9407078139854329 -0.4658091284972078 -0.4642506886347282 -0.1453837971159127 0.06384354292461465 -0.23440735270347862 16811.0 38781.0 66157.0 94227.0 119665.0 140813.0 157221.0 169139.0 177135.0 181873.0 183997.0 184078.0 182596.0 179945.0 176439.0 172326.0
16 1.0 206.75708958584838 9.843805559055411 -0.9407078139854329 -0.4658091284972078 -0.4642506886347282 -0.1453837971159127 0.06384354292461465 -0.23440735270347862 10802.0 26273.0 46712.0 68792.0 89813.0 108175.0 123207.0 134840.0 143338.0 149108.0 152596.0 154226.0 154378.0 153373.0 151480.0 148919.0
17 1.0 235.1522951485681 -38.330726414466646 -0.9407078139854329 -0.4658091284972078 -0.4642506886347282 -0.1453837971159127 0.06384354292461465 -0.23440735270347862 17445.0 41139.0 71314.0 102814.0 131819.0 156299.0 175595.0 189871.0 199691.0 205763.0 208791.0 209413.0 208175.0 205530.0 201841.0 197401.0
18 1.0 234.757177200608 37.1834471291362 -0.9407078139854329 -0.4658091284972078 -0.4642506886347282 -0.1453837971159127 0.06384354292461465 -0.23440735270347862 6424.0 17292.0 33034.0 51309.0 69780.0 86791.0 101437.0 113384.0 122661.0 129495.0 134198.0 137104.0 138529.0 138759.0 138039.0 136576.0
19 1.0 155.31063675623062 -15.325763519958471 -0.9407078139854329 -0.4658091284972078 -0.4642506886347282 -0.1453837971159127 0.06384354292461465 -0.23440735270347862 11165.0 28325.0 51883.0 78097.0 103651.0 126417.0 145379.0 160299.0 171395.0 179107.0 183950.0 186433.0 187021.0 186117.0 184058.0 181125.0
20 1.0 322.75677450638267 -25.101799112539396 -0.9407078139854329 -0.4658091284972078 -0.4642506886347282 -0.1453837971159127 0.06384354292461465 -0.23440735270347862 9868.0 26494.0 50301.0 77509.0 104488.0 128788.99999999999 149174.0 165292.0 177322.0 185715.0 191015.0 193770.0 194483.0 193589.0 191456.0 188387.0
21 1.0 132.32227321724275 59.158244620032804 -0.9407078139854329 -0.4658091284972078 -0.4642506886347282 -0.1453837971159127 0.06384354292461465 -0.23440735270347862 5779.0 16229.0 32067.0 51177.0 71138.0 90055.0 106764.0 120729.0 131843.0 140263.0 146274.0 150215.0 152423.0 153211.0 152857.0 151599.0
22 1.0 156.91137309562566 76.4940441515746 -0.9407078139854329 -0.4658091284972078 -0.4642506886347282 -0.1453837971159127 0.06384354292461465 -0.23440735270347862 6492.0 18032.0 35307.0 55913.0 77207.0 97181.0 114645.0 129083.0 140437.0 148912.0 154842.0 158601.0 160560.0 161057.0 160385.0 158798.0
23 1.0 321.092407805642 -81.71868404028655 -0.9407078139854329 -0.4658091284972078 -0.4642506886347282 -0.1453837971159127 0.06384354292461465 -0.23440735270347862 10645.0 28330.0 53447.0 81956.0 110055.0 135216.0 156197.0 172673.0 184870.0 193279.0 198484.0 201067.0 201554.0 200402.0 197992.0 194636.0
24 1.0 290.22983605659084 -48.12714129064221 -0.9407078139854329 -0.4658091284972078 -0.4642506886347282 -0.1453837971159127 0.06384354292461465 -0.23440735270347862 10811.0 28604.0 53729.0 82122.0 110011.0 134914.0 155632.0 171868.0 183861.0 192107.0 197190.0 199687.0 200119.0 198937.0 196517.0 193167.0
25 1.0 253.39989007453187 -27.266513491338614 -0.9407078139854329 -0.4658091284972078 -0.4642506886347282 -0.1453837971159127 0.06384354292461465 -0.23440735270347862 13277.0 32651.0 58344.0 86063.0 112324.0 135086.0 153523.0 167594.0 177673.0 184317.0 188115.0 189622.0 189325.0 187635.0 184892.0 181369.0
26 1.0 36.0816794324284 56.693966286644525 -0.9407078139854329 -0.4658091284972078 -0.4642506886347282 -0.1453837971159127 0.06384354292461465 -0.23440735270347862 15774.0 37833.0 66488.0 96957.0 125516.99999999999 150061.0 169790.0 184725.0 195316.0 202189.0 205995.0 207342.0 206759.0 204693.0 201508.0 197500.0
27 1.0 331.0137409480825 87.38845697579356 -0.9407078139854329 -0.4658091284972078 -0.4642506886347282 -0.1453837971159127 0.06384354292461465 -0.23440735270347862 8677.0 23305.0 44426.0 68839.0 93361.0 115760.0 134838.0 150184.0 161881.0 170273.0 175814.0 178977.0 180206.0 179894.0 178375.0 175931.0
28 1.0 257.1268678376801 84.41490684066332 -0.9407078139854329 -0.4658091284972078 -0.4642506886347282 -0.1453837971159127 0.06384354292461465 -0.23440735270347862 7834.000000000001 21348.0 41147.0 64308.00000000001 87814.0 109487.0 128115.0 143241.0 154894.0 163371.0 169085.0 172478.0 173972.0 173942.0 172713.0 170556.0
29 1.0 359.5849223644319 72.89070219898684 -0.9407078139854329 -0.4658091284972078 -0.4642506886347282 -0.1453837971159127 0.06384354292461465 -0.23440735270347862 12390.0 31478.0 57609.0 86534.0 114532.0 139264.0 159654.0 175498.0 187091.0 194959.0 199699.0 201893.0 202062.0 200652.0 198035.0 194517.0
0 1.0 53.80138967687775 -36.619872288474625 -0.9407078139854329 -0.4658091284972078 -0.4642506886347282 -0.1453837971159127 0.06384354292461465 -0.23440735270347862 7234.0 19268.0 36483.0 56241.0 75993.0 93989.0 109311.0 121658.0 131111.0 137948.0 142528.0 145222.0 146377.0 146301.0 145256.0 143460.0
1 1.0 312.52538065255715 88.56202381460534 -0.9407078139854329 -0.4658091284972078 -0.4642506886347282 -0.1453837971159127 0.06384354292461465 -0.23440735270347862 8423.0 22713.0 43431.0 67459.0 91667.0 113839.0 132775.0 148050.0 159730.0 168145.0 173737.0 176969.0 178279.0 178052.0 176622.0 174266.0
2 1.0 58.497456483494936 -45.10439260983878 -0.9407078139854329 -0.4658091284972078 -0.4642506886347282 -0.1453837971159127 0.06384354292461465 -0.23440735270347862 7055.0 19024.0 36334.0 56370.0 76537.0 95020.0 110843.0 123661.0 133531.0 140719.0 145584.0 148499.0 149819.0 149859.0 148887.0 147132.0
3 1.0 221.6014431421839 -70.9368921211982 -0.9407078139854329 -0.4658091284972078 -0.4642506886347282 -0.1453837971159127 0.06384354292461465 -0.23440735270347862 15407.0 38346.0 68999.0 102175.0 133605.0 160775.0 182668.0 199238.0 210958.0 218520.0 222657.0 224053.0 223307.0 220923.0 217313.0 212808.0
4 1.0 44.57519382579895 81.17146998997094 -0.9407078139854329 -0.4658091284972078 -0.4642506886347282 -0.1453837971159127 0.06384354292461465 -0.23440735270347862 9895.0 25945.0 48611.0 74362.0 99865.0 122875.0 142251.0 157656.0 169243.0 177413.0 182664.0 185499.0 186384.0 185725.0 183868.0 181098.0
5 1.0 305.2829625560044 -47.98435401574267 -0.9407078139854329 -0.4658091284972078 -0.4642506886347282 -0.1453837971159127 0.06384354292461465 -0.23440735270347862 9982.0 26804.0 50893.0 78420.0 105710.0 130280.0 150880.0 167154.0 179288.0 187739.0 193059.0 195806.0 196489.0 195550.0 193361.0 190228.0
6 1.0 290.63482514100383 34.15828771399508 -0.9407078139854329 -0.4658091284972078 -0.4642506886347282 -0.1453837971159127 0.06384354292461465 -0.23440735270347862 8434.0 22872.0 43837.0 68141.0 92594.0 114951.0 134007.0 149346.0 161045.0 169447.0 175005.0 178190.0 179444.0 179159.0 177669.0 175254.0
7 1.0 204.8762659012536 -79.49585538349405 -0.9407078139854329 -0.4658091284972078 -0.4642506886347282 -0.1453837971159127 0.06384354292461465 -0.23440735270347862 13498.0 34513.0 63274.0 94978.0 125463.99999999999 152166.0 173953.0 190669.0 202694.0 210654.0 215233.0 217086.0 216792.0 214843.0 211644.0 207523.0
8 1.0 146.58598700135988 41.52763784294572 -0.9407078139854329 -0.4658091284972078 -0.4642506886347282 -0.1453837971159127 0.06384354292461465 -0.23440735270347862 5156.0 14611.0 29081.0 46693.0 65240.99999999999 82964.0 98752.0 112066.0 122773.0 130988.0 136955.0 140974.0 143350.0 144370.0 144291.0 143335.0
9 1.0 24.900118363849696 68.70963822009114 -0.9407078139854329 -0.4658091284972078 -0.4642506886347282 -0.1453837971159127 0.06384354292461465 -0.23440735270347862 13551.0 33674.0 60698.0 90188.0 118421.0 143133.0 163342.0 178916.0 190203.0 197761.0 202207.0 204130.0 204054.0 202428.0 199621.0 195936.0
10 1.0 251.07435833204292 -40.96135881612675 -0.9407078139854329 -0.4658091284972078 -0.4642506886347282 -0.1453837971159127 0.06384354292461465 -0.23440735270347862 14982.0 36551.0 64912.0 95278.0 123840.0 148418.0 168168.0 183097.0 193658.0 200483.0 204232.0 205521.0 204884.0 202772.0 199551.0 195519.0
11 1.0 163.27536576410478 -21.76975870606286 -0.9407078139854329 -0.4658091284972078 -0.4642506886347282 -0.1453837971159127 0.06384354292461465 -0.23440735270347862 13959.0 34148.0 60901.0 89822.0 117323.0 141276.0 160788.0 175779.0 186609.0 193835.0 198057.0 199848.0 199714.0 198087.0 195325.0 191716.0
12 1.0 259.94001580932525 -22.6266870022351 -0.9407078139854329 -0.4658091284972078 -0.4642506886347282 -0.1453837971159127 0.06384354292461465 -0.23440735270347862 11791.0 29653.0 53825.0 80318.0 105749.0 128054.0 146330.0 160449.0 170718.0 177638.0 181758.0 183609.0 183658.0 182308.0 179891.0 176676.0
13 1.0 311.8976373343065 44.781886357223954 -0.9407078139854329 -0.4658091284972078 -0.4642506886347282 -0.1453837971159127 0.06384354292461465 -0.23440735270347862 11324.0 29721.0 55542.0 84601.0 113050.0 138384.0 159402.0 175824.0 187907.0 196169.0 201213.0 203629.0 203951.0 202641.0 200081.0 196586.0
14 1.0 351.1877418010389 -47.19469634297301 -0.9407078139854329 -0.4658091284972078 -0.4642506886347282 -0.1453837971159127 0.06384354292461465 -0.23440735270347862 9055.0 24278.0 46076.0 71019.0 95810.0 118212.0 137087.0 152096.0 163386.0 171351.0 176478.0 179259.0 180147.0 179540.0 177771.0 175118.0
15 1.0 308.08920326133995 -59.06644217142426 -0.9407078139854329 -0.4658091284972078 -0.4642506886347282 -0.1453837971159127 0.06384354292461465 -0.23440735270347862 10187.0 27293.0 51739.0 79623.0 107223.0 132033.0 152799.0 169175.0 181357.0 189814.0 195110.0 197812.0 198434.0 197425.0 195161.0 191950.0
16 1.0 4.21707030660071 -9.127503236207147 -0.9407078139854329 -0.4658091284972078 -0.4642506886347282 -0.1453837971159127 0.06384354292461465 -0.23440735270347862 13909.0 33887.0 60155.0 88304.0 114822.0 137690.0 156118.0 170102.0 180047.0 186531.0 190160.0 191498.0 191039.0 189197.0 186314.0 182664.0
17 1.0 129.592103212211 -35.19568667208249 -0.9407078139854329 -0.4658091284972078 -0.4642506886347282 -0.1453837971159127 0.06384354292461465 -0.23440735270347862 8741.0 23517.0 44870.0 69553.0 94338.0 116964.0 136219.0 151691.0 163468.0 171901.0 177453.0 180605.0 181805.0 181451.0 179884.0 177386.0
18 1.0 262.7966024726609 61.05404200655744 -0.9407078139854329 -0.4658091284972078 -0.4642506886347282 -0.1453837971159127 0.06384354292461465 -0.23440735270347862 6876.0 18906.0 36695.0 57696.0 79211.0 99244.0 116649.0 130953.00000000001 142134.0 150423.0 156168.0 159756.0 161558.0 161916.0 161123.0 159430.0
19 1.0 61.78668381411859 -47.20647131718502 -0.9407078139854329 -0.4658091284972078 -0.4642506886347282 -0.1453837971159127 0.06384354292461465 -0.23440735270347862 7020.0 18991.0 36358.0 56509.0 76836.0 95504.0 111517.0 124520.0 134559.0 141898.0 146891.0 149913.0 151320.0 151426.0 150504.0 148783.0
20 1.0 187.57317823348654 0.4301023480670665 -0.9407078139854329 -0.4658091284972078 -0.4642506886347282 -0.1453837971159127 0.06384354292461465 -0.23440735270347862 12814.0 30732.0 54068.0 78981.0 102457.0 122769.0 139239.0 151851.0 160945.0 167005.0 170546.0 172049.0 171940.0 170579.0 168263.0 165234.0
21 1.0 19.561675802131305 79.66504794562746 -0.9407078139854329 -0.4658091284972078 -0.4642506886347282 -0.1453837971159127 0.06384354292461465 -0.23440735270347862 10646.0 27646.0 51425.0 78219.0 104564.0 128174.00000000001 147922.0 163510.0 175134.0 183236.0 188344.0 190989.0 191655.0 190762.0 188664.0 185655.0
22 1.0 71.99874896270403 24.119585594038938 -0.9407078139854329 -0.4658091284972078 -0.4642506886347282 -0.1453837971159127 0.06384354292461465 -0.23440735270347862 9610.0 24045.0 43668.0 65380.99999999999 86497.0 105312.0 121024.0 133450.0 142768.0 149330.0 153549.0 155832.0 156552.0 156032.0 154547.0 152323.0
23 1.0 6.66784600582103 66.11209298324366 -0.9407078139854329 -0.4658091284972078 -0.4642506886347282 -0.1453837971159127 0.06384354292461465 -0.23440735270347862 14452.0 35727.0 64120.0 94922.0 124241.0 149753.0 170481.0 186337.0 197717.0 205227.0 209524.0 211230.0 210894.0 208983.0 205880.0 201895.0
24 1.0 285.7311732086714 79.23774408385813 -0.9407078139854329 -0.4658091284972078 -0.4642506886347282 -0.1453837971159127 0.06384354292461465 -0.23440735270347862 8354.0 22622.0 43374.0 67490.0 91818.0 114119.0 133175.0 148551.0 160311.0 168786.0 174419.0 177676.0 178998.0 178774.0 177339.0 174971.0
25 1.0 80.61288770173685 45.13767513954335 -0.9407078139854329 -0.4658091284972078 -0.4642506886347282 -0.1453837971159127 0.06384354292461465 -0.23440735270347862 9392.0 24041.0 44380.0 67260.0 89814.0 110144.0 127294.99999999999 140994.0 151375.0 158781.0 163636.0 166369.0 167379.0 167016.0 165578.0 163313.0
26 1.0 124.32660505088496 35.92351084045525 -0.9407078139854329 -0.4658091284972078 -0.4642506886347282 -0.1453837971159127 0.06384354292461465 -0.23440735270347862 5234.0 14828.0 29509.0 47375.0 66187.0 84156.0 100154.0 113637.0 124470.0 132772.0 138792.0 142837.0 145215.0 146221.0 146114.0 145120.0
27 1.0 334.1092656476127 84.23380198876086 -0.9407078139854329 -0.4658091284972078 -0.4642506886347282 -0.1453837971159127 0.06384354292461465 -0.23440735270347862 9227.0 24581.0 46568.0 71805.0 97000.0 119884.0 139268.0 154770.0 166505.0 174850.0 180285.0 183302.0 184361.0 183866.0 182159.0 179527.0
28 1.0 253.5891846924718 88.99214213658229 -0.9407078139854329 -0.4658091284972078 -0.4642506886347282 -0.1453837971159127 0.06384354292461465 -0.23440735270347862 8185.0 22156.0 42488.0 66146.0 90047.0 111996.0 130788.99999999999 145988.0 157645.0 166077.0 171713.0 175007.0 176390.0 176244.0 174897.0 172624.0
29 1.0 11.462014631270826 -8.672097119443265 -0.9407078139854329 -0.4658091284972078 -0.4642506886347282 -0.1453837971159127 0.06384354292461465 -0.23440735270347862 13934.0 33622.0 59295.0 86641.0 112283.0 134310.0 152000.0 165374.0 174844.0 180976.0 184362.0 185547.0 185009.0 183149.0 180293.0 176706.0
0 1.0 59.289896339248585 -77.2434399268425 -0.9407078139854329 -0.4658091284972078 -0.4642506886347282 -0.1453837971159127 0.06384354292461465 -0.23440735270347862 9173.0 24757.0 47242.0 73139.0 99019.0 122513.0 142384.0 158237.0 170200.0 178668.0 184143.0 187138.0 188130.0 187535.0 185709.0 182943.0
1 1.0 223.73222453991488 -37.29707434070661 -0.9407078139854329 -0.4658091284972078 -0.4642506886347282 -0.1453837971159127 0.06384354292461465 -0.23440735270347862 19060.0 44235.0 75779.0 108260.0 137806.0 162453.0 181644.0 195639.0 205076.0 210713.0 213292.0 213474.0 211816.0 208777.0 204727.0 199958.0
2 1.0 207.80229189750034 -62.57615297620852 -0.9407078139854329 -0.4658091284972078 -0.4642506886347282 -0.1453837971159127 0.06384354292461465 -0.23440735270347862 17650.0 42662.0 75227.0 109782.0 141998.0 169462.0 191296.0 207581.0 218886.0 225968.0 229605.0 230507.0 229289.0 226462.0 222441.0 217557.0
3 1.0 85.64141569482311 -14.852452536717877 -0.9407078139854329 -0.4658091284972078 -0.4642506886347282 -0.1453837971159127 0.06384354292461465 -0.23440735270347862 5909.0 16117.0 31114.0 48745.0 66770.0 83552.0 98154.0 110196.0 119662.0 126738.99999999999 131710.0 134890.0 136581.0 137060.0 136569.0 135314.0
4 1.0 336.3170392529258 -66.36792087481392 -0.9407078139854329 -0.4658091284972078 -0.4642506886347282 -0.1453837971159127 0.06384354292461465 -0.23440735270347862 9414.0 25396.0 48406.0 74836.0 101171.0 125004.0 145096.0 161068.0 173068.0 181513.0 186923.0 189826.0 190708.0 189995.0 188046.0 185158.0
5 1.0 221.02774414772256 18.741204723758756 -0.9407078139854329 -0.4658091284972078 -0.4642506886347282 -0.1453837971159127 0.06384354292461465 -0.23440735270347862 8497.0 21549.0 39471.0 59433.0 78929.0 96355.0 110941.0 122499.0 131185.0 137319.0 141279.0 143443.0 144154.0 143713.0 142374.0 140346.0
6 1.0 192.827809088985 -21.094549351586267 -0.9407078139854329 -0.4658091284972078 -0.4642506886347282 -0.1453837971159127 0.06384354292461465 -0.23440735270347862 18519.0 42773.0 73034.0 104100.0 132290.0 155762.0 174010.0 187299.0 196248.0 201587.0 204025.0 204189.0 202610.0 199725.0 195882.0 191358.0
7 1.0 212.36759148764554 71.1694591718778 -0.9407078139854329 -0.4658091284972078 -0.4642506886347282 -0.1453837971159127 0.06384354292461465 -0.23440735270347862 6055.0 16848.0 33037.0 52402.0 72484.0 91405.0 108034.0 121867.0 132829.0 141091.0 146953.0 150758.0 152845.0 153529.0 153086.0 151754.0
8 1.0 262.8439306260371 84.20304092373033 -0.9407078139854329 -0.4658091284972078 -0.4642506886347282 -0.1453837971159127 0.06384354292461465 -0.23440735270347862 7913.0 21541.0 41483.0 64786.0 88415.0 110181.0 128872.99999999999 144037.0 155706.0 164183.0 169885.0 173258.0 174727.0 174669.0 173409.0 171221.0
9 1.0 112.30019837265667 8.43928230049599 -0.9407078139854329 -0.4658091284972078 -0.4642506886347282 -0.1453837971159127 0.06384354292461465 -0.23440735270347862 5245.0 14770.0 29248.0 46769.0 65135.0 82615.0 98134.0 111183.0 121648.0 129653.99999999999 135449.0 139332.0 141605.0 142553.0 142426.0 141444.0
10 1.0 143.35958239779308 -40.531757423832616 -0.9407078139854329 -0.4658091284972078 -0.4642506886347282 -0.1453837971159127 0.06384354292461465 -0.23440735270347862 11706.0 30121.0 55610.0 84060.0 111782.0 136406.0 156812.0 172753.0 184490.0 192525.0 197441.0 199808.0 200141.0 198886.0 196413.0 193025.0
11 1.0 75.54374963104397 16.601475377130626 -0.9407078139854329 -0.4658091284972078 -0.4642506886347282 -0.1453837971159127 0.06384354292461465 -0.23440735270347862 8295.0 21224.0 39170.0 59363.0 79284.0 97264.0 112466.0 124647.0 133918.0 140577.0 144991.0 147533.0 148551.0 148351.0 147192.0 145294.0
12 1.0 67.02948211692102 71.41700848039378 -0.9407078139854329 -0.4658091284972078 -0.4642506886347282 -0.1453837971159127 0.06384354292461465 -0.23440735270347862 10424.0 26878.0 49796.0 75580.0 100934.0 123685.0 142759.0 157864.0 169179.0 177118.0 182181.0 184869.0 185642.0 184902.0 182989.0 180184.0
13 1.0 339.9740603942161 -16.787997749565307 -0.9407078139854329 -0.4658091284972078 -0.4642506886347282 -0.1453837971159127 0.06384354292461465 -0.23440735270347862 11377.0 29549.0 54799.0 82997.0 110442.0 134772.0 154884.0 170550.0 182046.0 189880.0 194639.0 196891.0 197148.0 195849.0 193361.0 189982.0
14 1.0 266.2382862177435 9.374089804554757 -0.9407078139854329 -0.4658091284972078 -0.4642506886347282 -0.1453837971159127 0.06384354292461465 -0.23440735270347862 8153.000000000001 21626.0 40784.0 62632.99999999999 84331.0 103961.0 120548.0 133797.0 143831.0 150982.0 155663.0 158295.0 159266.0 158917.0 157536.0 155364.0
15 1.0 176.56517110232414 -41.10250183089374 -0.9407078139854329 -0.4658091284972078 -0.4642506886347282 -0.1453837971159127 0.06384354292461465 -0.23440735270347862 18406.0 43609.0 75879.0 109730.0 141037.0 167571.0 188570.0 204172.0 214957.0 221672.0 225072.0 225844.0 224580.0 221771.0 217815.0 213032.0
16 1.0 81.86926607039636 -8.020053098995149 -0.9407078139854329 -0.4658091284972078 -0.4642506886347282 -0.1453837971159127 0.06384354292461465 -0.23440735270347862 6182.0 16666.0 31912.000000000004 49695.0 67756.0 84476.0 98947.0 110817.0 120093.0 126980.00000000001 131772.0 134788.0 136335.0 136692.0 136099.0 134761.0
17 1.0 91.56833343734147 -17.69156363167224 -0.9407078139854329 -0.4658091284972078 -0.4642506886347282 -0.1453837971159127 0.06384354292461465 -0.23440735270347862 5751.0 15826.0 30753.0 48424.0 66595.0 83597.0 98459.0 110770.0 120493.0 127802.0 132977.0 136330.0 138164.0 138759.0 138361.0 137176.0
18 1.0 20.89049771659522 -45.28557628506522 -0.9407078139854329 -0.4658091284972078 -0.4642506886347282 -0.1453837971159127 0.06384354292461465 -0.23440735270347862 8400.0 22323.0 42139.0 64741.00000000001 87180.0 107469.0 124594.0 138255.0 148580.0 155917.0 160696.0 163356.0 164299.0 163880.0 162398.0 160103.0
19 1.0 156.3899852009235 1.0559490885555078 -0.9407078139854329 -0.4658091284972078 -0.4642506886347282 -0.1453837971159127 0.06384354292461465 -0.23440735270347862 8649.0 22658.0 42521.0 65228.99999999999 87902.0 108559.0 126152.99999999999 140335.0 151189.0 159028.0 164262.0 167315.0 168588.0 168436.0 167162.0 165022.0
20 1.0 112.24651751787692 -34.13145132363395 -0.9407078139854329 -0.4658091284972078 -0.4642506886347282 -0.1453837971159127 0.06384354292461465 -0.23440735270347862 6808.0 18791.0 36596.0 57697.0 79381.0 99620.0 117234.0 131731.0 143075.0 151494.0 157336.0 160990.0 162835.0 163213.0 162424.0 160722.0
21 1.0 250.6836559735654 -22.85372450146545 -0.9407078139854329 -0.4658091284972078 -0.4642506886347282 -0.1453837971159127 0.06384354292461465 -0.23440735270347862 13110.0 32103.0 57207.0 84230.0 109791.0 131922.0 149833.0 163491.0 173269.0 179709.0 183387.0 184840.0 184543.0 182895.0 180225.0 176799.0
22 1.0 135.99066214529313 4.494679605767573 -0.9407078139854329 -0.4658091284972078 -0.4642506886347282 -0.1453837971159127 0.06384354292461465 -0.23440735270347862 6004.0 16778.0 33024.0 52538.0 72839.0 92007.0 108880.0 122931.0 134071.0 142471.0 148431.0 152300.0 154422.0 155118.0 154670.0 153317.0
23 1.0 64.65732392146853 45.10710412721775 -0.9407078139854329 -0.4658091284972078 -0.4642506886347282 -0.1453837971159127 0.06384354292461465 -0.23440735270347862 12302.0 30097.0 53737.0 79391.0 103909.0 125397.00000000001 143038.0 156726.0 166751.0 173579.0 177726.0 179688.0 179907.0 178762.0 176569.0 173588.0
24 1.0 8.884342220879242 -29.968656157570443 -0.9407078139854329 -0.4658091284972078 -0.4642506886347282 -0.1453837971159127 0.06384354292461465 -0.23440735270347862 10065.0 25944.0 47921.0 72440.0 96333.0 117576.0 135217.0 149049.0 159294.0 166376.0 170789.0 173014.0 173488.0 172588.0 170629.0 167868.0
25 1.0 24.20986732676949 76.34857799173744 -0.9407078139854329 -0.4658091284972078 -0.4642506886347282 -0.1453837971159127 0.06384354292461465 -0.23440735270347862 11478.0 29399.0 54151.0 81766.0 108696.0 132657.0 152561.0 168160.0 179694.0 187640.0 192554.0 194985.0 195429.0 194316.0 192005.0 188791.0
26 1.0 244.58139845948423 65.21733843046243 -0.9407078139854329 -0.4658091284972078 -0.4642506886347282 -0.1453837971159127 0.06384354292461465 -0.23440735270347862 6382.0 17638.0 34387.0 54277.0 74773.0 93971.0 110753.0 124641.0 135583.0 143777.0 149538.0 153224.0 155185.0 155740.0 155170.0 153714.0
27 1.0 163.33086404017632 -81.23574672440486 -0.9407078139854329 -0.4658091284972078 -0.4642506886347282 -0.1453837971159127 0.06384354292461465 -0.23440735270347862 12351.0 32058.000000000004 59405.0 89883.0 119463.0 145589.0 167083.0 183721.0 195824.0 203966.0 208793.0 210932.0 210942.0 209302.0 206408.0 202582.0
28 1.0 193.16851599914 -44.3443456337719 -0.9407078139854329 -0.4658091284972078 -0.4642506886347282 -0.1453837971159127 0.06384354292461465 -0.23440735270347862 20148.0 47019.0 80873.0 115897.0 147886.0 174673.0 195610.0 210941.0 221334.0 227598.0 230530.0 230843.0 229142.0 225927.0 221600.0 216479.0
29 1.0 322.80166549452315 -9.695607721343649 -0.9407078139854329 -0.4658091284972078 -0.4642506886347282 -0.1453837971159127 0.06384354292461465 -0.23440735270347862 10665.0 28339.0 53393.0 81789.0 109744.0 134754.0 155593.0 171950.0 184053.0 192393.0 197553.0 200110.0 200587.0 199437.0 197039.0 193702.0
0 1.0 356.52202106281356 -71.16698002635466 -0.9407078139854329 -0.4658091284972078 -0.4642506886347282 -0.1453837971159127 0.06384354292461465 -0.23440735270347862 9136.0 24670.0 47077.0 72867.0 98623.0 121992.0 141748.0 157505.0 169392.0 177806.0 183245.0 186221.0 187207.0 186617.0 184803.0 182056.0
1 1.0 78.08291438345061 -27.274321973970522 -0.9407078139854329 -0.4658091284972078 -0.4642506886347282 -0.1453837971159127 0.06384354292461465 -0.23440735270347862 6217.0 16875.0 32432.000000000004 50609.0 69082.0 86180.0 100970.0 113090.0 122549.0 129557.0 134418.0 137461.0 139002.0 139325.0 138678.0 137271.0
2 1.0 238.70815311603627 43.21755461118286 -0.9407078139854329 -0.4658091284972078 -0.4642506886347282 -0.1453837971159127 0.06384354292461465 -0.23440735270347862 6220.0 16913.0 32546.0 50834.0 69437.0 86667.0 101580.0 113806.0 123352.0 130427.99999999999 135340.0 138419.0 139983.0 140321.0 139681.0 138276.0
3 1.0 94.79605562537424 32.49260660570866 -0.9407078139854329 -0.4658091284972078 -0.4642506886347282 -0.1453837971159127 0.06384354292461465 -0.23440735270347862 6752.0 18200.0 34891.0 54421.0 74323.0 92801.0 108837.0 122021.0 132343.0 140018.0 145366.0 148737.0 150470.0 150873.0 150215.0 148724.0
4 1.0 7.434359807662325 22.02919714188087 -0.9407078139854329 -0.4658091284972078 -0.4642506886347282 -0.1453837971159127 0.06384354292461465 -0.23440735270347862 20068.0 46416.0 79301.0 113043.0 143630.0 169056.0 188777.0 203090.0 212676.0 218336.0 220845.0 220889.0 219049.0 215800.0 211520.0 206511.0
5 1.0 273.01631538101094 37.895112490022214 -0.9407078139854329 -0.4658091284972078 -0.4642506886347282 -0.1453837971159127 0.06384354292461465 -0.23440735270347862 7251.0 19731.0 37942.0 59173.0 80676.0 100492.0 117540.0 131418.0 142159.0 150028.0 155397.0 158660.0 160193.0 160333.0 159370.0 157549.0
6 1.0 115.20617429608842 -53.113736347253685 -0.9407078139854329 -0.4658091284972078 -0.4642506886347282 -0.1453837971159127 0.06384354292461465 -0.23440735270347862 8652.0 23413.0 44827.0 69637.0 94580.0 117364.0 136757.0 152339.0 164196.0 172683.0 178266.0 181431.0 182630.0 182267.0 180682.0 178161.0
7 1.0 138.04700190188328 -28.494339324348218 -0.9407078139854329 -0.4658091284972078 -0.4642506886347282 -0.1453837971159127 0.06384354292461465 -0.23440735270347862 9447.0 25016.0 47198.0 72565.0 97820.0 120708.0 140057.0 155503.0 167172.0 175449.0 180817.0 183774.0 184777.0 184232.0 182482.0 179812.0
8 1.0 211.79416087929806 31.723646809943318 -0.9407078139854329 -0.4658091284972078 -0.4642506886347282 -0.1453837971159127 0.06384354292461465 -0.23440735270347862 6800.0 17973.0 33923.0 52253.0 70641.0 87480.0 101908.0 113625.0 122683.0 129316.99999999999 133848.0 136607.0 137911.0 138042.0 137243.0 135718.0
9 1.0 299.17744388502854 68.26225734563889 -0.9407078139854329 -0.4658091284972078 -0.4642506886347282 -0.1453837971159127 0.06384354292461465 -0.23440735270347862 9249.0 24794.0 47136.0 72821.0 98470.0 121753.0 141452.0 157178.0 169055.0 177472.0 182925.0 185919.0 186925.0 186357.0 184564.0 181836.0
10 1.0 226.43346369281355 7.86204968905713 -0.9407078139854329 -0.4658091284972078 -0.4642506886347282 -0.1453837971159127 0.06384354292461465 -0.23440735270347862 10305.0 25325.0 45337.0 67080.0 87863.0 106068.0 120999.0 132570.0 141034.0 146791.0 150282.0 151929.0 152108.0 151141.0 149293.0 146784.0
11 1.0 314.1542359610623 -39.11406282980341 -0.9407078139854329 -0.4658091284972078 -0.4642506886347282 -0.1453837971159127 0.06384354292461465 -0.23440735270347862 9595.0 25897.0 49357.0 76275.0 103058.0 127255.0 147612.0 163756.0 175850.0 184326.0 189719.0 192571.0 193378.0 192575.0 190527.0 187536.0
12 1.0 98.47513253362888 -84.55765355892314 -0.9407078139854329 -0.4658091284972078 -0.4642506886347282 -0.1453837971159127 0.06384354292461465 -0.23440735270347862 10669.0 28334.0 53388.0 81804.0 109801.0 134867.0 155769.0 172186.0 184343.0 192727.0 197921.0 200503.0 200996.0 199856.0 197461.0 194123.0
13 1.0 287.29686020852296 37.8606292153584 -0.9407078139854329 -0.4658091284972078 -0.4642506886347282 -0.1453837971159127 0.06384354292461465 -0.23440735270347862 8151.0 22142.0 42507.0 66175.0 90053.0 111946.0 130664.0 145783.0 157364.0 165729.0 171310.0 174562.0 175914.0 175747.0 174388.0 172110.0
14 1.0 66.8289399501428 -88.58086136848073 -0.9407078139854329 -0.4658091284972078 -0.4642506886347282 -0.1453837971159127 0.06384354292461465 -0.23440735270347862 10917.0 28921.0 54386.0 83196.0 111515.0 136813.0 157859.0 174348.0 186518.0 194874.0 200013.0 202520.0 202928.0 201696.0 199208.0 195778.0
15 1.0 343.0049965099 -22.9177674322208 -0.9407078139854329 -0.4658091284972078 -0.4642506886347282 -0.1453837971159127 0.06384354292461465 -0.23440735270347862 10810.0 28239.0 52592.0 79913.0 106613.0 130373.99999999999 150093.0 165520.0 176901.0 184719.0 189533.0 191891.0 192289.0 191155.0 188845.0 185651.0
16 1.0 247.4957794996135 5.496698621300723 -0.9407078139854329 -0.4658091284972078 -0.4642506886347282 -0.1453837971159127 0.06384354292461465 -0.23440735270347862 9166.0 23369.0 42891.0 64599.00000000001 85730.0 104527.0 120163.0 132458.0 141602.0 147965.0 151976.0 154054.0 154582.0 153888.0 152251.0 149897.0
17 1.0 77.58276376088104 75.98006311809476 -0.9407078139854329 -0.4658091284972078 -0.4642506886347282 -0.1453837971159127 0.06384354292461465 -0.23440735270347862 9333.0 24576.0 46221.0 70942.0 95552.0 117875.0 136778.0 151901.0 163362.0 171528.0 176863.0 179844.0 180916.0 180470.0 178839.0 176301.0
18 1.0 341.0534125760127 -73.89098189407798 -0.9407078139854329 -0.4658091284972078 -0.4642506886347282 -0.1453837971159127 0.06384354292461465 -0.23440735270347862 9647.0 25967.0 49419.0 76310.0 103061.0 127230.00000000001 147567.0 163700.0 175788.0 184264.0 189660.0 192517.0 193329.0 192532.0 190489.0 187503.0
19 1.0 263.1080904372568 -16.930382045708924 -0.9407078139854329 -0.4658091284972078 -0.4642506886347282 -0.1453837971159127 0.06384354292461465 -0.23440735270347862 10759.0 27459.0 50365.0 75735.0 100307.0 122031.0 139972.0 153953.0 164232.0 171265.0 175571.0 177652.0 177958.0 176878.0 174733.0 171789.0
20 1.0 91.4189913342093 -85.6236240521716 -0.9407078139854329 -0.4658091284972078 -0.4642506886347282 -0.1453837971159127 0.06384354292461465 -0.23440735270347862 10678.0 28360.0 53437.0 81877.0 109893.0 134973.0 155883.0 172303.0 184459.0 192840.0 198029.0 200604.0 201091.0 199944.0 197542.0 194197.0
21 1.0 76.79231185229351 -28.33002281851374 -0.9407078139854329 -0.4658091284972078 -0.4642506886347282 -0.1453837971159127 0.06384354292461465 -0.23440735270347862 6269.0 16998.0 32641.999999999996 50901.0 69439.0 86581.0 101396.0 113525.0 122980.0 129976.00000000001 134820.0 137842.0 139361.0 139661.0 138991.0 137562.0
22 1.0 186.55225701503878 22.00159059116308 -0.9407078139854329 -0.4658091284972078 -0.4642506886347282 -0.1453837971159127 0.06384354292461465 -0.23440735270347862 7821.0 20274.0 37774.0 57659.0 77437.0 95420.0 110728.0 123079.0 132554.0 139428.0 144053.0 146795.0 147997.0 147962.0 146951.0 145182.0
23 1.0 9.238578499631366 -39.767769318852295 -0.9407078139854329 -0.4658091284972078 -0.4642506886347282 -0.1453837971159127 0.06384354292461465 -0.23440735270347862 9085.0 23946.0 44923.0 68685.0 92129.0 113197.0 130869.99999999999 144872.0 155369.0 162745.0 167466.0 169998.0 170765.0 170139.0 168433.0 165904.0
24 1.0 74.68922715879938 -52.245009061985684 -0.9407078139854329 -0.4658091284972078 -0.4642506886347282 -0.1453837971159127 0.06384354292461465 -0.23440735270347862 7071.0 19264.0 37081.0 57887.0 78995.0 98478.0 115272.0 128972.0 139600.0 147412.0 152767.0 156049.0 157625.0 157826.0 156936.0 155197.0
25 1.0 152.88676875054225 -69.17341800112314 -0.9407078139854329 -0.4658091284972078 -0.4642506886347282 -0.1453837971159127 0.06384354292461465 -0.23440735270347862 13215.0 33798.0 62009.0 93163.0 123184.0 149539.0 171099.0 187691.0 199675.0 207655.0 212297.0 214242.0 214058.0 212230.0 209156.0 205161.0
26 1.0 134.7011929203212 13.88524392366152 -0.9407078139854329 -0.4658091284972078 -0.4642506886347282 -0.1453837971159127 0.06384354292461465 -0.23440735270347862 5477.0 15454.0 30661.0 49099.0 68446.0 86862.0 103202.0 116922.0 127898.00000000001 136266.0 142293.0 146297.0 148602.0 149511.0 149292.0 148177.0
27 1.0 166.88715277133184 35.14860106284348 -0.9407078139854329 -0.4658091284972078 -0.4642506886347282 -0.1453837971159127 0.06384354292461465 -0.23440735270347862 5647.0 15659.0 30653.0 48579.0 67182.0 84732.0 100192.0 113094.0 123360.0 131145.0 136716.0 140384.0 142458.0 143227.0 142942.0 141821.0
28 1.0 99.94633426610349 30.95228530724802 -0.9407078139854329 -0.4658091284972078 -0.4642506886347282 -0.1453837971159127 0.06384354292461465 -0.23440735270347862 6204.0 16986.0 32941.0 51832.0 71272.0 89476.0 105397.0 118587.0 129000.0 136820.0 142343.0 145904.0 147832.0 148426.0 147952.0 146634.0
29 1.0 211.24236472494076 80.79498372969132 -0.9407078139854329 -0.4658091284972078 -0.4642506886347282 -0.1453837971159127 0.06384354292461465 -0.23440735270347862 6881.0 19011.0 37056.0 58456.0 80453.0 100980.0 118835.0 133519.0 144996.0 153498.0 159384.0 163049.0 164880.0 165225.0 164390.0 162633.0
0 1.0 310.9880181323633 -89.51342149916951 -0.9407078139854329 -0.4658091284972078 -0.4642506886347282 -0.1453837971159127 0.06384354292461465 -0.23440735270347862 11135.0 29420.0 55211.0 84323.0 112880.0 138343.0 159486.0 176015.0 188185.0 196511.0 201599.0 204044.0 204383.0 203079.0 200518.0 197016.0
1 1.0 42.31146814633191 26.49539770092649 -0.9407078139854329 -0.4658091284972078 -0.4642506886347282 -0.1453837971159127 0.06384354292461465 -0.23440735270347862 16638.0 38554.0 66014.0 94322.0 120121.0 141704.0 158578.0 170955.0 179380.0 184503.0 186960.0 187319.0 186064.0 183590.0 180218.0 176200.0
2 1.0 186.2564785754811 18.070602677575124 -0.9407078139854329 -0.4658091284972078 -0.4642506886347282 -0.1453837971159127 0.06384354292461465 -0.23440735270347862 8507.0 21731.0 40063.0 60670.0 80981.0 99302.0 114781.0 127173.00000000001 136598.0 143358.0 147830.0 150395.0 151409.0 151182.0 149981.0 148028.0
3 1.0 47.54451828425519 15.973129794651868 -0.9407078139854329 -0.4658091284972078 -0.4642506886347282 -0.1453837971159127 0.06384354292461465 -0.23440735270347862 14181.0 33255.0 57496.0 82821.0 106209.0 126042.99999999999 141786.0 153546.0 161750.0 166947.0 169685.0 170468.0 169727.0 167823.0 165048.0 161639.0
4 1.0 258.06948522933374 83.29865757124364 -0.9407078139854329 -0.4658091284972078 -0.4642506886347282 -0.1453837971159127 0.06384354292461465 -0.23440735270347862 7766.0 21190.0 40880.0 63936.99999999999 87358.0 108971.0 127561.00000000001 142668.0 154317.0 162801.0 168529.0 171942.0 173458.0 173452.0 172247.0 170114.0
5 1.0 142.58149301062573 -86.96309879339286 -0.9407078139854329 -0.4658091284972078 -0.4642506886347282 -0.1453837971159127 0.06384354292461465 -0.23440735270347862 11347.0 29881.0 55946.0 85301.0 114042.0 139626.0 160836.0 177390.0 189552.0 197851.0 202897.0 205292.0 205575.0 204214.0 201596.0 198039.0
6 1.0 203.55167226906323 35.36683752626102 -0.9407078139854329 -0.4658091284972078 -0.4642506886347282 -0.1453837971159127 0.06384354292461465 -0.23440735270347862 6404.0 17142.0 32661.999999999996 50682.0 68922.0 85760.0 100299.0 112199.0 121475.0 128340.00000000001 133096.0 136066.0 137561.0 137861.0 137208.0 135809.0
7 1.0 65.9807410370683 56.462156946335426 -0.9407078139854329 -0.4658091284972078 -0.4642506886347282 -0.1453837971159127 0.06384354292461465 -0.23440735270347862 11763.0 29316.0 53038.0 79125.0 104326.0 126613.0 145059.0 159488.0 170150.0 177500.0 182054.0 184318.0 184746.0 183734.0 181610.0 178646.0
8 1.0 52.1451933636158 1.7652953918851466 -0.9407078139854329 -0.4658091284972078 -0.4642506886347282 -0.1453837971159127 0.06384354292461465 -0.23440735270347862 10909.0 26484.0 47007.0 69121.0 90118.0 108408.0 123333.0 134840.0 143205.0 148844.0 152210.0 153730.0 153783.0 152693.0 150729.0 148108.0
9 1.0 175.70026103362363 -29.886323472574354 -0.9407078139854329 -0.4658091284972078 -0.4642506886347282 -0.1453837971159127 0.06384354292461465 -0.23440735270347862 17645.0 41677.0 72387.0 104583.0 134373.0 159656.0 179716.0 194675.0 205077.0 211621.0 215016.0 215908.0 214854.0 212317.0 208676.0 204231.0
10 1.0 128.020585625984 52.35122938093289 -0.9407078139854329 -0.4658091284972078 -0.4642506886347282 -0.1453837971159127 0.06384354292461465 -0.23440735270347862 5600.0 15768.999999999998 31230.0 49938.0 69532.0 88150.0 104639.0 118458.0 129492.0 137882.0 143905.0 147886.0 150154.0 151017.0 150746.0 149575.0
11 1.0 338.5555002910127 -72.49627338616357 -0.9407078139854329 -0.4658091284972078 -0.4642506886347282 -0.1453837971159127 0.06384354292461465 -0.23440735270347862 9628.0 25925.0 49348.0 76212.0 102939.0 127091.00000000001 147417.0 163544.0 175631.0 184108.0 189508.0 192369.0 193188.0 192397.0 190361.0 187382.0
12 1.0 275.5170913705075 -10.43358520861345 -0.9407078139854329 -0.4658091284972078 -0.4642506886347282 -0.1453837971159127 0.06384354292461465 -0.23440735270347862 9350.0 24681.0 46339.0 70877.0 95078.0 116814.0 135030.0 149443.0 160227.0 167785.0 172600.0 175154.0 175890.0 175191.0 173381.0 170727.0
13 1.0 269.51890314619703 3.5914274227508827 -0.9407078139854329 -0.4658091284972078 -0.4642506886347282 -0.1453837971159127 0.06384354292461465 -0.23440735270347862 8510.0 22539.0 42445.0 65097.0 87542.0 107801.0 124872.0 138467.0 148724.0 155995.0 160715.0 163323.0 164222.0 163768.0 162259.0 159942.0
14 1.0 325.33910630853603 34.91215396821855 -0.9407078139854329 -0.4658091284972078 -0.4642506886347282 -0.1453837971159127 0.06384354292461465 -0.23440735270347862 13962.0 35443.0 64660.99999999999 96717.0 127426.00000000001 154233.0 176038.0 192710.0 204653.0 212508.0 216973.0 218708.0 218300.0 216240.0 212938.0 208721.0
15 1.0 30.032076759126678 -73.6405682341663 -0.9407078139854329 -0.4658091284972078 -0.4642506886347282 -0.1453837971159127 0.06384354292461465 -0.23440735270347862 8810.0 23828.0 45544.0 70611.0 95720.0 118576.0 137966.0 153493.0 165265.0 173652.0 179132.0 182195.0 183300.0 182850.0 181189.0 178600.0
16 1.0 198.78928917206636 -49.00328972318503 -0.9407078139854329 -0.4658091284972078 -0.4642506886347282 -0.1453837971159127 0.06384354292461465 -0.23440735270347862 19975.0 46817.0 80776.0 116017.0 148283.0 175356.0 196554.0 212104.0 222669.0 229060.0 232078.0 232443.0 230767.0 227555.0 223214.0 218068.0
17 1.0 210.4113848240768 -16.14571871577739 -0.9407078139854329 -0.4658091284972078 -0.4642506886347282 -0.1453837971159127 0.06384354292461465 -0.23440735270347862 17562.0 40402.0 68769.0 97765.0 123961.0 145666.0 162437.0 174550.0 182603.0 187293.0 189290.0 189189.0 187488.0 184595.0 180836.0 176468.0
18 1.0 346.2970962770024 22.193041143623518 -0.9407078139854329 -0.4658091284972078 -0.4642506886347282 -0.1453837971159127 0.06384354292461465 -0.23440735270347862 17800.0 42788.0 75157.0 109376.0 141189.0 168247.0 189718.0 205703.0 216778.0 223696.0 227226.0 228068.0 226829.0 224011.0 220021.0 215185.0
19 1.0 105.17310964531758 69.65294061913514 -0.9407078139854329 -0.4658091284972078 -0.4642506886347282 -0.1453837971159127 0.06384354292461465 -0.23440735270347862 7674.0 20763.0 39856.0 62155.0 84790.0 105688.0 123691.0 138355.0 149700.0 158000.0 163645.0 167052.0 168621.0 168711.0 167632.0 165646.0
20 1.0 86.69836076956085 21.388710283447764 -0.9407078139854329 -0.4658091284972078 -0.4642506886347282 -0.1453837971159127 0.06384354292461465 -0.23440735270347862 7047.0 18681.0 35376.0 54670.0 74132.0 92049.0 107481.0 120079.0 129871.99999999999 137093.0 142070.0 145148.0 146662.0 146910.0 146151.0 144604.0
21 1.0 36.10581921557922 -65.9769352317118 -0.9407078139854329 -0.4658091284972078 -0.4642506886347282 -0.1453837971159127 0.06384354292461465 -0.23440735270347862 8194.0 22187.0 42453.0 65894.0 89437.0 110937.0 129253.0 143999.0 155257.0 163359.0 168737.0 171844.0 173100.0 172880.0 171503.0 169234.0
22 1.0 5.9146666529307135 86.50442390171082 -0.9407078139854329 -0.4658091284972078 -0.4642506886347282 -0.1453837971159127 0.06384354292461465 -0.23440735270347862 8999.0 24025.0 45598.0 70418.0 95255.0 117864.0 137060.0 152451.0 164138.0 172481.0 177950.0 181025.0 182158.0 181747.0 180129.0 177588.0
23 1.0 334.6305540451886 66.92143225598872 -0.9407078139854329 -0.4658091284972078 -0.4642506886347282 -0.1453837971159127 0.06384354292461465 -0.23440735270347862 12469.0 31868.0 58523.0 88076.0 116694.0 141960.0 162767.0 178907.0 190685.0 198648.0 203412.0 205576.0 205675.0 204169.0 201438.0 197795.0
24 1.0 241.16995677272763 0.4897370061583217 -0.9407078139854329 -0.4658091284972078 -0.4642506886347282 -0.1453837971159127 0.06384354292461465 -0.23440735270347862 10462.0 25960.0 46752.0 69441.0 91183.0 110258.0 125916.0 138058.0 146942.0 152987.0 156654.0 158386.0 158577.0 157565.0 155630.0 153000.0
25 1.0 282.6550483283296 76.02263672339393 -0.9407078139854329 -0.4658091284972078 -0.4642506886347282 -0.1453837971159127 0.06384354292461465 -0.23440735270347862 8210.0 22295.0 42836.0 66758.0 90934.0 113132.0 132130.0 147484.0 159249.0 167747.0 173415.0 176715.0 178084.0 177909.0 176522.0 174202.0
26 1.0 101.42283807142167 7.448542876284435 -0.9407078139854329 -0.4658091284972078 -0.4642506886347282 -0.1453837971159127 0.06384354292461465 -0.23440735270347862 5462.0 15185.0 29774.0 47242.0 65391.00000000001 82532.0 97648.0 110278.0 120342.0 127985.99999999999 133469.0 137093.0 139160.0 139949.0 139706.0 138644.0
27 1.0 211.1076598270776 76.19509222004936 -0.9407078139854329 -0.4658091284972078 -0.4642506886347282 -0.1453837971159127 0.06384354292461465 -0.23440735270347862 6403.0 17785.0 34823.0 55151.0 76170.0 95904.0 113177.0 127478.00000000001 138743.0 147171.0 153086.0 156858.0 158848.0 159388.0 158770.0 157242.0
28 1.0 23.023895803553206 59.38152634860177 -0.9407078139854329 -0.4658091284972078 -0.4642506886347282 -0.1453837971159127 0.06384354292461465 -0.23440735270347862 16143.000000000002 38870.0 68475.0 100000.0 129564.00000000001 154962.0 175354.0 190761.0 201652.0 208682.0 212530.0 213831.0 213138.0 210915.0 207542.0 203326.0
29 1.0 174.82593453646425 84.29155385297352 -0.9407078139854329 -0.4658091284972078 -0.4642506886347282 -0.1453837971159127 0.06384354292461465 -0.23440735270347862 7304.0 20046.0 38864.0 61040.0 83702.0 104736.0 122934.0 137815.0 149372.0 157866.0 163679.0 167226.0 168910.0 169092.0 168085.0 166152.0
0 1.0 351.89825030800085 75.5609059400685 -0.9407078139854329 -0.4658091284972078 -0.4642506886347282 -0.1453837971159127 0.06384354292461465 -0.23440735270347862 11488.0 29584.0 54668.0 82706.0 110067.0 134410.0 154620.0 170439.0 182116.0 190140.0 195080.0 197497.0 197897.0 196719.0 194330.0 191030.0
1 1.0 315.54188831397266 -83.5139128628575 -0.9407078139854329 -0.4658091284972078 -0.4642506886347282 -0.1453837971159127 0.06384354292461465 -0.23440735270347862 10856.0 28811.0 54241.0 83040.0 111367.0 136687.0 157761.0 174279.0 186478.0 194860.0 200020.0 202545.0 202968.0 201749.0 199270.0 195847.0
2 1.0 121.73722266126443 -58.54103925103081 -0.9407078139854329 -0.4658091284972078 -0.4642506886347282 -0.1453837971159127 0.06384354292461465 -0.23440735270347862 9775.0 26098.0 49436.0 76123.0 102637.0 126580.0 146727.0 162714.0 174702.0 183115.0 188480.0 191329.0 192152.0 191378.0 189367.0 186419.0
3 1.0 346.16525563493946 -19.95575812178656 -0.9407078139854329 -0.4658091284972078 -0.4642506886347282 -0.1453837971159127 0.06384354292461465 -0.23440735270347862 11307.0 29215.0 53997.0 81598.0 108415.0 132162.0 151780.0 167059.0 178270.0 185914.0 190562.0 192767.0 193027.0 191770.0 189352.0 186064.0
4 1.0 83.41258552963363 81.38568551317573 -0.9407078139854329 -0.4658091284972078 -0.4642506886347282 -0.1453837971159127 0.06384354292461465 -0.23440735270347862 8763.0 23382.0 44390.0 68599.0 92872.0 115021.0 133879.0 149046.0 160609.0 168909.0 174394.0 177530.0 178755.0 178456.0 176964.0 174555.0
5 1.0 341.75477606964535 -35.99479449433267 -0.9407078139854329 -0.4658091284972078 -0.4642506886347282 -0.1453837971159127 0.06384354292461465 -0.23440735270347862 9659.0 25746.0 48644.0 74710.0 100494.0 123686.0 143133.0 158512.0 170003.0 178035.0 183125.0 185793.0 186516.0 185707.0 183714.0 180824.0
6 1.0 338.8959736943395 -61.11582410023181 -0.9407078139854329 -0.4658091284972078 -0.4642506886347282 -0.1453837971159127 0.06384354292461465 -0.23440735270347862 9209.0 24868.0 47433.0 73374.0 99246.0 122686.0 142472.0 158227.0 170091.0 178467.0 183863.0 186792.0 187731.0 187096.0 185240.0 182455.0
7 1.0 287.71293144686103 69.53483989558077 -0.9407078139854329 -0.4658091284972078 -0.4642506886347282 -0.1453837971159127 0.06384354292461465 -0.23440735270347862 8422.0 22830.0 43787.0 68131.0 92671.0 115146.0 134331.0 149792.0 161600.0 170092.0 175719.0 178954.0 180242.0 179976.0 178495.0 176079.0
8 1.0 226.9612572720448 -9.649005213023472 -0.9407078139854329 -0.4658091284972078 -0.4642506886347282 -0.1453837971159127 0.06384354292461465 -0.23440735270347862 14273.0 33581.0 58181.0 83918.0 107697.0 127859.0 143845.0 155764.0 164057.0 169284.0 172011.0 172752.0 171949.0 169972.0 167118.0 163626.0
9 1.0 314.7436679849809 73.41760698377868 -0.9407078139854329 -0.4658091284972078 -0.4642506886347282 -0.1453837971159127 0.06384354292461465 -0.23440735270347862 10045.0 26552.0 49972.0 76622.0 103011.0 126785.00000000001 146756.0 162581.0 174429.0 182731.0 188010.0 190796.0 191576.0 190773.0 188747.0 185792.0
10 1.0 105.48730242280682 -61.15851606237421 -0.9407078139854329 -0.4658091284972078 -0.4642506886347282 -0.1453837971159127 0.06384354292461465 -0.23440735270347862 8674.0 23490.0 44983.0 69878.0 94896.0 117738.0 137172.0 152778.0 164646.0 173134.0 178711.0 181864.0 183049.0 182669.0 181067.0 178528.0
11 1.0 305.61967991265055 29.00115207145791 -0.9407078139854329 -0.4658091284972078 -0.4642506886347282 -0.1453837971159127 0.06384354292461465 -0.23440735270347862 10137.0 27099.0 51315.0 78936.0 106285.0 130888.0 151500.0 167774.0 179899.0 188334.0 193635.0 196361.0 197022.0 196060.0 193848.0 190693.0
12 1.0 222.43560909030856 -10.75252449069147 -0.9407078139854329 -0.4658091284972078 -0.4642506886347282 -0.1453837971159127 0.06384354292461465 -0.23440735270347862 15117.0 35266.0 60706.0 87113.0 111339.0 131741.0 147804.0 159683.0 167857.0 172914.0 175441.0 175967.0 174944.0 172746.0 169676.0 165977.0
13 1.0 4.765268793203816 -76.23238157454863 -0.9407078139854329 -0.4658091284972078 -0.4642506886347282 -0.1453837971159127 0.06384354292461465 -0.23440735270347862 9349.0 25211.0 48059.0 74324.0 100518.0 124247.0 144272.0 160210.0 172201.0 180656.0 186088.0 189021.0 189937.0 189261.0 187350.0 184500.0
14 1.0 125.00406645559904 35.363366037450106 -0.9407078139854329 -0.4658091284972078 -0.4642506886347282 -0.1453837971159127 0.06384354292461465 -0.23440735270347862 5214.0 14778.0 29421.0 47249.0 66029.0 83974.0 99957.0 113433.0 124264.0 132568.0 138594.0 142646.0 145033.0 146048.0 145950.0 144966.0
15 1.0 53.330709941339414 -45.46822400295233 -0.9407078139854329 -0.4658091284972078 -0.4642506886347282 -0.1453837971159127 0.06384354292461465 -0.23440735270347862 7216.0 19404.0 36980.0 57269.0 77644.0 96275.0 112186.0 125043.99999999999 134913.0 142071.0 146885.0 149736.0 150983.0 150945.0 149895.0 148062.0
16 1.0 353.45858033457114 -82.86920593568681 -0.9407078139854329 -0.4658091284972078 -0.4642506886347282 -0.1453837971159127 0.06384354292461465 -0.23440735270347862 10185.0 27245.0 51605.0 79385.0 106883.0 131608.0 152312.0 168647.0 180807.0 189257.0 194557.0 197270.0 197910.0 196921.0 194679.0 191491.0
17 1.0 172.2133105343957 -79.21002631507682 -0.9407078139854329 -0.4658091284972078 -0.4642506886347282 -0.1453837971159127 0.06384354292461465 -0.23440735270347862 12959.0 33351.0 61432.0 92538.0 122574.0 148982.0 170611.0 187273.0 199322.0 207357.0 212045.0 214028.0 213874.0 212069.0 209014.0 205034.0
18 1.0 179.06089157951857 -79.00586332797828 -0.9407078139854329 -0.4658091284972078 -0.4642506886347282 -0.1453837971159127 0.06384354292461465 -0.23440735270347862 13206.0 33879.0 62263.0 93631.0 123861.0 150392.0 172083.0 188762.0 200794.0 208790.0 213425.0 215347.0 215128.0 213257.0 210137.0 206093.0
19 1.0 230.2101059035405 73.39193234730709 -0.9407078139854329 -0.4658091284972078 -0.4642506886347282 -0.1453837971159127 0.06384354292461465 -0.23440735270347862 6452.0 17888.0 34971.0 55319.0 76332.0 96038.0 113273.0 127533.00000000001 138760.0 147153.0 153040.0 156789.0 158761.0 159289.0 158662.0 157128.0
20 1.0 132.6904582066623 43.17910520923817 -0.9407078139854329 -0.4658091284972078 -0.4642506886347282 -0.1453837971159127 0.06384354292461465 -0.23440735270347862 5227.0 14821.0 29517.0 47416.0 66274.0 84296.0 100349.0 113883.0 124760.0 133098.0 139147.0 143212.0 145604.0 146618.0 146514.0 145520.0
21 1.0 49.284097806815616 71.6512242984723 -0.9407078139854329 -0.4658091284972078 -0.4642506886347282 -0.1453837971159127 0.06384354292461465 -0.23440735270347862 11619.0 29492.0 54005.0 81231.0 107708.0 131224.0 150740.0 166027.0 177329.0 185117.0 189936.0 192323.0 192762.0 191674.0 189411.0 186261.0
22 1.0 295.9623839499284 31.064816033373845 -0.9407078139854329 -0.4658091284972078 -0.4642506886347282 -0.1453837971159127 0.06384354292461465 -0.23440735270347862 8942.0 24173.0 46196.0 71614.0 97070.0 120230.0 139864.0 155571.0 167462.0 175917.0 181421.0 184476.0 185549.0 185048.0 183323.0 180663.0
23 1.0 68.34524828499286 5.2091872255589635 -0.9407078139854329 -0.4658091284972078 -0.4642506886347282 -0.1453837971159127 0.06384354292461465 -0.23440735270347862 8434.0 21403.0 39251.0 59184.0 78715.0 96232.0 110952.0 122669.0 131522.0 137821.0 141936.0 144241.0 145076.0 144742.0 143492.0 141538.0
24 1.0 184.07483371672416 -35.19965441747191 -0.9407078139854329 -0.4658091284972078 -0.4642506886347282 -0.1453837971159127 0.06384354292461465 -0.23440735270347862 19352.0 45165.0 77718.0 111447.0 142315.0 168230.0 188553.0 203501.0 213703.0 219926.0 222928.0 223391.0 221897.0 218924.0 214862.0 210017.0
25 1.0 80.75413043090613 89.63320523916121 -0.9407078139854329 -0.4658091284972078 -0.4642506886347282 -0.1453837971159127 0.06384354292461465 -0.23440735270347862 8303.0 22420.0 42918.0 66726.0 90743.0 112768.0 131603.0 146818.0 158470.0 166884.0 172492.0 175755.0 177102.0 176920.0 175536.0 173228.0
26 1.0 35.22401441785226 -24.805969390909922 -0.9407078139854329 -0.4658091284972078 -0.4642506886347282 -0.1453837971159127 0.06384354292461465 -0.23440735270347862 9235.0 23520.0 43138.0 64935.00000000001 86140.0 104991.0 120664.0 132980.0 142134.0 148497.0 152501.0 154568.0 155081.0 154371.0 152714.0 150341.0
27 1.0 310.388946271806 -5.28318914149628 -0.9407078139854329 -0.4658091284972078 -0.4642506886347282 -0.1453837971159127 0.06384354292461465 -0.23440735270347862 9843.0 26481.0 50358.0 77694.0 104839.0 129318.99999999999 149875.0 166143.0 178297.0 186784.0 192151.0 194951.0 195688.0 194803.0 192666.0 189583.0
28 1.0 350.2510160483269 -21.915868513776886 -0.9407078139854329 -0.4658091284972078 -0.4642506886347282 -0.1453837971159127 0.06384354292461465 -0.23440735270347862 11192.0 28845.0 53230.0 80359.0 106702.0 130024.0 149292.0 164302.0 175322.0 182845.0 187428.0 189613.0 189890.0 188676.0 186320.0 183108.0
29 1.0 345.90047690268005 86.31484728038254 -0.9407078139854329 -0.4658091284972078 -0.4642506886347282 -0.1453837971159127 0.06384354292461465 -0.23440735270347862 8960.0 23949.0 45492.0 70297.0 95131.0 117746.0 136954.0 152359.0 164059.0 172417.0 177897.0 180983.0 182124.0 181720.0 180109.0 177573.0
