idx D_km lam beta x1 y1 z1 x2 y2 z2 flux5 flux6 flux7 flux8 flux9 flux10 flux11 flux12 flux13 flux14 flux15 flux16 flux17 flux18 flux19 flux20
0 1.0 197.5728614138369 73.17998985981222 -1.1250751871156917 0.42328763205402076 -0.0869131896900655 -0.17194567024945814 0.15047619314645938 -0.20609802409723305 4408.0 12557.0 24963.0 39922.0 55512.0 70248.0 83236.0 94075.0 102699.0 109235.0 113913.0 116995.0 118742.0 119395.0 119168.0 118241.0
1 1.0 257.468171894071 49.328519885754986 -1.1250751871156917 0.42328763205402076 -0.0869131896900655 -0.17194567024945814 0.15047619314645938 -0.20609802409723305 5698.0 16100.0 31753.999999999996 50401.0 69582.0 87458.0 102967.0 115678.0 125570.99999999999 132860.0 137868.0 140946.0 142436.0 142645.0 141839.0 140244.0
2 1.0 216.99481538579178 -30.033872634844457 -1.1250751871156917 0.42328763205402076 -0.0869131896900655 -0.17194567024945814 0.15047619314645938 -0.20609802409723305 8256.0 22228.0 42253.0 65142.00000000001 87835.0 108270.0 125407.99999999999 138956.0 149069.0 156124.0 160581.0 162900.0 163504.0 162758.0 160971.0 158397.0
3 1.0 196.15794587888288 -75.40174980216058 -1.1250751871156917 0.42328763205402076 -0.0869131896900655 -0.17194567024945814 0.15047619314645938 -0.20609802409723305 6612.0 18495.0 36158.0 56946.0 78070.0 97515.0 114165.0 127613.0 137901.0 145313.0 150237.0 153083.0 154238.0 154043.0 152794.0 150734.0
4 1.0 152.5157277620057 -16.69658914551468 -1.1250751871156917 0.42328763205402076 -0.0869131896900655 -0.17194567024945814 0.15047619314645938 -0.20609802409723305 15188.0 36123.0 62930.0 90988.0 116849.0 138674.0 155864.0 168561.0 177272.0 182634.0 185279.0 185780.0 184627.0 182224.0 178898.0 174908.0
5 1.0 232.5218807039962 -48.19785440923031 -1.1250751871156917 0.42328763205402076 -0.0869131896900655 -0.17194567024945814 0.15047619314645938 -0.20609802409723305 6872.0 19186.0 37430.0 58828.0 80496.0 100368.0 117318.0 130950.00000000001 141324.0 148748.0 153629.0 156392.0 157439.0 157120.0 155738.0 153542.0
6 1.0 157.5313960545693 -66.15222574356306 -1.1250751871156917 0.42328763205402076 -0.0869131896900655 -0.17194567024945814 0.15047619314645938 -0.20609802409723305 8088.0 21981.0 42068.0 65176.0 88200.0 109014.0 126526.0 140408.0 150798.0 158071.0 162687.0 165115.0 165785.0 165071.0 163288.0 160696.0
7 1.0 321.03828028154874 -80.38310727837145 -1.1250751871156917 0.42328763205402076 -0.0869131896900655 -0.17194567024945814 0.15047619314645938 -0.20609802409723305 5378.0 15161.0 29840.0 47287.0 65206.0 81893.0 96373.0 108250.0 117511.0 124356.0 129083.0 132019.0 133476.0 133740.0 133056.0 131633.0
8 1.0 346.91859378037054 40.60698555790418 -1.1250751871156917 0.42328763205402076 -0.0869131896900655 -0.17194567024945814 0.15047619314645938 -0.20609802409723305 11525.0 28774.0 51972.0 77278.0 101475.0 122614.0 139862.0 153118.0 162691.0 169068.0 172785.0 174349.0 174213.0 172759.0 170305.0 167108.0
9 1.0 138.03894677727996 -87.94305744749441 -1.1250751871156917 0.42328763205402076 -0.0869131896900655 -0.17194567024945814 0.15047619314645938 -0.20609802409723305 5660.0 15989.0 31521.0 50012.0 69023.0 86735.0 102100.0 114693.0 124496.0 131723.0 136691.0 139749.0 141235.0 141453.0 140665.0 139095.0
10 1.0 285.02101370975925 48.70453473049972 -1.1250751871156917 0.42328763205402076 -0.0869131896900655 -0.17194567024945814 0.15047619314645938 -0.20609802409723305 7589.0 20790.0 40031.0 62321.0 84667.0 104986.0 122181.0 135898.0 146242.0 153554.0 158272.0 160843.0 161679.0 161145.0 159549.0 157143.0
11 1.0 190.40217111104562 -63.549603827932486 -1.1250751871156917 0.42328763205402076 -0.0869131896900655 -0.17194567024945814 0.15047619314645938 -0.20609802409723305 8052.999999999999 21950.0 42081.0 65266.00000000001 88379.0 109277.0 126859.0 140794.0 151221.0 158515.0 163141.0 165569.0 166233.0 165507.0 163709.0 161101.0
12 1.0 204.49604199381562 -75.68602513438397 -1.1250751871156917 0.42328763205402076 -0.0869131896900655 -0.17194567024945814 0.15047619314645938 -0.20609802409723305 6487.0 18182.0 35599.0 56134.0 77036.0 96305.0 112833.0 126205.00000000001 136456.0 143861.0 148800.0 151677.0 152874.0 152728.0 151531.0 149526.0
13 1.0 333.214789785358 -73.87145383705104 -1.1250751871156917 0.42328763205402076 -0.0869131896900655 -0.17194567024945814 0.15047619314645938 -0.20609802409723305 5302.0 14876.0 29183.0 46136.0 63507.99999999999 79656.0 93647.0 105110.0 114041.0 120637.0 125190.0 128014.99999999999 129417.0 129669.0 129009.00000000001 127637.0
14 1.0 25.5729809512393 30.968605323704594 -1.1250751871156917 0.42328763205402076 -0.0869131896900655 -0.17194567024945814 0.15047619314645938 -0.20609802409723305 6897.0 18374.0 34848.0 53834.0 72896.0 90334.0 105237.0 117286.0 126538.00000000001 133247.0 137754.0 140415.0 141566.0 141508.0 140495.0 138745.0
15 1.0 31.366547892554657 -45.83390222648794 -1.1250751871156917 0.42328763205402076 -0.0869131896900655 -0.17194567024945814 0.15047619314645938 -0.20609802409723305 4575.0 12827.0 25206.0 39966.0 55203.0 69490.0 81991.0 92348.0 100526.0 106671.0 111018.0 113830.0 115364.0 115858.0 115516.0 114514.0
16 1.0 7.278623078517259 -14.302895997582283 -1.1250751871156917 0.42328763205402076 -0.0869131896900655 -0.17194567024945814 0.15047619314645938 -0.20609802409723305 8394.0 20972.0 37977.0 56664.0 74698.0 90635.0 103822.0 114139.0 121774.0 127053.0 130342.99999999999 132006.0 132363.0 131694.0 130231.99999999999 128169.0
17 1.0 299.74314439725765 10.326382438305046 -1.1250751871156917 0.42328763205402076 -0.0869131896900655 -0.17194567024945814 0.15047619314645938 -0.20609802409723305 12149.0 30467.0 55118.0 81953.0 107512.0 129723.0 147724.0 161442.0 171235.0 177645.0 181257.0 182620.0 182217.0 180456.0 177673.0 174139.0
18 1.0 280.13643034194615 64.89921128918289 -1.1250751871156917 0.42328763205402076 -0.0869131896900655 -0.17194567024945814 0.15047619314645938 -0.20609802409723305 5914.0 16664.0 32808.0 52006.0 71715.0 90044.0 105908.0 118871.0 128923.00000000001 136294.0 141320.0 144369.0 145795.0 145915.0 145004.0 143293.0
19 1.0 313.2043733688549 40.8679672880391 -1.1250751871156917 0.42328763205402076 -0.0869131896900655 -0.17194567024945814 0.15047619314645938 -0.20609802409723305 11461.0 29142.0 53249.0 79767.0 105241.0 127547.0 145753.0 159732.0 169801.0 176480.0 180339.0 181920.0 181706.0 180107.0 177459.0 174038.0
20 1.0 352.30260320379506 -41.34097705703137 -1.1250751871156917 0.42328763205402076 -0.0869131896900655 -0.17194567024945814 0.15047619314645938 -0.20609802409723305 6644.0 17414.0 32602.0 49841.0 66916.0 82344.0 95376.0 105791.0 113687.0 119324.0 123024.0 125117.0 125903.99999999999 125652.00000000001 124587.0 122897.0
21 1.0 287.6970831180205 -66.33309612759703 -1.1250751871156917 0.42328763205402076 -0.0869131896900655 -0.17194567024945814 0.15047619314645938 -0.20609802409723305 5750.0 16112.000000000002 31551.999999999996 49786.0 68395.0 85616.0 100462.0 112555.0 121909.0 128752.0 133408.0 136225.0 137533.0 137629.0 136769.0 135166.0
22 1.0 166.13257041105547 -80.03262232418437 -1.1250751871156917 0.42328763205402076 -0.0869131896900655 -0.17194567024945814 0.15047619314645938 -0.20609802409723305 6290.0 17662.0 34646.0 54724.0 75218.0 94166.0 110466.0 123697.0 133880.0 141273.0 146242.0 149178.0 150454.0 150400.0 149301.0 147397.0
23 1.0 280.99050346312396 -35.712245793430355 -1.1250751871156917 0.42328763205402076 -0.0869131896900655 -0.17194567024945814 0.15047619314645938 -0.20609802409723305 6886.0 18920.0 36510.0 56945.0 77500.0 96263.0 112217.0 125021.0 134753.0 141712.0 146287.0 148877.0 149859.0 149562.0 148266.0 146205.0
24 1.0 42.57879331281596 -42.818733136857915 -1.1250751871156917 0.42328763205402076 -0.0869131896900655 -0.17194567024945814 0.15047619314645938 -0.20609802409723305 4323.0 12266.0 24322.0 38836.0 53944.0 68214.0 80785.0 91270.0 99607.0 105923.0 110439.0 113411.0 115091.0 115714.0 115486.0 114583.0
25 1.0 230.3715676779086 -7.894697975913658 -1.1250751871156917 0.42328763205402076 -0.0869131896900655 -0.17194567024945814 0.15047619314645938 -0.20609802409723305 6772.0 18719.0 36270.0 56738.0 77384.0 96275.0 112369.0 125309.0 135162.0 142224.0 146880.0 149534.0 150561.0 150294.0 149017.0 146964.0
26 1.0 51.607183467256704 32.990640398582485 -1.1250751871156917 0.42328763205402076 -0.0869131896900655 -0.17194567024945814 0.15047619314645938 -0.20609802409723305 4251.0 12284.0 24733.0 39990.0 56115.0 71545.0 85293.0 96879.0 106184.0 113308.0 118469.0 121930.0 123960.0 124811.0 124708.0 123846.0
27 1.0 340.0808101378502 35.21258021499429 -1.1250751871156917 0.42328763205402076 -0.0869131896900655 -0.17194567024945814 0.15047619314645938 -0.20609802409723305 12990.0 31848.0 56758.0 83530.0 108796.0 130603.0 148177.0 161502.0 170960.0 177102.0 180506.0 181716.0 181205.0 179374.0 176549.0 172995.0
28 1.0 187.8653958300258 -38.96660761521 -1.1250751871156917 0.42328763205402076 -0.0869131896900655 -0.17194567024945814 0.15047619314645938 -0.20609802409723305 11507.0 29205.0 53276.0 79693.0 105018.0 127152.99999999999 145188.0 159010.0 168947.0 175520.0 179297.0 180821.0 180570.0 178950.0 176296.0 172878.0
29 1.0 149.2782983965885 -21.61314793797831 -1.1250751871156917 0.42328763205402076 -0.0869131896900655 -0.17194567024945814 0.15047619314645938 -0.20609802409723305 14888.0 35663.0 62456.0 90677.0 116838.0 139041.0 156630.0 169711.0 178768.0 184423.0 187308.0 187998.0 186986.0 184682.0 181420.0 177465.0
0 1.0 95.24002035766571 -57.39282688735745 -1.1250751871156917 0.42328763205402076 -0.0869131896900655 -0.17194567024945814 0.15047619314645938 -0.20609802409723305 5815.0 16402.0 32327.0 51296.0 70804.0 88975.0 104730.0 117627.0 127650.00000000001 135018.0 140062.0 143144.0 144611.0 144779.0 143918.0 142258.0
1 1.0 278.724128196318 51.93819221517336 -1.1250751871156917 0.42328763205402076 -0.0869131896900655 -0.17194567024945814 0.15047619314645938 -0.20609802409723305 6812.0 18938.0 36869.0 57896.0 79203.0 98768.0 115486.0 128959.99999999999 139243.0 146629.0 151513.0 154310.0 155410.0 155160.0 153855.0 151740.0
2 1.0 164.21411959795748 -79.76734624201674 -1.1250751871156917 0.42328763205402076 -0.0869131896900655 -0.17194567024945814 0.15047619314645938 -0.20609802409723305 6311.0 17715.0 34739.0 54861.0 75393.0 94370.0 110691.0 123936.0 134125.0 141518.0 146485.0 149415.0 150683.0 150620.0 149513.0 147599.0
3 1.0 204.63622159271347 35.459503510497726 -1.1250751871156917 0.42328763205402076 -0.0869131896900655 -0.17194567024945814 0.15047619314645938 -0.20609802409723305 5875.0 15919.0 30487.0 47370.0 64368.99999999999 79944.0 93265.0 104044.0 112330.0 118351.0 122409.0 124824.0 125894.0 125886.0 125028.0 123511.0
4 1.0 6.764328157087851 50.1651712693986 -1.1250751871156917 0.42328763205402076 -0.0869131896900655 -0.17194567024945814 0.15047619314645938 -0.20609802409723305 8012.0 21202.0 39953.0 61349.0 82606.0 101838.0 118072.0 131013.99999999999 140779.0 147696.0 152174.0 154631.0 155452.0 154977.0 153494.0 151240.0
5 1.0 222.34877894731574 49.93336113277556 -1.1250751871156917 0.42328763205402076 -0.0869131896900655 -0.17194567024945814 0.15047619314645938 -0.20609802409723305 5009.0 14071.0 27649.0 43784.0 60370.0 75839.0 89291.0 100359.0 109024.0 115464.0 119950.0 122778.0 124237.0 124584.0 124048.0 122818.0
6 1.0 220.3544601800717 -43.303938417836115 -1.1250751871156917 0.42328763205402076 -0.0869131896900655 -0.17194567024945814 0.15047619314645938 -0.20609802409723305 7723.0 21169.0 40743.0 63378.00000000001 86022.0 106563.0 123902.0 137694.0 148059.0 155353.0 160025.0 162531.0 163293.0 162679.0 161001.0 158514.0
7 1.0 222.0962388749125 -22.713635172138936 -1.1250751871156917 0.42328763205402076 -0.0869131896900655 -0.17194567024945814 0.15047619314645938 -0.20609802409723305 7700.0 20928.0 40054.0 62072.0 84035.0 103924.0 120698.0 134039.0 144069.0 151135.0 155671.0 158117.0 158878.0 158309.0 156709.0 154326.0
8 1.0 339.7493082652647 15.76793433535002 -1.1250751871156917 0.42328763205402076 -0.0869131896900655 -0.17194567024945814 0.15047619314645938 -0.20609802409723305 14938.0 35456.0 61676.0 89076.0 114294.0 135549.0 152265.0 164593.0 173034.0 178211.0 180745.0 181195.0 180038.0 177669.0 174405.0 170500.0
9 1.0 245.45530767725404 -40.892057563595934 -1.1250751871156917 0.42328763205402076 -0.0869131896900655 -0.17194567024945814 0.15047619314645938 -0.20609802409723305 6492.0 18245.0 35768.0 56433.0 77459.0 96832.0 113434.0 126855.0 137130.0 144542.0 149475.0 152336.0 153511.0 153340.0 152116.0 150082.0
10 1.0 129.42284420656296 -23.246496140780025 -1.1250751871156917 0.42328763205402076 -0.0869131896900655 -0.17194567024945814 0.15047619314645938 -0.20609802409723305 12061.0 29883.0 53674.0 79471.0 104010.0 125348.99999999999 142678.0 155930.0 165440.0 171717.0 175313.0 176746.0 176474.0 174887.0 172304.0 168985.0
11 1.0 157.33150336776293 -54.530229566584865 -1.1250751871156917 0.42328763205402076 -0.0869131896900655 -0.17194567024945814 0.15047619314645938 -0.20609802409723305 10293.0 26805.0 49781.0 75437.0 100376.0 122431.0 140599.0 154683.0 164945.0 171865.0 175987.0 177837.0 177886.0 176538.0 174128.0 170927.0
12 1.0 251.14723053381536 -7.225940923918671 -1.1250751871156917 0.42328763205402076 -0.0869131896900655 -0.17194567024945814 0.15047619314645938 -0.20609802409723305 6410.0 18033.0 35377.0 55844.0 76684.0 95896.0 112372.0 125702.00000000001 135918.0 143296.0 148218.0 151085.0 152278.0 152134.0 150944.0 148948.0
13 1.0 21.68116978653714 -81.96978577425946 -1.1250751871156917 0.42328763205402076 -0.0869131896900655 -0.17194567024945814 0.15047619314645938 -0.20609802409723305 5229.0 14790.0 29194.0 46381.0 64098.0 80657.0 95080.0 106958.0 116262.0 123180.0 127998.0 131032.00000000001 132592.0 132956.0 132369.0 131036.00000000001
14 1.0 240.03601756044037 53.96325922271123 -1.1250751871156917 0.42328763205402076 -0.0869131896900655 -0.17194567024945814 0.15047619314645938 -0.20609802409723305 5097.0 14434.0 28523.0 45363.0 62754.00000000001 79039.0 93252.0 104984.0 114199.0 121072.0 125882.0 128936.0 130535.00000000001 130952.00000000001 130427.99999999999 129163.0
15 1.0 241.4296330625374 -76.1478395424061 -1.1250751871156917 0.42328763205402076 -0.0869131896900655 -0.17194567024945814 0.15047619314645938 -0.20609802409723305 5990.0 16877.0 33179.0 52503.0 72277.0 90611.0 106433.0 119327.0 129296.0 136581.0 141525.0 144501.0 145862.0 145928.0 144971.0 143223.0
16 1.0 75.73772198658273 3.3903267896746883 -1.1250751871156917 0.42328763205402076 -0.0869131896900655 -0.17194567024945814 0.15047619314645938 -0.20609802409723305 3868.0 11321.0 23019.0 37512.0 52976.0 67902.0 81309.0 92701.0 101929.0 109066.0 114304.0 117886.0 120064.0 121080.0 121149.0 120462.0
17 1.0 46.41346715574719 -34.7741820818647 -1.1250751871156917 0.42328763205402076 -0.0869131896900655 -0.17194567024945814 0.15047619314645938 -0.20609802409723305 4192.0 11945.0 23769.0 38067.0 53010.0 67179.0 79707.0 90195.0 98569.0 104944.0 109532.0 112581.0 114339.0 115039.0 114883.0 114047.0
18 1.0 113.55420633270619 13.957730789647584 -1.1250751871156917 0.42328763205402076 -0.0869131896900655 -0.17194567024945814 0.15047619314645938 -0.20609802409723305 6761.0 17908.0 33836.0 52142.0 70491.0 87264.0 101597.0 113191.0 122103.0 128578.0 132941.0 135533.0 136676.0 136655.0 135716.0 134065.0
19 1.0 130.93587753934415 82.69800135001651 -1.1250751871156917 0.42328763205402076 -0.0869131896900655 -0.17194567024945814 0.15047619314645938 -0.20609802409723305 4226.0 12160.0 24372.0 39245.0 54883.0 69784.0 83015.0 94136.0 103048.0 109861.0 114789.0 118089.0 120019.0 120822.0 120714.0 119881.0
20 1.0 205.27083735043666 26.20264400208069 -1.1250751871156917 0.42328763205402076 -0.0869131896900655 -0.17194567024945814 0.15047619314645938 -0.20609802409723305 6541.0 17452.0 33051.0 50921.0 68736.0 84910.0 98623.0 109617.0 117978.0 123970.0 127927.00000000001 130192.0 131081.0 130873.99999999999 129809.00000000001 128085.0
21 1.0 157.89654484643532 -83.63476156401164 -1.1250751871156917 0.42328763205402076 -0.0869131896900655 -0.17194567024945814 0.15047619314645938 -0.20609802409723305 5964.0 16810.0 33078.0 52394.0 72194.0 90580.0 106470.0 119435.0 129473.0 136820.0 141816.0 144833.0 146227.0 146315.0 145374.0 143635.0
22 1.0 355.8145817013214 -12.527560888548976 -1.1250751871156917 0.42328763205402076 -0.0869131896900655 -0.17194567024945814 0.15047619314645938 -0.20609802409723305 10451.0 25324.0 44800.0 65626.0 85235.0 102156.0 115817.0 126215.0 133646.0 138530.0 141309.0 142395.0 142149.0 140875.0 138824.0 136196.0
23 1.0 36.736131869290105 1.803033417285036 -1.1250751871156917 0.42328763205402076 -0.0869131896900655 -0.17194567024945814 0.15047619314645938 -0.20609802409723305 5083.0 14014.0 27262.0 42951.0 59081.0 74162.0 87332.0 98225.0 106811.0 113248.0 117785.0 120702.0 122272.0 122744.0 122335.0 121233.0
24 1.0 75.19563219414049 6.511949046621353 -1.1250751871156917 0.42328763205402076 -0.0869131896900655 -0.17194567024945814 0.15047619314645938 -0.20609802409723305 3825.0 11207.0 22807.0 37191.0 52554.0 67394.0 80735.0 92081.0 101280.0 108403.0 113639.0 117226.0 119417.0 120450.0 120539.0 119873.0
25 1.0 58.07142643859865 32.65065190869082 -1.1250751871156917 0.42328763205402076 -0.0869131896900655 -0.17194567024945814 0.15047619314645938 -0.20609802409723305 3976.9999999999995 11596.0 23512.0 38232.0 53896.0 68978.0 82494.0 93950.0 103207.0 110346.0 115565.0 119113.0 121249.0 122217.0 122236.0 121497.0
26 1.0 235.11899716754343 -40.032702408282105 -1.1250751871156917 0.42328763205402076 -0.0869131896900655 -0.17194567024945814 0.15047619314645938 -0.20609802409723305 6843.0 19111.0 37290.0 58618.0 80218.0 100033.0 116939.0 130539.99999999999 140895.0 148309.0 153188.0 155957.0 157012.0 156705.0 155337.0 153156.0
27 1.0 91.18497691432157 -66.80509821606236 -1.1250751871156917 0.42328763205402076 -0.0869131896900655 -0.17194567024945814 0.15047619314645938 -0.20609802409723305 5558.0 15744.000000000002 31129.0 49524.0 68509.0 86258.0 101702.0 114396.0 124307.0 131637.0 136699.0 139839.0 141394.0 141667.0 140923.0 139387.0
28 1.0 167.87187822827028 -19.31837822152302 -1.1250751871156917 0.42328763205402076 -0.0869131896900655 -0.17194567024945814 0.15047619314645938 -0.20609802409723305 15049.0 35870.0 62575.00000000001 90564.0 116386.0 138195.0 155384.0 168088.0 176812.0 182186.0 184845.0 185359.0 184217.0 181824.0 178507.0 174525.0
29 1.0 87.99321312057698 82.1530301032708 -1.1250751871156917 0.42328763205402076 -0.0869131896900655 -0.17194567024945814 0.15047619314645938 -0.20609802409723305 4255.0 12272.0 24651.0 39767.0 55695.0 70901.0 84424.0 95807.0 104940.0 111928.0 116989.0 120382.0 122371.0 123205.0 123103.0 122257.0
0 1.0 57.2290501123871 -56.31643948484795 -1.1250751871156917 0.42328763205402076 -0.0869131896900655 -0.17194567024945814 0.15047619314645938 -0.20609802409723305 4531.0 12934.0 25749.0 41225.0 57369.0 72640.0 86104.0 97340.0 106276.0 113044.0 117881.0 121060.0 122852.0 123510.0 123253.0 122274.0
1 1.0 39.73505081914985 72.71711188708267 -1.1250751871156917 0.42328763205402076 -0.0869131896900655 -0.17194567024945814 0.15047619314645938 -0.20609802409723305 4632.0 13331.0 26732.0 43055.0 60197.0 76495.0 90915.0 102977.0 112581.0 119857.0 125051.0 128455.99999999999 130365.00000000001 131048.0 130746.0 129666.0
2 1.0 236.27865220749842 7.885071013918747 -1.1250751871156917 0.42328763205402076 -0.0869131896900655 -0.17194567024945814 0.15047619314645938 -0.20609802409723305 6175.0 17248.0 33682.0 53009.0 72652.0 90749.0 106275.0 118850.0 128509.00000000001 135511.0 140210.0 142980.0 144176.0 144113.0 143060.0 141245.0
3 1.0 49.74586248550097 -7.755944103762147 -1.1250751871156917 0.42328763205402076 -0.0869131896900655 -0.17194567024945814 0.15047619314645938 -0.20609802409723305 4080.0000000000005 11701.0 23422.0 37705.0 52741.0 67091.0 79860.0 90618.0 99263.0 105894.0 110712.0 113961.0 115886.0 116720.0 116670.0 115915.0
4 1.0 70.76965020481926 68.76745384138013 -1.1250751871156917 0.42328763205402076 -0.0869131896900655 -0.17194567024945814 0.15047619314645938 -0.20609802409723305 4087.9999999999995 11865.0 23956.0 38813.0 54554.0 69654.0 83141.0 94541.0 103725.0 110787.0 115930.0 119408.0 121482.0 122394.0 122366.0 121587.0
5 1.0 132.74106143794708 -7.451286881654539 -1.1250751871156917 0.42328763205402076 -0.0869131896900655 -0.17194567024945814 0.15047619314645938 -0.20609802409723305 12324.0 29977.0 53154.0 77971.0 101350.0 121523.0 137798.0 150169.0 158990.0 164764.0 168021.0 169254.0 168897.0 167313.0 164804.0 161611.0
6 1.0 295.55756274525663 40.350174590077785 -1.1250751871156917 0.42328763205402076 -0.0869131896900655 -0.17194567024945814 0.15047619314645938 -0.20609802409723305 9630.0 25377.0 47522.0 72456.0 96861.0 118576.0 136571.0 150610.0 160920.0 167949.0 172218.0 174237.0 174466.0 173301.0 171071.0 168044.0
7 1.0 34.956459285502056 -18.17544209344163 -1.1250751871156917 0.42328763205402076 -0.0869131896900655 -0.17194567024945814 0.15047619314645938 -0.20609802409723305 4774.0 13221.0 25788.0 40699.0 56050.0 70421.0 82984.0 93389.0 101602.0 107772.0 112135.0 114955.0 116489.0 116976.0 116622.0 115605.0
8 1.0 301.6601666995694 72.7279907221724 -1.1250751871156917 0.42328763205402076 -0.0869131896900655 -0.17194567024945814 0.15047619314645938 -0.20609802409723305 5751.0 16232.0 32014.0 50833.0 70207.0 88273.0 103953.0 116804.0 126804.0 134168.0 139221.0 142322.0 143815.0 144011.0 143182.0 141555.0
9 1.0 34.59542684182671 34.20450363442093 -1.1250751871156917 0.42328763205402076 -0.0869131896900655 -0.17194567024945814 0.15047619314645938 -0.20609802409723305 5648.0 15604.0 30381.0 47867.0 65809.0 82537.0 97085.0 109056.0 118425.0 125383.0 130220.0 133255.0 134799.0 135135.0 134508.0 133128.0
10 1.0 351.5254074048225 35.931969765093015 -1.1250751871156917 0.42328763205402076 -0.0869131896900655 -0.17194567024945814 0.15047619314645938 -0.20609802409723305 11827.0 29254.0 52496.0 77697.0 101680.0 122555.0 139533.0 152544.0 161909.0 168122.0 171714.0 173190.0 172995.0 171508.0 169041.0 165847.0
11 1.0 168.71443259317257 -31.010327719718596 -1.1250751871156917 0.42328763205402076 -0.0869131896900655 -0.17194567024945814 0.15047619314645938 -0.20609802409723305 14257.0 34645.0 61294.0 89652.0 116157.0 138808.0 156866.0 170383.0 179816.0 185778.0 188902.0 189768.0 188880.0 186658.0 183441.0 179504.0
12 1.0 351.6339917485214 46.22015569264005 -1.1250751871156917 0.42328763205402076 -0.0869131896900655 -0.17194567024945814 0.15047619314645938 -0.20609802409723305 10089.0 25769.0 47318.0 71238.0 94449.0 115000.0 131986.0 145226.0 154952.0 161593.0 165637.0 167563.0 167800.0 166718.0 164625.0 161774.0
13 1.0 217.74438710821656 24.490989980485438 -1.1250751871156917 0.42328763205402076 -0.0869131896900655 -0.17194567024945814 0.15047619314645938 -0.20609802409723305 6062.0 16577.0 31926.999999999996 49780.0 67788.0 84296.0 98411.0 109818.0 118569.0 124907.0 129159.0 131665.0 132747.0 132690.0 131736.0 130090.00000000001
14 1.0 266.1348885833886 -46.79635079165228 -1.1250751871156917 0.42328763205402076 -0.0869131896900655 -0.17194567024945814 0.15047619314645938 -0.20609802409723305 6254.0 17536.0 34331.0 54124.0 74267.0 92839.0 108778.0 121689.0 131604.0 138786.0 143600.0 146431.0 147643.0 147561.0 146463.0 144582.0
15 1.0 14.107605211555443 -61.103011952653844 -1.1250751871156917 0.42328763205402076 -0.0869131896900655 -0.17194567024945814 0.15047619314645938 -0.20609802409723305 4915.0 13741.0 26917.0 42543.0 58589.0 73549.0 86561.0 97271.0 105663.0 111909.0 116266.0 119021.0 120449.0 120801.0 120295.0 119115.0
16 1.0 101.81050652750744 53.35046541311971 -1.1250751871156917 0.42328763205402076 -0.0869131896900655 -0.17194567024945814 0.15047619314645938 -0.20609802409723305 3962.0000000000005 11425.0 22962.0 37077.0 51983.0 66250.0 78974.0 89719.0 98374.0 105030.0 109883.0 113171.0 115139.0 116018.0 116012.0 115299.0
17 1.0 43.270762036740805 82.64998854634004 -1.1250751871156917 0.42328763205402076 -0.0869131896900655 -0.17194567024945814 0.15047619314645938 -0.20609802409723305 4496.0 12944.0 25961.0 41827.0 58508.0 74390.0 88470.0 100277.0 109705.0 116876.0 122024.0 125428.00000000001 127370.00000000001 128113.0 127889.0 126898.00000000001
18 1.0 106.61047110797217 -7.535011093192281 -1.1250751871156917 0.42328763205402076 -0.0869131896900655 -0.17194567024945814 0.15047619314645938 -0.20609802409723305 7177.0 19172.0 36405.0 56261.0 76173.0 94353.0 109848.0 122333.0 131876.0 138753.0 143327.0 145976.0 147056.0 146883.0 145725.0 143808.0
19 1.0 42.74197882352786 16.377149758263286 -1.1250751871156917 0.42328763205402076 -0.0869131896900655 -0.17194567024945814 0.15047619314645938 -0.20609802409723305 4739.0 13349.0 26375.0 42039.0 58342.0 73743.0 87313.0 98630.0 107625.0 114432.0 119290.0 122475.0 124260.0 124900.0 124619.0 123608.0
20 1.0 114.47394458183138 64.39007595483983 -1.1250751871156917 0.42328763205402076 -0.0869131896900655 -0.17194567024945814 0.15047619314645938 -0.20609802409723305 4018.0 11547.0 23134.0 37255.0 52115.0 66291.0 78897.0 89512.0 98038.0 104574.0 109320.0 112519.0 114414.0 115235.0 115185.0 114441.0
21 1.0 149.13467802528118 -7.699778396305732 -1.1250751871156917 0.42328763205402076 -0.0869131896900655 -0.17194567024945814 0.15047619314645938 -0.20609802409723305 14553.0 34532.0 60059.0 86737.0 111294.0 131997.0 148286.0 160305.0 168541.0 173599.0 176084.0 176538.0 175427.0 173134.0 169969.0 166177.0
22 1.0 23.09309868556237 81.3374058298925 -1.1250751871156917 0.42328763205402076 -0.0869131896900655 -0.17194567024945814 0.15047619314645938 -0.20609802409723305 4685.0 13460.0 26948.0 43346.0 60541.0 76866.0 91294.0 103349.0 112936.0 120190.0 125361.0 128741.0 130625.99999999999 131287.0 130965.0 129865.00000000001
23 1.0 249.28996297320714 13.63520916807704 -1.1250751871156917 0.42328763205402076 -0.0869131896900655 -0.17194567024945814 0.15047619314645938 -0.20609802409723305 6134.0 17267.0 33904.0 53575.0 73651.0 92210.0 108178.0 121146.0 131134.0 138397.0 143292.0 146199.0 147482.0 147464.0 146423.0 144591.0
24 1.0 203.97652351436705 57.738081726236686 -1.1250751871156917 0.42328763205402076 -0.0869131896900655 -0.17194567024945814 0.15047619314645938 -0.20609802409723305 4765.0 13366.0 26252.0 41585.0 57376.0 72141.0 85020.0 95652.0 104010.0 110256.0 114638.0 117435.0 118916.0 119327.0 118884.0 117769.0
25 1.0 95.54021673820034 73.5918693142929 -1.1250751871156917 0.42328763205402076 -0.0869131896900655 -0.17194567024945814 0.15047619314645938 -0.20609802409723305 4038.0 11681.0 23517.0 38011.0 53323.0 67978.0 81045.0 92075.0 100953.0 107774.0 112741.0 116099.0 118101.0 118983.0 118958.0 118207.0
26 1.0 188.36929924801188 56.7942873783424 -1.1250751871156917 0.42328763205402076 -0.0869131896900655 -0.17194567024945814 0.15047619314645938 -0.20609802409723305 4815.0 13393.0 26160.0 41280.0 56797.0 71267.0 83858.0 94234.0 102375.0 108447.0 112698.0 115402.0 116825.0 117207.0 116758.0 115656.0
27 1.0 33.818583873039 -61.30539657918793 -1.1250751871156917 0.42328763205402076 -0.0869131896900655 -0.17194567024945814 0.15047619314645938 -0.20609802409723305 4659.0 13170.0 26012.0 41378.0 57275.0 72198.0 85260.0 96084.0 104627.0 111043.0 115576.0 118504.0 120097.0 120601.0 120234.0 119179.0
28 1.0 207.34073840022455 23.201719031106066 -1.1250751871156917 0.42328763205402076 -0.0869131896900655 -0.17194567024945814 0.15047619314645938 -0.20609802409723305 6656.0 17760.0 33631.0 51801.0 69904.0 86326.0 100236.0 111376.0 119837.0 125889.0 129873.99999999999 132141.0 133013.0 132774.0 131667.0 129893.00000000001
29 1.0 334.5466311274371 -18.28183344845813 -1.1250751871156917 0.42328763205402076 -0.0869131896900655 -0.17194567024945814 0.15047619314645938 -0.20609802409723305 11488.0 27711.0 48829.0 71274.0 92274.0 110273.0 124692.0 135563.0 143233.0 148173.0 150871.0 151777.0 151282.0 149713.0 147338.0 144373.0
0 1.0 114.68482288247652 -78.71166863579778 -1.1250751871156917 0.42328763205402076 -0.0869131896900655 -0.17194567024945814 0.15047619314645938 -0.20609802409723305 5898.0 16637.0 32766.999999999996 51947.0 71634.0 89939.0 105780.0 118724.0 128760.00000000001 136119.0 141138.0 144184.0 145609.0 145731.0 144823.0 143117.0
1 1.0 240.2677367869254 -13.674194659828444 -1.1250751871156917 0.42328763205402076 -0.0869131896900655 -0.17194567024945814 0.15047619314645938 -0.20609802409723305 6521.0 18260.0 35708.0 56232.0 77075.0 96250.0 112663.0 125917.0 136055.0 143360.0 148216.0 151026.0 152171.0 151989.0 150767.0 148748.0
2 1.0 47.447230465581185 -43.436867959906614 -1.1250751871156917 0.42328763205402076 -0.0869131896900655 -0.17194567024945814 0.15047619314645938 -0.20609802409723305 4267.0 12163.0 24199.0 38738.0 53916.0 68287.0 80976.0 91585.0 100043.0 106472.0 111089.0 114148.0 115903.0 116589.0 116411.0 115548.0
3 1.0 257.8777934826836 62.82689551713193 -1.1250751871156917 0.42328763205402076 -0.0869131896900655 -0.17194567024945814 0.15047619314645938 -0.20609802409723305 5300.0 15045.0 29798.0 47484.0 65789.0 82957.0 97951.0 110328.0 120042.0 127276.0 132320.0 135503.0 137143.0 137534.0 136928.0 135542.0
4 1.0 104.1861934609924 -84.00516722159469 -1.1250751871156917 0.42328763205402076 -0.0869131896900655 -0.17194567024945814 0.15047619314645938 -0.20609802409723305 5644.0 15955.0 31479.0 49982.0 69025.0 86783.0 102202.0 114849.0 124703.0 131973.0 136977.0 140065.0 141573.0 141806.0 141029.0 139465.0
5 1.0 65.94889032256206 82.61688993542523 -1.1250751871156917 0.42328763205402076 -0.0869131896900655 -0.17194567024945814 0.15047619314645938 -0.20609802409723305 4358.0 12564.0 25227.0 40682.0 56958.0 72484.0 86277.0 97871.0 107158.0 114248.0 119364.0 122776.0 124755.0 125556.0 125405.99999999999 124498.0
6 1.0 211.14465653162995 -26.033607275052667 -1.1250751871156917 0.42328763205402076 -0.0869131896900655 -0.17194567024945814 0.15047619314645938 -0.20609802409723305 8975.0 23690.0 44424.0 67819.0 90781.0 111280.0 128338.00000000001 141717.0 151613.0 158434.0 162657.0 164755.0 165153.0 164222.0 162270.0 159550.0
7 1.0 7.238716627497679 -25.792759727542276 -1.1250751871156917 0.42328763205402076 -0.0869131896900655 -0.17194567024945814 0.15047619314645938 -0.20609802409723305 7137.0 18309.0 33793.0 51149.0 68180.0 83454.0 96274.0 106458.0 114129.0 119564.0 123091.0 125040.00000000001 125711.99999999999 125372.00000000001 124240.0 122503.0
8 1.0 298.4184105182507 -87.06086951693258 -1.1250751871156917 0.42328763205402076 -0.0869131896900655 -0.17194567024945814 0.15047619314645938 -0.20609802409723305 5534.0 15633.000000000002 30816.0 48888.0 67470.0 84786.0 99818.0 112150.0 121764.0 128866.00000000001 133766.0 136802.0 138302.0 138560.0 137834.0 136339.0
9 1.0 1.6903714293169436 -56.65818145748689 -1.1250751871156917 0.42328763205402076 -0.0869131896900655 -0.17194567024945814 0.15047619314645938 -0.20609802409723305 5247.0 14456.0 28027.0 43957.0 60173.0 75177.0 88132.0 98717.0 106944.0 113006.0 117178.0 119754.0 121017.0 121220.0 120583.0 119290.0
10 1.0 244.01395324664284 -17.773289855350427 -1.1250751871156917 0.42328763205402076 -0.0869131896900655 -0.17194567024945814 0.15047619314645938 -0.20609802409723305 6494.0 18233.0 35721.0 56329.0 77286.0 96584.0 113117.0 126477.0 136703.0 144076.0 148982.0 151826.0 152990.0 152816.0 151594.0 149566.0
11 1.0 97.20287034917935 77.27245511448851 -1.1250751871156917 0.42328763205402076 -0.0869131896900655 -0.17194567024945814 0.15047619314645938 -0.20609802409723305 4110.0 11873.0 23879.0 38560.0 54052.0 68863.0 82055.0 93177.0 102119.0 108980.0 113966.0 117328.0 119322.0 120187.0 120137.0 119358.0
12 1.0 264.66984796413414 -72.06931256017117 -1.1250751871156917 0.42328763205402076 -0.0869131896900655 -0.17194567024945814 0.15047619314645938 -0.20609802409723305 5819.0 16393.0 32225.999999999996 50987.0 70187.0 87992.0 103367.0 115907.0 125617.0 132728.0 137573.0 140509.0 141879.0 141990.0 141107.0 139453.0
13 1.0 346.38787624227774 80.15427602623433 -1.1250751871156917 0.42328763205402076 -0.0869131896900655 -0.17194567024945814 0.15047619314645938 -0.20609802409723305 5066.0 14465.0 28810.0 46130.0 64172.00000000001 81189.0 96130.0 108524.0 118303.0 125628.99999999999 130780.00000000001 134073.0 135824.0 136320.0 135812.0 134517.0
14 1.0 89.55113166718489 66.5079354983938 -1.1250751871156917 0.42328763205402076 -0.0869131896900655 -0.17194567024945814 0.15047619314645938 -0.20609802409723305 3940.0 11432.0 23078.0 37386.0 52546.0 67093.0 80097.0 91099.0 99977.0 106818.0 111816.0 115213.0 117259.0 118186.0 118205.0 117498.0
15 1.0 207.4166403904213 -8.25076855664068 -1.1250751871156917 0.42328763205402076 -0.0869131896900655 -0.17194567024945814 0.15047619314645938 -0.20609802409723305 9024.0 23373.0 43293.0 65545.0 87233.0 106502.0 122479.0 134976.0 144198.0 150538.0 154449.0 156375.0 156714.0 155811.0 153955.0 151381.0
16 1.0 213.13509525786205 -31.19384128171319 -1.1250751871156917 0.42328763205402076 -0.0869131896900655 -0.17194567024945814 0.15047619314645938 -0.20609802409723305 8688.0 23171.0 43755.0 67131.0 90184.0 110846.0 128097.99999999999 141674.0 151753.0 158733.0 163089.0 165292.0 165774.0 164905.0 162997.0 160307.0
17 1.0 206.01068608471442 -48.10605672976977 -1.1250751871156917 0.42328763205402076 -0.0869131896900655 -0.17194567024945814 0.15047619314645938 -0.20609802409723305 8720.0 23418.0 44422.0 68356.0 92009.0 113233.0 130962.0 144909.0 155255.0 162408.0 166858.0 169093.0 169557.0 168632.0 166643.0 163851.0
18 1.0 80.30938775062259 20.603647165837387 -1.1250751871156917 0.42328763205402076 -0.0869131896900655 -0.17194567024945814 0.15047619314645938 -0.20609802409723305 3826.0 11199.0 22776.0 37124.0 52440.0 67230.0 80523.0 91825.0 100989.0 108084.0 113298.0 116872.0 119054.0 120084.0 120175.0 119513.0
19 1.0 342.9896441461146 -84.04657353440899 -1.1250751871156917 0.42328763205402076 -0.0869131896900655 -0.17194567024945814 0.15047619314645938 -0.20609802409723305 5359.0 15136.0 29838.0 47345.0 65356.0 82156.0 96756.0 108751.0 118121.0 125062.0 129870.99999999999 132874.0 134385.0 134691.0 134037.0 132635.0
20 1.0 160.96513630234585 -87.19090839957092 -1.1250751871156917 0.42328763205402076 -0.0869131896900655 -0.17194567024945814 0.15047619314645938 -0.20609802409723305 5732.0 16184.0 31894.0 50585.0 69790.0 87668.0 103165.0 115854.0 125719.0 132979.0 137958.0 141010.0 142477.0 142666.0 141843.0 140233.0
21 1.0 304.707122089606 -12.816769950317195 -1.1250751871156917 0.42328763205402076 -0.0869131896900655 -0.17194567024945814 0.15047619314645938 -0.20609802409723305 11021.0 27585.0 49873.0 74168.0 97366.0 117597.0 134071.0 146707.0 155810.0 161858.0 165365.0 166823.0 166663.0 165252.0 162893.0 159831.0
22 1.0 251.81253911430156 -77.74666668455036 -1.1250751871156917 0.42328763205402076 -0.0869131896900655 -0.17194567024945814 0.15047619314645938 -0.20609802409723305 5849.0 16492.0 32446.999999999996 51377.0 70772.0 88779.0 104343.0 117051.0 126900.00000000001 134121.0 139046.0 142037.0 143440.0 143565.0 142681.0 141013.0
23 1.0 107.07730230784811 -44.65062211570328 -1.1250751871156917 0.42328763205402076 -0.0869131896900655 -0.17194567024945814 0.15047619314645938 -0.20609802409723305 7239.0 19776.0 38060.0 59296.0 80667.0 100187.0 116794.0 130124.99999999999 140255.0 147493.0 152241.0 154918.0 155914.0 155573.0 154191.0 152012.0
24 1.0 292.9672150928918 -50.19103523770491 -1.1250751871156917 0.42328763205402076 -0.0869131896900655 -0.17194567024945814 0.15047619314645938 -0.20609802409723305 6372.0 17526.0 33865.0 52899.0 72106.0 89702.0 104727.0 116846.0 126116.0 132803.0 137260.0 139854.0 140931.0 140796.0 139712.0 137896.0
25 1.0 142.74206670491446 -44.425585129886656 -1.1250751871156917 0.42328763205402076 -0.0869131896900655 -0.17194567024945814 0.15047619314645938 -0.20609802409723305 11607.0 29438.0 53696.0 80334.0 105891.0 128243.0 146468.0 160444.0 170499.0 177154.0 180983.0 182533.0 182288.0 180657.0 177979.0 174529.0
26 1.0 317.1971509600182 -66.4100583812536 -1.1250751871156917 0.42328763205402076 -0.0869131896900655 -0.17194567024945814 0.15047619314645938 -0.20609802409723305 5578.0 15521.0 30259.0 47608.0 65283.99999999999 81629.0 95718.0 107200.0 116089.0 122601.0 127042.99999999999 129741.0 131008.99999999999 131125.0 130331.0 128831.0
27 1.0 209.25823414890914 -87.83347987842222 -1.1250751871156917 0.42328763205402076 -0.0869131896900655 -0.17194567024945814 0.15047619314645938 -0.20609802409723305 5688.0 16063.0 31652.0 50199.0 69253.0 86993.0 102371.0 114966.0 124763.0 131977.0 136930.0 139971.0 141440.0 141641.0 140837.0 139251.0
28 1.0 317.424730267747 -69.21282651502534 -1.1250751871156917 0.42328763205402076 -0.0869131896900655 -0.17194567024945814 0.15047619314645938 -0.20609802409723305 5499.0 15356.0 30016.0 47316.0 64978.99999999999 81340.0 95465.0 106994.0 115934.0 122498.0 126989.99999999999 129734.99999999999 131045.0 131200.0 130441.0 128971.0
29 1.0 249.3113724279957 21.32644671229461 -1.1250751871156917 0.42328763205402076 -0.0869131896900655 -0.17194567024945814 0.15047619314645938 -0.20609802409723305 6002.0 16900.0 33203.0 52499.0 72216.0 90472.0 106204.0 119007.0 128891.0 136101.0 140983.0 143910.0 145234.0 145273.0 144300.0 142543.0
0 1.0 261.09154073507057 85.36611830724905 -1.1250751871156917 0.42328763205402076 -0.0869131896900655 -0.17194567024945814 0.15047619314645938 -0.20609802409723305 4617.0 13234.0 26442.0 42462.0 59236.0 75149.0 89212.0 100967.0 110326.0 117420.0 122490.0 125819.99999999999 127695.0 128377.99999999999 128100.99999999999 127065.00000000001
1 1.0 180.47677749361281 88.26210028096091 -1.1250751871156917 0.42328763205402076 -0.0869131896900655 -0.17194567024945814 0.15047619314645938 -0.20609802409723305 4432.0 12732.0 25487.0 40997.0 57277.0 72761.0 86484.0 97991.0 107186.0 114189.0 119227.0 122571.0 124494.0 125250.0 125064.00000000001 124129.0
2 1.0 344.1901085003606 -16.37026283284891 -1.1250751871156917 0.42328763205402076 -0.0869131896900655 -0.17194567024945814 0.15047619314645938 -0.20609802409723305 11233.0 27035.0 47567.0 69366.0 89748.0 107212.0 121204.0 131757.0 139208.0 144014.0 146646.0 147539.0 147071.0 145559.0 143263.0 140392.0
3 1.0 231.83647172266947 -60.66820331161104 -1.1250751871156917 0.42328763205402076 -0.0869131896900655 -0.17194567024945814 0.15047619314645938 -0.20609802409723305 6616.0 18537.0 36267.0 57136.0 78339.0 97848.0 114546.0 128023.0 138325.0 145738.0 150655.0 153487.0 154624.0 154410.0 153140.0 151059.0
4 1.0 152.5878174809447 24.977116325975274 -1.1250751871156917 0.42328763205402076 -0.0869131896900655 -0.17194567024945814 0.15047619314645938 -0.20609802409723305 9117.0 22512.0 40409.0 59882.0 78510.0 94835.0 108232.0 118620.0 126224.0 131403.0 134551.0 136044.0 136220.0 135365.0 133718.0 131476.0
5 1.0 218.30155708605275 -1.7450376212273113 -1.1250751871156917 0.42328763205402076 -0.0869131896900655 -0.17194567024945814 0.15047619314645938 -0.20609802409723305 7409.0 19919.0 37866.0 58428.0 78887.0 97397.0 113011.0 125446.0 134817.0 141447.0 145732.0 148078.0 148858.0 148397.0 146973.0 144814.0
6 1.0 6.909551391360069 88.09375991119765 -1.1250751871156917 0.42328763205402076 -0.0869131896900655 -0.17194567024945814 0.15047619314645938 -0.20609802409723305 4540.0 13046.0 26121.0 42024.0 58714.0 74581.0 88632.0 100399.0 109788.0 116920.0 122034.0 125408.99999999999 127328.0 128051.0 127813.00000000001 126811.0
7 1.0 108.56693400283775 -78.24524271267956 -1.1250751871156917 0.42328763205402076 -0.0869131896900655 -0.17194567024945814 0.15047619314645938 -0.20609802409723305 5817.0 16422.0 32369.000000000004 51351.0 70856.0 89013.0 104743.0 117613.0 127608.0 134951.0 139973.0 143036.0 144489.0 144646.0 143777.0 142112.0
8 1.0 237.66247349736662 50.98219889648635 -1.1250751871156917 0.42328763205402076 -0.0869131896900655 -0.17194567024945814 0.15047619314645938 -0.20609802409723305 5119.0 14475.0 28569.0 45389.0 62733.0 78953.0 93090.0 104743.0 113881.0 120685.0 125432.99999999999 128435.0 129991.0 130373.99999999999 129823.0 128538.99999999999
9 1.0 104.42793859575987 -38.0882704803311 -1.1250751871156917 0.42328763205402076 -0.0869131896900655 -0.17194567024945814 0.15047619314645938 -0.20609802409723305 7105.0 19404.0 37357.0 58236.0 79282.0 98541.0 114960.0 128172.00000000001 138243.0 145467.0 150235.0 152956.0 154013.0 153745.0 152440.0 150341.0
10 1.0 222.48555443958296 -46.54464838621668 -1.1250751871156917 0.42328763205402076 -0.0869131896900655 -0.17194567024945814 0.15047619314645938 -0.20609802409723305 7475.0 20613.0 39846.0 62182.0 84609.0 105016.0 122293.0 136078.0 146472.0 153820.0 158561.0 161143.0 161983.0 161447.0 159844.0 157430.0
11 1.0 154.35673234047582 29.250822875881667 -1.1250751871156917 0.42328763205402076 -0.0869131896900655 -0.17194567024945814 0.15047619314645938 -0.20609802409723305 8283.0 20732.0 37590.0 56142.0 74067.0 89925.0 103058.0 113346.0 120968.0 126246.0 129546.0 131225.0 131603.0 130956.99999999999 129521.0 127483.99999999999
12 1.0 48.770663120082084 -45.70862670162639 -1.1250751871156917 0.42328763205402076 -0.0869131896900655 -0.17194567024945814 0.15047619314645938 -0.20609802409723305 4289.0 12231.0 24343.0 38976.0 54252.0 68717.0 81489.0 92167.0 100681.0 107151.0 111798.0 114877.0 116643.0 117332.0 117152.0 116282.0
13 1.0 107.38163734417108 29.854641160653784 -1.1250751871156917 0.42328763205402076 -0.0869131896900655 -0.17194567024945814 0.15047619314645938 -0.20609802409723305 4898.0 13652.0 26769.0 42425.0 58624.0 73852.0 87213.0 98313.0 107101.0 113724.0 118424.0 121478.0 123159.0 123719.0 123378.0 122325.0
14 1.0 205.18736785245537 3.11553309641198 -1.1250751871156917 0.42328763205402076 -0.0869131896900655 -0.17194567024945814 0.15047619314645938 -0.20609802409723305 8547.0 22080.0 40844.0 61806.0 82252.0 100443.0 115557.0 127411.0 136193.0 142265.0 146048.0 147956.0 148362.0 147590.0 145910.0 143544.0
15 1.0 212.71419404934235 -13.663982081547132 -1.1250751871156917 0.42328763205402076 -0.0869131896900655 -0.17194567024945814 0.15047619314645938 -0.20609802409723305 8545.0 22535.0 42255.0 64530.00000000001 86427.0 106019.0 122366.0 135232.0 144794.0 151430.0 155589.0 157715.0 158212.0 157429.0 155661.0 153148.0
16 1.0 206.75708958584838 9.843805559055411 -1.1250751871156917 0.42328763205402076 -0.0869131896900655 -0.17194567024945814 0.15047619314645938 -0.20609802409723305 7815.000000000001 20431.0 38121.0 58062.0 77663.0 95225.0 109919.0 121531.0 130209.99999999999 136286.0 140151.0 142194.0 142773.0 142196.0 140726.0 138575.0
17 1.0 235.1522951485681 -38.330726414466646 -1.1250751871156917 0.42328763205402076 -0.0869131896900655 -0.17194567024945814 0.15047619314645938 -0.20609802409723305 6851.0 19127.0 37313.0 58645.0 80245.0 100057.0 116958.0 130553.0 140903.0 148312.0 153187.0 155951.0 157003.0 156694.0 155323.0 153141.0
18 1.0 234.757177200608 37.1834471291362 -1.1250751871156917 0.42328763205402076 -0.0869131896900655 -0.17194567024945814 0.15047619314645938 -0.20609802409723305 5404.0 15190.0 29830.0 47189.0 64977.99999999999 81514.0 95837.0 107567.0 116698.0 123435.0 128076.0 130947.00000000001 132359.0 132593.0 131894.0 130466.0
19 1.0 155.31063675623062 -15.325763519958471 -1.1250751871156917 0.42328763205402076 -0.0869131896900655 -0.17194567024945814 0.15047619314645938 -0.20609802409723305 15285.0 36268.0 63064.99999999999 91047.0 116778.0 138443.0 155461.0 167991.0 176548.0 181774.0 184305.0 184713.0 183486.0 181027.0 177661.0 173644.0
20 1.0 322.75677450638267 -25.101799112539396 -1.1250751871156917 0.42328763205402076 -0.0869131896900655 -0.17194567024945814 0.15047619314645938 -0.20609802409723305 10230.0 25331.0 45494.0 67371.0 88205.0 106357.0 121140.0 132493.0 140693.0 146164.0 149365.0 150730.0 150644.0 149432.0 147365.0 144662.0
21 1.0 132.32227321724275 59.158244620032804 -1.1250751871156917 0.42328763205402076 -0.0869131896900655 -0.17194567024945814 0.15047619314645938 -0.20609802409723305 4326.0 12216.0 24161.0 38525.0 53474.0 67599.0 80052.0 90450.0 98731.0 105018.0 109528.0 112509.0 114212.0 114866.0 114674.0 113810.0
22 1.0 156.91137309562566 76.4940441515746 -1.1250751871156917 0.42328763205402076 -0.0869131896900655 -0.17194567024945814 0.15047619314645938 -0.20609802409723305 4211.0 12054.0 24061.0 38617.0 53861.0 68338.0 81156.0 91905.0 100499.0 107054.0 111782.0 114936.0 116769.0 117515.0 117384.0 116553.0
23 1.0 321.092407805642 -81.71868404028655 -1.1250751871156917 0.42328763205402076 -0.0869131896900655 -0.17194567024945814 0.15047619314645938 -0.20609802409723305 5390.0 15207.0 29945.0 47472.0 65480.0 82256.0 96816.0 108763.0 118081.0 124971.0 129731.00000000001 132689.0 134161.0 134432.0 133751.0 132325.0
24 1.0 290.22983605659084 -48.12714129064221 -1.1250751871156917 0.42328763205402076 -0.0869131896900655 -0.17194567024945814 0.15047619314645938 -0.20609802409723305 6446.0 17730.0 34254.0 53494.0 72899.0 90665.0 105824.0 118040.0 127374.99999999999 134098.0 138568.0 141158.0 142217.0 142055.0 140937.0 139082.0
25 1.0 253.39989007453187 -27.266513491338614 -1.1250751871156917 0.42328763205402076 -0.0869131896900655 -0.17194567024945814 0.15047619314645938 -0.20609802409723305 6457.0 18164.0 35632.0 56241.0 77220.0 96554.0 113129.0 126531.0 136796.0 144204.0 149138.0 152004.0 153186.0 153025.0 151811.0 149789.0
26 1.0 36.0816794324284 56.693966286644525 -1.1250751871156917 0.42328763205402076 -0.0869131896900655 -0.17194567024945814 0.15047619314645938 -0.20609802409723305 5084.0 14447.0 28691.0 45858.0 63722.0 80564.0 95348.0 107615.0 117296.0 124554.0 129661.0 132932.0 134676.0 135177.0 134686.0 133413.0
27 1.0 331.0137409480825 87.38845697579356 -1.1250751871156917 0.42328763205402076 -0.0869131896900655 -0.17194567024945814 0.15047619314645938 -0.20609802409723305 4612.0 13239.0 26485.0 42577.0 59448.0 75468.0 89637.0 101488.0 110927.0 118085.0 123203.0 126567.00000000001 128462.0 129153.99999999999 128877.99999999999 127837.0
28 1.0 257.1268678376801 84.41490684066332 -1.1250751871156917 0.42328763205402076 -0.0869131896900655 -0.17194567024945814 0.15047619314645938 -0.20609802409723305 4637.0 13285.0 26536.0 42601.0 59417.0 75365.0 89455.0 101230.0 110603.0 117704.0 122779.0 126110.0 127983.00000000001 128662.0 128381.0 127339.00000000001
29 1.0 359.5849223644319 72.89070219898684 -1.1250751871156917 0.42328763205402076 -0.0869131896900655 -0.17194567024945814 0.15047619314645938 -0.20609802409723305 5573.0 15743.0 31092.0 49443.0 68389.0 86111.0 101540.0 114230.0 124144.0 131482.0 136555.0 139707.0 141274.0 141559.0 140827.0 139301.0
0 1.0 53.80138967687775 -36.619872288474625 -1.1250751871156917 0.42328763205402076 -0.0869131896900655 -0.17194567024945814 0.15047619314645938 -0.20609802409723305 4129.0 11845.0 23688.0 38081.0 53188.0 67564.0 80319.0 91034.0 99621.0 106186.0 110938.0 114123.0 115992.0 116777.0 116686.0 115895.0
1 1.0 312.52538065255715 88.56202381460534 -1.1250751871156917 0.42328763205402076 -0.0869131896900655 -0.17194567024945814 0.15047619314645938 -0.20609802409723305 4555.0 13079.0 26173.0 42086.0 58777.0 74637.0 88674.0 100426.0 109799.0 116916.0 122016.0 125379.99999999999 127288.00000000001 128004.0 127759.00000000001 126753.0
2 1.0 58.497456483494936 -45.10439260983878 -1.1250751871156917 0.42328763205402076 -0.0869131896900655 -0.17194567024945814 0.15047619314645938 -0.20609802409723305 4282.0 12280.0 24544.0 39431.0 55037.0 69869.0 83007.0 94025.0 102834.0 109549.0 114389.0 117612.0 119478.0 120228.0 120078.0 119213.0
3 1.0 221.6014431421839 -70.9368921211982 -1.1250751871156917 0.42328763205402076 -0.0869131896900655 -0.17194567024945814 0.15047619314645938 -0.20609802409723305 6493.0 18207.0 35654.0 56223.0 77155.0 96447.0 112990.0 126370.00000000001 136622.0 144024.0 148958.0 151828.0 153016.0 152861.0 151655.0 149641.0
4 1.0 44.57519382579895 81.17146998997094 -1.1250751871156917 0.42328763205402076 -0.0869131896900655 -0.17194567024945814 0.15047619314645938 -0.20609802409723305 4490.0 12933.0 25950.0 41822.0 58515.0 74414.0 88512.0 100334.0 109777.0 116960.0 122117.0 125528.0 127474.0 128219.0 127996.0 127006.00000000001
5 1.0 305.2829625560044 -47.98435401574267 -1.1250751871156917 0.42328763205402076 -0.0869131896900655 -0.17194567024945814 0.15047619314645938 -0.20609802409723305 6667.0 18038.0 34464.0 53406.0 72369.0 89632.0 104291.0 116052.0 124996.0 131402.0 135624.0 138030.0 138961.0 138717.0 137555.0 135688.0
6 1.0 290.63482514100383 34.15828771399508 -1.1250751871156917 0.42328763205402076 -0.0869131896900655 -0.17194567024945814 0.15047619314645938 -0.20609802409723305 9599.0 25347.0 47523.0 72512.0 96978.0 118752.0 136795.0 150869.0 161203.0 168245.0 172519.0 174537.0 174761.0 173587.0 171347.0 168308.0
7 1.0 204.8762659012536 -79.49585538349405 -1.1250751871156917 0.42328763205402076 -0.0869131896900655 -0.17194567024945814 0.15047619314645938 -0.20609802409723305 6207.0 17452.0 34264.0 54157.0 74477.0 93278.0 109465.0 122617.0 132749.0 140115.0 145078.0 148023.0 149317.0 149290.0 148224.0 146355.0
8 1.0 146.58598700135988 41.52763784294572 -1.1250751871156917 0.42328763205402076 -0.0869131896900655 -0.17194567024945814 0.15047619314645938 -0.20609802409723305 6047.0 15984.000000000002 30153.0 46408.0 62681.0 77546.0 90245.0 100523.0 108433.0 114193.0 118091.0 120426.0 121482.0 121508.0 120722.0 119303.0
9 1.0 24.900118363849696 68.70963822009114 -1.1250751871156917 0.42328763205402076 -0.0869131896900655 -0.17194567024945814 0.15047619314645938 -0.20609802409723305 5160.0 14686.0 29187.0 46659.0 64829.0 81942.0 96945.0 109373.0 119163.0 126482.00000000001 131615.0 134883.0 136602.0 137062.0 136519.0 135187.0
10 1.0 251.07435833204292 -40.96135881612675 -1.1250751871156917 0.42328763205402076 -0.0869131896900655 -0.17194567024945814 0.15047619314645938 -0.20609802409723305 6393.0 17983.0 35280.0 55693.0 76480.0 95647.0 112088.0 125391.0 135590.0 142960.0 147878.0 150747.0 151945.0 151809.0 150628.0 148642.0
11 1.0 163.27536576410478 -21.76975870606286 -1.1250751871156917 0.42328763205402076 -0.0869131896900655 -0.17194567024945814 0.15047619314645938 -0.20609802409723305 15211.0 36301.0 63390.0 91811.0 118058.0 140246.0 157749.0 170698.0 179601.0 185097.0 187827.0 188372.0 187230.0 184811.0 181449.0 177408.0
12 1.0 259.94001580932525 -22.6266870022351 -1.1250751871156917 0.42328763205402076 -0.0869131896900655 -0.17194567024945814 0.15047619314645938 -0.20609802409723305 6560.0 18403.0 36028.0 56782.0 77873.0 97283.0 113900.0 127317.99999999999 137579.0 144970.0 149879.0 152715.0 153864.0 153668.0 152421.0 150366.0
13 1.0 311.8976373343065 44.781886357223954 -1.1250751871156917 0.42328763205402076 -0.0869131896900655 -0.17194567024945814 0.15047619314645938 -0.20609802409723305 10626.0 27383.0 50508.0 76186.0 101049.0 122972.0 140988.0 154923.0 165052.0 171860.0 175891.0 177668.0 177663.0 176274.0 173834.0 170614.0
14 1.0 351.1877418010389 -47.19469634297301 -1.1250751871156917 0.42328763205402076 -0.0869131896900655 -0.17194567024945814 0.15047619314645938 -0.20609802409723305 6131.0 16364.0 31024.0 47860.0 64695.0 80031.0 93082.0 103591.0 111627.0 117428.0 121304.0 123571.0 124528.0 124437.0 123523.0 121972.0
15 1.0 308.08920326133995 -59.06644217142426 -1.1250751871156917 0.42328763205402076 -0.0869131896900655 -0.17194567024945814 0.15047619314645938 -0.20609802409723305 5938.0 16379.999999999998 31732.000000000004 49683.0 67863.0 84585.0 98924.0 110546.0 119490.0 125993.0 130380.0 132993.0 134156.0 134155.0 133239.0 131614.0
16 1.0 4.21707030660071 -9.127503236207147 -1.1250751871156917 0.42328763205402076 -0.0869131896900655 -0.17194567024945814 0.15047619314645938 -0.20609802409723305 9515.0 23363.0 41756.0 61671.0 80637.0 97189.0 110712.0 121148.0 128742.0 133869.0 136939.0 138338.0 138411.0 137451.0 135699.0 133355.0
17 1.0 129.592103212211 -35.19568667208249 -1.1250751871156917 0.42328763205402076 -0.0869131896900655 -0.17194567024945814 0.15047619314645938 -0.20609802409723305 11309.0 28597.0 52087.0 77888.0 102670.0 124386.0 142138.0 155798.0 165672.0 172254.0 176095.0 177716.0 177586.0 176098.0 173583.0 170304.0
18 1.0 262.7966024726609 61.05404200655744 -1.1250751871156917 0.42328763205402076 -0.0869131896900655 -0.17194567024945814 0.15047619314645938 -0.20609802409723305 5509.0 15608.0 30864.0 49107.0 67941.0 85556.0 100894.0 113509.0 123369.0 130671.00000000001 135723.0 138868.0 140438.0 140734.0 140019.0 138516.0
19 1.0 61.78668381411859 -47.20647131718502 -1.1250751871156917 0.42328763205402076 -0.0869131896900655 -0.17194567024945814 0.15047619314645938 -0.20609802409723305 4361.0 12506.0 24997.0 40159.0 56050.0 71147.0 84516.0 95722.0 104675.0 111495.0 116404.0 119668.0 121551.0 122300.0 122133.0 121239.0
20 1.0 187.57317823348654 0.4301023480670665 -1.1250751871156917 0.42328763205402076 -0.0869131896900655 -0.17194567024945814 0.15047619314645938 -0.20609802409723305 11399.0 27809.0 49395.0 72526.0 94315.0 113101.0 128238.99999999999 139726.0 147899.0 153232.0 156222.0 157332.0 156968.0 155468.0 153113.0 150128.0
21 1.0 19.561675802131305 79.66504794562746 -1.1250751871156917 0.42328763205402076 -0.0869131896900655 -0.17194567024945814 0.15047619314645938 -0.20609802409723305 4781.0 13719.0 27439.0 44094.0 61533.0 78063.0 92648.0 104812.0 114466.0 121752.0 126926.00000000001 130289.99999999999 132142.0 132761.0 132389.0 131236.0
22 1.0 71.99874896270403 24.119585594038938 -1.1250751871156917 0.42328763205402076 -0.0869131896900655 -0.17194567024945814 0.15047619314645938 -0.20609802409723305 3723.0 10941.0 22317.0 36462.0 51604.0 66263.0 79470.0 90724.0 99872.0 106974.0 112213.0 115822.0 118047.0 119123.0 119261.0 118647.0
23 1.0 6.66784600582103 66.11209298324366 -1.1250751871156917 0.42328763205402076 -0.0869131896900655 -0.17194567024945814 0.15047619314645938 -0.20609802409723305 6071.0 16922.0 33088.0 52218.0 71795.0 89965.0 105669.0 118490.0 128424.00000000001 135703.0 140662.0 143665.0 145063.0 145168.0 144253.0 142547.0
24 1.0 285.7311732086714 79.23774408385813 -1.1250751871156917 0.42328763205402076 -0.0869131896900655 -0.17194567024945814 0.15047619314645938 -0.20609802409723305 5034.0 14367.0 28602.0 45780.0 63669.0 80542.0 95358.0 107654.0 117360.0 124638.0 129762.99999999999 133047.0 134801.0 135310.0 134824.0 133555.0
25 1.0 80.61288770173685 45.13767513954335 -1.1250751871156917 0.42328763205402076 -0.0869131896900655 -0.17194567024945814 0.15047619314645938 -0.20609802409723305 3775.0 11039.0 22431.0 36535.0 51578.0 66098.0 79146.0 90239.0 99236.0 106206.0 111334.0 114853.0 117009.0 118034.0 118137.0 117502.0
26 1.0 124.32660505088496 35.92351084045525 -1.1250751871156917 0.42328763205402076 -0.0869131896900655 -0.17194567024945814 0.15047619314645938 -0.20609802409723305 5629.0 15172.0 29038.0 45189.0 61571.0 76709.0 89784.0 100485.0 108822.0 114987.0 119251.0 121907.0 123236.0 123492.0 122892.0 121623.0
27 1.0 334.1092656476127 84.23380198876086 -1.1250751871156917 0.42328763205402076 -0.0869131896900655 -0.17194567024945814 0.15047619314645938 -0.20609802409723305 4802.0 13760.0 27488.0 44129.0 61535.0 78021.0 92559.0 104678.0 114292.0 121545.0 126695.0 130039.99999999999 131881.0 132492.0 132117.0 130965.0
28 1.0 253.5891846924718 88.99214213658229 -1.1250751871156917 0.42328763205402076 -0.0869131896900655 -0.17194567024945814 0.15047619314645938 -0.20609802409723305 4511.0 12954.0 25922.0 41685.0 58221.0 73940.0 87858.0 99518.0 108824.0 115898.0 120975.0 124332.0 126247.0 126979.00000000001 126757.00000000001 125778.0
29 1.0 11.462014631270826 -8.672097119443265 -1.1250751871156917 0.42328763205402076 -0.0869131896900655 -0.17194567024945814 0.15047619314645938 -0.20609802409723305 8263.0 20733.0 37666.0 56347.0 74440.0 90483.0 103803.0 114265.0 122042.0 127452.00000000001 130861.0 132626.0 133069.0 132471.0 131066.99999999999 129049.0
0 1.0 59.289896339248585 -77.2434399268425 -1.1250751871156917 0.42328763205402076 -0.0869131896900655 -0.17194567024945814 0.15047619314645938 -0.20609802409723305 5164.0 14642.0 28964.0 46107.0 63830.0 80443.0 94953.0 106936.0 116353.0 123378.0 128293.99999999999 131415.0 133047.0 133470.0 132929.0 131631.0
1 1.0 223.73222453991488 -37.29707434070661 -1.1250751871156917 0.42328763205402076 -0.0869131896900655 -0.17194567024945814 0.15047619314645938 -0.20609802409723305 7569.0 20785.0 40063.0 62394.0 84768.0 105097.0 122285.0 135983.0 146300.0 153584.0 158273.0 160816.0 161629.0 161075.0 159460.0 157041.0
2 1.0 207.80229189750034 -62.57615297620852 -1.1250751871156917 0.42328763205402076 -0.0869131896900655 -0.17194567024945814 0.15047619314645938 -0.20609802409723305 7456.0 20577.0 39804.0 62153.0 84606.0 105050.0 122365.0 136187.0 146614.0 153989.0 158750.0 161348.0 162200.0 161671.0 160071.0 157658.0
3 1.0 85.64141569482311 -14.852452536717877 -1.1250751871156917 0.42328763205402076 -0.0869131896900655 -0.17194567024945814 0.15047619314645938 -0.20609802409723305 4662.0 13398.0 26842.0 43206.0 60384.0 76707.0 91146.0 103219.0 112828.0 120105.0 125296.99999999999 128698.0 130601.0 131277.0 130968.0 129880.0
4 1.0 336.3170392529258 -66.36792087481392 -1.1250751871156917 0.42328763205402076 -0.0869131896900655 -0.17194567024945814 0.15047619314645938 -0.20609802409723305 5398.0 15005.0 29246.0 46019.0 63125.0 78966.0 92645.0 103816.0 112489.0 118868.0 123243.0 125929.00000000001 127225.0 127400.99999999999 126689.0 125285.00000000001
5 1.0 221.02774414772256 18.741204723758756 -1.1250751871156917 0.42328763205402076 -0.0869131896900655 -0.17194567024945814 0.15047619314645938 -0.20609802409723305 6220.0 17038.0 32839.0 51218.0 69749.0 86723.0 101221.0 112923.0 121884.0 128360.0 132687.0 135221.0 136291.0 136193.0 135177.0 133453.0
6 1.0 192.827809088985 -21.094549351586267 -1.1250751871156917 0.42328763205402076 -0.0869131896900655 -0.17194567024945814 0.15047619314645938 -0.20609802409723305 11795.0 29332.0 52775.0 78187.0 102327.0 123278.0 140250.0 153190.0 162441.0 168514.0 171957.0 173285.0 172950.0 171335.0 168754.0 165461.0
7 1.0 212.36759148764554 71.1694591718778 -1.1250751871156917 0.42328763205402076 -0.0869131896900655 -0.17194567024945814 0.15047619314645938 -0.20609802409723305 4517.0 12859.0 25542.0 40817.0 56716.0 71724.0 84935.0 95942.0 104684.0 111295.0 116010.0 119100.0 120832.0 121452.0 121179.0 120198.0
8 1.0 262.8439306260371 84.20304092373033 -1.1250751871156917 0.42328763205402076 -0.0869131896900655 -0.17194567024945814 0.15047619314645938 -0.20609802409723305 4660.0 13350.0 26658.0 42790.0 59670.0 75672.0 89803.0 101607.0 110996.0 118104.0 123177.0 126501.0 128362.0 129027.0 128729.00000000001 127670.0
9 1.0 112.30019837265667 8.43928230049599 -1.1250751871156917 0.42328763205402076 -0.0869131896900655 -0.17194567024945814 0.15047619314645938 -0.20609802409723305 7069.0 18662.0 35171.0 54085.0 72990.0 90221.0 104901.0 116737.0 125798.0 132346.0 136723.0 139284.0 140362.0 140252.0 139208.0 137441.0
10 1.0 143.35958239779308 -40.531757423832616 -1.1250751871156917 0.42328763205402076 -0.0869131896900655 -0.17194567024945814 0.15047619314645938 -0.20609802409723305 12323.0 30871.0 55828.0 83004.0 108899.0 131413.0 149666.0 163580.0 173515.0 180019.0 183683.0 185063.0 184651.0 182861.0 180033.0 176442.0
11 1.0 75.54374963104397 16.601475377130626 -1.1250751871156917 0.42328763205402076 -0.0869131896900655 -0.17194567024945814 0.15047619314645938 -0.20609802409723305 3763.0 11044.0 22505.0 36740.0 51964.0 66690.0 79946.0 91234.0 100401.0 107511.0 112748.0 116349.0 118562.0 119622.0 119742.0 119109.0
12 1.0 67.02948211692102 71.41700848039378 -1.1250751871156917 0.42328763205402076 -0.0869131896900655 -0.17194567024945814 0.15047619314645938 -0.20609802409723305 4171.0 12088.0 24377.0 39457.0 55414.0 70701.0 84338.0 95848.0 105107.0 112212.0 117373.0 120849.0 122905.0 123790.0 123725.0 122904.0
13 1.0 339.9740603942161 -16.787997749565307 -1.1250751871156917 0.42328763205402076 -0.0869131896900655 -0.17194567024945814 0.15047619314645938 -0.20609802409723305 11489.0 27626.0 48566.0 70769.0 91502.0 109241.0 123431.0 134113.0 141635.0 146466.0 149088.0 149946.0 149424.0 147847.0 145478.0 142528.0
14 1.0 266.2382862177435 9.374089804554757 -1.1250751871156917 0.42328763205402076 -0.0869131896900655 -0.17194567024945814 0.15047619314645938 -0.20609802409723305 7085.0 19701.0 38320.0 60087.0 82065.0 102168.0 119270.0 132985.0 143389.0 150801.0 155642.0 158346.0 159320.0 158922.0 157457.0 155178.0
15 1.0 176.56517110232414 -41.10250183089374 -1.1250751871156917 0.42328763205402076 -0.0869131896900655 -0.17194567024945814 0.15047619314645938 -0.20609802409723305 12334.0 30954.0 56022.0 83314.0 109304.0 131880.0 150161.0 164078.0 173996.0 180470.0 184097.0 185438.0 184985.0 183156.0 180291.0 176667.0
16 1.0 81.86926607039636 -8.020053098995149 -1.1250751871156917 0.42328763205402076 -0.0869131896900655 -0.17194567024945814 0.15047619314645938 -0.20609802409723305 4275.0 12394.0 25012.0 40503.0 56894.0 72587.0 86571.0 98353.0 107809.0 115042.0 120272.0 123771.0 125812.0 126652.99999999999 126525.0 125624.99999999999
17 1.0 91.56833343734147 -17.69156363167224 -1.1250751871156917 0.42328763205402076 -0.0869131896900655 -0.17194567024945814 0.15047619314645938 -0.20609802409723305 5285.0 14947.0 29576.0 47132.0 65334.0 82434.0 97394.0 109764.0 119489.0 126743.0 131815.0 135028.0 136699.0 137118.0 136540.0 135179.0
18 1.0 20.89049771659522 -45.28557628506522 -1.1250751871156917 0.42328763205402076 -0.0869131896900655 -0.17194567024945814 0.15047619314645938 -0.20609802409723305 4926.0 13605.0 26447.0 41591.0 57080.0 71484.0 83988.0 94266.0 102309.0 108288.0 112454.0 115082.0 116439.0 116764.0 116267.0 115125.0
19 1.0 156.3899852009235 1.0559490885555078 -1.1250751871156917 0.42328763205402076 -0.0869131896900655 -0.17194567024945814 0.15047619314645938 -0.20609802409723305 13896.0 32873.0 57046.0 82242.0 105380.0 124841.0 140113.0 151344.0 159001.0 163662.0 165900.0 166228.0 165086.0 162837.0 159772.0 156124.0
20 1.0 112.24651751787692 -34.13145132363395 -1.1250751871156917 0.42328763205402076 -0.0869131896900655 -0.17194567024945814 0.15047619314645938 -0.20609802409723305 8447.0 22385.0 42178.0 64701.99999999999 86999.0 107082.0 123946.0 137305.0 147305.0 154309.0 158762.0 161111.0 161767.0 161088.0 159377.0 156883.0
21 1.0 250.6836559735654 -22.85372450146545 -1.1250751871156917 0.42328763205402076 -0.0869131896900655 -0.17194567024945814 0.15047619314645938 -0.20609802409723305 6465.0 18187.0 35680.0 56321.0 77332.0 96696.0 113296.0 126717.0 136996.0 144413.0 149351.0 152219.0 153400.0 153235.0 152017.0 149989.0
22 1.0 135.99066214529313 4.494679605767573 -1.1250751871156917 0.42328763205402076 -0.0869131896900655 -0.17194567024945814 0.15047619314645938 -0.20609802409723305 11507.0 27936.0 49482.0 72550.0 94291.0 113069.0 128244.0 139808.0 148084.0 153535.0 156648.0 157880.0 157630.0 156235.0 153973.0 151068.0
23 1.0 64.65732392146853 45.10710412721775 -1.1250751871156917 0.42328763205402076 -0.0869131896900655 -0.17194567024945814 0.15047619314645938 -0.20609802409723305 3899.0 11400.0 23163.0 37724.0 53250.0 68226.0 81669.0 93084.0 102325.0 109467.0 114702.0 118276.0 120444.0 121447.0 121503.0 120801.0
24 1.0 8.884342220879242 -29.968656157570443 -1.1250751871156917 0.42328763205402076 -0.0869131896900655 -0.17194567024945814 0.15047619314645938 -0.20609802409723305 6543.0 17054.0 31832.0 48586.0 65182.00000000001 80193.0 92893.0 103068.0 110807.0 116360.0 120035.0 122145.0 122984.0 122807.0 121833.0 120244.0
25 1.0 24.20986732676949 76.34857799173744 -1.1250751871156917 0.42328763205402076 -0.0869131896900655 -0.17194567024945814 0.15047619314645938 -0.20609802409723305 4844.0 13887.0 27754.0 44572.0 62163.0 78821.0 93504.0 105735.0 115430.0 122733.0 127908.0 131259.0 133090.0 133680.0 133276.0 132089.0
26 1.0 244.58139845948423 65.21733843046243 -1.1250751871156917 0.42328763205402076 -0.0869131896900655 -0.17194567024945814 0.15047619314645938 -0.20609802409723305 4951.0 14078.0 27926.0 44565.0 61833.0 78082.0 92329.0 104146.0 113476.0 120480.0 125421.0 128602.0 130316.99999999999 130839.00000000001 130405.0 129218.0
27 1.0 163.33086404017632 -81.23574672440486 -1.1250751871156917 0.42328763205402076 -0.0869131896900655 -0.17194567024945814 0.15047619314645938 -0.20609802409723305 6174.0 17361.0 34096.0 53913.0 74172.0 92932.0 109097.0 122243.0 132381.0 139762.0 144744.0 147711.0 149029.0 149025.0 147982.0 146135.0
28 1.0 193.16851599914 -44.3443456337719 -1.1250751871156917 0.42328763205402076 -0.0869131896900655 -0.17194567024945814 0.15047619314645938 -0.20609802409723305 10328.0 26834.0 49745.0 75280.0 100065.0 121958.0 139976.0 153932.0 164092.0 170937.0 175006.0 176824.0 176858.0 175508.0 173105.0 169920.0
29 1.0 322.80166549452315 -9.695607721343649 -1.1250751871156917 0.42328763205402076 -0.0869131896900655 -0.17194567024945814 0.15047619314645938 -0.20609802409723305 13062.0 31350.000000000004 55000.0 79977.0 103197.0 122963.0 138678.0 150418.0 158598.0 163761.0 166461.0 167202.0 166422.0 164482.0 161680.0 158250.0
0 1.0 356.52202106281356 -71.16698002635466 -1.1250751871156917 0.42328763205402076 -0.0869131896900655 -0.17194567024945814 0.15047619314645938 -0.20609802409723305 5117.0 14357.0 28178.0 44577.0 61407.0 77080.0 90688.0 101863.0 110593.0 117065.0 121555.0 124368.0 125794.99999999999 126101.99999999999 125516.99999999999 124236.0
1 1.0 78.08291438345061 -27.274321973970522 -1.1250751871156917 0.42328763205402076 -0.0869131896900655 -0.17194567024945814 0.15047619314645938 -0.20609802409723305 4419.0 12763.0 25674.0 41462.0 58109.0 73998.0 88113.0 99972.0 109459.0 116690.0 121894.0 125348.99999999999 127336.0 128117.00000000001 127924.00000000001 126959.99999999999
2 1.0 238.70815311603627 43.21755461118286 -1.1250751871156917 0.42328763205402076 -0.0869131896900655 -0.17194567024945814 0.15047619314645938 -0.20609802409723305 5305.0 14965.0 29473.0 46733.0 64477.00000000001 81018.0 95387.0 107187.0 116403.0 123227.0 127952.00000000001 130899.99999999999 132381.0 132676.0 132028.0 130643.00000000001
3 1.0 94.79605562537424 32.49260660570866 -1.1250751871156917 0.42328763205402076 -0.0869131896900655 -0.17194567024945814 0.15047619314645938 -0.20609802409723305 4116.0 11854.0 23810.0 38434.0 53875.0 68648.0 81817.0 92928.0 101868.0 108731.0 113724.0 117093.0 119095.0 119968.0 119925.0 119152.0
4 1.0 7.434359807662325 22.02919714188087 -1.1250751871156917 0.42328763205402076 -0.0869131896900655 -0.17194567024945814 0.15047619314645938 -0.20609802409723305 10410.0 25780.0 46354.0 68765.0 90216.0 109015.0 124432.0 136372.0 145092.0 151005.0 154569.0 156221.0 156352.0 155296.0 153330.0 150680.0
5 1.0 273.01631538101094 37.895112490022214 -1.1250751871156917 0.42328763205402076 -0.0869131896900655 -0.17194567024945814 0.15047619314645938 -0.20609802409723305 7157.0 19824.0 38465.0 60219.0 82158.0 102208.0 119256.0 132921.0 143283.0 150662.0 155477.0 158162.0 159124.0 158718.0 157250.0 154969.0
6 1.0 115.20617429608842 -53.113736347253685 -1.1250751871156917 0.42328763205402076 -0.0869131896900655 -0.17194567024945814 0.15047619314645938 -0.20609802409723305 7622.0 20742.0 39785.0 61795.0 83840.0 103880.0 120845.0 134389.0 144614.0 151856.0 156541.0 159109.0 159965.0 159467.0 157917.0 155566.0
7 1.0 138.04700190188328 -28.494339324348218 -1.1250751871156917 0.42328763205402076 -0.0869131896900655 -0.17194567024945814 0.15047619314645938 -0.20609802409723305 13210.0 32419.999999999996 57803.0 85079.0 110804.0 132986.0 150839.0 164349.0 173913.0 180096.0 183493.0 184658.0 184077.0 182158.0 179235.0 175575.0
8 1.0 211.79416087929806 31.723646809943318 -1.1250751871156917 0.42328763205402076 -0.0869131896900655 -0.17194567024945814 0.15047619314645938 -0.20609802409723305 5870.0 16011.000000000002 30795.0 47983.0 65329.0 81243.0 94868.0 105899.0 114379.0 120541.0 124694.0 127163.0 128256.00000000001 128247.0 127368.00000000001 125817.00000000001
9 1.0 299.17744388502854 68.26225734563889 -1.1250751871156917 0.42328763205402076 -0.0869131896900655 -0.17194567024945814 0.15047619314645938 -0.20609802409723305 6198.0 17362.0 34028.0 53751.0 73914.0 92592.0 108695.0 121800.0 131916.0 139289.0 144274.0 147251.0 148585.0 148599.0 147576.0 145751.0
10 1.0 226.43346369281355 7.86204968905713 -1.1250751871156917 0.42328763205402076 -0.0869131896900655 -0.17194567024945814 0.15047619314645938 -0.20609802409723305 6458.0 17773.0 34353.0 53667.0 73150.0 90992.0 106219.0 118491.0 127869.00000000001 134624.0 139115.0 141718.0 142783.0 142622.0 141499.0 139636.0
11 1.0 314.1542359610623 -39.11406282980341 -1.1250751871156917 0.42328763205402076 -0.0869131896900655 -0.17194567024945814 0.15047619314645938 -0.20609802409723305 7763.0 20296.0 37872.0 57689.0 77173.0 94637.0 109254.0 120809.0 129452.00000000001 135506.0 139363.0 141408.0 141996.0 141435.0 139982.0 137853.0
12 1.0 98.47513253362888 -84.55765355892314 -1.1250751871156917 0.42328763205402076 -0.0869131896900655 -0.17194567024945814 0.15047619314645938 -0.20609802409723305 5599.0 15830.0 31233.0 49593.0 68493.0 86122.0 101434.0 113999.0 123795.0 131028.0 136013.0 139095.0 140609.0 140856.0 140099.0 138559.0
13 1.0 287.29686020852296 37.8606292153584 -1.1250751871156917 0.42328763205402076 -0.0869131896900655 -0.17194567024945814 0.15047619314645938 -0.20609802409723305 8812.0 23617.0 44746.0 68804.0 92568.0 113883.0 131680.0 145675.0 156050.0 163217.0 167669.0 169897.0 170346.0 169403.0 167391.0 164574.0
14 1.0 66.8289399501428 -88.58086136848073 -1.1250751871156917 0.42328763205402076 -0.0869131896900655 -0.17194567024945814 0.15047619314645938 -0.20609802409723305 5543.0 15667.0 30899.0 49046.0 67718.0 85132.0 100258.0 112673.0 122357.0 129513.99999999999 134454.0 137517.0 139031.0 139295.0 138566.0 137063.0
15 1.0 343.0049965099 -22.9177674322208 -1.1250751871156917 0.42328763205402076 -0.0869131896900655 -0.17194567024945814 0.15047619314645938 -0.20609802409723305 10121.0 24723.0 43990.0 64714.99999999999 84322.0 101310.0 115080.0 125605.0 133168.0 138180.0 141077.0 142269.0 142117.0 140925.0 138943.0 136376.0
16 1.0 247.4957794996135 5.496698621300723 -1.1250751871156917 0.42328763205402076 -0.0869131896900655 -0.17194567024945814 0.15047619314645938 -0.20609802409723305 6222.0 17502.0 34343.0 54233.0 74508.0 93226.0 109306.0 122343.0 132363.0 139629.0 144505.0 147378.0 148617.0 148549.0 147455.0 145569.0
17 1.0 77.58276376088104 75.98006311809476 -1.1250751871156917 0.42328763205402076 -0.0869131896900655 -0.17194567024945814 0.15047619314645938 -0.20609802409723305 4161.0 12037.0 24239.0 39185.0 54978.0 70091.0 83563.0 94927.0 104067.0 111079.0 116174.0 119607.0 121639.0 122516.0 122457.0 121651.0
18 1.0 341.0534125760127 -73.89098189407798 -1.1250751871156917 0.42328763205402076 -0.0869131896900655 -0.17194567024945814 0.15047619314645938 -0.20609802409723305 5242.0 14714.0 28878.0 45673.0 62895.00000000001 78915.0 92807.0 104200.0 113085.0 119656.0 124201.0 127032.0 128449.00000000001 128723.0 128090.00000000001 126748.0
19 1.0 263.1080904372568 -16.930382045708924 -1.1250751871156917 0.42328763205402076 -0.0869131896900655 -0.17194567024945814 0.15047619314645938 -0.20609802409723305 6717.0 18785.0 36694.0 57731.0 79066.0 98662.0 115406.0 128899.00000000001 139193.0 146585.0 151470.0 154266.0 155365.0 155112.0 153804.0 151687.0
20 1.0 91.4189913342093 -85.6236240521716 -1.1250751871156917 0.42328763205402076 -0.0869131896900655 -0.17194567024945814 0.15047619314645938 -0.20609802409723305 5563.0 15729.0 31036.0 49286.0 68076.0 85608.0 100841.0 113348.0 123105.0 130315.99999999999 135293.0 138377.0 139902.0 140165.0 139429.0 137912.0
21 1.0 76.79231185229351 -28.33002281851374 -1.1250751871156917 0.42328763205402076 -0.0869131896900655 -0.17194567024945814 0.15047619314645938 -0.20609802409723305 4377.0 12647.0 25446.0 41107.0 57628.0 73406.0 87433.0 99227.0 108672.0 115879.0 121075.0 124533.0 126532.0 127332.0 127163.0 126224.0
22 1.0 186.55225701503878 22.00159059116308 -1.1250751871156917 0.42328763205402076 -0.0869131896900655 -0.17194567024945814 0.15047619314645938 -0.20609802409723305 8438.0 21274.0 38736.0 57992.0 76603.0 93050.0 106642.0 117255.0 125080.0 130462.0 133786.0 135429.0 135729.0 134977.0 133414.0 131240.0
23 1.0 9.238578499631366 -39.767769318852295 -1.1250751871156917 0.42328763205402076 -0.0869131896900655 -0.17194567024945814 0.15047619314645938 -0.20609802409723305 5752.0 15402.0 29291.0 45321.0 61428.0 76175.0 88793.0 99014.0 106886.0 112623.0 116510.0 118846.0 119911.0 119955.0 119193.0 117805.0
24 1.0 74.68922715879938 -52.245009061985684 -1.1250751871156917 0.42328763205402076 -0.0869131896900655 -0.17194567024945814 0.15047619314645938 -0.20609802409723305 4769.0 13645.0 27219.0 43649.0 60815.0 77066.0 91393.0 103338.0 112820.0 119980.0 125071.99999999999 128388.0 130223.0 130846.99999999999 130499.0 129383.0
25 1.0 152.88676875054225 -69.17341800112314 -1.1250751871156917 0.42328763205402076 -0.0869131896900655 -0.17194567024945814 0.15047619314645938 -0.20609802409723305 7551.0 20733.0 39979.0 62299.0 84690.0 105059.0 122301.0 136059.0 146435.0 153772.0 158507.0 161088.0 161931.0 161399.0 159802.0 157393.0
26 1.0 134.7011929203212 13.88524392366152 -1.1250751871156917 0.42328763205402076 -0.0869131896900655 -0.17194567024945814 0.15047619314645938 -0.20609802409723305 9820.0 24235.0 43480.0 64408.99999999999 84420.0 101951.0 116330.0 127473.0 135623.0 141164.0 144521.0 146101.0 146264.0 145321.0 143529.0 141097.0
27 1.0 166.88715277133184 35.14860106284348 -1.1250751871156917 0.42328763205402076 -0.0869131896900655 -0.17194567024945814 0.15047619314645938 -0.20609802409723305 7248.0 18558.0 34199.0 51699.0 68840.0 84188.0 97046.0 107241.0 114902.0 120313.0 123806.0 125716.0 126346.99999999999 125963.99999999999 124791.0 123014.0
28 1.0 99.94633426610349 30.95228530724802 -1.1250751871156917 0.42328763205402076 -0.0869131896900655 -0.17194567024945814 0.15047619314645938 -0.20609802409723305 4393.0 12503.0 24896.0 39918.0 55660.0 70623.0 83881.0 95003.0 103899.0 110682.0 115572.0 118830.0 120716.0 121475.0 121324.0 120448.0
29 1.0 211.24236472494076 80.79498372969132 -1.1250751871156917 0.42328763205402076 -0.0869131896900655 -0.17194567024945814 0.15047619314645938 -0.20609802409723305 4447.0 12734.0 25417.0 40784.0 56862.0 72111.0 85593.0 96873.0 105870.0 112707.0 117614.0 120861.0 122717.0 123431.0 123226.0 122290.0
0 1.0 310.9880181323633 -89.51342149916951 -1.1250751871156917 0.42328763205402076 -0.0869131896900655 -0.17194567024945814 0.15047619314645938 -0.20609802409723305 5568.0 15733.0 31021.0 49227.0 67952.0 85407.0 100562.0 112995.0 122687.0 129845.99999999999 134782.0 137838.0 139343.0 139596.0 138856.0 137341.0
1 1.0 42.31146814633191 26.49539770092649 -1.1250751871156917 0.42328763205402076 -0.0869131896900655 -0.17194567024945814 0.15047619314645938 -0.20609802409723305 4866.0 13723.0 27133.0 43261.0 60042.0 75885.0 89829.0 101443.0 110656.0 117612.0 122558.0 125780.0 127564.00000000001 128172.00000000001 127835.0 126752.0
2 1.0 186.2564785754811 18.070602677575124 -1.1250751871156917 0.42328763205402076 -0.0869131896900655 -0.17194567024945814 0.15047619314645938 -0.20609802409723305 9059.0 22607.0 40856.0 60819.0 79979.0 96802.0 110618.0 121330.0 129163.0 134484.0 137701.0 139207.0 139350.0 138430.0 136696.0 134350.0
3 1.0 47.54451828425519 15.973129794651868 -1.1250751871156917 0.42328763205402076 -0.0869131896900655 -0.17194567024945814 0.15047619314645938 -0.20609802409723305 4369.0 12486.0 24934.0 40066.0 55960.0 71093.0 84523.0 95803.0 104835.0 111731.0 116709.0 120031.0 121962.0 122748.0 122610.0 121735.0
4 1.0 258.06948522933374 83.29865757124364 -1.1250751871156917 0.42328763205402076 -0.0869131896900655 -0.17194567024945814 0.15047619314645938 -0.20609802409723305 4673.0 13382.0 26716.0 42874.0 59777.0 75798.0 89945.0 101759.0 111156.0 118270.0 123346.0 126673.00000000001 128535.00000000001 129200.00000000001 128901.99999999999 127841.00000000001
5 1.0 142.58149301062573 -86.96309879339286 -1.1250751871156917 0.42328763205402076 -0.0869131896900655 -0.17194567024945814 0.15047619314645938 -0.20609802409723305 5715.0 16139.0 31811.0 50464.0 69634.0 87487.0 102965.0 115643.0 125503.0 132763.0 137746.0 140804.0 142277.0 142474.0 141660.0 140059.0
6 1.0 203.55167226906323 35.36683752626102 -1.1250751871156917 0.42328763205402076 -0.0869131896900655 -0.17194567024945814 0.15047619314645938 -0.20609802409723305 5919.0 16006.0 30609.0 47512.0 64513.0 80076.0 93377.0 104133.0 112394.0 118391.0 122429.0 124827.0 125882.0 125863.0 124996.0 123472.0
7 1.0 65.9807410370683 56.462156946335426 -1.1250751871156917 0.42328763205402076 -0.0869131896900655 -0.17194567024945814 0.15047619314645938 -0.20609802409723305 3987.0 11623.0 23557.0 38286.0 53951.0 69027.0 82533.0 93979.0 103225.0 110355.0 115567.0 119110.0 121242.0 122207.0 122224.0 121484.0
8 1.0 52.1451933636158 1.7652953918851466 -1.1250751871156917 0.42328763205402076 -0.0869131896900655 -0.17194567024945814 0.15047619314645938 -0.20609802409723305 4022.9999999999995 11601.0 23322.0 37672.0 52837.0 67359.0 80317.0 91261.0 100078.0 106858.0 111800.0 115147.0 117148.0 118037.0 118024.0 117290.0
9 1.0 175.70026103362363 -29.886323472574354 -1.1250751871156917 0.42328763205402076 -0.0869131896900655 -0.17194567024945814 0.15047619314645938 -0.20609802409723305 13806.0 33681.0 59758.0 87594.0 113681.0 136031.0 153897.0 167312.0 176713.0 182695.0 185875.0 186824.0 186036.0 183922.0 180820.0 176998.0
10 1.0 128.020585625984 52.35122938093289 -1.1250751871156917 0.42328763205402076 -0.0869131896900655 -0.17194567024945814 0.15047619314645938 -0.20609802409723305 4535.0 12688.0 24935.0 39574.0 54738.0 69008.0 81544.0 91974.0 100247.0 106499.0 110955.0 113871.0 115503.0 116083.0 115817.0 114882.0
11 1.0 338.5555002910127 -72.49627338616357 -1.1250751871156917 0.42328763205402076 -0.0869131896900655 -0.17194567024945814 0.15047619314645938 -0.20609802409723305 5271.0 14775.0 28966.0 45776.0 62996.0 79001.0 92869.0 104232.0 113085.0 119624.0 124138.0 126941.0 128333.0 128587.0 127936.0 126579.0
12 1.0 275.5170913705075 -10.43358520861345 -1.1250751871156917 0.42328763205402076 -0.0869131896900655 -0.17194567024945814 0.15047619314645938 -0.20609802409723305 7680.0 20984.0 40304.0 62610.0 84906.0 105126.0 122195.0 135779.0 145996.0 153197.0 157820.0 160315.0 161092.0 160515.0 158888.0 156464.0
13 1.0 269.51890314619703 3.5914274227508827 -1.1250751871156917 0.42328763205402076 -0.0869131896900655 -0.17194567024945814 0.15047619314645938 -0.20609802409723305 7378.0 20385.0 39466.0 61661.0 83976.0 104308.0 121541.0 135308.0 145705.0 153069.0 157834.0 160447.0 161320.0 160819.0 159250.0 156870.0
14 1.0 325.33910630853603 34.91215396821855 -1.1250751871156917 0.42328763205402076 -0.0869131896900655 -0.17194567024945814 0.15047619314645938 -0.20609802409723305 13261.0 32664.0 58373.0 86042.0 112158.0 134679.0 152797.0 166495.0 176176.0 182418.0 185827.0 186970.0 186341.0 184357.0 181356.0 177613.0
15 1.0 30.032076759126678 -73.6405682341663 -1.1250751871156917 0.42328763205402076 -0.0869131896900655 -0.17194567024945814 0.15047619314645938 -0.20609802409723305 4954.0 14017.0 27686.0 44020.0 60891.0 76696.0 90499.0 101903.0 110871.0 117572.0 122273.0 125271.0 126856.0 127290.99999999999 126810.0 125607.0
16 1.0 198.78928917206636 -49.00328972318503 -1.1250751871156917 0.42328763205402076 -0.0869131896900655 -0.17194567024945814 0.15047619314645938 -0.20609802409723305 9294.0 24675.0 46434.0 71035.0 95191.0 116745.0 134651.0 148657.0 158976.0 166043.0 170370.0 172458.0 172764.0 171678.0 169527.0 166579.0
17 1.0 210.4113848240768 -16.14571871577739 -1.1250751871156917 0.42328763205402076 -0.0869131896900655 -0.17194567024945814 0.15047619314645938 -0.20609802409723305 8931.0 23388.0 43635.0 66393.0 88671.0 108529.0 125038.00000000001 137980.0 147553.0 154153.0 158243.0 160278.0 160673.0 159781.0 157901.0 155277.0
18 1.0 346.2970962770024 22.193041143623518 -1.1250751871156917 0.42328763205402076 -0.0869131896900655 -0.17194567024945814 0.15047619314645938 -0.20609802409723305 13997.0 33533.0 58757.0 85371.0 110096.0 131139.0 147870.0 160373.0 169090.0 174600.0 177489.0 178294.0 177479.0 175428.0 172457.0 168816.0
19 1.0 105.17310964531758 69.65294061913514 -1.1250751871156917 0.42328763205402076 -0.0869131896900655 -0.17194567024945814 0.15047619314645938 -0.20609802409723305 3989.0000000000005 11523.0 23174.0 37426.0 52471.0 66864.0 79694.0 90523.0 99241.0 105941.0 110823.0 114127.0 116101.0 116976.0 116960.0 116231.0
20 1.0 86.69836076956085 21.388710283447764 -1.1250751871156917 0.42328763205402076 -0.0869131896900655 -0.17194567024945814 0.15047619314645938 -0.20609802409723305 4009.9999999999995 11653.0 23567.0 38246.0 53834.0 68818.0 82228.0 93582.0 102748.0 109810.0 114968.0 118470.0 120573.0 121520.0 121528.0 120786.0
21 1.0 36.10581921557922 -65.9769352317118 -1.1250751871156917 0.42328763205402076 -0.0869131896900655 -0.17194567024945814 0.15047619314645938 -0.20609802409723305 4742.0 13426.0 26543.0 42247.0 58499.0 73758.0 87117.0 98187.0 106923.0 113482.0 118115.0 121103.0 122724.0 123230.0 122843.0 121753.0
22 1.0 5.9146666529307135 86.50442390171082 -1.1250751871156917 0.42328763205402076 -0.0869131896900655 -0.17194567024945814 0.15047619314645938 -0.20609802409723305 4598.0 13210.0 26445.0 42537.0 59420.0 75461.0 89655.0 101532.0 110996.0 118176.0 123312.0 126690.0 128596.99999999999 129297.0 129027.0 127988.99999999999
23 1.0 334.6305540451886 66.92143225598872 -1.1250751871156917 0.42328763205402076 -0.0869131896900655 -0.17194567024945814 0.15047619314645938 -0.20609802409723305 6814.0 18768.0 36344.0 56899.0 77711.0 96827.0 113180.0 126385.0 136487.0 143769.0 148612.0 151415.0 152556.0 152373.0 151151.0 149130.0
24 1.0 241.16995677272763 0.4897370061583217 -1.1250751871156917 0.42328763205402076 -0.0869131896900655 -0.17194567024945814 0.15047619314645938 -0.20609802409723305 6281.0 17609.0 34469.0 54333.0 74540.0 93166.0 109143.0 122078.0 132005.0 139190.0 143999.0 146819.0 148017.0 147919.0 146804.0 144905.0
25 1.0 282.6550483283296 76.02263672339393 -1.1250751871156917 0.42328763205402076 -0.0869131896900655 -0.17194567024945814 0.15047619314645938 -0.20609802409723305 5204.0 14819.0 29438.0 47031.0 65298.99999999999 82481.0 97525.0 109971.0 119760.0 127067.99999999999 132181.0 135424.0 137116.0 137549.0 136977.0 135619.0
26 1.0 101.42283807142167 7.448542876284435 -1.1250751871156917 0.42328763205402076 -0.0869131896900655 -0.17194567024945814 0.15047619314645938 -0.20609802409723305 5592.0 15445.0 30070.0 47380.0 65148.0 81722.0 96144.0 108020.0 117324.0 124242.0 129060.00000000001 132092.0 133647.0 134003.0 133403.0 132054.0
27 1.0 211.1076598270776 76.19509222004936 -1.1250751871156917 0.42328763205402076 -0.0869131896900655 -0.17194567024945814 0.15047619314645938 -0.20609802409723305 4462.0 12745.0 25384.0 40658.0 56603.0 71695.0 85013.0 96136.0 104990.0 111704.0 116510.0 119675.0 121470.0 122140.0 121905.0 120952.0
28 1.0 23.023895803553206 59.38152634860177 -1.1250751871156917 0.42328763205402076 -0.0869131896900655 -0.17194567024945814 0.15047619314645938 -0.20609802409723305 5782.0 16163.0 31695.0 50153.0 69123.0 86807.0 102160.0 114757.0 124575.0 131822.0 136813.0 139894.0 141401.0 141636.0 140863.0 139304.0
29 1.0 174.82593453646425 84.29155385297352 -1.1250751871156917 0.42328763205402076 -0.0869131896900655 -0.17194567024945814 0.15047619314645938 -0.20609802409723305 4340.0 12461.0 24931.0 40083.0 55981.0 71099.0 84498.0 95737.0 104725.0 111578.0 116518.0 119808.0 121713.0 122480.0 122327.0 121443.0
0 1.0 351.89825030800085 75.5609059400685 -1.1250751871156917 0.42328763205402076 -0.0869131896900655 -0.17194567024945814 0.15047619314645938 -0.20609802409723305 5431.0 15397.0 30490.0 48588.0 67320.0 84880.0 100203.0 112833.0 122726.0 130069.99999999999 135170.0 138363.0 139979.0 140319.0 139643.0 138175.0
1 1.0 315.54188831397266 -83.5139128628575 -1.1250751871156917 0.42328763205402076 -0.0869131896900655 -0.17194567024945814 0.15047619314645938 -0.20609802409723305 5436.0 15346.0 30236.0 47951.0 66160.0 83126.0 97855.0 109941.0 119368.0 126339.0 131155.0 134148.0 135638.0 135913.0 135223.0 133780.0
2 1.0 121.73722266126443 -58.54103925103081 -1.1250751871156917 0.42328763205402076 -0.0869131896900655 -0.17194567024945814 0.15047619314645938 -0.20609802409723305 7677.0 20920.0 40149.0 62371.0 84615.0 104821.0 121909.0 135535.0 145805.0 153064.0 157744.0 160290.0 161114.0 160577.0 158983.0 156585.0
3 1.0 346.16525563493946 -19.95575812178656 -1.1250751871156917 0.42328763205402076 -0.0869131896900655 -0.17194567024945814 0.15047619314645938 -0.20609802409723305 10402.0 25271.0 44785.0 65684.0 85381.0 102388.0 116123.0 126578.0 134052.0 138964.0 141759.0 142853.0 142609.0 141332.0 139273.0 136637.0
4 1.0 83.41258552963363 81.38568551317573 -1.1250751871156917 0.42328763205402076 -0.0869131896900655 -0.17194567024945814 0.15047619314645938 -0.20609802409723305 4250.0 12264.0 24642.0 39765.0 55707.0 70931.0 84475.0 95877.0 105028.0 112032.0 117105.0 120507.0 122503.0 123341.0 123241.0 122396.0
5 1.0 341.75477606964535 -35.99479449433267 -1.1250751871156917 0.42328763205402076 -0.0869131896900655 -0.17194567024945814 0.15047619314645938 -0.20609802409723305 7913.0 20167.0 37006.0 55725.0 73939.0 90133.0 103599.0 114182.0 122049.0 127521.0 130968.0 132751.0 133200.0 132598.0 131185.0 129153.99999999999
6 1.0 338.8959736943395 -61.11582410023181 -1.1250751871156917 0.42328763205402076 -0.0869131896900655 -0.17194567024945814 0.15047619314645938 -0.20609802409723305 5550.0 15286.0 29606.0 46374.0 63395.99999999999 79095.0 92603.0 103597.0 112101.0 118328.0 122573.0 125152.99999999999 126366.0 126479.00000000001 125722.0 124290.0
7 1.0 287.71293144686103 69.53483989558077 -1.1250751871156917 0.42328763205402076 -0.0869131896900655 -0.17194567024945814 0.15047619314645938 -0.20609802409723305 5774.0 16301.0 32146.0 51032.0 70465.0 88577.0 104287.0 117155.0 127162.0 134524.0 139570.0 142659.0 144137.0 144318.0 143473.0 141830.0
8 1.0 226.9612572720448 -9.649005213023472 -1.1250751871156917 0.42328763205402076 -0.0869131896900655 -0.17194567024945814 0.15047619314645938 -0.20609802409723305 7019.0 19268.0 37151.0 57902.0 78751.0 97759.0 113900.0 126833.0 136644.0 143641.0 148221.0 150793.0 151738.0 151391.0 150038.0 147915.0
9 1.0 314.7436679849809 73.41760698377868 -1.1250751871156917 0.42328763205402076 -0.0869131896900655 -0.17194567024945814 0.15047619314645938 -0.20609802409723305 5823.0 16407.0 32315.000000000004 51258.0 70736.0 88880.0 104612.0 117492.0 127503.0 134864.0 139905.0 142987.0 144456.0 144626.0 143770.0 142115.0
10 1.0 105.48730242280682 -61.15851606237421 -1.1250751871156917 0.42328763205402076 -0.0869131896900655 -0.17194567024945814 0.15047619314645938 -0.20609802409723305 6357.0 17774.0 34778.0 54853.0 75326.0 94246.0 110519.0 123727.0 133892.0 141271.0 146231.0 149162.0 150434.0 150378.0 149280.0 147377.0
11 1.0 305.61967991265055 29.00115207145791 -1.1250751871156917 0.42328763205402076 -0.0869131896900655 -0.17194567024945814 0.15047619314645938 -0.20609802409723305 12332.0 31002.0 56176.0 83617.0 109771.0 132504.0 150922.0 164948.0 174946.0 181475.0 185134.0 186488.0 186035.0 184194.0 181310.0 177660.0
12 1.0 222.43560909030856 -10.75252449069147 -1.1250751871156917 0.42328763205402076 -0.0869131896900655 -0.17194567024945814 0.15047619314645938 -0.20609802409723305 7396.0 20082.0 38427.0 59558.0 80663.0 99806.0 115985.0 128887.0 138621.0 145514.0 149976.0 152425.0 153249.0 152786.0 151322.0 149097.0
13 1.0 4.765268793203816 -76.23238157454863 -1.1250751871156917 0.42328763205402076 -0.0869131896900655 -0.17194567024945814 0.15047619314645938 -0.20609802409723305 5105.0 14395.0 28353.0 44972.0 62078.0 78048.0 91946.0 103389.0 112351.0 119016.0 123660.0 126589.0 128098.99999999999 128457.99999999999 127900.99999999999 126625.99999999999
14 1.0 125.00406645559904 35.363366037450106 -1.1250751871156917 0.42328763205402076 -0.0869131896900655 -0.17194567024945814 0.15047619314645938 -0.20609802409723305 5730.0 15394.0 29392.0 45659.0 62124.0 77313.0 90412.0 101114.0 109437.0 115577.0 119811.0 122433.0 123728.0 123948.0 123315.0 122015.0
15 1.0 53.330709941339414 -45.46822400295233 -1.1250751871156917 0.42328763205402076 -0.0869131896900655 -0.17194567024945814 0.15047619314645938 -0.20609802409723305 4271.0 12216.0 24367.0 39083.0 54480.0 69089.0 82012.0 92837.0 101483.0 108068.0 112809.0 115962.0 117782.0 118509.0 118351.0 117492.0
16 1.0 353.45858033457114 -82.86920593568681 -1.1250751871156917 0.42328763205402076 -0.0869131896900655 -0.17194567024945814 0.15047619314645938 -0.20609802409723305 5301.0 14975.0 29528.0 46864.0 64709.0 81363.0 95845.0 107752.0 117061.0 123966.0 128757.00000000001 131758.0 133279.0 133602.0 132974.0 131601.0
17 1.0 172.2133105343957 -79.21002631507682 -1.1250751871156917 0.42328763205402076 -0.0869131896900655 -0.17194567024945814 0.15047619314645938 -0.20609802409723305 6375.0 17882.0 35044.0 55309.0 75970.0 95049.0 111442.0 124731.0 134942.0 142340.0 147297.0 150210.0 151453.0 151362.0 150224.0 148278.0
18 1.0 179.06089157951857 -79.00586332797828 -1.1250751871156917 0.42328763205402076 -0.0869131896900655 -0.17194567024945814 0.15047619314645938 -0.20609802409723305 6387.0 17915.0 35108.0 55408.0 76100.0 95206.0 111619.0 124922.0 135141.0 142544.0 147502.0 150413.0 151652.0 151556.0 150412.0 148460.0
19 1.0 230.2101059035405 73.39193234730709 -1.1250751871156917 0.42328763205402076 -0.0869131896900655 -0.17194567024945814 0.15047619314645938 -0.20609802409723305 4633.0 13216.0 26291.0 42065.0 58502.0 74033.0 87710.0 99110.0 108161.0 115004.0 119881.0 123073.0 124856.0 125487.99999999999 125194.0 124168.0
20 1.0 132.6904582066623 43.17910520923817 -1.1250751871156917 0.42328763205402076 -0.0869131896900655 -0.17194567024945814 0.15047619314645938 -0.20609802409723305 5354.0 14511.0 27874.0 43492.0 59372.0 74079.0 86809.0 97249.0 105402.0 111451.0 115654.0 118294.0 119642.0 119942.0 119407.0 118217.0
21 1.0 49.284097806815616 71.6512242984723 -1.1250751871156917 0.42328763205402076 -0.0869131896900655 -0.17194567024945814 0.15047619314645938 -0.20609802409723305 4443.0 12829.0 25799.0 41654.0 58365.0 74308.0 88465.0 100352.0 109858.0 117096.0 122301.0 125751.0 127729.00000000001 128498.0 128291.99999999999 127313.00000000001
22 1.0 295.9623839499284 31.064816033373845 -1.1250751871156917 0.42328763205402076 -0.0869131896900655 -0.17194567024945814 0.15047619314645938 -0.20609802409723305 10665.0 27603.0 51037.0 77084.0 102303.0 124527.0 142770.0 156858.0 167075.0 173918.0 177943.0 179687.0 179627.0 178170.0 175654.0 172354.0
23 1.0 68.34524828499286 5.2091872255589635 -1.1250751871156917 0.42328763205402076 -0.0869131896900655 -0.17194567024945814 0.15047619314645938 -0.20609802409723305 3752.0 11000.0 22399.0 36543.0 51658.0 66271.0 79418.0 90610.0 99697.0 106745.0 111936.0 115506.0 117700.0 118752.0 118874.0 118249.0
24 1.0 184.07483371672416 -35.19965441747191 -1.1250751871156917 0.42328763205402076 -0.0869131896900655 -0.17194567024945814 0.15047619314645938 -0.20609802409723305 12357.0 30870.0 55695.0 82649.0 108265.0 130485.99999999999 148461.0 162135.0 171873.0 178226.0 181781.0 183091.0 182638.0 180833.0 178011.0 174441.0
25 1.0 80.75413043090613 89.63320523916121 -1.1250751871156917 0.42328763205402076 -0.0869131896900655 -0.17194567024945814 0.15047619314645938 -0.20609802409723305 4474.0 12857.0 25745.0 41423.0 57883.0 73539.0 87413.0 99043.0 108333.0 115403.0 120483.0 123849.0 125777.0 126525.0 126319.99999999999 125360.0
26 1.0 35.22401441785226 -24.805969390909922 -1.1250751871156917 0.42328763205402076 -0.0869131896900655 -0.17194567024945814 0.15047619314645938 -0.20609802409723305 4635.0 12903.0 25259.0 39963.0 55135.0 69365.0 81823.0 92156.0 100324.0 106470.0 110826.0 113652.0 115203.0 115714.0 115390.0 114407.0
27 1.0 310.388946271806 -5.28318914149628 -1.1250751871156917 0.42328763205402076 -0.0869131896900655 -0.17194567024945814 0.15047619314645938 -0.20609802409723305 12672.0 30974.0 55056.0 80837.0 105078.0 125924.00000000001 142663.0 155305.0 164237.0 169999.0 173153.0 174223.0 173662.0 171853.0 169106.0 165672.0
28 1.0 350.2510160483269 -21.915868513776886 -1.1250751871156917 0.42328763205402076 -0.0869131896900655 -0.17194567024945814 0.15047619314645938 -0.20609802409723305 9644.0 23646.0 42205.0 62249.0 81286.0 97848.0 111330.0 121688.0 129181.99999999999 134198.0 137153.0 138441.0 138409.0 137352.0 135515.0 133094.0
29 1.0 345.90047690268005 86.31484728038254 -1.1250751871156917 0.42328763205402076 -0.0869131896900655 -0.17194567024945814 0.15047619314645938 -0.20609802409723305 4648.0 13340.0 26686.0 42895.0 59885.0 76012.0 90267.0 102182.0 111665.0 118847.0 123974.0 127334.0 129218.0 129892.00000000001 129593.00000000001 128526.0
