idx D_km lam beta x1 y1 z1 x2 y2 z2 flux5 flux6 flux7 flux8 flux9 flux10 flux11 flux12 flux13 flux14 flux15 flux16 flux17 flux18 flux19 flux20
0 1.0 197.5728614138369 73.17998985981222 -0.1745035995135158 -1.0612350223527873 -0.4127778225804677 0.06010318932721714 -0.19272190422565214 -0.03523910281584055 20300.0 54230.0 102462.0 157182.0 211049.0 259212.0 299302.0 330726.0 353933.0 369885.0 379711.0 384530.0 385354.0 383057.0 378369.0 371886.0
1 1.0 257.468171894071 49.328519885754986 -0.1745035995135158 -1.0612350223527873 -0.4127778225804677 0.06010318932721714 -0.19272190422565214 -0.03523910281584055 21911.0 57997.0 108827.0 166051.0 221995.0 271685.0 312767.0 344726.0 368109.0 383966.0 393509.0 397915.0 398245.0 395406.0 390154.0 383104.0
2 1.0 216.99481538579178 -30.033872634844457 -0.1745035995135158 -1.0612350223527873 -0.4127778225804677 0.06010318932721714 -0.19272190422565214 -0.03523910281584055 26464.0 64635.0 114914.0 168857.0 219718.0 263605.0 298992.0 325861.0 344986.0 357470.0 364474.0 367080.0 366235.0 362733.0 357229.0 350250.0
3 1.0 196.15794587888288 -75.40174980216058 -0.1745035995135158 -1.0612350223527873 -0.4127778225804677 0.06010318932721714 -0.19272190422565214 -0.03523910281584055 16727.0 44381.0 83768.0 128778.0 173567.0 214164.0 248520.0 276000.0 296832.0 311688.0 321418.0 326888.0 328904.0 328172.0 325294.0 320771.0
4 1.0 152.5157277620057 -16.69658914551468 -0.1745035995135158 -1.0612350223527873 -0.4127778225804677 0.06010318932721714 -0.19272190422565214 -0.03523910281584055 17432.0 47092.0 89886.0 139157.0 188376.0 233043.0 270812.0 300941.0 323676.0 339771.0 350179.0 355876.0 357767.0 356645.0 353181.0 347934.0
5 1.0 232.5218807039962 -48.19785440923031 -0.1745035995135158 -1.0612350223527873 -0.4127778225804677 0.06010318932721714 -0.19272190422565214 -0.03523910281584055 28749.0 69165.0 121685.0 177451.0 229590.0 274252.0 310011.0 336952.0 355940.0 368149.0 374788.0 376977.0 375686.0 371731.0 365776.0 358357.0
6 1.0 157.5313960545693 -66.15222574356306 -0.1745035995135158 -1.0612350223527873 -0.4127778225804677 0.06010318932721714 -0.19272190422565214 -0.03523910281584055 14761.0 40068.0 76889.0 119680.0 162865.0 202496.0 236426.0 263890.0 284990.0 300298.0 310587.0 316669.0 319313.0 319203.0 316924.0 312969.0
7 1.0 321.03828028154874 -80.38310727837145 -0.1745035995135158 -1.0612350223527873 -0.4127778225804677 0.06010318932721714 -0.19272190422565214 -0.03523910281584055 16807.0 44777.0 84779.0 130638.0 176391.0 217948.0 253176.99999999997 281398.0 302821.0 318123.0 328164.0 333831.0 335947.0 335237.0 332319.0 327708.0
8 1.0 346.91859378037054 40.60698555790418 -0.1745035995135158 -1.0612350223527873 -0.4127778225804677 0.06010318932721714 -0.19272190422565214 -0.03523910281584055 17287.0 46414.0 88135.0 135867.0 183289.0 226123.0 262194.0 290862.0 312415.0 327610.0 337380.0 342668.0 344341.0 343158.0 339759.0 334672.0
9 1.0 138.03894677727996 -87.94305744749441 -0.1745035995135158 -1.0612350223527873 -0.4127778225804677 0.06010318932721714 -0.19272190422565214 -0.03523910281584055 15363.0 41463.0 79256.0 123026.0 167075.0 207402.0 241851.0 269670.0 290985.0 306395.0 316696.0 322722.0 325259.0 325005.0 322557.0 318416.0
10 1.0 285.02101370975925 48.70453473049972 -0.1745035995135158 -1.0612350223527873 -0.4127778225804677 0.06010318932721714 -0.19272190422565214 -0.03523910281584055 21226.0 56489.0 106427.0 162890.0 218293.0 267667.0 308617.0 340580.0 364059.0 380071.0 389800.0 394409.0 394944.0 392308.0 387250.0 380383.0
11 1.0 190.40217111104562 -63.549603827932486 -0.1745035995135158 -1.0612350223527873 -0.4127778225804677 0.06010318932721714 -0.19272190422565214 -0.03523910281584055 16944.0 44783.0 84273.0 129244.0 173860.0 214187.0 248224.0 275374.0 295891.0 310465.0 319951.0 325218.0 327070.0 326210.0 323238.0 318647.0
12 1.0 204.49604199381562 -75.68602513438397 -0.1745035995135158 -1.0612350223527873 -0.4127778225804677 0.06010318932721714 -0.19272190422565214 -0.03523910281584055 17194.0 45394.0 85378.0 130905.0 176072.0 216903.0 251369.0 278864.0 299645.0 314405.0 324012.0 329345.0 331216.0 330339.0 327320.0 322662.0
13 1.0 333.214789785358 -73.87145383705104 -0.1745035995135158 -1.0612350223527873 -0.4127778225804677 0.06010318932721714 -0.19272190422565214 -0.03523910281584055 16893.0 45066.0 85402.0 131678.0 177869.0 219835.0 255413.99999999997 283913.0 305543.0 320986.0 331113.0 336818.0 338935.0 338197.0 335231.0 330554.0
14 1.0 25.5729809512393 30.968605323704594 -0.1745035995135158 -1.0612350223527873 -0.4127778225804677 0.06010318932721714 -0.19272190422565214 -0.03523910281584055 22199.0 56083.0 102103.0 152672.0 201312.0 244042.0 279106.0 306239.0 326012.0 339373.0 347371.0 351016.0 351204.0 348704.0 344151.0 338064.0
15 1.0 31.366547892554657 -45.83390222648794 -0.1745035995135158 -1.0612350223527873 -0.4127778225804677 0.06010318932721714 -0.19272190422565214 -0.03523910281584055 14141.0 38743.0 74899.0 117287.0 160393.0 200223.0 234547.0 262508.0 284142.0 299972.0 310743.0 317252.0 320262.0 320457.0 318429.0 314673.0
16 1.0 7.278623078517259 -14.302895997582283 -0.1745035995135158 -1.0612350223527873 -0.4127778225804677 0.06010318932721714 -0.19272190422565214 -0.03523910281584055 14667.0 39913.0 76712.0 119528.0 162772.0 202479.0 236491.0 264032.0 285200.0 300565.0 310900.0 317018.0 319687.0 319593.0 317325.0 313373.0
17 1.0 299.74314439725765 10.326382438305046 -0.1745035995135158 -1.0612350223527873 -0.4127778225804677 0.06010318932721714 -0.19272190422565214 -0.03523910281584055 30704.0 76676.0 138104.0 204451.0 267096.0 321011.0 364216.0 396689.0 419438.0 433893.0 441548.0 443792.0 441829.0 436666.0 429124.0 419859.0
18 1.0 280.13643034194615 64.89921128918289 -0.1745035995135158 -1.0612350223527873 -0.4127778225804677 0.06010318932721714 -0.19272190422565214 -0.03523910281584055 19332.0 51992.0 98726.0 152039.0 204777.0 252147.0 291759.0 322965.0 346152.0 362224.0 372268.0 377365.0 378503.0 376536.0 372182.0 366029.0
19 1.0 313.2043733688549 40.8679672880391 -0.1745035995135158 -1.0612350223527873 -0.4127778225804677 0.06010318932721714 -0.19272190422565214 -0.03523910281584055 19389.0 52048.0 98746.0 152015.0 204726.0 252096.0 291731.0 322975.0 346209.0 362330.0 372419.0 377557.0 378729.0 376791.0 372459.0 366322.0
20 1.0 352.30260320379506 -41.34097705703137 -0.1745035995135158 -1.0612350223527873 -0.4127778225804677 0.06010318932721714 -0.19272190422565214 -0.03523910281584055 15270.0 41635.0 80169.0 125105.0 170566.0 212347.0 248144.0 277115.0 299353.0 315455.0 326238.0 332564.0 335250.0 335023.0 332508.0 328227.0
21 1.0 287.6970831180205 -66.33309612759703 -0.1745035995135158 -1.0612350223527873 -0.4127778225804677 0.06010318932721714 -0.19272190422565214 -0.03523910281584055 23366.0 58836.0 106958.0 159855.0 210792.0 255612.0 292461.0 321040.0 341923.0 356086.0 364615.0 368561.0 368862.0 366321.0 361606.0 355263.0
22 1.0 166.13257041105547 -80.03262232418437 -0.1745035995135158 -1.0612350223527873 -0.4127778225804677 0.06010318932721714 -0.19272190422565214 -0.03523910281584055 15353.0 41389.0 79040.0 122594.0 166383.0 206439.0 240632.0 268226.0 289354.0 304617.0 314810.0 320761.0 323253.0 322977.0 320528.0 316401.0
23 1.0 280.99050346312396 -35.712245793430355 -0.1745035995135158 -1.0612350223527873 -0.4127778225804677 0.06010318932721714 -0.19272190422565214 -0.03523910281584055 40664.0 94632.0 162303.0 231947.0 295195.0 347825.0 388660.0 418284.0 438102.0 449769.0 454894.0 454906.0 451012.0 444200.0 435262.0 424821.0
24 1.0 42.57879331281596 -42.818733136857915 -0.1745035995135158 -1.0612350223527873 -0.4127778225804677 0.06010318932721714 -0.19272190422565214 -0.03523910281584055 15034.0 40814.0 78360.0 122046.0 166184.0 206728.0 241468.0 269604.0 291228.0 306920.0 317466.0 323697.0 326400.0 326276.0 323928.0 319859.0
25 1.0 230.3715676779086 -7.894697975913658 -0.1745035995135158 -1.0612350223527873 -0.4127778225804677 0.06010318932721714 -0.19272190422565214 -0.03523910281584055 33513.0 79556.0 138468.0 200130.0 256982.0 304985.0 342814.0 370775.0 389976.0 401806.0 407657.0 408784.0 406264.0 400987.0 393673.0 384892.0
26 1.0 51.607183467256704 32.990640398582485 -0.1745035995135158 -1.0612350223527873 -0.4127778225804677 0.06010318932721714 -0.19272190422565214 -0.03523910281584055 33838.0 79672.0 137893.0 198503.0 254147.0 300962.0 337732.0 364817.0 383336.0 394669.0 400186.0 401117.0 398514.0 393243.0 386003.0 377350.0
27 1.0 340.0808101378502 35.21258021499429 -0.1745035995135158 -1.0612350223527873 -0.4127778225804677 0.06010318932721714 -0.19272190422565214 -0.03523910281584055 17094.0 46108.0 87848.0 135766.0 183511.0 226745.0 263235.0 292301.0 314205.0 329695.0 339700.0 345168.0 346971.0 345875.0 342526.0 337461.0
28 1.0 187.8653958300258 -38.96660761521 -0.1745035995135158 -1.0612350223527873 -0.4127778225804677 0.06010318932721714 -0.19272190422565214 -0.03523910281584055 17264.0 45576.0 85632.0 131110.0 176083.0 216596.0 250665.00000000003 277732.0 298089.0 312457.0 321717.0 326754.0 328384.0 327317.0 324153.0 319391.0
29 1.0 149.2782983965885 -21.61314793797831 -0.1745035995135158 -1.0612350223527873 -0.4127778225804677 0.06010318932721714 -0.19272190422565214 -0.03523910281584055 17218.0 46552.0 88930.0 137784.0 186649.0 231051.0 268646.0 298680.0 321382.0 337490.0 347945.0 353712.0 355685.0 354654.0 351284.0 346131.0
0 1.0 95.24002035766571 -57.39282688735745 -0.1745035995135158 -1.0612350223527873 -0.4127778225804677 0.06010318932721714 -0.19272190422565214 -0.03523910281584055 14878.0 40664.0 78456.0 122638.0 167440.0 208712.0 244157.0 272917.0 295060.0 311156.0 321998.0 328430.0 331252.0 331181.0 328831.0 324719.0
1 1.0 278.724128196318 51.93819221517336 -0.1745035995135158 -1.0612350223527873 -0.4127778225804677 0.06010318932721714 -0.19272190422565214 -0.03523910281584055 20926.0 55802.0 105287.0 161329.0 216399.0 265542.0 306358.0 338266.0 361748.0 377806.0 387608.0 392308.0 392943.0 390411.0 385458.0 378695.0
2 1.0 164.21411959795748 -79.76734624201674 -0.1745035995135158 -1.0612350223527873 -0.4127778225804677 0.06010318932721714 -0.19272190422565214 -0.03523910281584055 15279.0 41216.0 78745.0 122176.0 165858.0 205829.0 239958.0 267508.0 288609.0 303858.0 314047.0 320003.0 322504.0 322242.0 319809.0 315700.0
3 1.0 204.63622159271347 35.459503510497726 -0.1745035995135158 -1.0612350223527873 -0.4127778225804677 0.06010318932721714 -0.19272190422565214 -0.03523910281584055 19643.0 52482.0 99193.0 152237.0 204522.0 251344.99999999997 290397.0 321084.0 343824.0 359532.0 369293.0 374184.0 375180.0 373128.0 368733.0 362576.0
4 1.0 6.764328157087851 50.1651712693986 -0.1745035995135158 -1.0612350223527873 -0.4127778225804677 0.06010318932721714 -0.19272190422565214 -0.03523910281584055 19477.0 51028.0 95220.0 144895.0 193529.0 236893.0 272960.0 301256.0 322209.0 336682.0 345683.0 350201.0 351136.0 349262.0 345226.0 339561.0
5 1.0 222.34877894731574 49.93336113277556 -0.1745035995135158 -1.0612350223527873 -0.4127778225804677 0.06010318932721714 -0.19272190422565214 -0.03523910281584055 20121.0 53827.0 101799.0 156276.0 209946.0 257967.0 297966.0 329340.0 352531.0 368489.0 378338.0 383192.0 384058.0 381808.0 377168.0 370735.0
6 1.0 220.3544601800717 -43.303938417836115 -0.1745035995135158 -1.0612350223527873 -0.4127778225804677 0.06010318932721714 -0.19272190422565214 -0.03523910281584055 25955.0 63468.0 112973.0 166192.0 216477.0 259969.99999999997 295134.0 321918.0 341064.0 353645.0 360796.0 363579.0 362925.0 359622.0 354315.0 347528.0
7 1.0 222.0962388749125 -22.713635172138936 -0.1745035995135158 -1.0612350223527873 -0.4127778225804677 0.06010318932721714 -0.19272190422565214 -0.03523910281584055 29438.0 70795.0 124451.0 181298.0 234307.0 279571.0 315674.0 342745.0 361698.0 373754.0 380164.0 382075.0 380483.0 376217.0 369955.0 362237.0
8 1.0 339.7493082652647 15.76793433535002 -0.1745035995135158 -1.0612350223527873 -0.4127778225804677 0.06010318932721714 -0.19272190422565214 -0.03523910281584055 16710.0 45233.0 86466.0 134028.0 181636.0 224941.0 261658.99999999997 291050.0 313325.0 329191.0 339556.0 345350.0 347440.0 346590.0 343447.0 338550.0
9 1.0 245.45530767725404 -40.892057563595934 -0.1745035995135158 -1.0612350223527873 -0.4127778225804677 0.06010318932721714 -0.19272190422565214 -0.03523910281584055 35957.0 83843.0 144093.0 206337.0 263107.0 310581.0 347639.0 374738.0 393082.0 404118.0 409261.0 409779.0 406744.0 401041.0 393379.0 384319.0
10 1.0 129.42284420656296 -23.246496140780025 -0.1745035995135158 -1.0612350223527873 -0.4127778225804677 0.06010318932721714 -0.19272190422565214 -0.03523910281584055 20780.0 54860.0 102932.0 157242.0 210591.0 258247.0 297910.0 329010.0 351996.0 367812.0 377572.0 382378.0 383226.0 380979.0 376358.0 369953.0
11 1.0 157.33150336776293 -54.530229566584865 -0.1745035995135158 -1.0612350223527873 -0.4127778225804677 0.06010318932721714 -0.19272190422565214 -0.03523910281584055 14755.0 40134.0 77100.0 120084.0 163470.0 203284.0 237366.0 264946.0 286128.0 301489.0 311807.0 317899.0 320537.0 320408.0 318103.0 314116.0
12 1.0 251.14723053381536 -7.225940923918671 -0.1745035995135158 -1.0612350223527873 -0.4127778225804677 0.06010318932721714 -0.19272190422565214 -0.03523910281584055 43730.0 100609.0 171018.0 242628.0 306924.0 359796.0 400281.0 429170.0 448037.0 458659.0 462727.0 461723.0 456880.0 449202.0 439483.0 428347.0
13 1.0 21.68116978653714 -81.96978577425946 -0.1745035995135158 -1.0612350223527873 -0.4127778225804677 0.06010318932721714 -0.19272190422565214 -0.03523910281584055 14927.0 40546.0 77876.0 121332.0 165255.0 205620.0 240221.0 268259.0 289821.0 305480.0 316017.0 322257.0 324983.0 324892.0 322582.0 318557.0
14 1.0 240.03601756044037 53.96325922271123 -0.1745035995135158 -1.0612350223527873 -0.4127778225804677 0.06010318932721714 -0.19272190422565214 -0.03523910281584055 20504.0 54777.0 103491.0 158744.0 213114.0 261701.00000000003 302116.0 333767.0 357114.0 373131.0 382967.0 387751.0 388509.0 386123.0 381331.0 374737.0
15 1.0 241.4296330625374 -76.1478395424061 -0.1745035995135158 -1.0612350223527873 -0.4127778225804677 0.06010318932721714 -0.19272190422565214 -0.03523910281584055 19154.0 49667.0 92221.0 140047.0 186983.0 229004.0 264149.0 291918.0 312672.0 327198.0 336430.0 341302.0 342664.0 341257.0 337703.0 332519.0
16 1.0 75.73772198658273 3.3903267896746883 -0.1745035995135158 -1.0612350223527873 -0.4127778225804677 0.06010318932721714 -0.19272190422565214 -0.03523910281584055 41378.0 95569.0 162999.0 231946.0 294202.0 345722.0 385470.0 414116.0 433104.0 444103.0 448714.0 448351.0 444203.0 437236.0 428224.0 417775.0
17 1.0 46.41346715574719 -34.7741820818647 -0.1745035995135158 -1.0612350223527873 -0.4127778225804677 0.06010318932721714 -0.19272190422565214 -0.03523910281584055 16760.0 44661.0 84573.0 130338.00000000001 176006.0 217493.0 252670.99999999997 280857.0 302260.0 317554.0 327598.0 333273.0 335402.0 334709.0 331811.0 327220.0
18 1.0 113.55420633270619 13.957730789647584 -0.1745035995135158 -1.0612350223527873 -0.4127778225804677 0.06010318932721714 -0.19272190422565214 -0.03523910281584055 40795.0 96618.0 167685.0 241589.0 309187.0 365706.0 409693.0 441665.0 463074.0 475682.0 481222.0 481237.0 477039.0 469698.0 460072.0 448840.0
19 1.0 130.93587753934415 82.69800135001651 -0.1745035995135158 -1.0612350223527873 -0.4127778225804677 0.06010318932721714 -0.19272190422565214 -0.03523910281584055 22447.0 58658.0 109104.0 165447.0 220208.0 268630.0 308519.0 339451.0 362009.0 377245.0 386351.0 390479.0 390662.0 387782.0 382569.0 375621.0
20 1.0 205.27083735043666 26.20264400208069 -0.1745035995135158 -1.0612350223527873 -0.4127778225804677 0.06010318932721714 -0.19272190422565214 -0.03523910281584055 20008.0 53048.0 99731.0 152484.0 204287.0 250541.0 289022.0 319189.0 341487.0 356840.0 366329.0 371022.0 371885.0 369751.0 365317.0 359155.0
21 1.0 157.89654484643532 -83.63476156401164 -0.1745035995135158 -1.0612350223527873 -0.4127778225804677 0.06010318932721714 -0.19272190422565214 -0.03523910281584055 15275.0 41241.0 78850.0 122413.0 166264.0 206418.0 240728.0 268442.0 289685.0 305051.0 315331.0 321355.0 323905.0 323673.0 321256.0 317151.0
22 1.0 355.8145817013214 -12.527560888548976 -0.1745035995135158 -1.0612350223527873 -0.4127778225804677 0.06010318932721714 -0.19272190422565214 -0.03523910281584055 14901.0 40655.0 78269.0 122091.0 166389.0 207082.0 241944.0 270169.0 291854.0 307581.0 318145.0 324380.0 327077.0 326941.0 324576.0 320489.0
23 1.0 36.736131869290105 1.803033417285036 -0.1745035995135158 -1.0612350223527873 -0.4127778225804677 0.06010318932721714 -0.19272190422565214 -0.03523910281584055 22508.0 56434.0 102285.0 152537.0 200818.0 243227.0 278047.0 305026.0 324725.0 338074.0 346108.0 349819.0 350093.0 347688.0 343233.0 337242.0
24 1.0 75.19563219414049 6.511949046621353 -0.1745035995135158 -1.0612350223527873 -0.4127778225804677 0.06010318932721714 -0.19272190422565214 -0.03523910281584055 42408.0 97603.0 166012.0 235709.0 298424.0 350136.0 389868.0 418355.0 437097.0 447802.0 452102.0 451430.0 446985.0 439742.0 430477.0 419798.0
25 1.0 58.07142643859865 32.65065190869082 -0.1745035995135158 -1.0612350223527873 -0.4127778225804677 0.06010318932721714 -0.19272190422565214 -0.03523910281584055 37042.0 86189.0 147849.0 211360.0 269103.0 317221.0 354622.0 381824.0 400090.0 410922.0 415779.0 415961.0 412566.0 406495.0 398469.0 389058.0
26 1.0 235.11899716754343 -40.032702408282105 -0.1745035995135158 -1.0612350223527873 -0.4127778225804677 0.06010318932721714 -0.19272190422565214 -0.03523910281584055 32606.999999999996 76969.0 133511.0 192573.0 246990.0 292951.0 329213.0 356075.0 374588.0 386072.0 391846.0 393102.0 390863.0 385975.0 379123.0 370851.0
27 1.0 91.18497691432157 -66.80509821606236 -0.1745035995135158 -1.0612350223527873 -0.4127778225804677 0.06010318932721714 -0.19272190422565214 -0.03523910281584055 14061.0 38626.0 74811.0 117309.0 160589.0 200629.0 235169.0 263333.0 285145.0 301124.0 312012.0 318609.0 321681.0 321916.0 319909.0 316159.0
28 1.0 167.87187822827028 -19.31837822152302 -0.1745035995135158 -1.0612350223527873 -0.4127778225804677 0.06010318932721714 -0.19272190422565214 -0.03523910281584055 16213.000000000002 43855.0 83784.0 129817.99999999999 175887.0 217794.0 253340.0 281811.0 303413.0 318829.0 328932.0 334620.0 336726.0 335988.0 333029.0 328368.0
29 1.0 87.99321312057698 82.1530301032708 -0.1745035995135158 -1.0612350223527873 -0.4127778225804677 0.06010318932721714 -0.19272190422565214 -0.03523910281584055 23072.0 59808.0 110631.0 167098.0 221756.0 269923.0 309481.0 340060.0 362280.0 377211.0 386054.0 389962.0 389965.0 386940.0 381615.0 374580.0
0 1.0 57.2290501123871 -56.31643948484795 -0.1745035995135158 -1.0612350223527873 -0.4127778225804677 0.06010318932721714 -0.19272190422565214 -0.03523910281584055 14346.0 39304.0 75987.0 118992.0 162720.0 203115.0 237908.0 266232.0 288126.0 304123.0 314982.0 321517.0 324503.0 324637.0 322519.0 318655.0
1 1.0 39.73505081914985 72.71711188708267 -0.1745035995135158 -1.0612350223527873 -0.4127778225804677 0.06010318932721714 -0.19272190422565214 -0.03523910281584055 23561.0 60338.0 110713.0 166297.0 219829.0 266822.0 305294.0 334950.0 356437.0 370820.0 379281.0 382950.0 382829.0 379773.0 374487.0 367546.0
2 1.0 236.27865220749842 7.885071013918747 -0.1745035995135158 -1.0612350223527873 -0.4127778225804677 0.06010318932721714 -0.19272190422565214 -0.03523910281584055 33048.0 79549.0 139764.0 203343.0 262354.0 312451.0 352118.0 381580.0 401931.0 414586.0 420980.0 422419.0 420025.0 414729.0 407284.0 398292.0
3 1.0 49.74586248550097 -7.755944103762147 -0.1745035995135158 -1.0612350223527873 -0.4127778225804677 0.06010318932721714 -0.19272190422565214 -0.03523910281584055 25646.0 63064.99999999999 112734.0 166401.0 217343.0 261600.99999999997 297548.0 325070.0 344873.0 358010.0 365614.0 368751.0 368362.0 365244.0 360056.0 353331.0
4 1.0 70.76965020481926 68.76745384138013 -0.1745035995135158 -1.0612350223527873 -0.4127778225804677 0.06010318932721714 -0.19272190422565214 -0.03523910281584055 27611.0 68787.0 123799.0 183323.0 239714.0 288485.0 327827.0 357663.0 378838.0 392582.0 400200.0 402909.0 401775.0 397695.0 391403.0 383490.0
5 1.0 132.74106143794708 -7.451286881654539 -0.1745035995135158 -1.0612350223527873 -0.4127778225804677 0.06010318932721714 -0.19272190422565214 -0.03523910281584055 24758.0 63891.0 117833.0 177593.0 235278.0 285959.0 327435.0 359353.0 382404.0 397745.0 406666.0 410398.0 410039.0 406519.0 400609.0 392930.0
6 1.0 295.55756274525663 40.350174590077785 -0.1745035995135158 -1.0612350223527873 -0.4127778225804677 0.06010318932721714 -0.19272190422565214 -0.03523910281584055 22037.0 58328.0 109455.0 167019.0 223299.0 273287.0 314609.0 346747.0 370252.0 386181.0 395755.0 400159.0 400463.0 397581.0 392272.0 385157.0
7 1.0 34.956459285502056 -18.17544209344163 -0.1745035995135158 -1.0612350223527873 -0.4127778225804677 0.06010318932721714 -0.19272190422565214 -0.03523910281584055 17809.0 46719.0 87470.0 133652.0 179293.0 220410.0 255004.99999999997 282512.0 303221.0 317857.0 327308.0 332467.0 334159.0 333104.0 329911.0 325086.0
8 1.0 301.6601666995694 72.7279907221724 -0.1745035995135158 -1.0612350223527873 -0.4127778225804677 0.06010318932721714 -0.19272190422565214 -0.03523910281584055 19100.0 51254.0 97181.0 149514.0 201252.0 247714.0 286573.0 317199.0 339977.0 355788.0 365695.0 370755.0 371933.0 370065.0 365851.0 359868.0
9 1.0 34.59542684182671 34.20450363442093 -0.1745035995135158 -1.0612350223527873 -0.4127778225804677 0.06010318932721714 -0.19272190422565214 -0.03523910281584055 25816.0 63499.0 113435.0 167247.0 218160.0 262222.0 297847.0 324975.0 344353.0 357069.0 364277.0 367056.0 366354.0 362969.0 357558.0 350650.0
10 1.0 351.5254074048225 35.931969765093015 -0.1745035995135158 -1.0612350223527873 -0.4127778225804677 0.06010318932721714 -0.19272190422565214 -0.03523910281584055 17071.0 45786.0 86899.0 133934.0 180678.0 222921.0 258518.00000000003 286834.0 308146.0 323196.0 332900.0 338184.0 339900.0 338795.0 335499.0 330534.0
11 1.0 168.71443259317257 -31.010327719718596 -0.1745035995135158 -1.0612350223527873 -0.4127778225804677 0.06010318932721714 -0.19272190422565214 -0.03523910281584055 15685.000000000002 42417.0 81064.0 125679.00000000001 170401.0 211162.0 245815.0 273648.0 294842.0 310040.0 320078.0 325817.0 328062.0 327523.0 324805.0 320414.0
12 1.0 351.6339917485214 46.22015569264005 -0.1745035995135158 -1.0612350223527873 -0.4127778225804677 0.06010318932721714 -0.19272190422565214 -0.03523910281584055 17826.0 47586.0 89981.0 138270.0 186066.0 229090.0 265200.0 293795.0 315201.0 330203.0 339759.0 344826.0 346283.0 344893.0 341300.0 336035.0
13 1.0 217.74438710821656 24.490989980485438 -0.1745035995135158 -1.0612350223527873 -0.4127778225804677 0.06010318932721714 -0.19272190422565214 -0.03523910281584055 22462.0 58335.0 108066.0 163429.0 217120.0 264527.0 303543.0 333777.0 355817.0 370697.0 379586.0 383610.0 383779.0 380952.0 375845.0 369039.0
14 1.0 266.1348885833886 -46.79635079165228 -0.1745035995135158 -1.0612350223527873 -0.4127778225804677 0.06010318932721714 -0.19272190422565214 -0.03523910281584055 36178.0 84787.0 146255.0 210023.0 268398.0 317386.0 355766.0 383953.0 403148.0 414812.0 420390.0 421177.0 418277.0 412598.0 404872.0 395682.0
15 1.0 14.107605211555443 -61.103011952653844 -0.1745035995135158 -1.0612350223527873 -0.4127778225804677 0.06010318932721714 -0.19272190422565214 -0.03523910281584055 14138.0 38809.0 75135.0 117790.0 161224.0 201401.0 236054.0 264303.0 286174.0 302188.0 313092.0 319689.0 322749.0 322963.0 320928.0 317146.0
16 1.0 101.81050652750744 53.35046541311971 -0.1745035995135158 -1.0612350223527873 -0.4127778225804677 0.06010318932721714 -0.19272190422565214 -0.03523910281584055 35980.0 86154.0 150740.0 218557.0 281158.0 333997.0 375563.0 406186.0 427097.0 439848.0 445992.0 446935.0 443873.0 437797.0 429505.0 419630.0
17 1.0 43.270762036740805 82.64998854634004 -0.1745035995135158 -1.0612350223527873 -0.4127778225804677 0.06010318932721714 -0.19272190422565214 -0.03523910281584055 22121.0 57664.0 107098.0 162265.0 215870.0 263279.0 302355.0 332684.0 354833.0 369826.0 378824.0 382950.0 383211.0 380467.0 375434.0 368693.0
18 1.0 106.61047110797217 -7.535011093192281 -0.1745035995135158 -1.0612350223527873 -0.4127778225804677 0.06010318932721714 -0.19272190422565214 -0.03523910281584055 35212.0 84904.0 149347.0 217446.0 280667.0 334316.0 376749.0 408200.0 429846.0 443217.0 449860.0 451187.0 448407.0 442525.0 434354.0 424540.0
19 1.0 42.74197882352786 16.377149758263286 -0.1745035995135158 -1.0612350223527873 -0.4127778225804677 0.06010318932721714 -0.19272190422565214 -0.03523910281584055 28263.0 68163.0 120120.0 175372.0 227087.0 271425.0 306950.0 333735.0 352630.0 364795.0 371430.0 373644.0 372402.0 368511.0 362634.0 355300.0
20 1.0 114.47394458183138 64.39007595483983 -0.1745035995135158 -1.0612350223527873 -0.4127778225804677 0.06010318932721714 -0.19272190422565214 -0.03523910281584055 29210.0 72803.0 130997.0 193863.0 253288.0 304536.0 345729.0 376823.0 398746.0 412826.0 420459.0 422943.0 421412.0 416814.0 409923.0 401362.0
21 1.0 149.13467802528118 -7.699778396305732 -0.1745035995135158 -1.0612350223527873 -0.4127778225804677 0.06010318932721714 -0.19272190422565214 -0.03523910281584055 19373.0 51860.0 98251.0 151147.0 203496.0 250560.0 289966.0 321056.0 344202.0 360286.0 370380.0 375550.0 376775.0 374902.0 370643.0 364584.0
22 1.0 23.09309868556237 81.3374058298925 -0.1745035995135158 -1.0612350223527873 -0.4127778225804677 0.06010318932721714 -0.19272190422565214 -0.03523910281584055 21604.0 56501.0 105190.0 159665.0 212714.0 259729.0 298562.0 328771.0 350897.0 365937.0 375031.0 379285.0 379693.0 377108.0 372236.0 365657.0
23 1.0 249.28996297320714 13.63520916807704 -0.1745035995135158 -1.0612350223527873 -0.4127778225804677 0.06010318932721714 -0.19272190422565214 -0.03523910281584055 35726.0 85598.0 149835.0 217319.0 279642.0 332270.0 373691.0 404225.0 425093.0 437835.0 443998.0 444976.0 441964.0 435946.0 427717.0 417909.0
24 1.0 203.97652351436705 57.738081726236686 -0.1745035995135158 -1.0612350223527873 -0.4127778225804677 0.06010318932721714 -0.19272190422565214 -0.03523910281584055 19576.0 52642.0 99937.0 153858.0 207160.0 254996.99999999997 294959.0 326401.0 349726.0 365856.0 375896.0 380943.0 381997.0 379925.0 375450.0 369170.0
25 1.0 95.54021673820034 73.5918693142929 -0.1745035995135158 -1.0612350223527873 -0.4127778225804677 0.06010318932721714 -0.19272190422565214 -0.03523910281584055 26240.0 66403.0 120780.0 180193.0 236908.0 286271.0 326324.0 356882.0 378731.0 393068.0 401187.0 404309.0 403507.0 399686.0 393592.0 385824.0
26 1.0 188.36929924801188 56.7942873783424 -0.1745035995135158 -1.0612350223527873 -0.4127778225804677 0.06010318932721714 -0.19272190422565214 -0.03523910281584055 19963.0 53551.0 101481.0 156025.0 209852.0 258081.99999999997 298307.0 329899.0 353282.0 369402.0 379380.0 384332.0 385268.0 383065.0 378452.0 372031.0
27 1.0 33.818583873039 -61.30539657918793 -0.1745035995135158 -1.0612350223527873 -0.4127778225804677 0.06010318932721714 -0.19272190422565214 -0.03523910281584055 13808.0 38008.0 73743.0 115802.0 158720.0 198499.0 232876.0 260960.00000000003 282755.0 298764.0 309713.0 316392.0 319558.0 319893.0 317987.0 314339.0
28 1.0 207.34073840022455 23.201719031106066 -0.1745035995135158 -1.0612350223527873 -0.4127778225804677 0.06010318932721714 -0.19272190422565214 -0.03523910281584055 20479.0 53988.0 101094.0 154117.0 206023.0 252244.00000000003 290602.0 320598.0 342707.0 357872.0 367185.0 371720.0 372445.0 370193.0 365660.0 359414.0
29 1.0 334.5466311274371 -18.28183344845813 -0.1745035995135158 -1.0612350223527873 -0.4127778225804677 0.06010318932721714 -0.19272190422565214 -0.03523910281584055 18626.0 49796.0 94356.0 145287.0 195850.0 241479.0 279847.0 310272.0 333067.0 349050.0 359227.0 364615.0 366149.0 364644.0 360789.0 355151.0
0 1.0 114.68482288247652 -78.71166863579778 -0.1745035995135158 -1.0612350223527873 -0.4127778225804677 0.06010318932721714 -0.19272190422565214 -0.03523910281584055 14329.0 39129.0 75445.0 117890.0 160938.0 200623.0 234747.0 262487.0 283902.0 299530.0 310124.0 316483.0 319372.0 319473.0 317372.0 313564.0
1 1.0 240.2677367869254 -13.674194659828444 -0.1745035995135158 -1.0612350223527873 -0.4127778225804677 0.06010318932721714 -0.19272190422565214 -0.03523910281584055 39493.0 91431.0 156209.0 222569.0 282586.0 332326.0 370754.0 398490.0 416911.0 427617.0 432148.0 431868.0 427923.0 421248.0 412591.0 402541.0
2 1.0 47.447230465581185 -43.436867959906614 -0.1745035995135158 -1.0612350223527873 -0.4127778225804677 0.06010318932721714 -0.19272190422565214 -0.03523910281584055 15351.0 41563.0 79635.0 123833.0 168400.0 209264.0 244214.0 272467.0 294134.0 309813.0 320307.0 326458.0 329064.0 328833.0 326372.0 322189.0
3 1.0 257.8777934826836 62.82689551713193 -0.1745035995135158 -1.0612350223527873 -0.4127778225804677 0.06010318932721714 -0.19272190422565214 -0.03523910281584055 19734.0 53005.0 100541.0 154695.0 208190.0 256170.0 296226.0 327721.0 351065.0 367189.0 377204.0 382214.0 383223.0 381100.0 376573.0 370238.0
4 1.0 104.1861934609924 -84.00516722159469 -0.1745035995135158 -1.0612350223527873 -0.4127778225804677 0.06010318932721714 -0.19272190422565214 -0.03523910281584055 14715.0 40007.0 76892.0 119857.0 163311.0 203268.0 237544.0 265339.0 286736.0 302296.0 312788.0 319027.0 321784.0 321749.0 319514.0 315576.0
5 1.0 65.94889032256206 82.61688993542523 -0.1745035995135158 -1.0612350223527873 -0.4127778225804677 0.06010318932721714 -0.19272190422565214 -0.03523910281584055 22674.0 58891.0 109089.0 164953.0 219105.0 266893.0 306195.0 336626.0 358783.0 373717.0 382609.0 386601.0 386709.0 383803.0 378605.0 371700.0
6 1.0 211.14465653162995 -26.033607275052667 -0.1745035995135158 -1.0612350223527873 -0.4127778225804677 0.06010318932721714 -0.19272190422565214 -0.03523910281584055 24109.0 59952.0 107944.0 160096.0 209798.0 253103.00000000003 288358.0 315407.0 334916.0 347900.0 355460.0 358640.0 358358.0 355396.0 350400.0 343891.0
7 1.0 7.238716627497679 -25.792759727542276 -0.1745035995135158 -1.0612350223527873 -0.4127778225804677 0.06010318932721714 -0.19272190422565214 -0.03523910281584055 14294.0 39109.0 75491.0 118038.0 161202.0 200996.0 235212.0 263021.0 284482.0 300137.0 310739.0 317095.0 319970.0 320050.0 317923.0 314087.0
8 1.0 298.4184105182507 -87.06086951693258 -0.1745035995135158 -1.0612350223527873 -0.4127778225804677 0.06010318932721714 -0.19272190422565214 -0.03523910281584055 16111.0 43164.0 82063.0 126853.0 171710.0 212594.0 247371.0 275331.0 296647.0 311958.0 322094.0 327914.0 330223.0 329730.0 327042.0 322665.0
9 1.0 1.6903714293169436 -56.65818145748689 -0.1745035995135158 -1.0612350223527873 -0.4127778225804677 0.06010318932721714 -0.19272190422565214 -0.03523910281584055 14664.0 40100.0 77410.0 121071.0 165389.0 206260.0 241402.0 269956.0 291976.0 308020.0 318863.0 325336.0 328227.0 328245.0 325998.0 321996.0
10 1.0 244.01395324664284 -17.773289855350427 -0.1745035995135158 -1.0612350223527873 -0.4127778225804677 0.06010318932721714 -0.19272190422565214 -0.03523910281584055 41445.0 95321.0 162034.0 229939.0 290977.0 341252.0 379831.0 407446.0 425572.0 435879.0 439960.0 439214.0 434808.0 427691.0 418615.0 408174.0
11 1.0 97.20287034917935 77.27245511448851 -0.1745035995135158 -1.0612350223527873 -0.4127778225804677 0.06010318932721714 -0.19272190422565214 -0.03523910281584055 24750.0 63353.99999999999 116157.0 174307.0 230178.0 279090.0 319000.0 349639.0 371712.0 386362.0 394841.0 398341.0 397917.0 394462.0 388716.0 381276.0
12 1.0 264.66984796413414 -72.06931256017117 -0.1745035995135158 -1.0612350223527873 -0.4127778225804677 0.06010318932721714 -0.19272190422565214 -0.03523910281584055 21463.0 54635.0 100113.0 150529.0 199440.0 242774.0 278651.0 306691.0 327376.0 341596.0 350368.0 354684.0 355438.0 353401.0 349218.0 343418.0
13 1.0 346.38787624227774 80.15427602623433 -0.1745035995135158 -1.0612350223527873 -0.4127778225804677 0.06010318932721714 -0.19272190422565214 -0.03523910281584055 20345.0 53804.0 100963.0 154148.0 206285.0 252764.0 291373.0 321590.0 343881.0 359187.0 368603.0 373206.0 373972.0 371737.0 367203.0 360942.0
14 1.0 89.55113166718489 66.5079354983938 -0.1745035995135158 -1.0612350223527873 -0.4127778225804677 0.06010318932721714 -0.19272190422565214 -0.03523910281584055 29531.0 72955.0 130505.00000000001 192363.0 250622.0 300728.0 340913.0 371185.0 392482.0 406118.0 413465.0 415794.0 414210.0 409640.0 402839.0 394412.0
15 1.0 207.4166403904213 -8.25076855664068 -0.1745035995135158 -1.0612350223527873 -0.4127778225804677 0.06010318932721714 -0.19272190422565214 -0.03523910281584055 22422.0 57000.0 104160.0 156101.0 206116.0 250068.0 286126.0 314008.0 334304.0 347991.0 356156.0 359840.0 359973.0 357344.0 352610.0 346306.0
16 1.0 213.13509525786205 -31.19384128171319 -0.1745035995135158 -1.0612350223527873 -0.4127778225804677 0.06010318932721714 -0.19272190422565214 -0.03523910281584055 24681.0 61006.0 109392.0 161772.0 211539.0 254789.0 289914.0 316798.0 336129.0 348942.0 356346.0 359386.0 358983.0 355919.0 350836.0 344255.0
17 1.0 206.01068608471442 -48.10605672976977 -0.1745035995135158 -1.0612350223527873 -0.4127778225804677 0.06010318932721714 -0.19272190422565214 -0.03523910281584055 20750.0 52801.0 96690.0 145280.0 192350.0 233993.0 268421.0 295291.0 315083.0 328663.0 337017.0 341102.0 341778.0 339786.0 335743.0 330156.0
18 1.0 80.30938775062259 20.603647165837387 -0.1745035995135158 -1.0612350223527873 -0.4127778225804677 0.06010318932721714 -0.19272190422565214 -0.03523910281584055 46549.0 106214.0 179434.0 253347.0 319246.0 373050.0 413913.0 442767.0 461308.0 471412.0 474846.0 473144.0 467581.0 459184.0 448765.0 436960.0
19 1.0 342.9896441461146 -84.04657353440899 -0.1745035995135158 -1.0612350223527873 -0.4127778225804677 0.06010318932721714 -0.19272190422565214 -0.03523910281584055 15819.0 42551.0 81137.0 125706.00000000001 170458.0 211342.0 246193.0 274272.0 295730.0 311189.0 321468.0 327420.0 329847.0 329458.0 326859.0 322559.0
20 1.0 160.96513630234585 -87.19090839957092 -0.1745035995135158 -1.0612350223527873 -0.4127778225804677 0.06010318932721714 -0.19272190422565214 -0.03523910281584055 15476.0 41710.0 79647.0 123533.0 167660.0 208025.0 242483.0 270287.0 291575.0 306949.0 317212.0 323200.0 325700.0 325411.0 322932.0 318762.0
21 1.0 304.707122089606 -12.816769950317195 -0.1745035995135158 -1.0612350223527873 -0.4127778225804677 0.06010318932721714 -0.19272190422565214 -0.03523910281584055 33201.0 81164.0 144128.0 211279.0 274079.0 327708.0 370384.0 402223.0 424325.0 438167.0 445268.0 447022.0 444634.0 439107.0 431252.0 421721.0
22 1.0 251.81253911430156 -77.74666668455036 -0.1745035995135158 -1.0612350223527873 -0.4127778225804677 0.06010318932721714 -0.19272190422565214 -0.03523910281584055 18915.0 49200.0 91555.0 139261.0 186162.0 228218.0 263444.0 291317.0 312183.0 326819.0 336153.0 341116.0 342557.0 341216.0 337719.0 332580.0
23 1.0 107.07730230784811 -44.65062211570328 -0.1745035995135158 -1.0612350223527873 -0.4127778225804677 0.06010318932721714 -0.19272190422565214 -0.03523910281584055 17273.0 46453.0 88479.0 136860.0 185230.0 229189.0 266428.0 296203.0 318736.0 334751.0 345173.0 350952.0 352972.0 352010.0 348726.0 343668.0
24 1.0 292.9672150928918 -50.19103523770491 -0.1745035995135158 -1.0612350223527873 -0.4127778225804677 0.06010318932721714 -0.19272190422565214 -0.03523910281584055 30486.0 73897.0 130652.99999999999 191168.0 247906.0 296596.0 335621.0 365036.0 385764.0 399077.0 406296.0 408646.0 407190.0 402823.0 396272.0 388126.0
25 1.0 142.74206670491446 -44.425585129886656 -0.1745035995135158 -1.0612350223527873 -0.4127778225804677 0.06010318932721714 -0.19272190422565214 -0.03523910281584055 15192.0 41426.0 79716.0 124297.0 169332.0 210671.0 246052.0 274665.0 296615.0 312501.0 323134.0 329369.0 332012.0 331782.0 329294.0 325064.0
26 1.0 317.1971509600182 -66.4100583812536 -0.1745035995135158 -1.0612350223527873 -0.4127778225804677 0.06010318932721714 -0.19272190422565214 -0.03523910281584055 19662.0 51206.0 95348.0 145065.0 193919.0 237681.0 274280.0 303178.0 324747.0 339807.0 349338.0 354317.0 355636.0 354070.0 350273.0 344783.0
27 1.0 209.25823414890914 -87.83347987842222 -0.1745035995135158 -1.0612350223527873 -0.4127778225804677 0.06010318932721714 -0.19272190422565214 -0.03523910281584055 15844.0 42539.0 80996.0 125348.99999999999 169828.0 210421.0 244994.0 272827.0 294080.0 309378.0 319538.0 325409.0 327785.0 327373.0 324773.0 320488.0
28 1.0 317.424730267747 -69.21282651502534 -0.1745035995135158 -1.0612350223527873 -0.4127778225804677 0.06010318932721714 -0.19272190422565214 -0.03523910281584055 19043.0 49822.0 93082.0 141980.0 190177.0 233474.0 269785.0 298543.0 320084.0 335199.0 344841.0 349968.0 351458.0 350075.0 346466.0 341163.0
29 1.0 249.3113724279957 21.32644671229461 -0.1745035995135158 -1.0612350223527873 -0.4127778225804677 0.06010318932721714 -0.19272190422565214 -0.03523910281584055 32118.0 78705.0 139948.0 205316.0 266485.0 318756.0 360386.0 391487.0 413121.0 426723.0 433766.0 435603.0 433403.0 428139.0 420601.0 411419.0
0 1.0 261.09154073507057 85.36611830724905 -0.1745035995135158 -1.0612350223527873 -0.4127778225804677 0.06010318932721714 -0.19272190422565214 -0.03523910281584055 20291.0 53951.0 101608.0 155524.0 208495.0 255792.00000000003 295125.0 325935.0 348678.0 364304.0 373926.0 378640.0 379438.0 377178.0 372572.0 366208.0
1 1.0 180.47677749361281 88.26210028096091 -0.1745035995135158 -1.0612350223527873 -0.4127778225804677 0.06010318932721714 -0.19272190422565214 -0.03523910281584055 21105.0 55721.0 104408.0 159201.0 212797.0 260463.99999999997 299955.0 330766.0 353404.0 368857.0 378266.0 382749.0 383311.0 380817.0 375987.0 369408.0
2 1.0 344.1901085003606 -16.37026283284891 -0.1745035995135158 -1.0612350223527873 -0.4127778225804677 0.06010318932721714 -0.19272190422565214 -0.03523910281584055 16222.0 44046.0 84482.0 131374.0 178550.0 221668.0 258396.00000000003 287933.0 310435.0 326568.0 337210.0 343275.0 345618.0 344999.0 342063.0 337350.0
3 1.0 231.83647172266947 -60.66820331161104 -0.1745035995135158 -1.0612350223527873 -0.4127778225804677 0.06010318932721714 -0.19272190422565214 -0.03523910281584055 23902.0 59394.0 106974.0 158794.0 208321.0 251620.99999999997 287013.0 314300.0 334106.0 347415.0 355302.0 358795.0 358802.0 356101.0 351335.0 345025.0
4 1.0 152.5878174809447 24.977116325975274 -0.1745035995135158 -1.0612350223527873 -0.4127778225804677 0.06010318932721714 -0.19272190422565214 -0.03523910281584055 23292.0 61126.0 113992.0 173119.0 230594.0 281372.0 323127.0 355412.0 378857.0 394583.0 403860.0 407913.0 407837.0 404565.0 398870.0 391378.0
5 1.0 218.30155708605275 -1.7450376212273113 -0.1745035995135158 -1.0612350223527873 -0.4127778225804677 0.06010318932721714 -0.19272190422565214 -0.03523910281584055 26461.0 65550.0 117595.0 173827.0 227094.0 273204.0 310465.0 338802.0 358998.0 372200.0 379621.0 382402.0 381540.0 377876.0 372101.0 364772.0
6 1.0 6.909551391360069 88.09375991119765 -0.1745035995135158 -1.0612350223527873 -0.4127778225804677 0.06010318932721714 -0.19272190422565214 -0.03523910281584055 21083.0 55581.0 104045.0 158545.0 211828.0 259202.0 298445.0 329060.0 351555.0 366913.0 376269.0 380731.0 381298.0 378828.0 374037.0 367508.0
7 1.0 108.56693400283775 -78.24524271267956 -0.1745035995135158 -1.0612350223527873 -0.4127778225804677 0.06010318932721714 -0.19272190422565214 -0.03523910281584055 14252.0 38959.0 75179.0 117548.0 160554.0 200226.0 234361.0 262128.00000000003 283579.0 299248.0 309882.0 316281.0 319206.0 319339.0 317267.0 313484.0
8 1.0 237.66247349736662 50.98219889648635 -0.1745035995135158 -1.0612350223527873 -0.4127778225804677 0.06010318932721714 -0.19272190422565214 -0.03523910281584055 20822.0 55474.0 104601.0 160206.0 214829.0 263567.0 304050.0 335705.0 359013.0 374964.0 384718.0 389412.0 390078.0 387601.0 382721.0 376043.0
9 1.0 104.42793859575987 -38.0882704803311 -0.1745035995135158 -1.0612350223527873 -0.4127778225804677 0.06010318932721714 -0.19272190422565214 -0.03523910281584055 19625.0 51803.0 97299.0 148877.0 199761.0 245441.0 283676.0 313861.0 336364.0 352039.0 361915.0 367021.0 368297.0 366561.0 362500.0 356681.0
10 1.0 222.48555443958296 -46.54464838621668 -0.1745035995135158 -1.0612350223527873 -0.4127778225804677 0.06010318932721714 -0.19272190422565214 -0.03523910281584055 25988.0 63538.0 113090.0 166365.0 216711.0 260265.00000000003 295487.0 322324.0 341516.0 354135.0 361317.0 364123.0 363487.0 360195.0 354894.0 348109.0
11 1.0 154.35673234047582 29.250822875881667 -0.1745035995135158 -1.0612350223527873 -0.4127778225804677 0.06010318932721714 -0.19272190422565214 -0.03523910281584055 23148.0 60821.0 113517.0 172500.0 229870.0 280582.0 322303.0 354580.0 378033.0 393779.0 403084.0 407170.0 407128.0 403890.0 398229.0 390770.0
12 1.0 48.770663120082084 -45.70862670162639 -0.1745035995135158 -1.0612350223527873 -0.4127778225804677 0.06010318932721714 -0.19272190422565214 -0.03523910281584055 15131.0 41074.0 78855.0 122809.0 167211.0 207988.0 242917.0 271194.0 292917.0 308668.0 319242.0 325475.0 328162.0 328006.0 325616.0 321498.0
13 1.0 107.38163734417108 29.854641160653784 -0.1745035995135158 -1.0612350223527873 -0.4127778225804677 0.06010318932721714 -0.19272190422565214 -0.03523910281584055 43678.0 101973.0 175164.0 250442.0 318657.0 375210.0 418849.0 450255.0 470999.0 482918.0 487787.0 487175.0 482403.0 474544.0 464457.0 452814.0
14 1.0 205.18736785245537 3.11553309641198 -0.1745035995135158 -1.0612350223527873 -0.4127778225804677 0.06010318932721714 -0.19272190422565214 -0.03523910281584055 21140.0 54716.0 101207.0 152982.0 203269.0 247778.0 284531.0 313139.0 334121.0 348418.0 357103.0 361216.0 361689.0 359325.0 354789.0 348627.0
15 1.0 212.71419404934235 -13.663982081547132 -0.1745035995135158 -1.0612350223527873 -0.4127778225804677 0.06010318932721714 -0.19272190422565214 -0.03523910281584055 24779.0 61660.0 111024.0 164616.0 215622.0 259987.00000000003 296028.0 323607.0 343424.0 356540.0 364095.0 367166.0 366704.0 363511.0 358250.0 351459.0
16 1.0 206.75708958584838 9.843805559055411 -0.1745035995135158 -1.0612350223527873 -0.4127778225804677 0.06010318932721714 -0.19272190422565214 -0.03523910281584055 21184.0 55049.0 102079.0 154555.0 205585.0 250786.0 288126.0 317194.0 338513.0 353037.0 361855.0 366025.0 366497.0 364087.0 359473.0 353209.0
17 1.0 235.1522951485681 -38.330726414466646 -0.1745035995135158 -1.0612350223527873 -0.4127778225804677 0.06010318932721714 -0.19272190422565214 -0.03523910281584055 33183.0 78135.0 135282.0 194844.0 249608.0 295767.0 332106.0 358954.0 377391.0 388759.0 394395.0 395503.0 393113.0 388077.0 381082.0 372677.0
18 1.0 234.757177200608 37.1834471291362 -0.1745035995135158 -1.0612350223527873 -0.4127778225804677 0.06010318932721714 -0.19272190422565214 -0.03523910281584055 23316.0 60714.0 112628.0 170429.0 226445.0 275835.0 316399.0 347745.0 370502.0 385771.0 394787.0 398737.0 398681.0 395523.0 390010.0 382749.0
19 1.0 155.31063675623062 -15.325763519958471 -0.1745035995135158 -1.0612350223527873 -0.4127778225804677 0.06010318932721714 -0.19272190422565214 -0.03523910281584055 17248.0 46627.0 89040.0 137899.0 186736.0 231086.0 268615.0 298583.0 321222.0 337277.0 347688.0 353420.0 355369.0 354320.0 350940.0 345782.0
20 1.0 322.75677450638267 -25.101799112539396 -0.1745035995135158 -1.0612350223527873 -0.4127778225804677 0.06010318932721714 -0.19272190422565214 -0.03523910281584055 23459.0 60452.0 111520.0 168269.0 223274.0 271844.0 311830.0 342828.0 365431.0 380692.0 389804.0 393921.0 394075.0 391150.0 385880.0 378862.0
21 1.0 132.32227321724275 59.158244620032804 -0.1745035995135158 -1.0612350223527873 -0.4127778225804677 0.06010318932721714 -0.19272190422565214 -0.03523910281584055 28098.0 70920.0 128701.00000000001 191610.0 251437.00000000003 303289.0 345154.0 376902.0 399410.0 413986.0 422023.0 424825.0 423535.0 419112.0 412343.0 403860.0
22 1.0 156.91137309562566 76.4940441515746 -0.1745035995135158 -1.0612350223527873 -0.4127778225804677 0.06010318932721714 -0.19272190422565214 -0.03523910281584055 22328.0 58599.0 109314.0 166100.0 221392.0 270350.0 310724.0 342060.0 364933.0 380399.0 389659.0 393878.0 394100.0 391218.0 385972.0 378966.0
23 1.0 321.092407805642 -81.71868404028655 -0.1745035995135158 -1.0612350223527873 -0.4127778225804677 0.06010318932721714 -0.19272190422565214 -0.03523910281584055 16614.0 44336.0 84047.0 129632.0 175162.0 216560.0 251689.0 279859.0 301270.0 316588.0 326666.0 332382.0 334555.0 333906.0 331052.0 326505.0
24 1.0 290.22983605659084 -48.12714129064221 -0.1745035995135158 -1.0612350223527873 -0.4127778225804677 0.06010318932721714 -0.19272190422565214 -0.03523910281584055 32189.000000000004 77354.0 135903.0 197892.0 255656.0 304942.0 344212.0 373613.0 394150.0 407160.0 414009.0 415956.0 414087.0 409309.0 402362.0 393838.0
25 1.0 253.39989007453187 -27.266513491338614 -0.1745035995135158 -1.0612350223527873 -0.4127778225804677 0.06010318932721714 -0.19272190422565214 -0.03523910281584055 43619.0 99758.0 168842.0 238768.0 301284.0 352477.0 391493.0 419169.0 437081.0 446986.0 450546.0 449212.0 444188.0 436448.0 426766.0 415744.0
26 1.0 36.0816794324284 56.693966286644525 -0.1745035995135158 -1.0612350223527873 -0.4127778225804677 0.06010318932721714 -0.19272190422565214 -0.03523910281584055 25281.0 63209.0 114130.0 169500.0 222226.0 268082.0 305305.0 333751.0 354146.0 367598.0 375293.0 378352.0 377764.0 374363.0 368835.0 361737.0
27 1.0 331.0137409480825 87.38845697579356 -0.1745035995135158 -1.0612350223527873 -0.4127778225804677 0.06010318932721714 -0.19272190422565214 -0.03523910281584055 20775.0 54922.0 103016.0 157210.0 210286.0 257550.0 296758.0 327396.0 349951.0 365390.0 374837.0 379394.0 380056.0 377677.0 372971.0 366521.0
28 1.0 257.1268678376801 84.41490684066332 -0.1745035995135158 -1.0612350223527873 -0.4127778225804677 0.06010318932721714 -0.19272190422565214 -0.03523910281584055 20179.0 53723.0 101269.0 155106.0 208038.0 255327.00000000003 294674.0 325512.0 348290.0 363953.0 373612.0 378360.0 379191.0 376959.0 372380.0 366038.0
29 1.0 359.5849223644319 72.89070219898684 -0.1745035995135158 -1.0612350223527873 -0.4127778225804677 0.06010318932721714 -0.19272190422565214 -0.03523910281584055 20377.0 53642.0 100352.0 152895.0 204311.0 250089.0 288080.0 317793.0 339699.0 354732.0 363974.0 368486.0 369224.0 367015.0 362545.0 356377.0
0 1.0 53.80138967687775 -36.619872288474625 -0.1745035995135158 -1.0612350223527873 -0.4127778225804677 0.06010318932721714 -0.19272190422565214 -0.03523910281584055 17418.0 46191.0 87157.0 133948.0 180480.0 222620.0 258238.00000000003 286681.0 308193.0 323482.0 333439.0 338969.0 340914.0 340014.0 336894.0 332077.0
1 1.0 312.52538065255715 88.56202381460534 -0.1745035995135158 -1.0612350223527873 -0.4127778225804677 0.06010318932721714 -0.19272190422565214 -0.03523910281584055 20837.0 55079.0 103299.0 157623.0 210811.0 258160.0 297426.0 328095.0 350660.0 366093.0 375524.0 380056.0 380688.0 378276.0 373536.0 367052.0
2 1.0 58.497456483494936 -45.10439260983878 -0.1745035995135158 -1.0612350223527873 -0.4127778225804677 0.06010318932721714 -0.19272190422565214 -0.03523910281584055 16001.000000000002 43123.0 82336.0 127678.99999999999 173236.0 214868.0 250355.0 278937.0 300763.0 316470.0 326893.0 332904.0 335323.0 334873.0 332177.0 327750.0
3 1.0 221.6014431421839 -70.9368921211982 -0.1745035995135158 -1.0612350223527873 -0.4127778225804677 0.06010318932721714 -0.19272190422565214 -0.03523910281584055 19375.0 50032.0 92619.0 140332.0 187032.0 228746.0 263557.0 291002.0 311462.0 325735.0 334759.0 339467.0 340705.0 339208.0 335595.0 330376.0
4 1.0 44.57519382579895 81.17146998997094 -0.1745035995135158 -1.0612350223527873 -0.4127778225804677 0.06010318932721714 -0.19272190422565214 -0.03523910281584055 22405.0 58223.0 107903.0 163230.0 216902.0 264303.0 303321.0 333563.0 355613.0 370506.0 379406.0 383442.0 383622.0 380805.0 375708.0 368911.0
5 1.0 305.2829625560044 -47.98435401574267 -0.1745035995135158 -1.0612350223527873 -0.4127778225804677 0.06010318932721714 -0.19272190422565214 -0.03523910281584055 27624.0 68323.0 122541.0 181213.0 236909.0 285238.0 324395.0 354260.0 375620.0 389648.0 397606.0 400676.0 399904.0 396170.0 390199.0 382579.0
6 1.0 290.63482514100383 34.15828771399508 -0.1745035995135158 -1.0612350223527873 -0.4127778225804677 0.06010318932721714 -0.19272190422565214 -0.03523910281584055 24743.0 64316.0 119114.0 179957.0 238732.0 290363.0 332578.0 365017.0 388390.0 403893.0 412847.0 416520.0 416032.0 412338.0 406224.0 398324.0
7 1.0 204.8762659012536 -79.49585538349405 -0.1745035995135158 -1.0612350223527873 -0.4127778225804677 0.06010318932721714 -0.19272190422565214 -0.03523910281584055 16756.0 44476.0 83978.0 129137.0 174091.0 214850.0 249352.0 276955.0 297885.0 312815.0 322596.0 328098.0 330129.0 329400.0 326515.0 321976.0
8 1.0 146.58598700135988 41.52763784294572 -0.1745035995135158 -1.0612350223527873 -0.4127778225804677 0.06010318932721714 -0.19272190422565214 -0.03523910281584055 26288.0 67568.0 124144.0 186455.0 246245.0 298452.0 340889.0 373292.0 396457.0 411642.0 420219.0 423485.0 422585.0 418485.0 411981.0 403712.0
9 1.0 24.900118363849696 68.70963822009114 -0.1745035995135158 -1.0612350223527873 -0.4127778225804677 0.06010318932721714 -0.19272190422565214 -0.03523910281584055 22433.0 57804.0 106541.0 160579.0 212846.0 258915.0 296789.0 326119.0 347493.0 361922.0 370541.0 374444.0 374607.0 371864.0 366906.0 360297.0
10 1.0 251.07435833204292 -40.96135881612675 -0.1745035995135158 -1.0612350223527873 -0.4127778225804677 0.06010318932721714 -0.19272190422565214 -0.03523910281584055 37491.0 87055.0 149129.0 212994.0 271020.0 319360.0 356937.0 384278.0 402655.0 413570.0 418489.0 418711.0 415338.0 409271.0 401234.0 391800.0
11 1.0 163.27536576410478 -21.76975870606286 -0.1745035995135158 -1.0612350223527873 -0.4127778225804677 0.06010318932721714 -0.19272190422565214 -0.03523910281584055 16141.0 43730.0 83657.0 129763.99999999999 175974.0 218068.0 253822.0 282502.0 304300.0 319891.0 330144.0 335956.0 338163.0 337501.0 334598.0 329977.0
12 1.0 259.94001580932525 -22.6266870022351 -0.1745035995135158 -1.0612350223527873 -0.4127778225804677 0.06010318932721714 -0.19272190422565214 -0.03523910281584055 46236.0 105504.0 178246.0 251685.0 317171.0 370649.0 411276.0 439972.0 458421.0 468486.0 471921.0 470251.0 464741.0 456412.0 446072.0 434351.0
13 1.0 311.8976373343065 44.781886357223954 -0.1745035995135158 -1.0612350223527873 -0.4127778225804677 0.06010318932721714 -0.19272190422565214 -0.03523910281584055 19204.0 51603.0 97968.0 150895.0 203302.0 250427.0 289885.0 321014.0 344185.0 360285.0 370385.0 375557.0 376780.0 374902.0 370638.0 364574.0
14 1.0 351.1877418010389 -47.19469634297301 -0.1745035995135158 -1.0612350223527873 -0.4127778225804677 0.06010318932721714 -0.19272190422565214 -0.03523910281584055 15487.0 42129.0 80982.0 126209.99999999999 171895.0 213825.0 249701.0 278698.0 300923.0 316984.0 327709.0 333968.0 336582.0 336282.0 333694.0 329343.0
15 1.0 308.08920326133995 -59.06644217142426 -0.1745035995135158 -1.0612350223527873 -0.4127778225804677 0.06010318932721714 -0.19272190422565214 -0.03523910281584055 23230.0 58898.0 107569.0 161287.0 213168.0 258919.0 296598.0 325863.0 347278.0 361823.0 370606.0 374697.0 375053.0 372499.0 367717.0 361268.0
16 1.0 4.21707030660071 -9.127503236207147 -0.1745035995135158 -1.0612350223527873 -0.4127778225804677 0.06010318932721714 -0.19272190422565214 -0.03523910281584055 14822.0 40296.0 77377.0 120465.0 163929.0 203789.0 237888.0 265463.0 286625.0 301956.0 312237.0 318290.0 320889.0 320723.0 318383.0 314362.0
17 1.0 129.592103212211 -35.19568667208249 -0.1745035995135158 -1.0612350223527873 -0.4127778225804677 0.06010318932721714 -0.19272190422565214 -0.03523910281584055 17530.0 47232.0 90034.0 139291.0 188494.0 233151.0 270918.0 301053.0 323797.0 339901.0 350320.0 356026.0 357925.0 356808.0 353347.0 348101.0
18 1.0 262.7966024726609 61.05404200655744 -0.1745035995135158 -1.0612350223527873 -0.4127778225804677 0.06010318932721714 -0.19272190422565214 -0.03523910281584055 19880.0 53352.0 101145.0 155558.0 209283.0 257444.99999999997 297633.0 329212.0 352603.0 368742.0 378748.0 383732.0 384703.0 382534.0 377955.0 371567.0
19 1.0 61.78668381411859 -47.20647131718502 -0.1745035995135158 -1.0612350223527873 -0.4127778225804677 0.06010318932721714 -0.19272190422565214 -0.03523910281584055 15827.999999999998 42762.0 81796.0 127017.99999999999 172526.0 214169.0 249710.0 278371.0 300287.0 316084.0 326593.0 332683.0 335171.0 334781.0 332136.0 327752.0
20 1.0 187.57317823348654 0.4301023480670665 -0.1745035995135158 -1.0612350223527873 -0.4127778225804677 0.06010318932721714 -0.19272190422565214 -0.03523910281584055 17886.0 47738.0 90254.0 138667.0 186572.0 229680.0 265846.0 294474.0 315893.0 330895.0 340438.0 345484.0 346916.0 345497.0 341875.0 336581.0
21 1.0 19.561675802131305 79.66504794562746 -0.1745035995135158 -1.0612350223527873 -0.4127778225804677 0.06010318932721714 -0.19272190422565214 -0.03523910281584055 21540.0 56307.0 104796.0 159034.0 211848.0 258652.0 297312.0 327389.0 349422.0 364402.0 373463.0 377708.0 378123.0 375558.0 370717.0 364175.0
22 1.0 71.99874896270403 24.119585594038938 -0.1745035995135158 -1.0612350223527873 -0.4127778225804677 0.06010318932721714 -0.19272190422565214 -0.03523910281584055 44033.0 100646.0 170263.0 240677.0 303579.0 355045.0 394226.0 421978.0 439896.0 449756.0 453236.0 451797.0 446653.0 438786.0 428973.0 417821.0
23 1.0 6.66784600582103 66.11209298324366 -0.1745035995135158 -1.0612350223527873 -0.4127778225804677 0.06010318932721714 -0.19272190422565214 -0.03523910281584055 20516.0 53707.0 100103.0 152129.0 202924.0 248073.0 285490.0 314719.0 336242.0 350990.0 360033.0 364421.0 365097.0 362874.0 358429.0 352317.0
24 1.0 285.7311732086714 79.23774408385813 -0.1745035995135158 -1.0612350223527873 -0.4127778225804677 0.06010318932721714 -0.19272190422565214 -0.03523910281584055 19553.0 52309.0 98955.0 151972.0 204266.0 251126.00000000003 290230.0 320975.0 343774.0 359535.0 369344.0 374275.0 375306.0 373281.0 368908.0 362768.0
25 1.0 80.61288770173685 45.13767513954335 -0.1745035995135158 -1.0612350223527873 -0.4127778225804677 0.06010318932721714 -0.19272190422565214 -0.03523910281584055 40289.0 93781.0 160822.0 229745.0 292244.0 344147.0 384314.0 413352.0 432675.0 443941.0 448757.0 448543.0 444498.0 437599.0 428627.0 418199.0
26 1.0 124.32660505088496 35.92351084045525 -0.1745035995135158 -1.0612350223527873 -0.4127778225804677 0.06010318932721714 -0.19272190422565214 -0.03523910281584055 35797.0 86822.0 153213.0 223447.0 288622.0 343843.0 387408.0 419579.0 441598.0 455069.0 461609.0 462688.0 459562.0 453272.0 444657.0 434382.0
27 1.0 334.1092656476127 84.23380198876086 -0.1745035995135158 -1.0612350223527873 -0.4127778225804677 0.06010318932721714 -0.19272190422565214 -0.03523910281584055 20465.0 54179.0 101733.0 155386.0 207990.0 254884.99999999997 293830.0 324301.0 346767.0 362178.0 371645.0 376255.0 376992.0 374704.0 370099.0 363755.0
28 1.0 253.5891846924718 88.99214213658229 -0.1745035995135158 -1.0612350223527873 -0.4127778225804677 0.06010318932721714 -0.19272190422565214 -0.03523910281584055 20890.0 55227.0 103585.0 158067.0 211412.0 258899.0 298278.0 329034.0 351660.0 367132.0 376582.0 381121.0 381747.0 379322.0 374562.0 368053.0
29 1.0 11.462014631270826 -8.672097119443265 -0.1745035995135158 -1.0612350223527873 -0.4127778225804677 0.06010318932721714 -0.19272190422565214 -0.03523910281584055 15166.0 40970.0 78313.0 121511.0 164926.0 204616.0 238472.0 265769.0 286651.0 301717.0 311760.0 317606.0 320030.0 319720.0 317264.0 313153.0
0 1.0 59.289896339248585 -77.2434399268425 -0.1745035995135158 -1.0612350223527873 -0.4127778225804677 0.06010318932721714 -0.19272190422565214 -0.03523910281584055 14102.0 38650.0 74739.0 117058.0 160104.0 199890.0 234182.0 262125.0 283750.0 299580.0 310356.0 316873.0 319895.0 320103.0 318089.0 314347.0
1 1.0 223.73222453991488 -37.29707434070661 -0.1745035995135158 -1.0612350223527873 -0.4127778225804677 0.06010318932721714 -0.19272190422565214 -0.03523910281584055 28495.0 68641.0 120851.0 176311.0 228168.0 272582.0 308130.0 334898.0 353750.0 365855.0 372420.0 374560.0 373245.0 369282.0 363337.0 355939.0
2 1.0 207.80229189750034 -62.57615297620852 -0.1745035995135158 -1.0612350223527873 -0.4127778225804677 0.06010318932721714 -0.19272190422565214 -0.03523910281584055 19305.0 49804.0 92124.0 139485.0 185795.0 227121.0 261577.99999999997 288718.0 308931.0 323012.0 331898.0 336513.0 337697.0 336179.0 332571.0 327377.0
3 1.0 85.64141569482311 -14.852452536717877 -0.1745035995135158 -1.0612350223527873 -0.4127778225804677 0.06010318932721714 -0.19272190422565214 -0.03523910281584055 33241.0 79840.0 140180.0 203974.0 263319.0 313851.0 354015.0 383990.0 404832.0 417933.0 424714.0 426475.0 424338.0 419236.0 411931.0 403029.0
4 1.0 336.3170392529258 -66.36792087481392 -0.1745035995135158 -1.0612350223527873 -0.4127778225804677 0.06010318932721714 -0.19272190422565214 -0.03523910281584055 17182.0 45826.0 86817.0 133816.0 180695.0 223250.0 259291.0 288125.0 309974.0 325539.0 335708.0 341395.0 343447.0 342612.0 339525.0 334712.0
5 1.0 221.02774414772256 18.741204723758756 -0.1745035995135158 -1.0612350223527873 -0.4127778225804677 0.06010318932721714 -0.19272190422565214 -0.03523910281584055 24285.0 61974.0 113426.0 170034.0 224413.0 272031.0 310916.0 340803.0 362376.0 376738.0 385100.0 388616.0 388308.0 385044.0 379540.0 372377.0
6 1.0 192.827809088985 -21.094549351586267 -0.1745035995135158 -1.0612350223527873 -0.4127778225804677 0.06010318932721714 -0.19272190422565214 -0.03523910281584055 18412.0 48292.0 90255.0 137575.0 184071.0 225692.0 260465.99999999997 287892.0 308338.0 322595.0 331604.0 336299.0 337529.0 336031.0 332427.0 327224.0
7 1.0 212.36759148764554 71.1694591718778 -0.1745035995135158 -1.0612350223527873 -0.4127778225804677 0.06010318932721714 -0.19272190422565214 -0.03523910281584055 19815.0 53156.0 100736.0 154887.0 208338.0 256245.99999999997 296220.0 327633.0 350904.0 366966.0 376932.0 381904.0 382887.0 380747.0 376210.0 369872.0
8 1.0 262.8439306260371 84.20304092373033 -0.1745035995135158 -1.0612350223527873 -0.4127778225804677 0.06010318932721714 -0.19272190422565214 -0.03523910281584055 20130.0 53608.0 101077.0 154842.0 207716.0 254966.00000000003 294290.0 325119.0 347899.0 363571.0 373243.0 378008.0 378858.0 376645.0 372085.0 365762.0
9 1.0 112.30019837265667 8.43928230049599 -0.1745035995135158 -1.0612350223527873 -0.4127778225804677 0.06010318932721714 -0.19272190422565214 -0.03523910281584055 39980.0 94916.0 165034.0 238120.0 305116.0 361257.0 405059.0 436994.0 458474.0 471225.0 476951.0 477180.0 473205.0 466089.0 456684.0 445664.0
10 1.0 143.35958239779308 -40.531757423832616 -0.1745035995135158 -1.0612350223527873 -0.4127778225804677 0.06010318932721714 -0.19272190422565214 -0.03523910281584055 15512.0 42239.0 81188.0 126470.0 172145.0 214009.0 249783.0 278661.0 300764.0 316713.0 327339.0 333516.0 336063.0 335712.0 333086.0 328708.0
11 1.0 75.54374963104397 16.601475377130626 -0.1745035995135158 -1.0612350223527873 -0.4127778225804677 0.06010318932721714 -0.19272190422565214 -0.03523910281584055 44953.0 102706.0 173689.0 245451.0 309530.0 361937.0 401819.0 430056.0 448276.0 458289.0 461806.0 460313.0 455046.0 447006.0 436983.0 425594.0
12 1.0 67.02948211692102 71.41700848039378 -0.1745035995135158 -1.0612350223527873 -0.4127778225804677 0.06010318932721714 -0.19272190422565214 -0.03523910281584055 26298.0 66145.0 119837.0 178318.0 234024.0 282437.0 321677.0 351592.0 372963.0 386975.0 394898.0 397928.0 397116.0 393349.0 387356.0 379725.0
13 1.0 339.9740603942161 -16.787997749565307 -0.1745035995135158 -1.0612350223527873 -0.4127778225804677 0.06010318932721714 -0.19272190422565214 -0.03523910281584055 17097.0 46186.0 88227.0 136734.0 185305.0 229491.0 266949.0 296914.0 319600.0 335730.0 346232.0 352063.0 354110.0 353157.0 349867.0 344792.0
14 1.0 266.2382862177435 9.374089804554757 -0.1745035995135158 -1.0612350223527873 -0.4127778225804677 0.06010318932721714 -0.19272190422565214 -0.03523910281584055 40669.0 96006.0 166242.0 239125.0 305685.0 361276.0 404512.0 435924.0 456956.0 469345.0 474792.0 474816.0 470701.0 463497.0 454048.0 443017.0
15 1.0 176.56517110232414 -41.10250183089374 -0.1745035995135158 -1.0612350223527873 -0.4127778225804677 0.06010318932721714 -0.19272190422565214 -0.03523910281584055 15895.0 42652.0 81089.0 125261.00000000001 169391.0 209508.0 243540.0 270819.0 291547.0 306372.0 316125.0 321657.0 323763.0 323142.0 320388.0 315997.0
16 1.0 81.86926607039636 -8.020053098995149 -0.1745035995135158 -1.0612350223527873 -0.4127778225804677 0.06010318932721714 -0.19272190422565214 -0.03523910281584055 37025.0 87253.0 151079.0 217524.0 278507.0 329781.0 370011.0 399592.0 419756.0 432025.0 437905.0 438755.0 435732.0 429790.0 421699.0 412071.0
17 1.0 91.56833343734147 -17.69156363167224 -0.1745035995135158 -1.0612350223527873 -0.4127778225804677 0.06010318932721714 -0.19272190422565214 -0.03523910281584055 31573.999999999996 76745.0 135882.0 198944.0 258023.99999999997 308644.0 349120.0 379525.0 400843.0 414418.0 421645.0 423812.0 422036.0 417252.0 410222.0 401558.0
18 1.0 20.89049771659522 -45.28557628506522 -0.1745035995135158 -1.0612350223527873 -0.4127778225804677 0.06010318932721714 -0.19272190422565214 -0.03523910281584055 13924.0 38251.0 74095.0 116201.0 159095.0 198791.0 233048.0 260996.0 282653.0 298532.0 309365.0 315944.0 319026.0 319294.0 317336.0 313647.0
19 1.0 156.3899852009235 1.0559490885555078 -0.1745035995135158 -1.0612350223527873 -0.4127778225804677 0.06010318932721714 -0.19272190422565214 -0.03523910281584055 19113.0 51298.0 97353.0 149951.0 202071.0 248981.0 288298.0 319353.0 342503.0 358620.0 368764.0 373997.0 375292.0 373491.0 369305.0 363318.0
20 1.0 112.24651751787692 -34.13145132363395 -0.1745035995135158 -1.0612350223527873 -0.4127778225804677 0.06010318932721714 -0.19272190422565214 -0.03523910281584055 20316.0 53489.0 100244.0 153090.0 205070.0 251595.0 290413.0 320948.0 343609.0 359297.0 369078.0 374013.0 375069.0 373080.0 368750.0 362654.0
21 1.0 250.6836559735654 -22.85372450146545 -0.1745035995135158 -1.0612350223527873 -0.4127778225804677 0.06010318932721714 -0.19272190422565214 -0.03523910281584055 43729.0 100000.0 169234.0 239295.0 301911.0 353168.0 392213.0 419889.0 437781.0 447652.0 451171.0 449792.0 444722.0 436938.0 427214.0 416152.0
22 1.0 135.99066214529313 4.494679605767573 -0.1745035995135158 -1.0612350223527873 -0.4127778225804677 0.06010318932721714 -0.19272190422565214 -0.03523910281584055 26779.0 68441.0 125308.0 187777.0 247614.0 299798.0 342174.0 374501.0 397587.0 412697.0 421204.0 424407.0 423451.0 419302.0 412753.0 404444.0
23 1.0 64.65732392146853 45.10710412721775 -0.1745035995135158 -1.0612350223527873 -0.4127778225804677 0.06010318932721714 -0.19272190422565214 -0.03523910281584055 36601.0 85855.0 148115.0 212617.0 271538.0 320840.0 359321.0 387438.0 406442.0 417840.0 423109.0 423571.0 420348.0 414359.0 406343.0 396885.0
24 1.0 8.884342220879242 -29.968656157570443 -0.1745035995135158 -1.0612350223527873 -0.4127778225804677 0.06010318932721714 -0.19272190422565214 -0.03523910281584055 14192.0 38876.0 75114.0 117545.0 160640.0 200411.0 234641.0 262491.0 284007.0 299724.0 310390.0 316808.0 319741.0 319872.0 317793.0 313998.0
25 1.0 24.20986732676949 76.34857799173744 -0.1745035995135158 -1.0612350223527873 -0.4127778225804677 0.06010318932721714 -0.19272190422565214 -0.03523910281584055 21950.0 57067.0 105817.0 160162.0 212939.0 259608.0 298080.0 327952.0 349784.0 364579.0 373478.0 377583.0 377883.0 375223.0 370305.0 363701.0
26 1.0 244.58139845948423 65.21733843046243 -0.1745035995135158 -1.0612350223527873 -0.4127778225804677 0.06010318932721714 -0.19272190422565214 -0.03523910281584055 19582.0 52646.0 99928.0 153827.0 207101.0 254908.00000000003 294842.0 326259.0 349564.0 365679.0 375707.0 380746.0 381796.0 379722.0 375248.0 368968.0
27 1.0 163.33086404017632 -81.23574672440486 -0.1745035995135158 -1.0612350223527873 -0.4127778225804677 0.06010318932721714 -0.19272190422565214 -0.03523910281584055 15295.0 41259.0 78827.0 122305.0 166036.0 206052.0 240221.0 267803.0 288929.0 304196.0 314396.0 320358.0 322861.0 322598.0 320161.0 316047.0
28 1.0 193.16851599914 -44.3443456337719 -0.1745035995135158 -1.0612350223527873 -0.4127778225804677 0.06010318932721714 -0.19272190422565214 -0.03523910281584055 18071.0 47229.0 88120.0 134237.0 179598.0 220276.0 254343.0 281294.0 301465.0 315610.0 324631.0 329428.0 330823.0 329533.0 326161.0 321205.0
29 1.0 322.80166549452315 -9.695607721343649 -0.1745035995135158 -1.0612350223527873 -0.4127778225804677 0.06010318932721714 -0.19272190422565214 -0.03523910281584055 22786.0 59340.0 110222.0 167078.0 222398.0 271382.0 311793.0 343178.0 366106.0 381626.0 390932.0 395187.0 395434.0 392564.0 387321.0 380308.0
0 1.0 356.52202106281356 -71.16698002635466 -0.1745035995135158 -1.0612350223527873 -0.4127778225804677 0.06010318932721714 -0.19272190422565214 -0.03523910281584055 15335.0 41574.0 79733.0 124075.0 168819.0 209868.0 244992.0 273394.0 295181.0 310951.0 321509.0 327701.0 330327.0 330100.0 327631.0 323431.0
1 1.0 78.08291438345061 -27.274321973970522 -0.1745035995135158 -1.0612350223527873 -0.4127778225804677 0.06010318932721714 -0.19272190422565214 -0.03523910281584055 24988.0 62701.99999999999 113650.0 169418.0 222891.0 269728.0 308039.0 337570.0 358976.0 373319.0 381768.0 385442.0 385334.0 382292.0 377018.0 370083.0
2 1.0 238.70815311603627 43.21755461118286 -0.1745035995135158 -1.0612350223527873 -0.4127778225804677 0.06010318932721714 -0.19272190422565214 -0.03523910281584055 22358.0 58798.0 109831.0 167035.0 222770.0 272140.0 312860.0 344465.0 367530.0 383120.0 392447.0 396687.0 396895.0 393971.0 388664.0 381584.0
3 1.0 94.79605562537424 32.49260660570866 -0.1745035995135158 -1.0612350223527873 -0.4127778225804677 0.06010318932721714 -0.19272190422565214 -0.03523910281584055 45786.0 105453.0 179366.0 254560.0 322062.0 377541.0 419976.0 450205.0 469886.0 480897.0 485022.0 483822.0 478600.0 470410.0 460091.0 448298.0
4 1.0 7.434359807662325 22.02919714188087 -0.1745035995135158 -1.0612350223527873 -0.4127778225804677 0.06010318932721714 -0.19272190422565214 -0.03523910281584055 17128.0 45449.0 85668.0 131436.0 176762.0 217630.0 252020.00000000003 279353.0 299916.0 314435.0 323797.0 328895.0 330552.0 329485.0 326301.0 321503.0
5 1.0 273.01631538101094 37.895112490022214 -0.1745035995135158 -1.0612350223527873 -0.4127778225804677 0.06010318932721714 -0.19272190422565214 -0.03523910281584055 25566.0 66016.0 121690.0 183213.0 242414.0 294241.0 336478.0 368821.0 392028.0 407323.0 416055.0 419501.0 418795.0 414894.0 408587.0 400509.0
6 1.0 115.20617429608842 -53.113736347253685 -0.1745035995135158 -1.0612350223527873 -0.4127778225804677 0.06010318932721714 -0.19272190422565214 -0.03523910281584055 15204.0 41494.0 79945.0 124806.0 170205.0 211943.0 247711.0 276667.0 298900.0 315005.0 325796.0 332134.0 334834.0 334623.0 332124.0 327859.0
7 1.0 138.04700190188328 -28.494339324348218 -0.1745035995135158 -1.0612350223527873 -0.4127778225804677 0.06010318932721714 -0.19272190422565214 -0.03523910281584055 17720.0 47751.0 91005.0 140743.0 190380.0 235383.0 273397.0 303688.0 326511.0 342635.0 353027.0 358676.0 360495.0 359285.0 355723.0 350372.0
8 1.0 211.79416087929806 31.723646809943318 -0.1745035995135158 -1.0612350223527873 -0.4127778225804677 0.06010318932721714 -0.19272190422565214 -0.03523910281584055 20592.0 54495.0 102300.0 156218.0 209067.0 256164.0 295267.0 325849.0 348386.0 363837.0 373317.0 377920.0 378636.0 376317.0 371672.0 365283.0
9 1.0 299.17744388502854 68.26225734563889 -0.1745035995135158 -1.0612350223527873 -0.4127778225804677 0.06010318932721714 -0.19272190422565214 -0.03523910281584055 18957.0 50967.0 96765.0 149018.0 200729.0 247204.0 286101.0 316777.0 339606.0 355467.0 365418.0 370516.0 371727.0 369886.0 365695.0 359732.0
10 1.0 226.43346369281355 7.86204968905713 -0.1745035995135158 -1.0612350223527873 -0.4127778225804677 0.06010318932721714 -0.19272190422565214 -0.03523910281584055 28584.0 70371.0 125642.0 185004.0 240919.0 289047.0 327701.0 356882.0 377481.0 390744.0 397976.0 400388.0 399035.0 394801.0 388408.0 380437.0
11 1.0 314.1542359610623 -39.11406282980341 -0.1745035995135158 -1.0612350223527873 -0.4127778225804677 0.06010318932721714 -0.19272190422565214 -0.03523910281584055 26355.0 66108.0 119714.0 178245.0 234194.0 283020.0 322781.0 353260.0 375188.0 389713.0 398085.0 401492.0 400983.0 397451.0 391629.0 384116.0
12 1.0 98.47513253362888 -84.55765355892314 -0.1745035995135158 -1.0612350223527873 -0.4127778225804677 0.06010318932721714 -0.19272190422565214 -0.03523910281584055 14748.0 40080.0 77009.0 120012.0 163493.0 203465.0 237745.0 265537.0 286925.0 302473.0 312951.0 319175.0 321917.0 321867.0 319619.0 315668.0
13 1.0 287.29686020852296 37.8606292153584 -0.1745035995135158 -1.0612350223527873 -0.4127778225804677 0.06010318932721714 -0.19272190422565214 -0.03523910281584055 24030.0 62769.00000000001 116653.0 176693.0 234865.0 286102.0 328106.0 360477.0 383885.0 399492.0 408597.0 412446.0 412150.0 408652.0 402732.0 395022.0
14 1.0 66.8289399501428 -88.58086136848073 -0.1745035995135158 -1.0612350223527873 -0.4127778225804677 0.06010318932721714 -0.19272190422565214 -0.03523910281584055 15344.0 41444.0 79266.0 123098.0 167235.0 207663.0 242216.0 270130.0 291530.0 307010.0 317368.0 323437.0 326005.0 325772.0 323337.0 319201.0
15 1.0 343.0049965099 -22.9177674322208 -0.1745035995135158 -1.0612350223527873 -0.4127778225804677 0.06010318932721714 -0.19272190422565214 -0.03523910281584055 16541.0 44807.0 85797.0 133243.0 180898.0 224383.0 261363.99999999997 291051.0 313620.0 329755.0 340352.0 346339.0 348583.0 347850.0 344794.0 339957.0
16 1.0 247.4957794996135 5.496698621300723 -0.1745035995135158 -1.0612350223527873 -0.4127778225804677 0.06010318932721714 -0.19272190422565214 -0.03523910281584055 38609.0 90879.0 157100.0 225771.0 288503.0 340957.0 381837.0 411637.0 431699.0 443642.0 449051.0 449344.0 445721.0 439168.0 430473.0 420262.0
17 1.0 77.58276376088104 75.98006311809476 -0.1745035995135158 -1.0612350223527873 -0.4127778225804677 0.06010318932721714 -0.19272190422565214 -0.03523910281584055 25070.0 63826.99999999999 116602.0 174532.0 230056.0 278567.0 318083.0 348367.0 370143.0 384557.0 392858.0 396231.0 395724.0 392222.0 386459.0 379024.0
18 1.0 341.0534125760127 -73.89098189407798 -0.1745035995135158 -1.0612350223527873 -0.4127778225804677 0.06010318932721714 -0.19272190422565214 -0.03523910281584055 16330.0 43813.0 83376.0 128969.0 174650.0 216293.0 251712.0 280178.0 301864.0 317423.0 327703.0 333582.0 335881.0 335326.0 332538.0 328032.0
19 1.0 263.1080904372568 -16.930382045708924 -0.1745035995135158 -1.0612350223527873 -0.4127778225804677 0.06010318932721714 -0.19272190422565214 -0.03523910281584055 47343.0 108097.0 182687.0 257998.99999999997 325147.0 379962.0 421582.0 450954.0 469812.0 480070.0 483531.0 481761.0 476059.0 467474.0 456833.0 444783.0
20 1.0 91.4189913342093 -85.6236240521716 -0.1745035995135158 -1.0612350223527873 -0.4127778225804677 0.06010318932721714 -0.19272190422565214 -0.03523910281584055 14891.0 40416.0 77581.0 120815.0 164493.0 204617.0 239003.0 266861.0 288283.0 303841.0 314310.0 320512.0 323223.0 323136.0 320846.0 316851.0
21 1.0 76.79231185229351 -28.33002281851374 -0.1745035995135158 -1.0612350223527873 -0.4127778225804677 0.06010318932721714 -0.19272190422565214 -0.03523910281584055 24277.0 61195.0 111284.0 166304.0 219220.0 265697.0 303821.0 333298.0 354746.0 369196.0 377795.0 381643.0 381722.0 378871.0 373785.0 367033.0
22 1.0 186.55225701503878 22.00159059116308 -0.1745035995135158 -1.0612350223527873 -0.4127778225804677 0.06010318932721714 -0.19272190422565214 -0.03523910281584055 18494.0 49702.0 94363.0 145355.0 195873.0 241339.0 279459.0 309588.0 332076.0 347765.0 357678.0 362840.0 364188.0 362535.0 358568.0 352850.0
23 1.0 9.238578499631366 -39.767769318852295 -0.1745035995135158 -1.0612350223527873 -0.4127778225804677 0.06010318932721714 -0.19272190422565214 -0.03523910281584055 14065.0 38621.0 74772.0 117203.0 160391.0 200327.0 234760.0 262826.0 284552.0 300459.0 311291.0 317846.0 320890.0 321107.0 319092.0 315342.0
24 1.0 74.68922715879938 -52.245009061985684 -0.1745035995135158 -1.0612350223527873 -0.4127778225804677 0.06010318932721714 -0.19272190422565214 -0.03523910281584055 15476.0 42032.0 80711.0 125698.0 171116.0 212789.0 248442.0 277259.0 299350.0 315320.0 325991.0 332225.0 334839.0 334557.0 332001.0 327692.0
25 1.0 152.88676875054225 -69.17341800112314 -0.1745035995135158 -1.0612350223527873 -0.4127778225804677 0.06010318932721714 -0.19272190422565214 -0.03523910281584055 14649.0 39820.0 76498.0 119179.0 162302.0 201917.0 235869.0 263377.0 284535.0 299906.0 310259.0 316402.0 319102.0 319042.0 316807.0 312891.0
26 1.0 134.7011929203212 13.88524392366152 -0.1745035995135158 -1.0612350223527873 -0.4127778225804677 0.06010318932721714 -0.19272190422565214 -0.03523910281584055 29547.0 74352.0 134623.0 200057.0 262100.0 315698.0 358809.0 391343.0 414256.0 428936.0 436849.0 439364.0 437672.0 432773.0 425483.0 416456.0
27 1.0 166.88715277133184 35.14860106284348 -0.1745035995135158 -1.0612350223527873 -0.4127778225804677 0.06010318932721714 -0.19272190422565214 -0.03523910281584055 20699.0 55258.0 104355.0 160020.0 214777.0 263691.0 304360.0 336188.0 359647.0 375720.0 385566.0 390327.0 391037.0 388586.0 383716.0 377036.0
28 1.0 99.94633426610349 30.95228530724802 -0.1745035995135158 -1.0612350223527873 -0.4127778225804677 0.06010318932721714 -0.19272190422565214 -0.03523910281584055 45413.0 105007.0 179122.0 254768.0 322867.0 378983.0 422021.0 452774.0 472884.0 484227.0 488594.0 487557.0 482432.0 474287.0 463970.0 452146.0
29 1.0 211.24236472494076 80.79498372969132 -0.1745035995135158 -1.0612350223527873 -0.4127778225804677 0.06010318932721714 -0.19272190422565214 -0.03523910281584055 20351.0 54229.0 102283.0 156715.0 210238.0 258054.99999999997 297832.0 328996.0 352002.0 367807.0 377538.0 382303.0 383107.0 380816.0 376154.0 369713.0
0 1.0 310.9880181323633 -89.51342149916951 -0.1745035995135158 -1.0612350223527873 -0.4127778225804677 0.06010318932721714 -0.19272190422565214 -0.03523910281584055 15657.999999999998 42143.0 80392.0 124590.0 168988.0 209565.0 244171.0 272068.0 293402.0 308787.0 319033.0 324985.0 327436.0 327090.0 324547.0 320312.0
1 1.0 42.31146814633191 26.49539770092649 -0.1745035995135158 -1.0612350223527873 -0.4127778225804677 0.06010318932721714 -0.19272190422565214 -0.03523910281584055 29087.0 69929.0 122923.0 179092.0 231502.0 276291.0 312053.0 338904.0 357741.0 369762.0 376196.0 378176.0 376683.0 372538.0 366407.0 358828.0
2 1.0 186.2564785754811 18.070602677575124 -0.1745035995135158 -1.0612350223527873 -0.4127778225804677 0.06010318932721714 -0.19272190422565214 -0.03523910281584055 18336.0 49249.0 93474.0 143967.0 193996.0 239036.0 276815.0 306694.0 329016.0 344610.0 354487.0 359657.0 361047.0 359461.0 355578.0 349956.0
3 1.0 47.54451828425519 15.973129794651868 -0.1745035995135158 -1.0612350223527873 -0.4127778225804677 0.06010318932721714 -0.19272190422565214 -0.03523910281584055 30827.0 73342.0 127963.0 185405.0 238650.0 283882.0 319788.0 346574.0 365212.0 376952.0 383063.0 384701.0 382864.0 378381.0 371925.0 364036.0
4 1.0 258.06948522933374 83.29865757124364 -0.1745035995135158 -1.0612350223527873 -0.4127778225804677 0.06010318932721714 -0.19272190422565214 -0.03523910281584055 20040.0 53428.0 100816.0 154530.0 207385.0 254643.0 293991.0 324852.0 347668.0 363376.0 373082.0 377878.0 378754.0 376565.0 372026.0 365721.0
5 1.0 142.58149301062573 -86.96309879339286 -0.1745035995135158 -1.0612350223527873 -0.4127778225804677 0.06010318932721714 -0.19272190422565214 -0.03523910281584055 15299.0 41316.0 79009.0 122680.0 166646.0 206911.0 241318.0 269112.0 290416.0 305825.0 316133.0 322171.0 324724.0 324488.0 322060.0 317939.0
6 1.0 203.55167226906323 35.36683752626102 -0.1745035995135158 -1.0612350223527873 -0.4127778225804677 0.06010318932721714 -0.19272190422565214 -0.03523910281584055 19562.0 52300.0 98897.0 151839.0 204044.0 250815.0 289839.0 320516.0 343260.0 358982.0 368764.0 373678.0 374701.0 372674.0 368306.0 362174.0
7 1.0 65.9807410370683 56.462156946335426 -0.1745035995135158 -1.0612350223527873 -0.4127778225804677 0.06010318932721714 -0.19272190422565214 -0.03523910281584055 32347.0 77815.0 136687.0 198867.0 256612.99999999997 305676.0 344569.0 373499.0 393527.0 406028.0 412401.0 413918.0 411674.0 406580.0 399372.0 390638.0
8 1.0 52.1451933636158 1.7652953918851466 -0.1745035995135158 -1.0612350223527873 -0.4127778225804677 0.06010318932721714 -0.19272190422565214 -0.03523910281584055 29978.0 71766.0 125804.0 182953.0 236200.0 281664.0 317944.0 345177.0 364279.0 376468.0 382990.0 384995.0 383476.0 379263.0 373034.0 365332.0
9 1.0 175.70026103362363 -29.886323472574354 -0.1745035995135158 -1.0612350223527873 -0.4127778225804677 0.06010318932721714 -0.19272190422565214 -0.03523910281584055 16055.0 43172.0 82165.0 126985.99999999999 171748.0 212412.0 246871.0 274457.0 295382.0 310315.0 320104.0 325620.0 327670.0 326966.0 324111.0 319609.0
10 1.0 128.020585625984 52.35122938093289 -0.1745035995135158 -1.0612350223527873 -0.4127778225804677 0.06010318932721714 -0.19272190422565214 -0.03523910281584055 30864.0 76637.0 137490.0 202975.0 264640.0 317607.0 359987.0 391799.0 414057.0 428176.0 435629.0 437779.0 435807.0 430701.0 423263.0 414136.0
11 1.0 338.5555002910127 -72.49627338616357 -0.1745035995135158 -1.0612350223527873 -0.4127778225804677 0.06010318932721714 -0.19272190422565214 -0.03523910281584055 16587.0 44407.0 84373.0 130351.0 176347.0 218220.0 253786.0 282329.0 304037.0 319578.0 329812.0 335625.0 337846.0 337208.0 334332.0 329739.0
12 1.0 275.5170913705075 -10.43358520861345 -0.1745035995135158 -1.0612350223527873 -0.4127778225804677 0.06010318932721714 -0.19272190422565214 -0.03523910281584055 46512.0 107312.0 182767.0 259649.00000000003 328755.0 385615.0 429149.0 460188.0 480417.0 491750.0 496013.0 494807.0 489468.0 481080.0 470504.0 458412.0
13 1.0 269.51890314619703 3.5914274227508827 -0.1745035995135158 -1.0612350223527873 -0.4127778225804677 0.06010318932721714 -0.19272190422565214 -0.03523910281584055 43315.0 101205.0 173948.0 248817.0 316705.0 373022.0 416511.0 447838.0 468559.0 480494.0 485409.0 484864.0 480171.0 472400.0 462403.0 450852.0
14 1.0 325.33910630853603 34.91215396821855 -0.1745035995135158 -1.0612350223527873 -0.4127778225804677 0.06010318932721714 -0.19272190422565214 -0.03523910281584055 18234.0 49129.0 93508.0 144360.0 194916.0 240572.0 278981.0 309449.0 332286.0 348307.0 358519.0 363940.0 365506.0 364031.0 360205.0 354595.0
15 1.0 30.032076759126678 -73.6405682341663 -0.1745035995135158 -1.0612350223527873 -0.4127778225804677 0.06010318932721714 -0.19272190422565214 -0.03523910281584055 14208.0 38926.0 75252.0 117838.0 161146.0 201161.0 235640.0 263724.0 285446.0 301335.0 312139.0 318661.0 321667.0 321846.0 319792.0 316003.0
16 1.0 198.78928917206636 -49.00328972318503 -0.1745035995135158 -1.0612350223527873 -0.4127778225804677 0.06010318932721714 -0.19272190422565214 -0.03523910281584055 18997.0 49151.0 91069.0 138027.0 183969.0 224976.0 259170.99999999997 286104.0 306162.0 320135.0 328953.0 333532.0 334707.0 333201.0 329622.0 324471.0
17 1.0 210.4113848240768 -16.14571871577739 -0.1745035995135158 -1.0612350223527873 -0.4127778225804677 0.06010318932721714 -0.19272190422565214 -0.03523910281584055 23852.0 59694.0 107926.0 160521.0 210768.0 254628.00000000003 290385.0 317855.0 337691.0 350914.0 358637.0 361913.0 361677.0 358720.0 353697.0 347139.0
18 1.0 346.2970962770024 22.193041143623518 -0.1745035995135158 -1.0612350223527873 -0.4127778225804677 0.06010318932721714 -0.19272190422565214 -0.03523910281584055 16358.000000000002 44228.0 84459.0 130809.00000000001 177161.0 219292.0 254998.0 283572.0 305229.0 320660.0 330750.0 336404.0 338463.0 337667.0 334645.0 329920.0
19 1.0 105.17310964531758 69.65294061913514 -0.1745035995135158 -1.0612350223527873 -0.4127778225804677 0.06010318932721714 -0.19272190422565214 -0.03523910281584055 27677.0 69475.0 125646.00000000001 186657.0 244603.0 294803.0 335341.0 366105.0 387949.0 402133.0 409998.0 412802.0 411643.0 407449.0 400975.0 392834.0
20 1.0 86.69836076956085 21.388710283447764 -0.1745035995135158 -1.0612350223527873 -0.4127778225804677 0.06010318932721714 -0.19272190422565214 -0.03523910281584055 47483.0 108461.0 183357.0 259000.0 326457.0 381538.0 423367.0 452896.0 471861.0 482186.0 485682.0 483921.0 478208.0 469597.0 458920.0 446826.0
21 1.0 36.10581921557922 -65.9769352317118 -0.1745035995135158 -1.0612350223527873 -0.4127778225804677 0.06010318932721714 -0.19272190422565214 -0.03523910281584055 13841.0 38083.0 73861.0 115955.0 158895.0 198682.0 233056.0 261131.0 282913.0 298905.0 309837.0 316499.0 319649.0 319970.0 318051.0 314390.0
22 1.0 5.9146666529307135 86.50442390171082 -0.1745035995135158 -1.0612350223527873 -0.4127778225804677 0.06010318932721714 -0.19272190422565214 -0.03523910281584055 21068.0 55505.0 103858.0 158212.0 211339.0 258568.00000000003 297685.0 328201.0 350623.0 365931.0 375256.0 379705.0 380271.0 377811.0 373036.0 366529.0
23 1.0 334.6305540451886 66.92143225598872 -0.1745035995135158 -1.0612350223527873 -0.4127778225804677 0.06010318932721714 -0.19272190422565214 -0.03523910281584055 18896.0 50479.0 95429.0 146531.0 196979.0 242244.0 280086.0 309910.0 332098.0 347513.0 357187.0 362148.0 363333.0 361553.0 357489.0 351701.0
24 1.0 241.16995677272763 0.4897370061583217 -0.1745035995135158 -1.0612350223527873 -0.4127778225804677 0.06010318932721714 -0.19272190422565214 -0.03523910281584055 37557.0 88280.0 152487.0 219051.0 279867.0 330744.0 370430.0 399399.0 418945.0 430629.0 435983.0 436374.0 432964.0 426704.0 418359.0 408534.0
25 1.0 282.6550483283296 76.02263672339393 -0.1745035995135158 -1.0612350223527873 -0.4127778225804677 0.06010318932721714 -0.19272190422565214 -0.03523910281584055 19335.0 51860.0 98286.0 151150.0 203373.0 250230.99999999997 289383.0 320205.0 343093.0 358948.0 368846.0 373858.0 374961.0 372999.0 368680.0 362586.0
26 1.0 101.42283807142167 7.448542876284435 -0.1745035995135158 -1.0612350223527873 -0.4127778225804677 0.06010318932721714 -0.19272190422565214 -0.03523910281584055 43653.0 101720.0 174526.0 249358.0 317155.0 373370.0 416768.0 448024.0 468694.0 480599.0 485497.0 484945.0 480252.0 472484.0 462494.0 450950.0
27 1.0 211.1076598270776 76.19509222004936 -0.1745035995135158 -1.0612350223527873 -0.4127778225804677 0.06010318932721714 -0.19272190422565214 -0.03523910281584055 20077.0 53692.0 101528.0 155849.0 209372.0 257269.00000000003 297177.0 328491.0 351651.0 367601.0 377460.0 382336.0 383234.0 381020.0 376421.0 370030.0
28 1.0 23.023895803553206 59.38152634860177 -0.1745035995135158 -1.0612350223527873 -0.4127778225804677 0.06010318932721714 -0.19272190422565214 -0.03523910281584055 22469.0 57524.0 105586.0 158697.0 209948.0 255048.0 292080.0 320732.0 341594.0 355667.0 364063.0 367853.0 367991.0 365291.0 360428.0 353951.0
29 1.0 174.82593453646425 84.29155385297352 -0.1745035995135158 -1.0612350223527873 -0.4127778225804677 0.06010318932721714 -0.19272190422565214 -0.03523910281584055 21254.0 56137.0 105208.0 160434.0 214447.0 262474.0 302249.0 333266.0 356040.0 371569.0 381007.0 385482.0 386008.0 383457.0 378556.0 371897.0
0 1.0 351.89825030800085 75.5609059400685 -0.1745035995135158 -1.0612350223527873 -0.4127778225804677 0.06010318932721714 -0.19272190422565214 -0.03523910281584055 20184.0 53328.0 100016.0 152657.0 204261.0 250274.0 288508.0 318449.0 340554.0 355751.0 365121.0 369728.0 370534.0 368366.0 363919.0 357758.0
1 1.0 315.54188831397266 -83.5139128628575 -0.1745035995135158 -1.0612350223527873 -0.4127778225804677 0.06010318932721714 -0.19272190422565214 -0.03523910281584055 16497.0 44054.0 83554.0 128921.00000000001 174256.0 215494.0 250504.0 278593.0 299956.0 315252.0 325329.0 331059.0 333258.0 332643.0 329828.0 325323.0
2 1.0 121.73722266126443 -58.54103925103081 -0.1745035995135158 -1.0612350223527873 -0.4127778225804677 0.06010318932721714 -0.19272190422565214 -0.03523910281584055 14520.0 39767.0 76818.0 120183.0 164202.0 204799.0 239709.0 268081.0 289970.0 305927.0 316723.0 323180.0 326081.0 326128.0 323924.0 319975.0
3 1.0 346.16525563493946 -19.95575812178656 -0.1745035995135158 -1.0612350223527873 -0.4127778225804677 0.06010318932721714 -0.19272190422565214 -0.03523910281584055 15921.999999999998 43295.0 83145.0 129437.0 176087.0 218794.0 255236.00000000003 284597.0 307016.0 323137.0 333819.0 339962.0 342408.0 341907.0 339099.0 334517.0
4 1.0 83.41258552963363 81.38568551317573 -0.1745035995135158 -1.0612350223527873 -0.4127778225804677 0.06010318932721714 -0.19272190422565214 -0.03523910281584055 23285.0 60232.0 111251.0 167859.0 222593.0 270783.0 310326.0 340866.0 363035.0 377911.0 386697.0 390551.0 390503.0 387431.0 382063.0 374989.0
5 1.0 341.75477606964535 -35.99479449433267 -0.1745035995135158 -1.0612350223527873 -0.4127778225804677 0.06010318932721714 -0.19272190422565214 -0.03523910281584055 16983.0 45766.0 87309.0 135219.0 183196.0 226863.0 263910.0 293580.0 316074.0 332102.0 342572.0 348425.0 350533.0 349669.0 346488.0 341533.0
6 1.0 338.8959736943395 -61.11582410023181 -0.1745035995135158 -1.0612350223527873 -0.4127778225804677 0.06010318932721714 -0.19272190422565214 -0.03523910281584055 17132.0 45794.0 86886.0 134065.0 181168.0 223956.0 260213.00000000003 289230.0 311224.0 326896.0 337139.0 342870.0 344943.0 344109.0 341007.0 336170.0
7 1.0 287.71293144686103 69.53483989558077 -0.1745035995135158 -1.0612350223527873 -0.4127778225804677 0.06010318932721714 -0.19272190422565214 -0.03523910281584055 19112.0 51393.0 97581.0 150276.0 202416.0 249265.0 288460.0 319356.0 342333.0 358282.0 368272.0 373371.0 374552.0 372660.0 368403.0 362362.0
8 1.0 226.9612572720448 -9.649005213023472 -0.1745035995135158 -1.0612350223527873 -0.4127778225804677 0.06010318932721714 -0.19272190422565214 -0.03523910281584055 31784.0 75975.0 132914.0 192862.0 248425.0 295579.0 332936.0 360720.0 379959.0 391976.0 398112.0 399586.0 397448.0 392568.0 385653.0 377268.0
9 1.0 314.7436679849809 73.41760698377868 -0.1745035995135158 -1.0612350223527873 -0.4127778225804677 0.06010318932721714 -0.19272190422565214 -0.03523910281584055 19158.0 51286.0 97082.0 149188.0 200643.0 246809.0 285391.0 315780.0 338365.0 354031.0 363836.0 368831.0 369975.0 368098.0 363895.0 357939.0
10 1.0 105.48730242280682 -61.15851606237421 -0.1745035995135158 -1.0612350223527873 -0.4127778225804677 0.06010318932721714 -0.19272190422565214 -0.03523910281584055 14429.0 39549.0 76460.0 119713.0 163669.0 204248.0 239178.0 267592.0 289536.0 305551.0 316405.0 322915.0 325865.0 325953.0 323785.0 319867.0
11 1.0 305.61967991265055 29.00115207145791 -0.1745035995135158 -1.0612350223527873 -0.4127778225804677 0.06010318932721714 -0.19272190422565214 -0.03523910281584055 22785.0 59941.0 111996.0 170354.0 227207.0 277542.0 319024.0 351179.0 374602.0 390385.0 399773.0 403973.0 404064.0 400968.0 395453.0 388139.0
12 1.0 222.43560909030856 -10.75252449069147 -0.1745035995135158 -1.0612350223527873 -0.4127778225804677 0.06010318932721714 -0.19272190422565214 -0.03523910281584055 29431.0 71182.0 125594.00000000001 183417.0 237446.0 283647.0 320536.0 348220.0 367619.0 379974.0 386561.0 388552.0 386963.0 382644.0 376284.0 368439.0
13 1.0 4.765268793203816 -76.23238157454863 -0.1745035995135158 -1.0612350223527873 -0.4127778225804677 0.06010318932721714 -0.19272190422565214 -0.03523910281584055 15070.0 40918.0 78570.0 122384.0 166654.0 207319.0 242161.0 270376.0 292059.0 307789.0 318356.0 324594.0 327293.0 327158.0 324791.0 320700.0
14 1.0 125.00406645559904 35.363366037450106 -0.1745035995135158 -1.0612350223527873 -0.4127778225804677 0.06010318932721714 -0.19272190422565214 -0.03523910281584055 35570.0 86393.0 152606.0 222722.0 287839.0 343051.0 386640.0 418853.0 440926.0 454452.0 461048.0 462179.0 459103.0 452857.0 444282.0 434043.0
15 1.0 53.330709941339414 -45.46822400295233 -0.1745035995135158 -1.0612350223527873 -0.4127778225804677 0.06010318932721714 -0.19272190422565214 -0.03523910281584055 15513.0 41974.0 80384.0 124948.0 169856.0 211005.0 246176.0 274583.0 296348.0 312077.0 322582.0 328716.0 331284.0 330998.0 328473.0 324219.0
16 1.0 353.45858033457114 -82.86920593568681 -0.1745035995135158 -1.0612350223527873 -0.4127778225804677 0.06010318932721714 -0.19272190422565214 -0.03523910281584055 15606.0 42091.0 80420.0 124784.0 169409.0 210239.0 245094.0 273219.0 294745.0 310286.0 320651.0 326688.0 329195.0 328880.0 326349.0 322109.0
17 1.0 172.2133105343957 -79.21002631507682 -0.1745035995135158 -1.0612350223527873 -0.4127778225804677 0.06010318932721714 -0.19272190422565214 -0.03523910281584055 15510.0 41726.0 79565.0 123268.0 167152.0 207248.0 241441.0 269004.0 290086.0 305293.0 315426.0 321320.0 323757.0 323430.0 320935.0 316766.0
18 1.0 179.06089157951857 -79.00586332797828 -0.1745035995135158 -1.0612350223527873 -0.4127778225804677 0.06010318932721714 -0.19272190422565214 -0.03523910281584055 15761.0 42284.0 80462.0 124461.0 168558.0 208784.0 243031.0 270595.0 291639.0 306784.0 316843.0 322655.0 325009.0 324601.0 322028.0 317787.0
19 1.0 230.2101059035405 73.39193234730709 -0.1745035995135158 -1.0612350223527873 -0.4127778225804677 0.06010318932721714 -0.19272190422565214 -0.03523910281584055 19624.0 52681.0 99890.0 153650.0 206747.0 254365.99999999997 294123.0 325388.0 348570.0 364591.0 374554.0 379551.0 380578.0 378497.0 374029.0 367765.0
20 1.0 132.6904582066623 43.17910520923817 -0.1745035995135158 -1.0612350223527873 -0.4127778225804677 0.06010318932721714 -0.19272190422565214 -0.03523910281584055 31238.0 77669.0 139451.0 205963.0 268596.0 322378.0 365385.0 397637.0 420169.0 434425.0 441908.0 444005.0 441921.0 436660.0 429040.0 419713.0
21 1.0 49.284097806815616 71.6512242984723 -0.1745035995135158 -1.0612350223527873 -0.4127778225804677 0.06010318932721714 -0.19272190422565214 -0.03523910281584055 24694.0 62692.0 114339.0 170981.0 225256.0 272686.0 311342.0 340996.0 362350.0 376520.0 384721.0 388105.0 387693.0 384349.0 378787.0 371582.0
22 1.0 295.9623839499284 31.064816033373845 -0.1745035995135158 -1.0612350223527873 -0.4127778225804677 0.06010318932721714 -0.19272190422565214 -0.03523910281584055 24651.0 64103.99999999999 118765.0 179484.0 238167.0 289739.0 331926.0 364361.0 387748.0 403274.0 412260.0 415966.0 415515.0 411856.0 405776.0 397909.0
23 1.0 68.34524828499286 5.2091872255589635 -0.1745035995135158 -1.0612350223527873 -0.4127778225804677 0.06010318932721714 -0.19272190422565214 -0.03523910281584055 39317.0 91027.0 155562.0 221744.0 281683.0 331452.0 369997.0 397913.0 416554.0 427497.0 432269.0 432221.0 428494.0 422017.0 413536.0 403640.0
24 1.0 184.07483371672416 -35.19965441747191 -0.1745035995135158 -1.0612350223527873 -0.4127778225804677 0.06010318932721714 -0.19272190422565214 -0.03523910281584055 16778.0 44599.0 84198.0 129360.0 174182.0 214684.0 248844.0 276062.0 296603.0 311166.0 320617.0 325835.0 327630.0 326709.0 323675.0 319025.0
25 1.0 80.75413043090613 89.63320523916121 -0.1745035995135158 -1.0612350223527873 -0.4127778225804677 0.06010318932721714 -0.19272190422565214 -0.03523910281584055 21150.0 55772.0 104416.0 159118.0 212595.0 260137.0 299510.0 330219.0 352775.0 368166.0 377531.0 381986.0 382534.0 380035.0 375209.0 368640.0
26 1.0 35.22401441785226 -24.805969390909922 -0.1745035995135158 -1.0612350223527873 -0.4127778225804677 0.06010318932721714 -0.19272190422565214 -0.03523910281584055 16719.0 44413.0 83911.0 129095.99999999999 174101.0 214927.0 249501.0 277175.0 298167.0 313152.0 322978.0 328515.0 330573.0 329862.0 326989.0 322458.0
27 1.0 310.388946271806 -5.28318914149628 -0.1745035995135158 -1.0612350223527873 -0.4127778225804677 0.06010318932721714 -0.19272190422565214 -0.03523910281584055 28864.0 72474.0 131115.0 194826.0 255330.99999999997 307714.0 349964.0 381964.0 404614.0 419241.0 427257.0 429984.0 428579.0 424014.0 417084.0 408428.0
28 1.0 350.2510160483269 -21.915868513776886 -0.1745035995135158 -1.0612350223527873 -0.4127778225804677 0.06010318932721714 -0.19272190422565214 -0.03523910281584055 15344.0 41840.0 80539.0 125628.99999999999 171202.0 213050.0 248873.0 277839.0 300051.0 316115.0 326853.0 333132.0 335771.0 335499.0 332941.0 328621.0
29 1.0 345.90047690268005 86.31484728038254 -0.1745035995135158 -1.0612350223527873 -0.4127778225804677 0.06010318932721714 -0.19272190422565214 -0.03523910281584055 20812.0 54960.0 103012.0 157120.0 210083.0 257226.0 296319.0 326856.0 349328.0 364702.0 374102.0 378628.0 379270.0 376882.0 372175.0 365731.0
