idx D_km lam beta x1 y1 z1 x2 y2 z2 flux5 flux6 flux7 flux8 flux9 flux10 flux11 flux12 flux13 flux14 flux15 flux16 flux17 flux18 flux19 flux20
0 1.0 197.5728614138369 73.17998985981222 0.6934884770913086 0.6373818791651082 0.2096930227293122 0.046211755954614964 -0.06168830400379619 -0.0926460475862874 45302.0 101575.0 170537.0 240670.0 304015.0 356648.0 397534.0 427298.0 447330.0 459256.0 464653.0 464926.0 461266.0 454650.0 445864.0 435531.0
1 1.0 257.468171894071 49.328519885754986 0.6934884770913086 0.6373818791651082 0.2096930227293122 0.046211755954614964 -0.06168830400379619 -0.0926460475862874 45040.0 101016.0 169626.0 239398.0 302412.0 354767.0 395446.0 425076.0 445042.0 456963.0 462403.0 462757.0 459204.0 452711.0 444057.0 433860.0
2 1.0 216.99481538579178 -30.033872634844457 0.6934884770913086 0.6373818791651082 0.2096930227293122 0.046211755954614964 -0.06168830400379619 -0.0926460475862874 45473.0 101917.0 171066.0 241358.0 304809.0 357485.0 398357.0 428059.0 447996.0 459803.0 465069.0 465206.0 461409.0 454659.0 445746.0 435294.0
3 1.0 196.15794587888288 -75.40174980216058 0.6934884770913086 0.6373818791651082 0.2096930227293122 0.046211755954614964 -0.06168830400379619 -0.0926460475862874 45204.0 101345.0 170145.0 240131.0 303389.0 356018.0 396987.0 426909.0 447155.0 459328.0 464989.0 465526.0 462119.0 455737.0 447163.0 437018.0
4 1.0 152.5157277620057 -16.69658914551468 0.6934884770913086 0.6373818791651082 0.2096930227293122 0.046211755954614964 -0.06168830400379619 -0.0926460475862874 45064.0 101072.0 169767.0 239700.0 302938.0 355547.0 396471.0 426309.0 446432.0 458450.0 463934.0 464283.0 460684.0 454116.0 445365.0 435056.0
5 1.0 232.5218807039962 -48.19785440923031 0.6934884770913086 0.6373818791651082 0.2096930227293122 0.046211755954614964 -0.06168830400379619 -0.0926460475862874 44791.0 100445.0 168650.0 238011.0 300667.0 352750.0 393249.0 422787.0 442733.0 454689.0 460205.0 460662.0 457227.0 450861.0 442338.0 432270.0
6 1.0 157.5313960545693 -66.15222574356306 0.6934884770913086 0.6373818791651082 0.2096930227293122 0.046211755954614964 -0.06168830400379619 -0.0926460475862874 44988.0 100950.0 169618.0 239543.0 302787.0 355409.0 396351.0 426207.0 446348.0 458384.0 463885.0 464251.0 460670.0 454118.0 445383.0 435090.0
7 1.0 321.03828028154874 -80.38310727837145 0.6934884770913086 0.6373818791651082 0.2096930227293122 0.046211755954614964 -0.06168830400379619 -0.0926460475862874 45116.0 101239.0 170091.0 240195.0 303603.0 356381.0 397476.0 427489.0 447791.0 459990.0 465651.0 466171.0 462734.0 456315.0 447698.0 437508.0
8 1.0 346.91859378037054 40.60698555790418 0.6934884770913086 0.6373818791651082 0.2096930227293122 0.046211755954614964 -0.06168830400379619 -0.0926460475862874 45182.0 101279.0 170027.0 239955.0 303142.0 355678.0 396536.0 426331.0 446443.0 458484.0 464020.0 464445.0 460940.0 454476.0 445835.0 435637.0
9 1.0 138.03894677727996 -87.94305744749441 0.6934884770913086 0.6373818791651082 0.2096930227293122 0.046211755954614964 -0.06168830400379619 -0.0926460475862874 45102.0 101168.0 169914.0 239865.0 303095.0 355689.0 396613.0 426478.0 446662.0 458772.0 464373.0 464857.0 461405.0 454988.0 446388.0 436224.0
10 1.0 285.02101370975925 48.70453473049972 0.6934884770913086 0.6373818791651082 0.2096930227293122 0.046211755954614964 -0.06168830400379619 -0.0926460475862874 45042.0 101043.0 169707.0 239562.0 302677.0 355140.0 395919.0 425633.0 445666.0 457631.0 463097.0 463460.0 459902.0 453394.0 444717.0 434493.0
11 1.0 190.40217111104562 -63.549603827932486 0.6934884770913086 0.6373818791651082 0.2096930227293122 0.046211755954614964 -0.06168830400379619 -0.0926460475862874 44953.0 100903.0 169563.0 239477.0 302706.0 355313.0 396243.0 426097.0 446247.0 458302.0 463830.0 464228.0 460683.0 454169.0 445471.0 435214.0
12 1.0 204.49604199381562 -75.68602513438397 0.6934884770913086 0.6373818791651082 0.2096930227293122 0.046211755954614964 -0.06168830400379619 -0.0926460475862874 44857.0 100673.0 169146.0 238855.0 301891.0 354334.0 395136.0 424895.0 444977.0 456986.0 462484.0 462866.0 459312.0 452797.0 444105.0 433858.0
13 1.0 333.214789785358 -73.87145383705104 0.6934884770913086 0.6373818791651082 0.2096930227293122 0.046211755954614964 -0.06168830400379619 -0.0926460475862874 45257.0 101548.0 170586.0 240835.0 304311.0 357073.0 398080.0 427954.0 448087.0 460105.0 465588.0 465940.0 462351.0 455798.0 447069.0 436785.0
14 1.0 25.5729809512393 30.968605323704594 0.6934884770913086 0.6373818791651082 0.2096930227293122 0.046211755954614964 -0.06168830400379619 -0.0926460475862874 45080.0 101135.0 169843.0 239713.0 302813.0 355238.0 395972.0 425643.0 445642.0 457588.0 463049.0 463420.0 459881.0 453401.0 444760.0 434575.0
15 1.0 31.366547892554657 -45.83390222648794 0.6934884770913086 0.6373818791651082 0.2096930227293122 0.046211755954614964 -0.06168830400379619 -0.0926460475862874 45163.0 101225.0 169895.0 239689.0 302686.0 354996.0 395607.0 425155.0 445032.0 456859.0 462206.0 462469.0 458828.0 452253.0 443524.0 433259.0
16 1.0 7.278623078517259 -14.302895997582283 0.6934884770913086 0.6373818791651082 0.2096930227293122 0.046211755954614964 -0.06168830400379619 -0.0926460475862874 44736.0 100425.0 168741.0 238276.0 301145.0 353460.0 394193.0 423955.0 444108.0 456249.0 461927.0 462520.0 459199.0 452924.0 444472.0 434458.0
17 1.0 299.74314439725765 10.326382438305046 0.6934884770913086 0.6373818791651082 0.2096930227293122 0.046211755954614964 -0.06168830400379619 -0.0926460475862874 45037.0 101070.0 169809.0 239777.0 303025.0 355620.0 396516.0 426324.0 446424.0 458433.0 463923.0 464292.0 460727.0 454202.0 445503.0 435250.0
18 1.0 280.13643034194615 64.89921128918289 0.6934884770913086 0.6373818791651082 0.2096930227293122 0.046211755954614964 -0.06168830400379619 -0.0926460475862874 44976.0 100892.0 169462.0 239244.0 302325.0 354791.0 395603.0 425368.0 445460.0 457487.0 463012.0 463429.0 459920.0 453455.0 444817.0 434627.0
19 1.0 313.2043733688549 40.8679672880391 0.6934884770913086 0.6373818791651082 0.2096930227293122 0.046211755954614964 -0.06168830400379619 -0.0926460475862874 45104.0 101172.0 169917.0 239861.0 303076.0 355650.0 396551.0 426395.0 446559.0 458656.0 464248.0 464730.0 461280.0 454870.0 446281.0 436132.0
20 1.0 352.30260320379506 -41.34097705703137 0.6934884770913086 0.6373818791651082 0.2096930227293122 0.046211755954614964 -0.06168830400379619 -0.0926460475862874 45056.0 101040.0 169671.0 239486.0 302561.0 354978.0 395699.0 425338.0 445278.0 457136.0 462484.0 462722.0 459037.0 452404.0 443608.0 433271.0
21 1.0 287.6970831180205 -66.33309612759703 0.6934884770913086 0.6373818791651082 0.2096930227293122 0.046211755954614964 -0.06168830400379619 -0.0926460475862874 45081.0 101178.0 170022.0 240134.0 303553.0 356330.0 397403.0 427370.0 447603.0 459715.0 465276.0 465688.0 462140.0 455611.0 446889.0 436600.0
22 1.0 166.13257041105547 -80.03262232418437 0.6934884770913086 0.6373818791651082 0.2096930227293122 0.046211755954614964 -0.06168830400379619 -0.0926460475862874 44902.0 100807.0 169393.0 239183.0 302228.0 354605.0 395280.0 424876.0 444783.0 456624.0 461973.0 462229.0 458577.0 451990.0 443250.0 432976.0
23 1.0 280.99050346312396 -35.712245793430355 0.6934884770913086 0.6373818791651082 0.2096930227293122 0.046211755954614964 -0.06168830400379619 -0.0926460475862874 44841.0 100690.0 169248.0 239068.0 302207.0 354729.0 395578.0 425358.0 445442.0 457442.0 462926.0 463290.0 459722.0 453193.0 444491.0 434236.0
24 1.0 42.57879331281596 -42.818733136857915 0.6934884770913086 0.6373818791651082 0.2096930227293122 0.046211755954614964 -0.06168830400379619 -0.0926460475862874 44976.0 100852.0 169350.0 239056.0 302086.0 354546.0 395401.0 425254.0 445465.0 457631.0 463305.0 463871.0 460503.0 454169.0 445648.0 435559.0
25 1.0 230.3715676779086 -7.894697975913658 0.6934884770913086 0.6373818791651082 0.2096930227293122 0.046211755954614964 -0.06168830400379619 -0.0926460475862874 45503.0 102040.0 171300.0 241668.0 305138.0 357778.0 398580.0 428202.0 448063.0 459811.0 465040.0 465162.0 461372.0 454647.0 445773.0 435370.0
26 1.0 51.607183467256704 32.990640398582485 0.6934884770913086 0.6373818791651082 0.2096930227293122 0.046211755954614964 -0.06168830400379619 -0.0926460475862874 45206.0 101251.0 169799.0 239349.0 302014.0 353960.0 394226.0 423483.0 443141.0 454825.0 460101.0 460353.0 456752.0 450255.0 441632.0 431492.0
27 1.0 340.0808101378502 35.21258021499429 0.6934884770913086 0.6373818791651082 0.2096930227293122 0.046211755954614964 -0.06168830400379619 -0.0926460475862874 44723.0 100424.0 168772.0 238333.0 301187.0 353423.0 394006.0 423557.0 443458.0 455323.0 460720.0 461042.0 457468.0 450966.0 442315.0 432131.0
28 1.0 187.8653958300258 -38.96660761521 0.6934884770913086 0.6373818791651082 0.2096930227293122 0.046211755954614964 -0.06168830400379619 -0.0926460475862874 45143.0 101234.0 169990.0 239933.0 303140.0 355703.0 396593.0 426427.0 446582.0 458670.0 464252.0 464723.0 461262.0 454839.0 446236.0 436073.0
29 1.0 149.2782983965885 -21.61314793797831 0.6934884770913086 0.6373818791651082 0.2096930227293122 0.046211755954614964 -0.06168830400379619 -0.0926460475862874 45055.0 101059.0 169756.0 239698.0 302944.0 355555.0 396470.0 426291.0 446390.0 458381.0 463839.0 464165.0 460548.0 453966.0 445208.0 434898.0
0 1.0 95.24002035766571 -57.39282688735745 0.6934884770913086 0.6373818791651082 0.2096930227293122 0.046211755954614964 -0.06168830400379619 -0.0926460475862874 45189.0 101349.0 170233.0 240369.0 303808.0 356604.0 397698.0 427686.0 447939.0 460069.0 465647.0 466074.0 462539.0 456022.0 447311.0 437031.0
1 1.0 278.724128196318 51.93819221517336 0.6934884770913086 0.6373818791651082 0.2096930227293122 0.046211755954614964 -0.06168830400379619 -0.0926460475862874 45023.0 100989.0 169627.0 239501.0 302701.0 355308.0 396272.0 426188.0 446420.0 458567.0 464190.0 464680.0 461220.0 454782.0 446151.0 435950.0
2 1.0 164.21411959795748 -79.76734624201674 0.6934884770913086 0.6373818791651082 0.2096930227293122 0.046211755954614964 -0.06168830400379619 -0.0926460475862874 45048.0 101093.0 169842.0 239809.0 303040.0 355603.0 396456.0 426218.0 446271.0 458236.0 463686.0 464022.0 460431.0 453886.0 445172.0 434910.0
3 1.0 204.63622159271347 35.459503510497726 0.6934884770913086 0.6373818791651082 0.2096930227293122 0.046211755954614964 -0.06168830400379619 -0.0926460475862874 44832.0 100601.0 169031.0 238716.0 301754.0 354225.0 395078.0 424906.0 445070.0 457168.0 462759.0 463232.0 459765.0 453331.0 444712.0 434529.0
4 1.0 6.764328157087851 50.1651712693986 0.6934884770913086 0.6373818791651082 0.2096930227293122 0.046211755954614964 -0.06168830400379619 -0.0926460475862874 45143.0 101267.0 170078.0 240068.0 303278.0 355773.0 396516.0 426130.0 446010.0 457785.0 463035.0 463169.0 459379.0 452644.0 443752.0 433325.0
5 1.0 222.34877894731574 49.93336113277556 0.6934884770913086 0.6373818791651082 0.2096930227293122 0.046211755954614964 -0.06168830400379619 -0.0926460475862874 44999.0 100917.0 169490.0 239284.0 302381.0 354861.0 395675.0 425426.0 445484.0 457459.0 462917.0 463254.0 459657.0 453098.0 444363.0 434075.0
6 1.0 220.3544601800717 -43.303938417836115 0.6934884770913086 0.6373818791651082 0.2096930227293122 0.046211755954614964 -0.06168830400379619 -0.0926460475862874 45092.0 101096.0 169744.0 239584.0 302697.0 355167.0 395956.0 425674.0 445699.0 457642.0 463070.0 463382.0 459762.0 453184.0 444433.0 434132.0
7 1.0 222.0962388749125 -22.713635172138936 0.6934884770913086 0.6373818791651082 0.2096930227293122 0.046211755954614964 -0.06168830400379619 -0.0926460475862874 45508.0 101978.0 171066.0 241180.0 304376.0 356787.0 397443.0 427013.0 446914.0 458778.0 464179.0 464509.0 460948.0 454459.0 445818.0 435640.0
8 1.0 339.7493082652647 15.76793433535002 0.6934884770913086 0.6373818791651082 0.2096930227293122 0.046211755954614964 -0.06168830400379619 -0.0926460475862874 45121.0 101156.0 169842.0 239721.0 302874.0 355391.0 396233.0 426011.0 446099.0 458109.0 463604.0 463982.0 460424.0 453904.0 445205.0 434950.0
9 1.0 245.45530767725404 -40.892057563595934 0.6934884770913086 0.6373818791651082 0.2096930227293122 0.046211755954614964 -0.06168830400379619 -0.0926460475862874 45039.0 100946.0 169417.0 238986.0 301747.0 353822.0 394213.0 423563.0 443273.0 454967.0 460216.0 460414.0 456739.0 450156.0 441441.0 431208.0
10 1.0 129.42284420656296 -23.246496140780025 0.6934884770913086 0.6373818791651082 0.2096930227293122 0.046211755954614964 -0.06168830400379619 -0.0926460475862874 44997.0 100945.0 169581.0 239479.0 302722.0 355382.0 396397.0 426359.0 446625.0 458797.0 464435.0 464932.0 461472.0 455029.0 446390.0 436179.0
11 1.0 157.33150336776293 -54.530229566584865 0.6934884770913086 0.6373818791651082 0.2096930227293122 0.046211755954614964 -0.06168830400379619 -0.0926460475862874 44936.0 100799.0 169279.0 238934.0 301863.0 354177.0 394860.0 424534.0 444577.0 456596.0 462151.0 462627.0 459199.0 452829.0 444295.0 434211.0
12 1.0 251.14723053381536 -7.225940923918671 0.6934884770913086 0.6373818791651082 0.2096930227293122 0.046211755954614964 -0.06168830400379619 -0.0926460475862874 45054.0 101012.0 169598.0 239370.0 302420.0 354843.0 395604.0 425316.0 445354.0 457329.0 462806.0 463178.0 459629.0 453128.0 444457.0 434238.0
13 1.0 21.68116978653714 -81.96978577425946 0.6934884770913086 0.6373818791651082 0.2096930227293122 0.046211755954614964 -0.06168830400379619 -0.0926460475862874 45227.0 101467.0 170425.0 240564.0 303906.0 356516.0 397363.0 427079.0 447063.0 458945.0 464309.0 464558.0 460884.0 454262.0 445477.0 435151.0
14 1.0 240.03601756044037 53.96325922271123 0.6934884770913086 0.6373818791651082 0.2096930227293122 0.046211755954614964 -0.06168830400379619 -0.0926460475862874 45103.0 101105.0 169712.0 239477.0 302512.0 354939.0 395742.0 425540.0 445704.0 457835.0 463486.0 464041.0 460672.0 454344.0 445833.0 435758.0
15 1.0 241.4296330625374 -76.1478395424061 0.6934884770913086 0.6373818791651082 0.2096930227293122 0.046211755954614964 -0.06168830400379619 -0.0926460475862874 44867.0 100688.0 169158.0 238849.0 301861.0 354290.0 395105.0 424914.0 445088.0 457227.0 462887.0 463454.0 460101.0 453793.0 445307.0 435261.0
16 1.0 75.73772198658273 3.3903267896746883 0.6934884770913086 0.6373818791651082 0.2096930227293122 0.046211755954614964 -0.06168830400379619 -0.0926460475862874 45312.0 101547.0 170411.0 240378.0 303508.0 355905.0 396567.0 426138.0 446023.0 457851.0 463196.0 463460.0 459823.0 453257.0 444540.0 434290.0
17 1.0 46.41346715574719 -34.7741820818647 0.6934884770913086 0.6373818791651082 0.2096930227293122 0.046211755954614964 -0.06168830400379619 -0.0926460475862874 44978.0 100901.0 169474.0 239233.0 302244.0 354591.0 395242.0 424820.0 444712.0 456539.0 461875.0 462118.0 458454.0 451854.0 443100.0 432812.0
18 1.0 113.55420633270619 13.957730789647584 0.6934884770913086 0.6373818791651082 0.2096930227293122 0.046211755954614964 -0.06168830400379619 -0.0926460475862874 45139.0 101266.0 170126.0 240244.0 303672.0 356464.0 397556.0 427543.0 447792.0 459915.0 465479.0 465888.0 462331.0 455787.0 447047.0 436737.0
19 1.0 130.93587753934415 82.69800135001651 0.6934884770913086 0.6373818791651082 0.2096930227293122 0.046211755954614964 -0.06168830400379619 -0.0926460475862874 45201.0 101397.0 170286.0 240356.0 303666.0 356303.0 397246.0 427117.0 447303.0 459417.0 465028.0 465526.0 462094.0 455700.0 447124.0 436987.0
20 1.0 205.27083735043666 26.20264400208069 0.6934884770913086 0.6373818791651082 0.2096930227293122 0.046211755954614964 -0.06168830400379619 -0.0926460475862874 44721.0 100420.0 168797.0 238444.0 301453.0 353899.0 394733.0 424548.0 444707.0 456812.0 462420.0 462921.0 459494.0 453107.0 444541.0 434417.0
21 1.0 157.89654484643532 -83.63476156401164 0.6934884770913086 0.6373818791651082 0.2096930227293122 0.046211755954614964 -0.06168830400379619 -0.0926460475862874 45037.0 101059.0 169768.0 239691.0 302896.0 355466.0 396366.0 426211.0 446376.0 458474.0 464068.0 464552.0 461105.0 454698.0 446113.0 435968.0
22 1.0 355.8145817013214 -12.527560888548976 0.6934884770913086 0.6373818791651082 0.2096930227293122 0.046211755954614964 -0.06168830400379619 -0.0926460475862874 45034.0 100967.0 169532.0 239292.0 302349.0 354804.0 395629.0 425436.0 445598.0 457719.0 463354.0 463892.0 460506.0 454163.0 445640.0 435557.0
23 1.0 36.736131869290105 1.803033417285036 0.6934884770913086 0.6373818791651082 0.2096930227293122 0.046211755954614964 -0.06168830400379619 -0.0926460475862874 44926.0 100931.0 169766.0 239972.0 303559.0 356532.0 397792.0 427912.0 448254.0 460430.0 466017.0 466423.0 462845.0 456268.0 447487.0 437132.0
24 1.0 75.19563219414049 6.511949046621353 0.6934884770913086 0.6373818791651082 0.2096930227293122 0.046211755954614964 -0.06168830400379619 -0.0926460475862874 45135.0 101212.0 169932.0 239790.0 302837.0 355158.0 395735.0 425205.0 444973.0 456671.0 461882.0 462011.0 458247.0 451562.0 442740.0 432398.0
25 1.0 58.07142643859865 32.65065190869082 0.6934884770913086 0.6373818791651082 0.2096930227293122 0.046211755954614964 -0.06168830400379619 -0.0926460475862874 45159.0 101096.0 169524.0 239026.0 301765.0 353908.0 394466.0 424069.0 444090.0 456125.0 461724.0 462262.0 458904.0 452609.0 444150.0 434138.0
26 1.0 235.11899716754343 -40.032702408282105 0.6934884770913086 0.6373818791651082 0.2096930227293122 0.046211755954614964 -0.06168830400379619 -0.0926460475862874 44840.0 100549.0 168871.0 238426.0 301334.0 353689.0 394441.0 424185.0 444279.0 456322.0 461870.0 462309.0 458820.0 452372.0 443745.0 433561.0
27 1.0 91.18497691432157 -66.80509821606236 0.6934884770913086 0.6373818791651082 0.2096930227293122 0.046211755954614964 -0.06168830400379619 -0.0926460475862874 45156.0 101250.0 169994.0 239917.0 303106.0 355658.0 396548.0 426389.0 446557.0 458660.0 464259.0 464745.0 461297.0 454886.0 446292.0 436136.0
28 1.0 167.87187822827028 -19.31837822152302 0.6934884770913086 0.6373818791651082 0.2096930227293122 0.046211755954614964 -0.06168830400379619 -0.0926460475862874 45178.0 101284.0 170041.0 239979.0 303181.0 355747.0 396646.0 426495.0 446671.0 458781.0 464389.0 464886.0 461450.0 455051.0 446471.0 436328.0
29 1.0 87.99321312057698 82.1530301032708 0.6934884770913086 0.6373818791651082 0.2096930227293122 0.046211755954614964 -0.06168830400379619 -0.0926460475862874 45113.0 101209.0 169987.0 239940.0 303114.0 355581.0 396313.0 425937.0 445848.0 457672.0 462988.0 463200.0 459497.0 452853.0 444053.0 433718.0
0 1.0 57.2290501123871 -56.31643948484795 0.6934884770913086 0.6373818791651082 0.2096930227293122 0.046211755954614964 -0.06168830400379619 -0.0926460475862874 45092.0 101060.0 169591.0 239223.0 302071.0 354270.0 394827.0 424378.0 444311.0 456236.0 461710.0 462120.0 458636.0 452220.0 443648.0 433533.0
1 1.0 39.73505081914985 72.71711188708267 0.6934884770913086 0.6373818791651082 0.2096930227293122 0.046211755954614964 -0.06168830400379619 -0.0926460475862874 44937.0 100845.0 169416.0 239198.0 302271.0 354725.0 395525.0 425287.0 445385.0 457428.0 462980.0 463430.0 459959.0 453534.0 444936.0 434784.0
2 1.0 236.27865220749842 7.885071013918747 0.6934884770913086 0.6373818791651082 0.2096930227293122 0.046211755954614964 -0.06168830400379619 -0.0926460475862874 45267.0 101567.0 170607.0 240847.0 304303.0 357035.0 398005.0 427838.0 447929.0 459906.0 465350.0 465667.0 462047.0 455468.0 446715.0 436413.0
3 1.0 49.74586248550097 -7.755944103762147 0.6934884770913086 0.6373818791651082 0.2096930227293122 0.046211755954614964 -0.06168830400379619 -0.0926460475862874 45047.0 101089.0 169818.0 239740.0 302908.0 355397.0 396174.0 425861.0 445846.0 457749.0 463143.0 463429.0 459792.0 453207.0 444457.0 434163.0
4 1.0 70.76965020481926 68.76745384138013 0.6934884770913086 0.6373818791651082 0.2096930227293122 0.046211755954614964 -0.06168830400379619 -0.0926460475862874 44956.0 100903.0 169535.0 239374.0 302472.0 354902.0 395627.0 425268.0 445213.0 457083.0 462453.0 462721.0 459074.0 452485.0 443737.0 433449.0
5 1.0 132.74106143794708 -7.451286881654539 0.6934884770913086 0.6373818791651082 0.2096930227293122 0.046211755954614964 -0.06168830400379619 -0.0926460475862874 45088.0 101118.0 169823.0 239756.0 302995.0 355618.0 396576.0 426470.0 446667.0 458773.0 464352.0 464800.0 461299.0 454824.0 446161.0 435931.0
6 1.0 295.55756274525663 40.350174590077785 0.6934884770913086 0.6373818791651082 0.2096930227293122 0.046211755954614964 -0.06168830400379619 -0.0926460475862874 45042.0 101058.0 169753.0 239640.0 302773.0 355230.0 395980.0 425648.0 445626.0 457536.0 462953.0 463276.0 459689.0 453164.0 444481.0 434259.0
7 1.0 34.956459285502056 -18.17544209344163 0.6934884770913086 0.6373818791651082 0.2096930227293122 0.046211755954614964 -0.06168830400379619 -0.0926460475862874 44794.0 100605.0 169079.0 238753.0 301702.0 354022.0 394692.0 424335.0 444337.0 456310.0 461819.0 462253.0 458789.0 452392.0 443838.0 433743.0
8 1.0 301.6601666995694 72.7279907221724 0.6934884770913086 0.6373818791651082 0.2096930227293122 0.046211755954614964 -0.06168830400379619 -0.0926460475862874 44946.0 100878.0 169504.0 239365.0 302521.0 355043.0 395886.0 425656.0 445731.0 457725.0 463206.0 463571.0 460005.0 453482.0 444786.0 434538.0
9 1.0 34.59542684182671 34.20450363442093 0.6934884770913086 0.6373818791651082 0.2096930227293122 0.046211755954614964 -0.06168830400379619 -0.0926460475862874 45480.0 101845.0 170807.0 240825.0 303968.0 356357.0 397004.0 426563.0 446443.0 458273.0 463629.0 463908.0 460290.0 453744.0 445049.0 434819.0
10 1.0 351.5254074048225 35.931969765093015 0.6934884770913086 0.6373818791651082 0.2096930227293122 0.046211755954614964 -0.06168830400379619 -0.0926460475862874 45490.0 101909.0 171023.0 241317.0 304847.0 357694.0 398821.0 428841.0 449130.0 461303.0 466928.0 467402.0 463913.0 457437.0 448761.0 438510.0
11 1.0 168.71443259317257 -31.010327719718596 0.6934884770913086 0.6373818791651082 0.2096930227293122 0.046211755954614964 -0.06168830400379619 -0.0926460475862874 45216.0 101372.0 170178.0 240129.0 303285.0 355743.0 396487.0 426151.0 446131.0 458049.0 463478.0 463813.0 460237.0 453721.0 445043.0 434822.0
12 1.0 351.6339917485214 46.22015569264005 0.6934884770913086 0.6373818791651082 0.2096930227293122 0.046211755954614964 -0.06168830400379619 -0.0926460475862874 45031.0 101041.0 169738.0 239655.0 302865.0 355445.0 396355.0 426199.0 446350.0 458417.0 463963.0 464385.0 460864.0 454374.0 445700.0 435464.0
13 1.0 217.74438710821656 24.490989980485438 0.6934884770913086 0.6373818791651082 0.2096930227293122 0.046211755954614964 -0.06168830400379619 -0.0926460475862874 44788.0 100631.0 169235.0 239156.0 302440.0 355126.0 396135.0 426054.0 446247.0 458322.0 463847.0 464224.0 460642.0 454082.0 445331.0 435016.0
14 1.0 266.1348885833886 -46.79635079165228 0.6934884770913086 0.6373818791651082 0.2096930227293122 0.046211755954614964 -0.06168830400379619 -0.0926460475862874 45010.0 100907.0 169406.0 239091.0 302097.0 354553.0 395437.0 425354.0 445662.0 457947.0 463751.0 464451.0 461213.0 455000.0 446589.0 436597.0
15 1.0 14.107605211555443 -61.103011952653844 0.6934884770913086 0.6373818791651082 0.2096930227293122 0.046211755954614964 -0.06168830400379619 -0.0926460475862874 45239.0 101382.0 170131.0 240005.0 303101.0 355538.0 396307.0 426037.0 446109.0 458133.0 463671.0 464111.0 460631.0 454198.0 445590.0 435427.0
16 1.0 101.81050652750744 53.35046541311971 0.6934884770913086 0.6373818791651082 0.2096930227293122 0.046211755954614964 -0.06168830400379619 -0.0926460475862874 45226.0 101440.0 170337.0 240374.0 303581.0 356040.0 396736.0 426316.0 446186.0 457983.0 463288.0 463506.0 459824.0 453215.0 444459.0 434174.0
17 1.0 43.270762036740805 82.64998854634004 0.6934884770913086 0.6373818791651082 0.2096930227293122 0.046211755954614964 -0.06168830400379619 -0.0926460475862874 45000.0 101020.0 169736.0 239642.0 302779.0 355226.0 395959.0 425608.0 445569.0 457467.0 462876.0 463193.0 459602.0 453072.0 444385.0 434159.0
18 1.0 106.61047110797217 -7.535011093192281 0.6934884770913086 0.6373818791651082 0.2096930227293122 0.046211755954614964 -0.06168830400379619 -0.0926460475862874 45095.0 101136.0 169832.0 239714.0 302862.0 355376.0 396230.0 426042.0 446191.0 458284.0 463883.0 464377.0 460943.0 454550.0 445977.0 435843.0
19 1.0 42.74197882352786 16.377149758263286 0.6934884770913086 0.6373818791651082 0.2096930227293122 0.046211755954614964 -0.06168830400379619 -0.0926460475862874 45200.0 101503.0 170696.0 241266.0 305175.0 358396.0 399811.0 429995.0 450322.0 462418.0 467876.0 468119.0 464357.0 457587.0 448610.0 438063.0
20 1.0 114.47394458183138 64.39007595483983 0.6934884770913086 0.6373818791651082 0.2096930227293122 0.046211755954614964 -0.06168830400379619 -0.0926460475862874 45197.0 101436.0 170426.0 240632.0 304069.0 356790.0 397752.0 427577.0 447657.0 459621.0 465049.0 465348.0 461708.0 455108.0 446334.0 436011.0
21 1.0 149.13467802528118 -7.699778396305732 0.6934884770913086 0.6373818791651082 0.2096930227293122 0.046211755954614964 -0.06168830400379619 -0.0926460475862874 45134.0 101132.0 169669.0 239287.0 302125.0 354341.0 394949.0 424587.0 444632.0 456686.0 462298.0 462844.0 459490.0 453194.0 444729.0 434708.0
22 1.0 23.09309868556237 81.3374058298925 0.6934884770913086 0.6373818791651082 0.2096930227293122 0.046211755954614964 -0.06168830400379619 -0.0926460475862874 44988.0 100963.0 169641.0 239566.0 302799.0 355406.0 396334.0 426187.0 446338.0 458396.0 463929.0 464335.0 460799.0 454295.0 445608.0 435362.0
23 1.0 249.28996297320714 13.63520916807704 0.6934884770913086 0.6373818791651082 0.2096930227293122 0.046211755954614964 -0.06168830400379619 -0.0926460475862874 45393.0 101744.0 170782.0 240978.0 304372.0 357044.0 397964.0 427760.0 447824.0 459781.0 465210.0 465514.0 461881.0 455290.0 446524.0 436208.0
24 1.0 203.97652351436705 57.738081726236686 0.6934884770913086 0.6373818791651082 0.2096930227293122 0.046211755954614964 -0.06168830400379619 -0.0926460475862874 45355.0 101623.0 170501.0 240445.0 303504.0 355782.0 396286.0 425674.0 445361.0 456989.0 462143.0 462228.0 458431.0 451723.0 442886.0 432536.0
25 1.0 95.54021673820034 73.5918693142929 0.6934884770913086 0.6373818791651082 0.2096930227293122 0.046211755954614964 -0.06168830400379619 -0.0926460475862874 45171.0 101357.0 170276.0 240416.0 303804.0 356496.0 397448.0 427275.0 447367.0 459347.0 464793.0 465112.0 461494.0 454916.0 446166.0 435866.0
26 1.0 188.36929924801188 56.7942873783424 0.6934884770913086 0.6373818791651082 0.2096930227293122 0.046211755954614964 -0.06168830400379619 -0.0926460475862874 45203.0 101364.0 170221.0 240279.0 303583.0 356198.0 397080.0 426844.0 446876.0 458799.0 464192.0 464457.0 460787.0 454158.0 445358.0 435011.0
27 1.0 33.818583873039 -61.30539657918793 0.6934884770913086 0.6373818791651082 0.2096930227293122 0.046211755954614964 -0.06168830400379619 -0.0926460475862874 45143.0 101163.0 169756.0 239477.0 302460.0 354847.0 395634.0 425443.0 445642.0 457826.0 463541.0 464164.0 460864.0 454602.0 446152.0 436130.0
28 1.0 207.34073840022455 23.201719031106066 0.6934884770913086 0.6373818791651082 0.2096930227293122 0.046211755954614964 -0.06168830400379619 -0.0926460475862874 44985.0 100980.0 169716.0 239737.0 303096.0 355850.0 396936.0 426949.0 447256.0 459462.0 465132.0 465660.0 462231.0 455818.0 447209.0 437025.0
29 1.0 334.5466311274371 -18.28183344845813 0.6934884770913086 0.6373818791651082 0.2096930227293122 0.046211755954614964 -0.06168830400379619 -0.0926460475862874 45403.0 101751.0 170766.0 240902.0 304193.0 356719.0 397463.0 427063.0 446927.0 458690.0 463937.0 464077.0 460300.0 453585.0 444716.0 434315.0
0 1.0 114.68482288247652 -78.71166863579778 0.6934884770913086 0.6373818791651082 0.2096930227293122 0.046211755954614964 -0.06168830400379619 -0.0926460475862874 45246.0 101450.0 170355.0 240479.0 303892.0 356671.0 397771.0 427794.0 448110.0 460324.0 466000.0 466531.0 463102.0 456687.0 448071.0 437878.0
1 1.0 240.2677367869254 -13.674194659828444 0.6934884770913086 0.6373818791651082 0.2096930227293122 0.046211755954614964 -0.06168830400379619 -0.0926460475862874 45363.0 101672.0 170671.0 240843.0 304230.0 356897.0 397807.0 427583.0 447614.0 459527.0 464904.0 465150.0 461458.0 454806.0 445983.0 435613.0
2 1.0 47.447230465581185 -43.436867959906614 0.6934884770913086 0.6373818791651082 0.2096930227293122 0.046211755954614964 -0.06168830400379619 -0.0926460475862874 45118.0 101138.0 169780.0 239575.0 302602.0 354962.0 395634.0 425242.0 445174.0 457045.0 462426.0 462713.0 459087.0 452519.0 443792.0 433524.0
3 1.0 257.8777934826836 62.82689551713193 0.6934884770913086 0.6373818791651082 0.2096930227293122 0.046211755954614964 -0.06168830400379619 -0.0926460475862874 45118.0 101099.0 169631.0 239276.0 302189.0 354528.0 395299.0 425125.0 445372.0 457629.0 463435.0 464162.0 460972.0 454821.0 446481.0 436566.0
4 1.0 104.1861934609924 -84.00516722159469 0.6934884770913086 0.6373818791651082 0.2096930227293122 0.046211755954614964 -0.06168830400379619 -0.0926460475862874 45359.0 101721.0 170782.0 240975.0 304320.0 356895.0 397683.0 427328.0 447239.0 459053.0 464354.0 464551.0 460833.0 454176.0 445364.0 435018.0
5 1.0 65.94889032256206 82.61688993542523 0.6934884770913086 0.6373818791651082 0.2096930227293122 0.046211755954614964 -0.06168830400379619 -0.0926460475862874 45021.0 101058.0 169819.0 239820.0 303111.0 355754.0 396702.0 426561.0 446711.0 458765.0 464294.0 464696.0 461159.0 454656.0 445973.0 435732.0
6 1.0 211.14465653162995 -26.033607275052667 0.6934884770913086 0.6373818791651082 0.2096930227293122 0.046211755954614964 -0.06168830400379619 -0.0926460475862874 45318.0 101626.0 170648.0 240862.0 304309.0 357057.0 398070.0 427966.0 448132.0 460187.0 465706.0 466091.0 462529.0 455996.0 447280.0 437002.0
7 1.0 7.238716627497679 -25.792759727542276 0.6934884770913086 0.6373818791651082 0.2096930227293122 0.046211755954614964 -0.06168830400379619 -0.0926460475862874 45010.0 100943.0 169546.0 239394.0 302581.0 355193.0 396180.0 426140.0 446434.0 458658.0 464368.0 464952.0 461587.0 455244.0 446705.0 436590.0
8 1.0 298.4184105182507 -87.06086951693258 0.6934884770913086 0.6373818791651082 0.2096930227293122 0.046211755954614964 -0.06168830400379619 -0.0926460475862874 45073.0 101114.0 169821.0 239720.0 302885.0 355408.0 396261.0 426058.0 446177.0 458229.0 463776.0 464211.0 460716.0 454259.0 445623.0 435428.0
9 1.0 1.6903714293169436 -56.65818145748689 0.6934884770913086 0.6373818791651082 0.2096930227293122 0.046211755954614964 -0.06168830400379619 -0.0926460475862874 45196.0 101366.0 170254.0 240364.0 303731.0 356408.0 397345.0 427155.0 447222.0 459169.0 464575.0 464847.0 461177.0 454544.0 445735.0 435378.0
10 1.0 244.01395324664284 -17.773289855350427 0.6934884770913086 0.6373818791651082 0.2096930227293122 0.046211755954614964 -0.06168830400379619 -0.0926460475862874 45114.0 101135.0 169716.0 239342.0 302091.0 354093.0 394370.0 423589.0 443169.0 454743.0 459891.0 460009.0 456274.0 449650.0 440911.0 430668.0
11 1.0 97.20287034917935 77.27245511448851 0.6934884770913086 0.6373818791651082 0.2096930227293122 0.046211755954614964 -0.06168830400379619 -0.0926460475862874 45128.0 101257.0 170091.0 240125.0 303401.0 355990.0 396856.0 426621.0 446671.0 458627.0 464064.0 464381.0 460766.0 454194.0 445450.0 435156.0
12 1.0 264.66984796413414 -72.06931256017117 0.6934884770913086 0.6373818791651082 0.2096930227293122 0.046211755954614964 -0.06168830400379619 -0.0926460475862874 44965.0 100941.0 169634.0 239591.0 302884.0 355586.0 396647.0 426664.0 447001.0 459259.0 464996.0 465603.0 462258.0 455932.0 447409.0 437308.0
13 1.0 346.38787624227774 80.15427602623433 0.6934884770913086 0.6373818791651082 0.2096930227293122 0.046211755954614964 -0.06168830400379619 -0.0926460475862874 45176.0 101339.0 170182.0 240187.0 303406.0 355924.0 396723.0 426432.0 446446.0 458387.0 463827.0 464163.0 460580.0 454048.0 445348.0 435102.0
14 1.0 89.55113166718489 66.5079354983938 0.6934884770913086 0.6373818791651082 0.2096930227293122 0.046211755954614964 -0.06168830400379619 -0.0926460475862874 45055.0 101104.0 169825.0 239722.0 302853.0 355311.0 396079.0 425786.0 445825.0 457813.0 463319.0 463736.0 460243.0 453806.0 445205.0 435057.0
15 1.0 207.4166403904213 -8.25076855664068 0.6934884770913086 0.6373818791651082 0.2096930227293122 0.046211755954614964 -0.06168830400379619 -0.0926460475862874 45214.0 101439.0 170404.0 240642.0 304222.0 357218.0 398568.0 428857.0 449437.0 461900.0 467802.0 468532.0 465271.0 458994.0 450487.0 440379.0
16 1.0 213.13509525786205 -31.19384128171319 0.6934884770913086 0.6373818791651082 0.2096930227293122 0.046211755954614964 -0.06168830400379619 -0.0926460475862874 45465.0 101892.0 170984.0 241164.0 304454.0 356940.0 397617.0 427143.0 446934.0 458635.0 463836.0 463948.0 460160.0 453450.0 444600.0 434229.0
17 1.0 206.01068608471442 -48.10605672976977 0.6934884770913086 0.6373818791651082 0.2096930227293122 0.046211755954614964 -0.06168830400379619 -0.0926460475862874 45089.0 101074.0 169682.0 239476.0 302564.0 355052.0 395911.0 425747.0 445927.0 458050.0 463672.0 464181.0 460754.0 454358.0 445775.0 435625.0
18 1.0 80.30938775062259 20.603647165837387 0.6934884770913086 0.6373818791651082 0.2096930227293122 0.046211755954614964 -0.06168830400379619 -0.0926460475862874 44757.0 100380.0 168548.0 237864.0 300464.0 352482.0 392913.0 422381.0 442265.0 454168.0 459643.0 460071.0 456621.0 450251.0 441733.0 431679.0
19 1.0 342.9896441461146 -84.04657353440899 0.6934884770913086 0.6373818791651082 0.2096930227293122 0.046211755954614964 -0.06168830400379619 -0.0926460475862874 45080.0 101162.0 169954.0 239978.0 303293.0 355970.0 396966.0 426887.0 447105.0 459232.0 464832.0 465300.0 461822.0 455369.0 446726.0 436517.0
20 1.0 160.96513630234585 -87.19090839957092 0.6934884770913086 0.6373818791651082 0.2096930227293122 0.046211755954614964 -0.06168830400379619 -0.0926460475862874 45051.0 101118.0 169899.0 239901.0 303168.0 355765.0 396652.0 426446.0 446531.0 458528.0 464010.0 464377.0 460815.0 454297.0 445608.0 435368.0
21 1.0 304.707122089606 -12.816769950317195 0.6934884770913086 0.6373818791651082 0.2096930227293122 0.046211755954614964 -0.06168830400379619 -0.0926460475862874 45099.0 101197.0 170014.0 240071.0 303419.0 356123.0 397134.0 427057.0 447269.0 459383.0 464967.0 465420.0 461928.0 455464.0 446815.0 436603.0
22 1.0 251.81253911430156 -77.74666668455036 0.6934884770913086 0.6373818791651082 0.2096930227293122 0.046211755954614964 -0.06168830400379619 -0.0926460475862874 44932.0 100878.0 169562.0 239520.0 302791.0 355415.0 396327.0 426122.0 446178.0 458112.0 463502.0 463752.0 460058.0 453398.0 444563.0 434179.0
23 1.0 107.07730230784811 -44.65062211570328 0.6934884770913086 0.6373818791651082 0.2096930227293122 0.046211755954614964 -0.06168830400379619 -0.0926460475862874 45112.0 101206.0 169952.0 239832.0 302896.0 355242.0 395860.0 425391.0 445240.0 457032.0 462346.0 462579.0 458915.0 452324.0 443584.0 433314.0
24 1.0 292.9672150928918 -50.19103523770491 0.6934884770913086 0.6373818791651082 0.2096930227293122 0.046211755954614964 -0.06168830400379619 -0.0926460475862874 44636.0 100295.0 168679.0 238401.0 301549.0 354181.0 395218.0 425235.0 445577.0 457835.0 463563.0 464149.0 460776.0 454415.0 445853.0 435712.0
25 1.0 142.74206670491446 -44.425585129886656 0.6934884770913086 0.6373818791651082 0.2096930227293122 0.046211755954614964 -0.06168830400379619 -0.0926460475862874 45038.0 101055.0 169777.0 239729.0 302950.0 355496.0 396312.0 426010.0 445976.0 457833.0 463163.0 463372.0 459652.0 452982.0 444150.0 433780.0
26 1.0 317.1971509600182 -66.4100583812536 0.6934884770913086 0.6373818791651082 0.2096930227293122 0.046211755954614964 -0.06168830400379619 -0.0926460475862874 45356.0 101750.0 170915.0 241317.0 304973.0 357937.0 399157.0 429241.0 449569.0 461760.0 467387.0 467854.0 464351.0 457856.0 449160.0 438888.0
27 1.0 209.25823414890914 -87.83347987842222 0.6934884770913086 0.6373818791651082 0.2096930227293122 0.046211755954614964 -0.06168830400379619 -0.0926460475862874 45204.0 101382.0 170229.0 240227.0 303434.0 355945.0 396747.0 426473.0 446517.0 458498.0 463988.0 464381.0 460856.0 454385.0 445745.0 435557.0
28 1.0 317.424730267747 -69.21282651502534 0.6934884770913086 0.6373818791651082 0.2096930227293122 0.046211755954614964 -0.06168830400379619 -0.0926460475862874 45298.0 101603.0 170646.0 240910.0 304432.0 357279.0 398404.0 428420.0 448705.0 460875.0 466500.0 466980.0 463502.0 457040.0 448383.0 438155.0
29 1.0 249.3113724279957 21.32644671229461 0.6934884770913086 0.6373818791651082 0.2096930227293122 0.046211755954614964 -0.06168830400379619 -0.0926460475862874 45275.0 101523.0 170478.0 240628.0 304011.0 356686.0 397605.0 427382.0 447406.0 459301.0 464649.0 464859.0 461125.0 454429.0 445561.0 435146.0
0 1.0 261.09154073507057 85.36611830724905 0.6934884770913086 0.6373818791651082 0.2096930227293122 0.046211755954614964 -0.06168830400379619 -0.0926460475862874 45285.0 101541.0 170515.0 240715.0 304194.0 357021.0 398150.0 428182.0 448492.0 460688.0 466338.0 466840.0 463379.0 456931.0 448284.0 438061.0
1 1.0 180.47677749361281 88.26210028096091 0.6934884770913086 0.6373818791651082 0.2096930227293122 0.046211755954614964 -0.06168830400379619 -0.0926460475862874 45209.0 101377.0 170212.0 240213.0 303441.0 355990.0 396838.0 426612.0 446699.0 458718.0 464236.0 464650.0 461141.0 454680.0 446046.0 435861.0
2 1.0 344.1901085003606 -16.37026283284891 0.6934884770913086 0.6373818791651082 0.2096930227293122 0.046211755954614964 -0.06168830400379619 -0.0926460475862874 45012.0 100928.0 169469.0 239189.0 302175.0 354525.0 395212.0 424856.0 444841.0 456778.0 462236.0 462605.0 459065.0 452585.0 443944.0 433759.0
3 1.0 231.83647172266947 -60.66820331161104 0.6934884770913086 0.6373818791651082 0.2096930227293122 0.046211755954614964 -0.06168830400379619 -0.0926460475862874 45020.0 100971.0 169546.0 239275.0 302238.0 354535.0 395151.0 424715.0 444619.0 456479.0 461865.0 462171.0 458578.0 452052.0 443374.0 433161.0
4 1.0 152.5878174809447 24.977116325975274 0.6934884770913086 0.6373818791651082 0.2096930227293122 0.046211755954614964 -0.06168830400379619 -0.0926460475862874 45163.0 101273.0 170118.0 240263.0 303773.0 356695.0 397947.0 428103.0 448518.0 460790.0 466485.0 467002.0 463532.0 457055.0 448364.0 438087.0
5 1.0 218.30155708605275 -1.7450376212273113 0.6934884770913086 0.6373818791651082 0.2096930227293122 0.046211755954614964 -0.06168830400379619 -0.0926460475862874 45314.0 101724.0 170979.0 241519.0 305312.0 358360.0 399585.0 429591.0 449770.0 461759.0 467149.0 467362.0 463603.0 456860.0 447930.0 437443.0
6 1.0 6.909551391360069 88.09375991119765 0.6934884770913086 0.6373818791651082 0.2096930227293122 0.046211755954614964 -0.06168830400379619 -0.0926460475862874 45152.0 101285.0 170127.0 240197.0 303547.0 356243.0 397234.0 427130.0 447306.0 459378.0 464916.0 465321.0 461778.0 455265.0 446568.0 436310.0
7 1.0 108.56693400283775 -78.24524271267956 0.6934884770913086 0.6373818791651082 0.2096930227293122 0.046211755954614964 -0.06168830400379619 -0.0926460475862874 45225.0 101433.0 170339.0 240438.0 303779.0 356435.0 397370.0 427199.0 447309.0 459317.0 464798.0 465152.0 461567.0 455019.0 446293.0 436013.0
8 1.0 237.66247349736662 50.98219889648635 0.6934884770913086 0.6373818791651082 0.2096930227293122 0.046211755954614964 -0.06168830400379619 -0.0926460475862874 45089.0 101118.0 169812.0 239711.0 302893.0 355440.0 396316.0 426128.0 446251.0 458295.0 463823.0 464232.0 460703.0 454210.0 445536.0 435303.0
9 1.0 104.42793859575987 -38.0882704803311 0.6934884770913086 0.6373818791651082 0.2096930227293122 0.046211755954614964 -0.06168830400379619 -0.0926460475862874 45342.0 101609.0 170494.0 240461.0 303574.0 355947.0 396588.0 426145.0 446025.0 457855.0 463209.0 463484.0 459862.0 453310.0 444608.0 434371.0
10 1.0 222.48555443958296 -46.54464838621668 0.6934884770913086 0.6373818791651082 0.2096930227293122 0.046211755954614964 -0.06168830400379619 -0.0926460475862874 45234.0 101353.0 170068.0 239881.0 302866.0 355137.0 395693.0 425179.0 444997.0 456773.0 462080.0 462314.0 458657.0 452076.0 443350.0 433095.0
11 1.0 154.35673234047582 29.250822875881667 0.6934884770913086 0.6373818791651082 0.2096930227293122 0.046211755954614964 -0.06168830400379619 -0.0926460475862874 45372.0 101670.0 170669.0 240899.0 304432.0 357340.0 398567.0 428704.0 449114.0 461397.0 467119.0 467674.0 464250.0 457823.0 449184.0 438958.0
12 1.0 48.770663120082084 -45.70862670162639 0.6934884770913086 0.6373818791651082 0.2096930227293122 0.046211755954614964 -0.06168830400379619 -0.0926460475862874 45055.0 101022.0 169610.0 239352.0 302326.0 354632.0 395250.0 424810.0 444702.0 456544.0 461905.0 462182.0 458555.0 451993.0 443277.0 433025.0
13 1.0 107.38163734417108 29.854641160653784 0.6934884770913086 0.6373818791651082 0.2096930227293122 0.046211755954614964 -0.06168830400379619 -0.0926460475862874 45064.0 101104.0 169802.0 239676.0 302808.0 355306.0 396155.0 425981.0 446163.0 458310.0 463980.0 464557.0 461216.0 454920.0 446445.0 436408.0
14 1.0 205.18736785245537 3.11553309641198 0.6934884770913086 0.6373818791651082 0.2096930227293122 0.046211755954614964 -0.06168830400379619 -0.0926460475862874 45118.0 101315.0 170307.0 240557.0 304054.0 356825.0 397810.0 427625.0 447666.0 459567.0 464916.0 465125.0 461393.0 454701.0 445840.0 435434.0
15 1.0 212.71419404934235 -13.663982081547132 0.6934884770913086 0.6373818791651082 0.2096930227293122 0.046211755954614964 -0.06168830400379619 -0.0926460475862874 45396.0 101839.0 171040.0 241411.0 304930.0 357642.0 398513.0 428182.0 448063.0 459802.0 464996.0 465061.0 461198.0 454390.0 445426.0 434932.0
16 1.0 206.75708958584838 9.843805559055411 0.6934884770913086 0.6373818791651082 0.2096930227293122 0.046211755954614964 -0.06168830400379619 -0.0926460475862874 44991.0 101027.0 169838.0 239976.0 303498.0 356448.0 397748.0 427974.0 448478.0 460856.0 466667.0 467305.0 463956.0 457596.0 449016.0 438843.0
17 1.0 235.1522951485681 -38.330726414466646 0.6934884770913086 0.6373818791651082 0.2096930227293122 0.046211755954614964 -0.06168830400379619 -0.0926460475862874 45039.0 100904.0 169357.0 239009.0 301997.0 354430.0 395269.0 425106.0 445300.0 457441.0 463082.0 463607.0 460193.0 453807.0 445231.0 435087.0
18 1.0 234.757177200608 37.1834471291362 0.6934884770913086 0.6373818791651082 0.2096930227293122 0.046211755954614964 -0.06168830400379619 -0.0926460475862874 44970.0 100935.0 169639.0 239646.0 303014.0 355788.0 396893.0 426910.0 447196.0 459356.0 464957.0 465398.0 461868.0 455347.0 446625.0 436331.0
19 1.0 155.31063675623062 -15.325763519958471 0.6934884770913086 0.6373818791651082 0.2096930227293122 0.046211755954614964 -0.06168830400379619 -0.0926460475862874 45031.0 101014.0 169677.0 239558.0 302718.0 355225.0 396032.0 425750.0 445758.0 457673.0 463070.0 463350.0 459700.0 453097.0 444326.0 434010.0
20 1.0 322.75677450638267 -25.101799112539396 0.6934884770913086 0.6373818791651082 0.2096930227293122 0.046211755954614964 -0.06168830400379619 -0.0926460475862874 45359.0 101707.0 170741.0 240918.0 304286.0 356941.0 397870.0 427708.0 447849.0 459915.0 465476.0 465928.0 462451.0 456015.0 447401.0 437230.0
21 1.0 132.32227321724275 59.158244620032804 0.6934884770913086 0.6373818791651082 0.2096930227293122 0.046211755954614964 -0.06168830400379619 -0.0926460475862874 45300.0 101608.0 170664.0 240942.0 304466.0 357291.0 398371.0 428321.0 448526.0 460608.0 466144.0 466538.0 462978.0 456444.0 447722.0 437437.0
22 1.0 156.91137309562566 76.4940441515746 0.6934884770913086 0.6373818791651082 0.2096930227293122 0.046211755954614964 -0.06168830400379619 -0.0926460475862874 45430.0 101856.0 170909.0 240959.0 304019.0 356204.0 396557.0 425773.0 445297.0 456789.0 461840.0 461859.0 458028.0 451316.0 442497.0 432182.0
23 1.0 321.092407805642 -81.71868404028655 0.6934884770913086 0.6373818791651082 0.2096930227293122 0.046211755954614964 -0.06168830400379619 -0.0926460475862874 45100.0 101199.0 170018.0 240080.0 303446.0 356184.0 397244.0 427230.0 447513.0 459700.0 465357.0 465879.0 462448.0 456039.0 447435.0 437261.0
24 1.0 290.22983605659084 -48.12714129064221 0.6934884770913086 0.6373818791651082 0.2096930227293122 0.046211755954614964 -0.06168830400379619 -0.0926460475862874 45045.0 101046.0 169722.0 239631.0 302874.0 355548.0 396614.0 426673.0 447081.0 459432.0 465274.0 465989.0 462751.0 456525.0 448092.0 438071.0
25 1.0 253.39989007453187 -27.266513491338614 0.6934884770913086 0.6373818791651082 0.2096930227293122 0.046211755954614964 -0.06168830400379619 -0.0926460475862874 44745.0 100401.0 168672.0 238137.0 300882.0 352993.0 393435.0 422825.0 442551.0 454232.0 459442.0 459580.0 455829.0 449162.0 440359.0 430037.0
26 1.0 36.0816794324284 56.693966286644525 0.6934884770913086 0.6373818791651082 0.2096930227293122 0.046211755954614964 -0.06168830400379619 -0.0926460475862874 44930.0 100781.0 169267.0 238942.0 301887.0 354189.0 394817.0 424391.0 444297.0 456153.0 461530.0 461824.0 458218.0 451683.0 442998.0 432781.0
27 1.0 331.0137409480825 87.38845697579356 0.6934884770913086 0.6373818791651082 0.2096930227293122 0.046211755954614964 -0.06168830400379619 -0.0926460475862874 45279.0 101497.0 170355.0 240375.0 303662.0 356340.0 397394.0 427441.0 447848.0 460209.0 466073.0 466820.0 463620.0 457437.0 449048.0 439072.0
28 1.0 257.1268678376801 84.41490684066332 0.6934884770913086 0.6373818791651082 0.2096930227293122 0.046211755954614964 -0.06168830400379619 -0.0926460475862874 45145.0 101279.0 170122.0 240178.0 303492.0 356131.0 397051.0 426866.0 446960.0 458953.0 464420.0 464763.0 461170.0 454616.0 445888.0 435608.0
29 1.0 359.5849223644319 72.89070219898684 0.6934884770913086 0.6373818791651082 0.2096930227293122 0.046211755954614964 -0.06168830400379619 -0.0926460475862874 44976.0 100922.0 169541.0 239382.0 302531.0 355081.0 395991.0 425869.0 446082.0 458233.0 463880.0 464410.0 461003.0 454627.0 446062.0 435930.0
0 1.0 53.80138967687775 -36.619872288474625 0.6934884770913086 0.6373818791651082 0.2096930227293122 0.046211755954614964 -0.06168830400379619 -0.0926460475862874 44783.0 100535.0 168964.0 238650.0 301671.0 354100.0 394884.0 424622.0 444686.0 456683.0 462179.0 462568.0 459033.0 452546.0 443889.0 433683.0
1 1.0 312.52538065255715 88.56202381460534 0.6934884770913086 0.6373818791651082 0.2096930227293122 0.046211755954614964 -0.06168830400379619 -0.0926460475862874 44993.0 100983.0 169656.0 239540.0 302702.0 355232.0 396099.0 425918.0 446069.0 458162.0 463759.0 464253.0 460822.0 454433.0 445868.0 435743.0
2 1.0 58.497456483494936 -45.10439260983878 0.6934884770913086 0.6373818791651082 0.2096930227293122 0.046211755954614964 -0.06168830400379619 -0.0926460475862874 45065.0 101064.0 169693.0 239482.0 302512.0 354885.0 395582.0 425229.0 445213.0 457147.0 462600.0 462966.0 459423.0 452942.0 444301.0 434118.0
3 1.0 221.6014431421839 -70.9368921211982 0.6934884770913086 0.6373818791651082 0.2096930227293122 0.046211755954614964 -0.06168830400379619 -0.0926460475862874 44861.0 100722.0 169283.0 239087.0 302188.0 354645.0 395406.0 425078.0 445041.0 456911.0 462263.0 462500.0 458810.0 452170.0 443365.0 433019.0
4 1.0 44.57519382579895 81.17146998997094 0.6934884770913086 0.6373818791651082 0.2096930227293122 0.046211755954614964 -0.06168830400379619 -0.0926460475862874 44973.0 100964.0 169650.0 239543.0 302692.0 355177.0 395968.0 425687.0 445721.0 457690.0 463162.0 463534.0 459988.0 453494.0 444834.0 434626.0
5 1.0 305.2829625560044 -47.98435401574267 0.6934884770913086 0.6373818791651082 0.2096930227293122 0.046211755954614964 -0.06168830400379619 -0.0926460475862874 45831.0 102693.0 172330.0 243104.0 306990.0 360044.0 401238.0 431217.0 451391.0 463405.0 468850.0 469141.0 465478.0 458841.0 450022.0 439646.0
6 1.0 290.63482514100383 34.15828771399508 0.6934884770913086 0.6373818791651082 0.2096930227293122 0.046211755954614964 -0.06168830400379619 -0.0926460475862874 44915.0 100793.0 169337.0 239109.0 302196.0 354683.0 395529.0 425340.0 445483.0 457564.0 463143.0 463609.0 460144.0 453717.0 445109.0 434941.0
7 1.0 204.8762659012536 -79.49585538349405 0.6934884770913086 0.6373818791651082 0.2096930227293122 0.046211755954614964 -0.06168830400379619 -0.0926460475862874 45282.0 101547.0 170528.0 240717.0 304159.0 356926.0 397981.0 427939.0 448183.0 460326.0 465939.0 466419.0 462951.0 456507.0 447873.0 437672.0
8 1.0 146.58598700135988 41.52763784294572 0.6934884770913086 0.6373818791651082 0.2096930227293122 0.046211755954614964 -0.06168830400379619 -0.0926460475862874 45658.0 102242.0 171407.0 241529.0 304659.0 356943.0 397433.0 426818.0 446532.0 458219.0 463460.0 463654.0 459979.0 453400.0 444692.0 434466.0
9 1.0 24.900118363849696 68.70963822009114 0.6934884770913086 0.6373818791651082 0.2096930227293122 0.046211755954614964 -0.06168830400379619 -0.0926460475862874 44900.0 100725.0 169184.0 238856.0 301850.0 354263.0 395061.0 424847.0 444989.0 457086.0 462693.0 463197.0 459775.0 453394.0 444833.0 434712.0
10 1.0 251.07435833204292 -40.96135881612675 0.6934884770913086 0.6373818791651082 0.2096930227293122 0.046211755954614964 -0.06168830400379619 -0.0926460475862874 45000.0 100813.0 169178.0 238708.0 301562.0 353879.0 394639.0 424446.0 444656.0 456855.0 462583.0 463217.0 459923.0 453663.0 445213.0 435190.0
11 1.0 163.27536576410478 -21.76975870606286 0.6934884770913086 0.6373818791651082 0.2096930227293122 0.046211755954614964 -0.06168830400379619 -0.0926460475862874 45158.0 101240.0 169966.0 239875.0 303059.0 355620.0 396527.0 426394.0 446594.0 458731.0 464366.0 464887.0 461472.0 455091.0 446524.0 436391.0
12 1.0 259.94001580932525 -22.6266870022351 0.6934884770913086 0.6373818791651082 0.2096930227293122 0.046211755954614964 -0.06168830400379619 -0.0926460475862874 44788.0 100453.0 168674.0 238043.0 300691.0 352751.0 393213.0 422706.0 442606.0 454518.0 459998.0 460427.0 456974.0 450599.0 442075.0 432014.0
13 1.0 311.8976373343065 44.781886357223954 0.6934884770913086 0.6373818791651082 0.2096930227293122 0.046211755954614964 -0.06168830400379619 -0.0926460475862874 45070.0 101098.0 169791.0 239678.0 302835.0 355354.0 396206.0 426007.0 446136.0 458203.0 463773.0 464236.0 460773.0 454353.0 445757.0 435604.0
14 1.0 351.1877418010389 -47.19469634297301 0.6934884770913086 0.6373818791651082 0.2096930227293122 0.046211755954614964 -0.06168830400379619 -0.0926460475862874 45423.0 101762.0 170750.0 240867.0 304179.0 356788.0 397682.0 427493.0 447613.0 459661.0 465205.0 465640.0 462148.0 455699.0 447072.0 436889.0
15 1.0 308.08920326133995 -59.06644217142426 0.6934884770913086 0.6373818791651082 0.2096930227293122 0.046211755954614964 -0.06168830400379619 -0.0926460475862874 45239.0 101424.0 170279.0 240305.0 303567.0 356156.0 397048.0 426868.0 447002.0 459067.0 464630.0 465087.0 461617.0 455192.0 446591.0 436433.0
16 1.0 4.21707030660071 -9.127503236207147 0.6934884770913086 0.6373818791651082 0.2096930227293122 0.046211755954614964 -0.06168830400379619 -0.0926460475862874 44924.0 100796.0 169314.0 239037.0 302061.0 354485.0 395278.0 425052.0 445178.0 457260.0 462856.0 463353.0 459927.0 453545.0 444986.0 434869.0
17 1.0 129.592103212211 -35.19568667208249 0.6934884770913086 0.6373818791651082 0.2096930227293122 0.046211755954614964 -0.06168830400379619 -0.0926460475862874 45022.0 101037.0 169780.0 239786.0 303090.0 355739.0 396666.0 426473.0 446538.0 458482.0 463883.0 464148.0 460469.0 453828.0 445013.0 434650.0
18 1.0 262.7966024726609 61.05404200655744 0.6934884770913086 0.6373818791651082 0.2096930227293122 0.046211755954614964 -0.06168830400379619 -0.0926460475862874 45239.0 101427.0 170356.0 240594.0 304215.0 357269.0 398672.0 428991.0 449572.0 462008.0 467857.0 468514.0 465168.0 458800.0 450200.0 439999.0
19 1.0 61.78668381411859 -47.20647131718502 0.6934884770913086 0.6373818791651082 0.2096930227293122 0.046211755954614964 -0.06168830400379619 -0.0926460475862874 45093.0 101126.0 169788.0 239586.0 302586.0 354892.0 395498.0 425047.0 444940.0 456802.0 462204.0 462542.0 458993.0 452524.0 443909.0 433763.0
20 1.0 187.57317823348654 0.4301023480670665 0.6934884770913086 0.6373818791651082 0.2096930227293122 0.046211755954614964 -0.06168830400379619 -0.0926460475862874 44879.0 100805.0 169484.0 239447.0 302722.0 355350.0 396268.0 426078.0 446160.0 458132.0 463572.0 463884.0 460259.0 453674.0 444917.0 434612.0
21 1.0 19.561675802131305 79.66504794562746 0.6934884770913086 0.6373818791651082 0.2096930227293122 0.046211755954614964 -0.06168830400379619 -0.0926460475862874 45034.0 101028.0 169700.0 239584.0 302745.0 355258.0 396084.0 425834.0 445888.0 457862.0 463326.0 463677.0 460102.0 453573.0 444873.0 434626.0
22 1.0 71.99874896270403 24.119585594038938 0.6934884770913086 0.6373818791651082 0.2096930227293122 0.046211755954614964 -0.06168830400379619 -0.0926460475862874 45061.0 101000.0 169568.0 239329.0 302366.0 354762.0 395473.0 425107.0 445043.0 456896.0 462239.0 462470.0 458779.0 452140.0 443338.0 432997.0
23 1.0 6.66784600582103 66.11209298324366 0.6934884770913086 0.6373818791651082 0.2096930227293122 0.046211755954614964 -0.06168830400379619 -0.0926460475862874 45057.0 101091.0 169807.0 239723.0 302898.0 355413.0 396233.0 425975.0 446024.0 457994.0 463457.0 463810.0 460236.0 453710.0 445012.0 434766.0
24 1.0 285.7311732086714 79.23774408385813 0.6934884770913086 0.6373818791651082 0.2096930227293122 0.046211755954614964 -0.06168830400379619 -0.0926460475862874 45101.0 101172.0 169925.0 239876.0 303079.0 355610.0 396430.0 426158.0 446177.0 458106.0 463519.0 463818.0 460187.0 453603.0 444851.0 434552.0
25 1.0 80.61288770173685 45.13767513954335 0.6934884770913086 0.6373818791651082 0.2096930227293122 0.046211755954614964 -0.06168830400379619 -0.0926460475862874 44804.0 100560.0 168961.0 238563.0 301436.0 353664.0 394213.0 423706.0 443531.0 455309.0 460612.0 460835.0 457163.0 450566.0 441822.0 431550.0
26 1.0 124.32660505088496 35.92351084045525 0.6934884770913086 0.6373818791651082 0.2096930227293122 0.046211755954614964 -0.06168830400379619 -0.0926460475862874 45260.0 101556.0 170614.0 240922.0 304507.0 357420.0 398601.0 428653.0 448950.0 461107.0 466697.0 467123.0 463579.0 457043.0 448308.0 438000.0
27 1.0 334.1092656476127 84.23380198876086 0.6934884770913086 0.6373818791651082 0.2096930227293122 0.046211755954614964 -0.06168830400379619 -0.0926460475862874 45266.0 101479.0 170361.0 240439.0 303805.0 356564.0 397685.0 427772.0 448190.0 460536.0 466363.0 467055.0 463788.0 457529.0 449062.0 439006.0
28 1.0 253.5891846924718 88.99214213658229 0.6934884770913086 0.6373818791651082 0.2096930227293122 0.046211755954614964 -0.06168830400379619 -0.0926460475862874 45176.0 101340.0 170196.0 240238.0 303518.0 356117.0 397003.0 426799.0 446890.0 458894.0 464384.0 464757.0 461199.0 454683.0 445992.0 435748.0
29 1.0 11.462014631270826 -8.672097119443265 0.6934884770913086 0.6373818791651082 0.2096930227293122 0.046211755954614964 -0.06168830400379619 -0.0926460475862874 45015.0 101030.0 169773.0 239775.0 303083.0 355754.0 396733.0 426625.0 446805.0 458886.0 464439.0 464862.0 461342.0 454853.0 446181.0 435948.0
0 1.0 59.289896339248585 -77.2434399268425 0.6934884770913086 0.6373818791651082 0.2096930227293122 0.046211755954614964 -0.06168830400379619 -0.0926460475862874 45069.0 101119.0 169844.0 239744.0 302858.0 355254.0 395895.0 425407.0 445190.0 456875.0 462047.0 462118.0 458279.0 451511.0 442600.0 432169.0
1 1.0 223.73222453991488 -37.29707434070661 0.6934884770913086 0.6373818791651082 0.2096930227293122 0.046211755954614964 -0.06168830400379619 -0.0926460475862874 45029.0 100928.0 169379.0 238946.0 301764.0 353975.0 394580.0 424207.0 444233.0 456258.0 461834.0 462341.0 458947.0 452614.0 444114.0 434062.0
2 1.0 207.80229189750034 -62.57615297620852 0.6934884770913086 0.6373818791651082 0.2096930227293122 0.046211755954614964 -0.06168830400379619 -0.0926460475862874 44974.0 100896.0 169451.0 239180.0 302173.0 354533.0 395243.0 424925.0 444962.0 456964.0 462494.0 462942.0 459481.0 453080.0 444515.0 434403.0
3 1.0 85.64141569482311 -14.852452536717877 0.6934884770913086 0.6373818791651082 0.2096930227293122 0.046211755954614964 -0.06168830400379619 -0.0926460475862874 45259.0 101470.0 170355.0 240413.0 303705.0 356318.0 397225.0 427047.0 447168.0 459205.0 464726.0 465128.0 461595.0 455099.0 446423.0 436189.0
4 1.0 336.3170392529258 -66.36792087481392 0.6934884770913086 0.6373818791651082 0.2096930227293122 0.046211755954614964 -0.06168830400379619 -0.0926460475862874 45286.0 101568.0 170546.0 240686.0 304033.0 356675.0 397593.0 427416.0 447538.0 459579.0 465111.0 465530.0 462018.0 455547.0 446899.0 436694.0
5 1.0 221.02774414772256 18.741204723758756 0.6934884770913086 0.6373818791651082 0.2096930227293122 0.046211755954614964 -0.06168830400379619 -0.0926460475862874 45052.0 101102.0 169840.0 239781.0 302989.0 355549.0 396427.0 426237.0 446356.0 458399.0 463929.0 464342.0 460821.0 454337.0 445674.0 435453.0
6 1.0 192.827809088985 -21.094549351586267 0.6934884770913086 0.6373818791651082 0.2096930227293122 0.046211755954614964 -0.06168830400379619 -0.0926460475862874 45313.0 101617.0 170629.0 240829.0 304261.0 357003.0 398020.0 427929.0 448113.0 460192.0 465735.0 466142.0 462601.0 456087.0 447385.0 437119.0
7 1.0 212.36759148764554 71.1694591718778 0.6934884770913086 0.6373818791651082 0.2096930227293122 0.046211755954614964 -0.06168830400379619 -0.0926460475862874 45109.0 101207.0 169970.0 239887.0 303009.0 355428.0 396129.0 425750.0 445691.0 457577.0 462984.0 463309.0 459734.0 453228.0 444570.0 434376.0
8 1.0 262.8439306260371 84.20304092373033 0.6934884770913086 0.6373818791651082 0.2096930227293122 0.046211755954614964 -0.06168830400379619 -0.0926460475862874 45293.0 101578.0 170598.0 240848.0 304368.0 357217.0 398345.0 428357.0 448630.0 460780.0 466379.0 466828.0 463316.0 456821.0 448132.0 437873.0
9 1.0 112.30019837265667 8.43928230049599 0.6934884770913086 0.6373818791651082 0.2096930227293122 0.046211755954614964 -0.06168830400379619 -0.0926460475862874 45014.0 100982.0 169629.0 239518.0 302739.0 355375.0 396377.0 426341.0 446628.0 458835.0 464520.0 465072.0 461671.0 455288.0 446707.0 436550.0
10 1.0 143.35958239779308 -40.531757423832616 0.6934884770913086 0.6373818791651082 0.2096930227293122 0.046211755954614964 -0.06168830400379619 -0.0926460475862874 45067.0 101108.0 169864.0 239866.0 303156.0 355783.0 396687.0 426472.0 446516.0 458442.0 463826.0 464075.0 460382.0 453727.0 444900.0 434526.0
11 1.0 75.54374963104397 16.601475377130626 0.6934884770913086 0.6373818791651082 0.2096930227293122 0.046211755954614964 -0.06168830400379619 -0.0926460475862874 45270.0 101422.0 170190.0 240072.0 303130.0 355462.0 396055.0 425550.0 445350.0 457086.0 462338.0 462507.0 458781.0 452130.0 443336.0 433018.0
12 1.0 67.02948211692102 71.41700848039378 0.6934884770913086 0.6373818791651082 0.2096930227293122 0.046211755954614964 -0.06168830400379619 -0.0926460475862874 44909.0 100791.0 169315.0 239002.0 301923.0 354174.0 394741.0 424260.0 444126.0 455961.0 461337.0 461648.0 458072.0 451577.0 442938.0 432770.0
13 1.0 339.9740603942161 -16.787997749565307 0.6934884770913086 0.6373818791651082 0.2096930227293122 0.046211755954614964 -0.06168830400379619 -0.0926460475862874 45028.0 100956.0 169480.0 239153.0 302082.0 354383.0 395043.0 424685.0 444689.0 456663.0 462166.0 462586.0 459100.0 452671.0 444078.0 433937.0
14 1.0 266.2382862177435 9.374089804554757 0.6934884770913086 0.6373818791651082 0.2096930227293122 0.046211755954614964 -0.06168830400379619 -0.0926460475862874 45168.0 101252.0 169985.0 239900.0 303077.0 355607.0 396457.0 426242.0 446340.0 458362.0 463874.0 464272.0 460738.0 454244.0 445573.0 435346.0
15 1.0 176.56517110232414 -41.10250183089374 0.6934884770913086 0.6373818791651082 0.2096930227293122 0.046211755954614964 -0.06168830400379619 -0.0926460475862874 45154.0 101239.0 169970.0 239863.0 302989.0 355444.0 396204.0 425896.0 445907.0 457854.0 463306.0 463658.0 460092.0 453580.0 444902.0 434677.0
16 1.0 81.86926607039636 -8.020053098995149 0.6934884770913086 0.6373818791651082 0.2096930227293122 0.046211755954614964 -0.06168830400379619 -0.0926460475862874 45150.0 101251.0 169985.0 239821.0 302795.0 355000.0 395439.0 424774.0 444429.0 456050.0 461225.0 461359.0 457637.0 451028.0 442305.0 432082.0
17 1.0 91.56833343734147 -17.69156363167224 0.6934884770913086 0.6373818791651082 0.2096930227293122 0.046211755954614964 -0.06168830400379619 -0.0926460475862874 45372.0 101700.0 170715.0 240884.0 304244.0 356872.0 397743.0 427487.0 447501.0 459415.0 464808.0 465084.0 461432.0 454828.0 446058.0 435742.0
18 1.0 20.89049771659522 -45.28557628506522 0.6934884770913086 0.6373818791651082 0.2096930227293122 0.046211755954614964 -0.06168830400379619 -0.0926460475862874 44914.0 100749.0 169207.0 238843.0 301738.0 353986.0 394557.0 424075.0 443925.0 455724.0 461044.0 461280.0 457615.0 451019.0 442273.0 431995.0
19 1.0 156.3899852009235 1.0559490885555078 0.6934884770913086 0.6373818791651082 0.2096930227293122 0.046211755954614964 -0.06168830400379619 -0.0926460475862874 45078.0 101035.0 169593.0 239327.0 302365.0 354822.0 395671.0 425516.0 445718.0 457874.0 463535.0 464085.0 460700.0 454345.0 445802.0 435690.0
20 1.0 112.24651751787692 -34.13145132363395 0.6934884770913086 0.6373818791651082 0.2096930227293122 0.046211755954614964 -0.06168830400379619 -0.0926460475862874 44955.0 100843.0 169336.0 239005.0 301981.0 354396.0 395235.0 425108.0 445377.0 457631.0 463414.0 464101.0 460861.0 454652.0 446252.0 436275.0
21 1.0 250.6836559735654 -22.85372450146545 0.6934884770913086 0.6373818791651082 0.2096930227293122 0.046211755954614964 -0.06168830400379619 -0.0926460475862874 45146.0 101151.0 169791.0 239651.0 302840.0 355450.0 396433.0 426384.0 446660.0 458857.0 464533.0 465075.0 461664.0 455271.0 446679.0 436512.0
22 1.0 135.99066214529313 4.494679605767573 0.6934884770913086 0.6373818791651082 0.2096930227293122 0.046211755954614964 -0.06168830400379619 -0.0926460475862874 45227.0 101388.0 170217.0 240243.0 303544.0 356206.0 397189.0 427102.0 447316.0 459439.0 465036.0 465502.0 462020.0 455563.0 446915.0 436701.0
23 1.0 64.65732392146853 45.10710412721775 0.6934884770913086 0.6373818791651082 0.2096930227293122 0.046211755954614964 -0.06168830400379619 -0.0926460475862874 45034.0 100905.0 169333.0 238907.0 301771.0 354059.0 394761.0 424491.0 444614.0 456727.0 462377.0 462943.0 459594.0 453293.0 444813.0 434773.0
24 1.0 8.884342220879242 -29.968656157570443 0.6934884770913086 0.6373818791651082 0.2096930227293122 0.046211755954614964 -0.06168830400379619 -0.0926460475862874 44891.0 100691.0 169135.0 238838.0 301923.0 354487.0 395479.0 425485.0 445853.0 458168.0 463977.0 464660.0 461391.0 455137.0 446677.0 436634.0
25 1.0 24.20986732676949 76.34857799173744 0.6934884770913086 0.6373818791651082 0.2096930227293122 0.046211755954614964 -0.06168830400379619 -0.0926460475862874 44982.0 100907.0 169464.0 239189.0 302167.0 354500.0 395171.0 424804.0 444786.0 456729.0 462198.0 462585.0 459066.0 452608.0 443989.0 433827.0
26 1.0 244.58139845948423 65.21733843046243 0.6934884770913086 0.6373818791651082 0.2096930227293122 0.046211755954614964 -0.06168830400379619 -0.0926460475862874 45223.0 101414.0 170323.0 240458.0 303861.0 356593.0 397600.0 427493.0 447649.0 459687.0 465183.0 465539.0 461945.0 455379.0 446631.0 436323.0
27 1.0 163.33086404017632 -81.23574672440486 0.6934884770913086 0.6373818791651082 0.2096930227293122 0.046211755954614964 -0.06168830400379619 -0.0926460475862874 45015.0 101026.0 169739.0 239675.0 302887.0 355444.0 396306.0 426086.0 446167.0 458165.0 463651.0 464023.0 460466.0 453953.0 445268.0 435032.0
28 1.0 193.16851599914 -44.3443456337719 0.6934884770913086 0.6373818791651082 0.2096930227293122 0.046211755954614964 -0.06168830400379619 -0.0926460475862874 45066.0 101082.0 169764.0 239656.0 302844.0 355423.0 396358.0 426258.0 446492.0 458663.0 464329.0 464877.0 461485.0 455122.0 446568.0 436443.0
29 1.0 322.80166549452315 -9.695607721343649 0.6934884770913086 0.6373818791651082 0.2096930227293122 0.046211755954614964 -0.06168830400379619 -0.0926460475862874 45161.0 101280.0 170056.0 239991.0 303144.0 355603.0 396345.0 426000.0 445961.0 457851.0 463244.0 463540.0 459922.0 453363.0 444643.0 434384.0
0 1.0 356.52202106281356 -71.16698002635466 0.6934884770913086 0.6373818791651082 0.2096930227293122 0.046211755954614964 -0.06168830400379619 -0.0926460475862874 45415.0 101791.0 170821.0 240943.0 304199.0 356689.0 397413.0 427021.0 446924.0 458755.0 464097.0 464350.0 460700.0 454119.0 445387.0 435123.0
1 1.0 78.08291438345061 -27.274321973970522 0.6934884770913086 0.6373818791651082 0.2096930227293122 0.046211755954614964 -0.06168830400379619 -0.0926460475862874 45697.0 102348.0 171725.0 242263.0 305993.0 358993.0 400230.0 430327.0 450671.0 462881.0 468531.0 469023.0 465544.0 459074.0 450398.0 440145.0
2 1.0 238.70815311603627 43.21755461118286 0.6934884770913086 0.6373818791651082 0.2096930227293122 0.046211755954614964 -0.06168830400379619 -0.0926460475862874 45086.0 101121.0 169801.0 239639.0 302705.0 355091.0 395777.0 425394.0 445330.0 457209.0 462599.0 462899.0 459291.0 452745.0 444041.0 433799.0
3 1.0 94.79605562537424 32.49260660570866 0.6934884770913086 0.6373818791651082 0.2096930227293122 0.046211755954614964 -0.06168830400379619 -0.0926460475862874 44992.0 100919.0 169492.0 239265.0 302329.0 354779.0 395582.0 425351.0 445458.0 457511.0 463070.0 463526.0 460055.0 453629.0 445025.0 434865.0
4 1.0 7.434359807662325 22.02919714188087 0.6934884770913086 0.6373818791651082 0.2096930227293122 0.046211755954614964 -0.06168830400379619 -0.0926460475862874 45359.0 101700.0 170743.0 240944.0 304328.0 356968.0 397840.0 427578.0 447582.0 459484.0 464866.0 465134.0 461477.0 454872.0 446102.0 435790.0
5 1.0 273.01631538101094 37.895112490022214 0.6934884770913086 0.6373818791651082 0.2096930227293122 0.046211755954614964 -0.06168830400379619 -0.0926460475862874 45107.0 101190.0 169968.0 239941.0 303143.0 355637.0 396385.0 426010.0 445909.0 457711.0 462999.0 463181.0 459447.0 452775.0 443949.0 433593.0
6 1.0 115.20617429608842 -53.113736347253685 0.6934884770913086 0.6373818791651082 0.2096930227293122 0.046211755954614964 -0.06168830400379619 -0.0926460475862874 45287.0 101589.0 170532.0 240471.0 303387.0 355369.0 395453.0 424347.0 443515.0 454635.0 459320.0 458990.0 454839.0 447841.0 438773.0 428248.0
7 1.0 138.04700190188328 -28.494339324348218 0.6934884770913086 0.6373818791651082 0.2096930227293122 0.046211755954614964 -0.06168830400379619 -0.0926460475862874 45148.0 101228.0 169905.0 239674.0 302622.0 354882.0 395466.0 425024.0 444953.0 456870.0 462340.0 462748.0 459268.0 452861.0 444301.0 434201.0
8 1.0 211.79416087929806 31.723646809943318 0.6934884770913086 0.6373818791651082 0.2096930227293122 0.046211755954614964 -0.06168830400379619 -0.0926460475862874 44836.0 100631.0 169064.0 238687.0 301585.0 353856.0 394480.0 424077.0 444033.0 455961.0 461423.0 461811.0 458301.0 451860.0 443263.0 433127.0
9 1.0 299.17744388502854 68.26225734563889 0.6934884770913086 0.6373818791651082 0.2096930227293122 0.046211755954614964 -0.06168830400379619 -0.0926460475862874 45041.0 101077.0 169801.0 239721.0 302892.0 355396.0 396201.0 425929.0 445966.0 457931.0 463392.0 463747.0 460180.0 453661.0 444972.0 434735.0
10 1.0 226.43346369281355 7.86204968905713 0.6934884770913086 0.6373818791651082 0.2096930227293122 0.046211755954614964 -0.06168830400379619 -0.0926460475862874 45211.0 101470.0 170449.0 240592.0 303916.0 356496.0 397312.0 427004.0 446977.0 458862.0 464240.0 464514.0 460871.0 454285.0 445538.0 435251.0
11 1.0 314.1542359610623 -39.11406282980341 0.6934884770913086 0.6373818791651082 0.2096930227293122 0.046211755954614964 -0.06168830400379619 -0.0926460475862874 45420.0 101905.0 171170.0 241633.0 305284.0 358167.0 399240.0 429128.0 449231.0 461185.0 466579.0 466824.0 463118.0 456443.0 447590.0 437185.0
12 1.0 98.47513253362888 -84.55765355892314 0.6934884770913086 0.6373818791651082 0.2096930227293122 0.046211755954614964 -0.06168830400379619 -0.0926460475862874 45251.0 101567.0 170693.0 241089.0 304736.0 357648.0 398756.0 428666.0 448770.0 460703.0 466056.0 466246.0 462475.0 455731.0 446807.0 436332.0
13 1.0 287.29686020852296 37.8606292153584 0.6934884770913086 0.6373818791651082 0.2096930227293122 0.046211755954614964 -0.06168830400379619 -0.0926460475862874 45165.0 101282.0 170060.0 240010.0 303197.0 355711.0 396525.0 426265.0 446317.0 458298.0 463779.0 464158.0 460615.0 454123.0 445463.0 435255.0
14 1.0 66.8289399501428 -88.58086136848073 0.6934884770913086 0.6373818791651082 0.2096930227293122 0.046211755954614964 -0.06168830400379619 -0.0926460475862874 45115.0 101234.0 170077.0 240159.0 303530.0 356253.0 397280.0 427219.0 447447.0 459576.0 465176.0 465646.0 462170.0 455723.0 447090.0 436893.0
15 1.0 343.0049965099 -22.9177674322208 0.6934884770913086 0.6373818791651082 0.2096930227293122 0.046211755954614964 -0.06168830400379619 -0.0926460475862874 45246.0 101376.0 170119.0 240006.0 303128.0 355595.0 396386.0 426122.0 446184.0 458183.0 463685.0 464081.0 460552.0 454069.0 445412.0 435203.0
16 1.0 247.4957794996135 5.496698621300723 0.6934884770913086 0.6373818791651082 0.2096930227293122 0.046211755954614964 -0.06168830400379619 -0.0926460475862874 45394.0 101717.0 170706.0 240850.0 304214.0 356891.0 397852.0 427717.0 447868.0 459919.0 465441.0 465831.0 462273.0 455743.0 447026.0 436746.0
17 1.0 77.58276376088104 75.98006311809476 0.6934884770913086 0.6373818791651082 0.2096930227293122 0.046211755954614964 -0.06168830400379619 -0.0926460475862874 44987.0 100956.0 169625.0 239540.0 302759.0 355346.0 396247.0 426066.0 446179.0 458201.0 463702.0 464082.0 460530.0 454020.0 445337.0 435104.0
18 1.0 341.0534125760127 -73.89098189407798 0.6934884770913086 0.6373818791651082 0.2096930227293122 0.046211755954614964 -0.06168830400379619 -0.0926460475862874 45373.0 101774.0 170904.0 241191.0 304644.0 357331.0 398227.0 427973.0 447975.0 459868.0 465239.0 465495.0 461828.0 455213.0 446436.0 436119.0
19 1.0 263.1080904372568 -16.930382045708924 0.6934884770913086 0.6373818791651082 0.2096930227293122 0.046211755954614964 -0.06168830400379619 -0.0926460475862874 44831.0 100533.0 168827.0 238337.0 301200.0 353529.0 394287.0 424070.0 444232.0 456365.0 462016.0 462566.0 459188.0 452848.0 444323.0 434234.0
20 1.0 91.4189913342093 -85.6236240521716 0.6934884770913086 0.6373818791651082 0.2096930227293122 0.046211755954614964 -0.06168830400379619 -0.0926460475862874 45226.0 101407.0 170282.0 240403.0 303871.0 356783.0 398088.0 428375.0 448991.0 461521.0 467511.0 468342.0 465189.0 459022.0 450623.0 440616.0
21 1.0 76.79231185229351 -28.33002281851374 0.6934884770913086 0.6373818791651082 0.2096930227293122 0.046211755954614964 -0.06168830400379619 -0.0926460475862874 45719.0 102388.0 171765.0 242273.0 305944.0 358866.0 400022.0 430047.0 450336.0 462511.0 468147.0 468643.0 465186.0 458749.0 450117.0 439914.0
22 1.0 186.55225701503878 22.00159059116308 0.6934884770913086 0.6373818791651082 0.2096930227293122 0.046211755954614964 -0.06168830400379619 -0.0926460475862874 44888.0 100733.0 169275.0 239071.0 302172.0 354627.0 395376.0 425024.0 444952.0 456781.0 462089.0 462282.0 458549.0 451870.0 443031.0 432657.0
23 1.0 9.238578499631366 -39.767769318852295 0.6934884770913086 0.6373818791651082 0.2096930227293122 0.046211755954614964 -0.06168830400379619 -0.0926460475862874 45000.0 100917.0 169465.0 239195.0 302190.0 354544.0 395227.0 424858.0 444819.0 456722.0 462137.0 462457.0 458864.0 452329.0 443633.0 433395.0
24 1.0 74.68922715879938 -52.245009061985684 0.6934884770913086 0.6373818791651082 0.2096930227293122 0.046211755954614964 -0.06168830400379619 -0.0926460475862874 45173.0 101271.0 169990.0 239834.0 302881.0 355241.0 395908.0 425521.0 445474.0 457384.0 462821.0 463176.0 459626.0 453140.0 444495.0 434307.0
25 1.0 152.88676875054225 -69.17341800112314 0.6934884770913086 0.6373818791651082 0.2096930227293122 0.046211755954614964 -0.06168830400379619 -0.0926460475862874 45003.0 100978.0 169634.0 239502.0 302644.0 355135.0 395938.0 425666.0 445699.0 457654.0 463099.0 463434.0 459842.0 453296.0 444580.0 434315.0
26 1.0 134.7011929203212 13.88524392366152 0.6934884770913086 0.6373818791651082 0.2096930227293122 0.046211755954614964 -0.06168830400379619 -0.0926460475862874 45259.0 101492.0 170406.0 240477.0 303747.0 356293.0 397089.0 426764.0 446713.0 458563.0 463893.0 464108.0 460397.0 453736.0 444911.0 434545.0
27 1.0 166.88715277133184 35.14860106284348 0.6934884770913086 0.6373818791651082 0.2096930227293122 0.046211755954614964 -0.06168830400379619 -0.0926460475862874 44963.0 100858.0 169376.0 239066.0 302022.0 354348.0 395020.0 424660.0 444646.0 456590.0 462053.0 462426.0 458887.0 452405.0 443757.0 433563.0
28 1.0 99.94633426610349 30.95228530724802 0.6934884770913086 0.6373818791651082 0.2096930227293122 0.046211755954614964 -0.06168830400379619 -0.0926460475862874 45047.0 101094.0 169847.0 239802.0 302984.0 355452.0 396167.0 425758.0 445624.0 457399.0 462669.0 462840.0 459104.0 452437.0 443624.0 433285.0
29 1.0 211.24236472494076 80.79498372969132 0.6934884770913086 0.6373818791651082 0.2096930227293122 0.046211755954614964 -0.06168830400379619 -0.0926460475862874 45110.0 101227.0 170040.0 240044.0 303290.0 355857.0 396713.0 426483.0 446552.0 458541.0 464019.0 464385.0 460824.0 454307.0 445617.0 435375.0
0 1.0 310.9880181323633 -89.51342149916951 0.6934884770913086 0.6373818791651082 0.2096930227293122 0.046211755954614964 -0.06168830400379619 -0.0926460475862874 45040.0 101066.0 169789.0 239733.0 302954.0 355527.0 396411.0 426218.0 446330.0 458360.0 463879.0 464282.0 460756.0 454271.0 445611.0 435397.0
1 1.0 42.31146814633191 26.49539770092649 0.6934884770913086 0.6373818791651082 0.2096930227293122 0.046211755954614964 -0.06168830400379619 -0.0926460475862874 45516.0 101916.0 170945.0 241106.0 304490.0 357212.0 398252.0 428227.0 448511.0 460711.0 466385.0 466926.0 463513.0 457118.0 448523.0 438352.0
2 1.0 186.2564785754811 18.070602677575124 0.6934884770913086 0.6373818791651082 0.2096930227293122 0.046211755954614964 -0.06168830400379619 -0.0926460475862874 44821.0 100591.0 168975.0 238512.0 301287.0 353413.0 393890.0 423360.0 443217.0 455080.0 460511.0 460898.0 457411.0 451010.0 442468.0 432394.0
3 1.0 47.54451828425519 15.973129794651868 0.6934884770913086 0.6373818791651082 0.2096930227293122 0.046211755954614964 -0.06168830400379619 -0.0926460475862874 45275.0 101653.0 170825.0 241161.0 304582.0 357091.0 397648.0 426911.0 446322.0 457559.0 462249.0 461829.0 457516.0 450303.0 440983.0 430184.0
4 1.0 258.06948522933374 83.29865757124364 0.6934884770913086 0.6373818791651082 0.2096930227293122 0.046211755954614964 -0.06168830400379619 -0.0926460475862874 45288.0 101562.0 170551.0 240729.0 304125.0 356801.0 397718.0 427501.0 447542.0 459471.0 464868.0 465140.0 461479.0 454863.0 446078.0 435748.0
5 1.0 142.58149301062573 -86.96309879339286 0.6934884770913086 0.6373818791651082 0.2096930227293122 0.046211755954614964 -0.06168830400379619 -0.0926460475862874 45057.0 101096.0 169826.0 239774.0 303012.0 355620.0 396561.0 426443.0 446641.0 458763.0 464372.0 464861.0 461411.0 454993.0 446390.0 436224.0
6 1.0 203.55167226906323 35.36683752626102 0.6934884770913086 0.6373818791651082 0.2096930227293122 0.046211755954614964 -0.06168830400379619 -0.0926460475862874 44930.0 100782.0 169287.0 239028.0 302105.0 354608.0 395495.0 425363.0 445575.0 457729.0 463380.0 463915.0 460512.0 454140.0 445580.0 435452.0
7 1.0 65.9807410370683 56.462156946335426 0.6934884770913086 0.6373818791651082 0.2096930227293122 0.046211755954614964 -0.06168830400379619 -0.0926460475862874 44755.0 100433.0 168687.0 238080.0 300729.0 352768.0 393202.0 422673.0 442568.0 454495.0 460010.0 460492.0 457104.0 450804.0 442359.0 432379.0
8 1.0 52.1451933636158 1.7652953918851466 0.6934884770913086 0.6373818791651082 0.2096930227293122 0.046211755954614964 -0.06168830400379619 -0.0926460475862874 45579.0 102170.0 171506.0 242010.0 305694.0 358622.0 399762.0 429741.0 449952.0 462024.0 467539.0 467903.0 464309.0 457737.0 448977.0 438652.0
9 1.0 175.70026103362363 -29.886323472574354 0.6934884770913086 0.6373818791651082 0.2096930227293122 0.046211755954614964 -0.06168830400379619 -0.0926460475862874 45138.0 101213.0 169949.0 239868.0 303037.0 355543.0 396354.0 426091.0 446136.0 458108.0 463575.0 463936.0 460373.0 453859.0 445177.0 434948.0
10 1.0 128.020585625984 52.35122938093289 0.6934884770913086 0.6373818791651082 0.2096930227293122 0.046211755954614964 -0.06168830400379619 -0.0926460475862874 45890.0 102811.0 172536.0 243434.0 307480.0 360716.0 402100.0 432258.0 452592.0 464737.0 470284.0 470649.0 467032.0 460418.0 451601.0 441212.0
11 1.0 338.5555002910127 -72.49627338616357 0.6934884770913086 0.6373818791651082 0.2096930227293122 0.046211755954614964 -0.06168830400379619 -0.0926460475862874 45375.0 101777.0 170909.0 241201.0 304666.0 357372.0 398296.0 428076.0 448116.0 460049.0 465457.0 465745.0 462104.0 455509.0 446745.0 436435.0
12 1.0 275.5170913705075 -10.43358520861345 0.6934884770913086 0.6373818791651082 0.2096930227293122 0.046211755954614964 -0.06168830400379619 -0.0926460475862874 44779.0 100481.0 168816.0 238388.0 301313.0 353689.0 394479.0 424281.0 444456.0 456598.0 462260.0 462823.0 459461.0 453139.0 444634.0 434565.0
13 1.0 269.51890314619703 3.5914274227508827 0.6934884770913086 0.6373818791651082 0.2096930227293122 0.046211755954614964 -0.06168830400379619 -0.0926460475862874 45041.0 101001.0 169587.0 239338.0 302340.0 354695.0 395384.0 425031.0 445020.0 456963.0 462426.0 462802.0 459267.0 452791.0 444153.0 433969.0
14 1.0 325.33910630853603 34.91215396821855 0.6934884770913086 0.6373818791651082 0.2096930227293122 0.046211755954614964 -0.06168830400379619 -0.0926460475862874 45129.0 101241.0 170050.0 240067.0 303347.0 355961.0 396868.0 426681.0 446781.0 458785.0 464266.0 464622.0 461042.0 454500.0 445781.0 435508.0
15 1.0 30.032076759126678 -73.6405682341663 0.6934884770913086 0.6373818791651082 0.2096930227293122 0.046211755954614964 -0.06168830400379619 -0.0926460475862874 45214.0 101388.0 170257.0 240343.0 303708.0 356426.0 397449.0 427382.0 447597.0 459706.0 465276.0 465706.0 462181.0 455677.0 446983.0 436722.0
16 1.0 198.78928917206636 -49.00328972318503 0.6934884770913086 0.6373818791651082 0.2096930227293122 0.046211755954614964 -0.06168830400379619 -0.0926460475862874 45023.0 100986.0 169604.0 239429.0 302557.0 355088.0 395993.0 425883.0 446128.0 458327.0 464036.0 464640.0 461312.0 455018.0 446535.0 436482.0
17 1.0 210.4113848240768 -16.14571871577739 0.6934884770913086 0.6373818791651082 0.2096930227293122 0.046211755954614964 -0.06168830400379619 -0.0926460475862874 45383.0 101787.0 170937.0 241275.0 304806.0 357582.0 398565.0 428383.0 448434.0 460352.0 465723.0 465957.0 462249.0 455580.0 446738.0 436348.0
18 1.0 346.2970962770024 22.193041143623518 0.6934884770913086 0.6373818791651082 0.2096930227293122 0.046211755954614964 -0.06168830400379619 -0.0926460475862874 45043.0 101033.0 169694.0 239599.0 302853.0 355554.0 396657.0 426754.0 447195.0 459568.0 465422.0 466138.0 462889.0 456645.0 448187.0 438138.0
19 1.0 105.17310964531758 69.65294061913514 0.6934884770913086 0.6373818791651082 0.2096930227293122 0.046211755954614964 -0.06168830400379619 -0.0926460475862874 45002.0 100998.0 169708.0 239669.0 302937.0 355578.0 396541.0 426429.0 446615.0 458708.0 464275.0 464713.0 461207.0 454730.0 446068.0 435843.0
20 1.0 86.69836076956085 21.388710283447764 0.6934884770913086 0.6373818791651082 0.2096930227293122 0.046211755954614964 -0.06168830400379619 -0.0926460475862874 45116.0 101150.0 169849.0 239751.0 302925.0 355446.0 396272.0 426013.0 446047.0 457989.0 463411.0 463712.0 460079.0 453489.0 444725.0 434412.0
21 1.0 36.10581921557922 -65.9769352317118 0.6934884770913086 0.6373818791651082 0.2096930227293122 0.046211755954614964 -0.06168830400379619 -0.0926460475862874 45247.0 101394.0 170154.0 240054.0 303200.0 355711.0 396574.0 426409.0 446590.0 458721.0 464359.0 464891.0 461491.0 455126.0 446576.0 436460.0
22 1.0 5.9146666529307135 86.50442390171082 0.6934884770913086 0.6373818791651082 0.2096930227293122 0.046211755954614964 -0.06168830400379619 -0.0926460475862874 45092.0 101164.0 169937.0 239948.0 303268.0 355972.0 397011.0 426983.0 447254.0 459427.0 465067.0 465565.0 462106.0 455664.0 447025.0 436813.0
23 1.0 334.6305540451886 66.92143225598872 0.6934884770913086 0.6373818791651082 0.2096930227293122 0.046211755954614964 -0.06168830400379619 -0.0926460475862874 45048.0 101130.0 169939.0 239957.0 303201.0 355722.0 396483.0 426109.0 446000.0 457791.0 463065.0 463232.0 459483.0 452796.0 443958.0 433588.0
24 1.0 241.16995677272763 0.4897370061583217 0.6934884770913086 0.6373818791651082 0.2096930227293122 0.046211755954614964 -0.06168830400379619 -0.0926460475862874 45533.0 102029.0 171201.0 241469.0 304862.0 357469.0 398283.0 427951.0 447885.0 459722.0 465045.0 465261.0 461561.0 454918.0 446118.0 435780.0
25 1.0 282.6550483283296 76.02263672339393 0.6934884770913086 0.6373818791651082 0.2096930227293122 0.046211755954614964 -0.06168830400379619 -0.0926460475862874 45154.0 101284.0 170109.0 240128.0 303389.0 355960.0 396806.0 426545.0 446568.0 458496.0 463906.0 464199.0 460565.0 453977.0 445222.0 434922.0
26 1.0 101.42283807142167 7.448542876284435 0.6934884770913086 0.6373818791651082 0.2096930227293122 0.046211755954614964 -0.06168830400379619 -0.0926460475862874 45018.0 100991.0 169626.0 239453.0 302543.0 354979.0 395729.0 425412.0 445413.0 457346.0 462781.0 463115.0 459530.0 452998.0 444301.0 434059.0
27 1.0 211.1076598270776 76.19509222004936 0.6934884770913086 0.6373818791651082 0.2096930227293122 0.046211755954614964 -0.06168830400379619 -0.0926460475862874 45317.0 101609.0 170606.0 240800.0 304249.0 357030.0 398102.0 428073.0 448320.0 460454.0 466042.0 466483.0 462963.0 456459.0 447757.0 437485.0
28 1.0 23.023895803553206 59.38152634860177 0.6934884770913086 0.6373818791651082 0.2096930227293122 0.046211755954614964 -0.06168830400379619 -0.0926460475862874 45038.0 100989.0 169567.0 239319.0 302336.0 354718.0 395438.0 425114.0 445127.0 457086.0 462558.0 462935.0 459396.0 452911.0 444260.0 434063.0
29 1.0 174.82593453646425 84.29155385297352 0.6934884770913086 0.6373818791651082 0.2096930227293122 0.046211755954614964 -0.06168830400379619 -0.0926460475862874 45227.0 101445.0 170392.0 240569.0 304020.0 356807.0 397880.0 427847.0 448087.0 460214.0 465799.0 466243.0 462734.0 456247.0 447570.0 437326.0
0 1.0 351.89825030800085 75.5609059400685 0.6934884770913086 0.6373818791651082 0.2096930227293122 0.046211755954614964 -0.06168830400379619 -0.0926460475862874 45166.0 101318.0 170187.0 240282.0 303647.0 356345.0 397327.0 427204.0 447355.0 459398.0 464906.0 465281.0 461711.0 455174.0 446455.0 436179.0
1 1.0 315.54188831397266 -83.5139128628575 0.6934884770913086 0.6373818791651082 0.2096930227293122 0.046211755954614964 -0.06168830400379619 -0.0926460475862874 45181.0 101332.0 170170.0 240206.0 303507.0 356158.0 397128.0 427031.0 447243.0 459376.0 464994.0 465489.0 462043.0 455626.0 447022.0 436851.0
2 1.0 121.73722266126443 -58.54103925103081 0.6934884770913086 0.6373818791651082 0.2096930227293122 0.046211755954614964 -0.06168830400379619 -0.0926460475862874 45031.0 101021.0 169709.0 239659.0 302954.0 355664.0 396730.0 426741.0 447056.0 459275.0 464960.0 465501.0 462083.0 455679.0 447076.0 436897.0
3 1.0 346.16525563493946 -19.95575812178656 0.6934884770913086 0.6373818791651082 0.2096930227293122 0.046211755954614964 -0.06168830400379619 -0.0926460475862874 45222.0 101348.0 170122.0 240069.0 303261.0 355785.0 396609.0 426350.0 446393.0 458355.0 463806.0 464146.0 460560.0 454021.0 445311.0 435053.0
4 1.0 83.41258552963363 81.38568551317573 0.6934884770913086 0.6373818791651082 0.2096930227293122 0.046211755954614964 -0.06168830400379619 -0.0926460475862874 45120.0 101243.0 170079.0 240113.0 303376.0 355925.0 396723.0 426393.0 446332.0 458167.0 463482.0 463684.0 459963.0 453297.0 444472.0 434111.0
5 1.0 341.75477606964535 -35.99479449433267 0.6934884770913086 0.6373818791651082 0.2096930227293122 0.046211755954614964 -0.06168830400379619 -0.0926460475862874 45431.0 101787.0 170789.0 240888.0 304130.0 356609.0 397318.0 426906.0 446780.0 458573.0 463867.0 464066.0 460356.0 453711.0 444914.0 434584.0
6 1.0 338.8959736943395 -61.11582410023181 0.6934884770913086 0.6373818791651082 0.2096930227293122 0.046211755954614964 -0.06168830400379619 -0.0926460475862874 45182.0 101333.0 170157.0 240157.0 303391.0 355944.0 396786.0 426539.0 446588.0 458552.0 464002.0 464337.0 460743.0 454192.0 445470.0 435197.0
7 1.0 287.71293144686103 69.53483989558077 0.6934884770913086 0.6373818791651082 0.2096930227293122 0.046211755954614964 -0.06168830400379619 -0.0926460475862874 45044.0 101037.0 169673.0 239476.0 302527.0 354923.0 395649.0 425329.0 445351.0 457327.0 462823.0 463232.0 459731.0 453288.0 444682.0 434530.0
8 1.0 226.9612572720448 -9.649005213023472 0.6934884770913086 0.6373818791651082 0.2096930227293122 0.046211755954614964 -0.06168830400379619 -0.0926460475862874 45398.0 101836.0 171067.0 241562.0 305336.0 358432.0 399783.0 429988.0 450419.0 462691.0 468376.0 468881.0 465397.0 458906.0 450200.0 439909.0
9 1.0 314.7436679849809 73.41760698377868 0.6934884770913086 0.6373818791651082 0.2096930227293122 0.046211755954614964 -0.06168830400379619 -0.0926460475862874 45000.0 101003.0 169695.0 239594.0 302765.0 355291.0 396141.0 425931.0 446041.0 458085.0 463628.0 464063.0 460570.0 454120.0 445493.0 435309.0
10 1.0 105.48730242280682 -61.15851606237421 0.6934884770913086 0.6373818791651082 0.2096930227293122 0.046211755954614964 -0.06168830400379619 -0.0926460475862874 45015.0 100984.0 169716.0 239865.0 303543.0 356794.0 398498.0 429178.0 450142.0 462953.0 469149.0 470115.0 467034.0 460885.0 452463.0 442401.0
11 1.0 305.61967991265055 29.00115207145791 0.6934884770913086 0.6373818791651082 0.2096930227293122 0.046211755954614964 -0.06168830400379619 -0.0926460475862874 44967.0 100917.0 169518.0 239278.0 302266.0 354582.0 395223.0 424830.0 444802.0 456760.0 462273.0 462728.0 459299.0 452948.0 444448.0 434410.0
12 1.0 222.43560909030856 -10.75252449069147 0.6934884770913086 0.6373818791651082 0.2096930227293122 0.046211755954614964 -0.06168830400379619 -0.0926460475862874 45307.0 101553.0 170530.0 240839.0 304603.0 357903.0 399654.0 430400.0 451454.0 464376.0 470700.0 471801.0 468857.0 462840.0 454541.0 444591.0
13 1.0 4.765268793203816 -76.23238157454863 0.6934884770913086 0.6373818791651082 0.2096930227293122 0.046211755954614964 -0.06168830400379619 -0.0926460475862874 45367.0 101731.0 170734.0 240758.0 303803.0 355966.0 396269.0 425401.0 444808.0 456153.0 461039.0 460881.0 456872.0 449985.0 441000.0 430531.0
14 1.0 125.00406645559904 35.363366037450106 0.6934884770913086 0.6373818791651082 0.2096930227293122 0.046211755954614964 -0.06168830400379619 -0.0926460475862874 45294.0 101629.0 170733.0 241081.0 304688.0 357601.0 398760.0 428770.0 449011.0 461103.0 466625.0 466984.0 463374.0 456778.0 447987.0 437630.0
15 1.0 53.330709941339414 -45.46822400295233 0.6934884770913086 0.6373818791651082 0.2096930227293122 0.046211755954614964 -0.06168830400379619 -0.0926460475862874 45183.0 101265.0 169948.0 239737.0 302718.0 355011.0 395619.0 425188.0 445113.0 457015.0 462462.0 462842.0 459332.0 452895.0 444306.0 434179.0
16 1.0 353.45858033457114 -82.86920593568681 0.6934884770913086 0.6373818791651082 0.2096930227293122 0.046211755954614964 -0.06168830400379619 -0.0926460475862874 45185.0 101373.0 170240.0 240250.0 303436.0 355883.0 396580.0 426168.0 446054.0 457869.0 463194.0 463431.0 459766.0 453171.0 444427.0 434152.0
17 1.0 172.2133105343957 -79.21002631507682 0.6934884770913086 0.6373818791651082 0.2096930227293122 0.046211755954614964 -0.06168830400379619 -0.0926460475862874 44933.0 100855.0 169448.0 239250.0 302336.0 354796.0 395603.0 425375.0 445490.0 457560.0 463147.0 463642.0 460221.0 453852.0 445313.0 435221.0
18 1.0 179.06089157951857 -79.00586332797828 0.6934884770913086 0.6373818791651082 0.2096930227293122 0.046211755954614964 -0.06168830400379619 -0.0926460475862874 45152.0 101326.0 170278.0 240517.0 304064.0 356950.0 398098.0 428103.0 448337.0 460419.0 465926.0 466265.0 462634.0 456015.0 447201.0 436821.0
19 1.0 230.2101059035405 73.39193234730709 0.6934884770913086 0.6373818791651082 0.2096930227293122 0.046211755954614964 -0.06168830400379619 -0.0926460475862874 45063.0 101080.0 169748.0 239593.0 302687.0 355121.0 395866.0 425542.0 445532.0 457451.0 462868.0 463180.0 459569.0 453008.0 444280.0 434004.0
20 1.0 132.6904582066623 43.17910520923817 0.6934884770913086 0.6373818791651082 0.2096930227293122 0.046211755954614964 -0.06168830400379619 -0.0926460475862874 45135.0 101297.0 170174.0 240250.0 303560.0 356173.0 397057.0 426834.0 446895.0 458866.0 464320.0 464660.0 461072.0 454530.0 445819.0 435560.0
21 1.0 49.284097806815616 71.6512242984723 0.6934884770913086 0.6373818791651082 0.2096930227293122 0.046211755954614964 -0.06168830400379619 -0.0926460475862874 44998.0 101009.0 169721.0 239638.0 302802.0 355282.0 396044.0 425709.0 445670.0 457547.0 462918.0 463182.0 459526.0 452924.0 444159.0 433853.0
22 1.0 295.9623839499284 31.064816033373845 0.6934884770913086 0.6373818791651082 0.2096930227293122 0.046211755954614964 -0.06168830400379619 -0.0926460475862874 45081.0 101138.0 169881.0 239821.0 303008.0 355519.0 396319.0 426031.0 446044.0 457978.0 463408.0 463732.0 460134.0 453589.0 444878.0 434622.0
23 1.0 68.34524828499286 5.2091872255589635 0.6934884770913086 0.6373818791651082 0.2096930227293122 0.046211755954614964 -0.06168830400379619 -0.0926460475862874 45285.0 101490.0 170334.0 240326.0 303548.0 356107.0 396984.0 426803.0 446948.0 459030.0 464613.0 465087.0 461632.0 455216.0 446621.0 436465.0
24 1.0 184.07483371672416 -35.19965441747191 0.6934884770913086 0.6373818791651082 0.2096930227293122 0.046211755954614964 -0.06168830400379619 -0.0926460475862874 45199.0 101348.0 170173.0 240192.0 303465.0 356074.0 396980.0 426798.0 446908.0 458923.0 464415.0 464781.0 461208.0 454670.0 445952.0 435678.0
25 1.0 80.75413043090613 89.63320523916121 0.6934884770913086 0.6373818791651082 0.2096930227293122 0.046211755954614964 -0.06168830400379619 -0.0926460475862874 45211.0 101391.0 170259.0 240331.0 303684.0 356407.0 397462.0 427457.0 447764.0 459987.0 465687.0 466254.0 462870.0 456504.0 447940.0 437801.0
26 1.0 35.22401441785226 -24.805969390909922 0.6934884770913086 0.6373818791651082 0.2096930227293122 0.046211755954614964 -0.06168830400379619 -0.0926460475862874 44845.0 100702.0 169309.0 239244.0 302564.0 355306.0 396388.0 426388.0 446661.0 458810.0 464403.0 464838.0 461305.0 454783.0 446062.0 435771.0
27 1.0 310.388946271806 -5.28318914149628 0.6934884770913086 0.6373818791651082 0.2096930227293122 0.046211755954614964 -0.06168830400379619 -0.0926460475862874 45090.0 101180.0 169958.0 239927.0 303140.0 355681.0 396519.0 426275.0 446336.0 458321.0 463800.0 464170.0 460615.0 454106.0 445428.0 435199.0
28 1.0 350.2510160483269 -21.915868513776886 0.6934884770913086 0.6373818791651082 0.2096930227293122 0.046211755954614964 -0.06168830400379619 -0.0926460475862874 45049.0 101005.0 169614.0 239453.0 302613.0 355174.0 396084.0 425937.0 446096.0 458164.0 463704.0 464109.0 460566.0 454048.0 445342.0 435073.0
29 1.0 345.90047690268005 86.31484728038254 0.6934884770913086 0.6373818791651082 0.2096930227293122 0.046211755954614964 -0.06168830400379619 -0.0926460475862874 45346.0 101672.0 170674.0 240809.0 304125.0 356722.0 397588.0 427362.0 447440.0 459445.0 464949.0 465347.0 461821.0 455341.0 446688.0 436482.0
