idx D_km lam beta x1 y1 z1 x2 y2 z2 flux5 flux6 flux7 flux8 flux9 flux10 flux11 flux12 flux13 flux14 flux15 flux16 flux17 flux18 flux19 flux20
0 1.0 197.5728614138369 73.17998985981222 -0.7921997465077909 -0.39717392271212204 -0.12580455341238428 0.09784981137773176 -0.007478650615656422 0.04283289057476544 73915.0 201207.0 384068.0 592531.0 798076.0 981787.0 1134442.0 1253756.0 1341511.0 1401454.0 1437987.0 1455436.0 1457710.0 1448168.0 1429611.0 1404320.0
1 1.0 257.468171894071 49.328519885754986 -0.7921997465077909 -0.39717392271212204 -0.12580455341238428 0.09784981137773176 -0.007478650615656422 0.04283289057476544 80361.0 214790.0 404812.0 618792.0 827698.0 1012829.9999999999 1165445.0 1283747.0 1369911.0 1427970.0 1462514.0 1477989.0 1478376.0 1467069.0 1446886.0 1420112.0
2 1.0 216.99481538579178 -30.033872634844457 -0.7921997465077909 -0.39717392271212204 -0.12580455341238428 0.09784981137773176 -0.007478650615656422 0.04283289057476544 5543.0 16032.000000000002 32614.999999999996 53487.0 76233.0 98754.0 119604.0 137975.0 153548.0 166326.0 176498.0 184347.0 190185.0 194320.0 197035.0 198579.0
3 1.0 196.15794587888288 -75.40174980216058 -0.7921997465077909 -0.39717392271212204 -0.12580455341238428 0.09784981137773176 -0.007478650615656422 0.04283289057476544 36290.0 102683.0 202832.0 322520.0 446146.0 561983.0 663182.0 746855.0 812739.0 862071.0 896796.0 919083.0 931051.0 934627.0 931494.0 923085.0
4 1.0 152.5157277620057 -16.69658914551468 -0.7921997465077909 -0.39717392271212204 -0.12580455341238428 0.09784981137773176 -0.007478650615656422 0.04283289057476544 8786.0 27740.0 59747.0 101924.0 149477.0 197826.0 243564.0 284591.0 319880.0 349164.0 372651.0 390816.0 404259.0 413610.0 419479.0 422429.0
5 1.0 232.5218807039962 -48.19785440923031 -0.7921997465077909 -0.39717392271212204 -0.12580455341238428 0.09784981137773176 -0.007478650615656422 0.04283289057476544 21400.0 59833.0 117941.0 188042.0 261434.99999999997 331326.0 393523.0 446046.0 488446.0 521204.0 545284.0 561844.0 572058.0 577029.0 577739.0 575038.0
6 1.0 157.5313960545693 -66.15222574356306 -0.7921997465077909 -0.39717392271212204 -0.12580455341238428 0.09784981137773176 -0.007478650615656422 0.04283289057476544 29282.0 84433.0 169288.0 272462.0 380712.0 483655.0 574925.0 651568.0 712984.0 759969.0 794030.0 816943.0 830495.0 836343.0 835959.0 830611.0
7 1.0 321.03828028154874 -80.38310727837145 -0.7921997465077909 -0.39717392271212204 -0.12580455341238428 0.09784981137773176 -0.007478650615656422 0.04283289057476544 62554.0 173865.0 337026.0 526183.0 715477.0 887032.0 1031593.9999999999 1146324.0 1232289.0 1292545.0 1330902.0 1351215.0 1357028.0 1351433.0 1337030.0 1315964.0
8 1.0 346.91859378037054 40.60698555790418 -0.7921997465077909 -0.39717392271212204 -0.12580455341238428 0.09784981137773176 -0.007478650615656422 0.04283289057476544 5252.0 17285.0 38436.0 67248.0 100650.0 135426.0 169004.0 199678.0 226512.0 249156.0 267645.0 282245.0 293344.0 301375.0 306769.0 309934.0
9 1.0 138.03894677727996 -87.94305744749441 -0.7921997465077909 -0.39717392271212204 -0.12580455341238428 0.09784981137773176 -0.007478650615656422 0.04283289057476544 55140.0 153984.0 299942.0 470491.0 642586.0 799946.0 933849.0 1041326.9999999999 1122995.0 1181352.0 1219665.0 1241315.0 1249457.0 1246872.0 1235924.0 1218578.0
10 1.0 285.02101370975925 48.70453473049972 -0.7921997465077909 -0.39717392271212204 -0.12580455341238428 0.09784981137773176 -0.007478650615656422 0.04283289057476544 64825.99999999999 179182.0 346023.0 538766.0 731108.0 905002.0 1051201.0 1166953.0 1253442.0 1313834.0 1352034.0 1371978.0 1377274.0 1371059.0 1355973.0 1334186.0
11 1.0 190.40217111104562 -63.549603827932486 -0.7921997465077909 -0.39717392271212204 -0.12580455341238428 0.09784981137773176 -0.007478650615656422 0.04283289057476544 19771.0 57724.0 117143.0 190667.0 269164.0 345132.0 413705.0 472397.0 520437.00000000006 558132.0 586378.0 606336.0 619224.0 626212.0 628357.0 626587.0
12 1.0 204.49604199381562 -75.68602513438397 -0.7921997465077909 -0.39717392271212204 -0.12580455341238428 0.09784981137773176 -0.007478650615656422 0.04283289057476544 37407.0 105577.0 208135.0 330420.0 456465.0 574332.0 677099.0 761887.0 828487.0 878202.0 913048.0 935254.0 946990.0 950225.0 946675.0 937799.0
13 1.0 333.214789785358 -73.87145383705104 -0.7921997465077909 -0.39717392271212204 -0.12580455341238428 0.09784981137773176 -0.007478650615656422 0.04283289057476544 66393.0 184069.0 355944.0 554466.0 752369.0 931000.0 1080856.0 1199175.0 1287257.0 1348438.0 1386796.0 1406422.0 1411055.0 1403938.0 1387791.0 1364846.0
14 1.0 25.5729809512393 30.968605323704594 -0.7921997465077909 -0.39717392271212204 -0.12580455341238428 0.09784981137773176 -0.007478650615656422 0.04283289057476544 2464.0 7636.0 16337.999999999998 27851.0 40926.0 54336.0 67147.0 78770.0 88909.0 97479.0 104531.0 110192.0 114621.0 117988.0 120456.0 122172.0
15 1.0 31.366547892554657 -45.83390222648794 -0.7921997465077909 -0.39717392271212204 -0.12580455341238428 0.09784981137773176 -0.007478650615656422 0.04283289057476544 55479.0 145467.0 272519.0 416813.0 559752.0 688868.0 797846.0 884835.0 950673.0 997567.0 1028241.0 1045458.9999999999 1051773.0 1049419.0 1040298.0 1025984.0
16 1.0 7.278623078517259 -14.302895997582283 -0.7921997465077909 -0.39717392271212204 -0.12580455341238428 0.09784981137773176 -0.007478650615656422 0.04283289057476544 7732.0 22290.0 45165.0 73798.0 104870.0 135541.0 163861.0 188735.0 209714.0 226783.0 240183.0 250284.0 257512.00000000003 262291.0 265018.0 266053.0
17 1.0 299.74314439725765 10.326382438305046 -0.7921997465077909 -0.39717392271212204 -0.12580455341238428 0.09784981137773176 -0.007478650615656422 0.04283289057476544 54298.0 152242.0 297455.0 467696.0 639953.0 797826.0 932434.0 1040675.0 1123069.0 1182065.0 1220907.0 1242972.0 1251426.0 1249062.0 1238258.0 1220995.0
18 1.0 280.13643034194615 64.89921128918289 -0.7921997465077909 -0.39717392271212204 -0.12580455341238428 0.09784981137773176 -0.007478650615656422 0.04283289057476544 64489.00000000001 178023.0 343523.0 534630.0 725301.0 897686.0 1042643.0 1157452.0 1243285.0 1303273.0 1341279.0 1361195.0 1366590.0 1360570.0 1345746.0 1324268.0
19 1.0 313.2043733688549 40.8679672880391 -0.7921997465077909 -0.39717392271212204 -0.12580455341238428 0.09784981137773176 -0.007478650615656422 0.04283289057476544 31652.0 91413.0 183400.0 295209.0 412401.0 523653.99999999994 622038.0 704357.0 769993.0 819858.0 855637.0 879302.0 892829.0 898046.0 896572.0 889794.0
20 1.0 352.30260320379506 -41.34097705703137 -0.7921997465077909 -0.39717392271212204 -0.12580455341238428 0.09784981137773176 -0.007478650615656422 0.04283289057476544 41974.0 114718.0 221283.0 345872.0 472320.0 589027.0 689568.0 771526.0 835044.0 881671.0 913573.0 933069.0 942370.0 943460.0 938049.0 927578.0
21 1.0 287.6970831180205 -66.33309612759703 -0.7921997465077909 -0.39717392271212204 -0.12580455341238428 0.09784981137773176 -0.007478650615656422 0.04283289057476544 60586.0 167769.0 324596.0 506343.0 688330.0 853482.0 992925.0 1103892.0 1187345.0 1246157.0 1283931.0 1304332.0 1310738.0 1306099.0 1292909.0 1273225.0
22 1.0 166.13257041105547 -80.03262232418437 -0.7921997465077909 -0.39717392271212204 -0.12580455341238428 0.09784981137773176 -0.007478650615656422 0.04283289057476544 44538.0 125373.00000000001 246202.0 389174.0 535298.0 670677.0 787498.0 882745.0 956500.0 1010544.0000000001 1047415.9999999999 1069840.0 1080413.0 1081463.0 1074991.0 1062681.0
23 1.0 280.99050346312396 -35.712245793430355 -0.7921997465077909 -0.39717392271212204 -0.12580455341238428 0.09784981137773176 -0.007478650615656422 0.04283289057476544 66874.0 182046.0 348006.0 538056.0 726484.0 895981.0 1037885.0 1149803.0 1233086.0 1290941.0 1327240.0 1345846.0 1350284.0 1343608.0 1328379.0 1306702.0
24 1.0 42.57879331281596 -42.818733136857915 -0.7921997465077909 -0.39717392271212204 -0.12580455341238428 0.09784981137773176 -0.007478650615656422 0.04283289057476544 59519.0 154261.0 286686.0 435921.0 582803.0 714716.0 825436.0 913295.0 979336.0 1025945.0000000001 1055998.0 1072373.0 1077707.0 1074300.0 1064095.0 1048699.0
25 1.0 230.3715676779086 -7.894697975913658 -0.7921997465077909 -0.39717392271212204 -0.12580455341238428 0.09784981137773176 -0.007478650615656422 0.04283289057476544 20271.0 51000.0 93783.0 142491.0 191332.0 236284.0 275158.0 307155.0 332358.0 351338.0 364880.0 373821.0 378962.0 381020.0 380616.0 378273.0
26 1.0 51.607183467256704 32.990640398582485 -0.7921997465077909 -0.39717392271212204 -0.12580455341238428 0.09784981137773176 -0.007478650615656422 0.04283289057476544 17787.0 47748.0 91792.0 144008.0 198075.0 249196.0 294473.0 332580.0 363267.0 386930.0 404294.0 416212.0 423545.0 427093.0 427572.0 425596.0
27 1.0 340.0808101378502 35.21258021499429 -0.7921997465077909 -0.39717392271212204 -0.12580455341238428 0.09784981137773176 -0.007478650615656422 0.04283289057476544 5867.0 19314.0 42910.0 74967.0 112020.0 150487.0 187542.0 221333.0 250863.99999999997 275775.0 296118.0 312194.0 324430.0 333295.0 339261.0 342769.0
28 1.0 187.8653958300258 -38.96660761521 -0.7921997465077909 -0.39717392271212204 -0.12580455341238428 0.09784981137773176 -0.007478650615656422 0.04283289057476544 1963.0 6851.0 15925.000000000002 28847.0 44398.0 61128.0 77776.0 93436.0 107562.0 119894.0 130377.0 139086.0 146164.0 151789.0 156146.0 159412.0
29 1.0 149.2782983965885 -21.61314793797831 -0.7921997465077909 -0.39717392271212204 -0.12580455341238428 0.09784981137773176 -0.007478650615656422 0.04283289057476544 11123.0 34591.0 73640.0 124469.0 181169.0 238250.0 291720.0 339184.0 379537.0 412566.0 438609.0 458305.0 472419.0 481745.0 487036.0 488979.0
0 1.0 95.24002035766571 -57.39282688735745 -0.7921997465077909 -0.39717392271212204 -0.12580455341238428 0.09784981137773176 -0.007478650615656422 0.04283289057476544 67100.0 185535.0 358149.0 557222.0 755444.0 934189.0 1084008.0 1202189.0 1290075.0 1351030.0 1389153.0 1408547.0 1412959.0 1405636.0 1389299.0 1366182.0
1 1.0 278.724128196318 51.93819221517336 -0.7921997465077909 -0.39717392271212204 -0.12580455341238428 0.09784981137773176 -0.007478650615656422 0.04283289057476544 69296.0 190500.0 366253.0 568148.0 768528.0 948704.0 1099310.0 1217773.0 1305570.0 1366181.0 1403797.0 1422584.0 1426338.0 1418338.0 1401326.0 1377552.0
2 1.0 164.21411959795748 -79.76734624201674 -0.7921997465077909 -0.39717392271212204 -0.12580455341238428 0.09784981137773176 -0.007478650615656422 0.04283289057476544 44440.0 125126.99999999999 245764.0 388539.0 534490.0 669733.0 786457.0 881645.0 955370.0 1009409.0 1046294.0 1068743.0 1079351.0 1080441.0 1074012.0 1061748.0
3 1.0 204.63622159271347 35.459503510497726 -0.7921997465077909 -0.39717392271212204 -0.12580455341238428 0.09784981137773176 -0.007478650615656422 0.04283289057476544 40236.0 103850.0 193317.0 295227.0 396905.0 489687.0 569006.0 633329.0 683002.0 719371.0 744203.0 759344.0 766531.0 767316.0 763032.0 754800.0
4 1.0 6.764328157087851 50.1651712693986 -0.7921997465077909 -0.39717392271212204 -0.12580455341238428 0.09784981137773176 -0.007478650615656422 0.04283289057476544 7792.0 23960.0 50737.0 85577.0 124521.0 163866.0 200887.0 233917.0 262160.0 285427.0 303917.0 318042.0 328312.0 335259.0 339399.0 341200.0
5 1.0 222.34877894731574 49.93336113277556 -0.7921997465077909 -0.39717392271212204 -0.12580455341238428 0.09784981137773176 -0.007478650615656422 0.04283289057476544 69942.0 182050.0 338409.0 513738.0 685153.0 837870.0 964840.0 1064436.0 1138184.0 1189128.0 1220813.0 1236725.0 1240023.0 1233431.0 1219231.0 1199294.0
6 1.0 220.3544601800717 -43.303938417836115 -0.7921997465077909 -0.39717392271212204 -0.12580455341238428 0.09784981137773176 -0.007478650615656422 0.04283289057476544 10996.0 31809.999999999996 64448.00000000001 105095.0 148883.0 191705.0 230823.0 264772.0 293031.0 315691.0 333182.0 346099.0 355082.0 360752.0 363677.0 364357.0
7 1.0 222.0962388749125 -22.713635172138936 -0.7921997465077909 -0.39717392271212204 -0.12580455341238428 0.09784981137773176 -0.007478650615656422 0.04283289057476544 8203.0 22282.0 43360.0 68831.0 95711.0 121613.0 145002.0 165100.0 181678.0 194852.0 204930.0 212305.0 217386.0 220563.0 222185.0 222557.0
8 1.0 339.7493082652647 15.76793433535002 -0.7921997465077909 -0.39717392271212204 -0.12580455341238428 0.09784981137773176 -0.007478650615656422 0.04283289057476544 4119.0 13943.0 31655.999999999996 56279.0 85320.0 116008.0 146037.0 173803.0 198375.0 219345.0 236667.0 250525.0 261227.0 269136.0 274628.0 278060.0
9 1.0 245.45530767725404 -40.892057563595934 -0.7921997465077909 -0.39717392271212204 -0.12580455341238428 0.09784981137773176 -0.007478650615656422 0.04283289057476544 31508.0 85353.0 164249.0 256936.0 351713.0 440006.0 516904.99999999994 580404.0 630407.0 667895.0 694359.0 711445.0 720749.0 723724.0 721638.0 715566.0
10 1.0 129.42284420656296 -23.246496140780025 -0.7921997465077909 -0.39717392271212204 -0.12580455341238428 0.09784981137773176 -0.007478650615656422 0.04283289057476544 36478.0 104446.0 207999.0 332659.0 462120.0 583921.0 690671.0 779169.0 849024.0 901466.0 938509.0 962418.0 975417.0 979537.0 976553.0 967976.0
11 1.0 157.33150336776293 -54.530229566584865 -0.7921997465077909 -0.39717392271212204 -0.12580455341238428 0.09784981137773176 -0.007478650615656422 0.04283289057476544 17724.0 52999.0 109424.0 180420.0 257241.0 332415.0 400926.0 460081.0 508924.99999999994 547622.0 576967.0 598049.0 612046.0 620098.0 623248.0 622415.0
12 1.0 251.14723053381536 -7.225940923918671 -0.7921997465077909 -0.39717392271212204 -0.12580455341238428 0.09784981137773176 -0.007478650615656422 0.04283289057476544 51340.0 130264.99999999999 239339.0 361713.0 482127.0 590545.0 681969.0 755001.0 810395.0 850001.0 876079.0 890916.0 896626.0 895066.0 887813.0 876179.0
13 1.0 21.68116978653714 -81.96978577425946 -0.7921997465077909 -0.39717392271212204 -0.12580455341238428 0.09784981137773176 -0.007478650615656422 0.04283289057476544 64582.0 179304.0 347170.0 541416.0 735417.0 910867.0 1058371.0 1175122.0 1262310.0 1323138.0 1361560.0 1381556.0 1386776.0 1380393.0 1365074.0 1343011.0
14 1.0 240.03601756044037 53.96325922271123 -0.7921997465077909 -0.39717392271212204 -0.12580455341238428 0.09784981137773176 -0.007478650615656422 0.04283289057476544 78614.0 207980.0 389707.0 593731.0 792718.0 969125.0 1114762.0 1227935.0 1310677.0 1366766.0 1400508.0 1416090.0 1417259.0 1407228.0 1388662.0 1363731.0
15 1.0 241.4296330625374 -76.1478395424061 -0.7921997465077909 -0.39717392271212204 -0.12580455341238428 0.09784981137773176 -0.007478650615656422 0.04283289057476544 45419.0 126846.99999999999 247771.0 390188.0 535237.0 669253.0 784629.0 878493.0 950999.0 1003964.0000000001 1039928.0 1061606.0 1071577.0 1072151.0 1065313.0 1052731.0
16 1.0 75.73772198658273 3.3903267896746883 -0.7921997465077909 -0.39717392271212204 -0.12580455341238428 0.09784981137773176 -0.007478650615656422 0.04283289057476544 63565.0 160625.0 293629.0 441445.0 585420.0 713630.0 820425.0 904522.0 967177.0 1010877.0 1038519.0 1052961.0 1056797.0 1052276.0 1041288.0 1025388.0
17 1.0 46.41346715574719 -34.7741820818647 -0.7921997465077909 -0.39717392271212204 -0.12580455341238428 0.09784981137773176 -0.007478650615656422 0.04283289057476544 54221.0 138384.0 255050.0 386078.0 514978.00000000006 630898.0 728449.0 806143.0 864829.0 906529.0 933707.0 948846.0 954236.0 951880.0 943480.0 930446.0
18 1.0 113.55420633270619 13.957730789647584 -0.7921997465077909 -0.39717392271212204 -0.12580455341238428 0.09784981137773176 -0.007478650615656422 0.04283289057476544 71773.0 196464.0 376486.0 582518.0 786322.0 968992.0 1121188.0 1240474.0 1328495.0 1388891.0 1425984.0 1444045.0 1446948.0 1438029.0 1420072.0 1395352.0
19 1.0 130.93587753934415 82.69800135001651 -0.7921997465077909 -0.39717392271212204 -0.12580455341238428 0.09784981137773176 -0.007478650615656422 0.04283289057476544 64943.0 178382.0 343069.0 532686.0 721465.0 891851.0 1034921.0 1148081.0 1232551.0 1291469.0 1328675.0 1348027.0 1353056.0 1346833.0 1331939.0 1310496.0
20 1.0 205.27083735043666 26.20264400208069 -0.7921997465077909 -0.39717392271212204 -0.12580455341238428 0.09784981137773176 -0.007478650615656422 0.04283289057476544 26780.0 69109.0 129082.0 198087.0 267735.0 332087.0 387847.0 433748.0 469833.0 496873.0 515977.0 528346.0 535136.0 537395.0 536033.0 531822.0
21 1.0 157.89654484643532 -83.63476156401164 -0.7921997465077909 -0.39717392271212204 -0.12580455341238428 0.09784981137773176 -0.007478650615656422 0.04283289057476544 49830.0 139671.0 273094.0 429922.0 589139.0 735653.0 861191.0 962756.0 1040686.0 1097112.0 1134929.0 1157179.0 1166735.0 1166145.0 1157590.0 1142893.0
22 1.0 355.8145817013214 -12.527560888548976 -0.7921997465077909 -0.39717392271212204 -0.12580455341238428 0.09784981137773176 -0.007478650615656422 0.04283289057476544 7789.0 23349.0 48551.0 80760.0 116211.0 151538.0 184364.0 213319.0 237820.0 257812.0 273557.0 285479.0 294065.0 299805.0 303158.0 304538.0
23 1.0 36.736131869290105 1.803033417285036 -0.7921997465077909 -0.39717392271212204 -0.12580455341238428 0.09784981137773176 -0.007478650615656422 0.04283289057476544 10333.0 26122.0 48080.0 73007.0 97932.0 120837.0 140658.0 157032.0 170028.0 179947.0 187185.0 192160.0 195267.0 196859.0 197239.0 196663.0
24 1.0 75.19563219414049 6.511949046621353 -0.7921997465077909 -0.39717392271212204 -0.12580455341238428 0.09784981137773176 -0.007478650615656422 0.04283289057476544 60824.0 153791.0 281386.0 423456.0 562120.0 685877.0 789219.0 870828.0 931846.0 974612.0 1001878.0 1016377.0000000001 1020596.0000000001 1016698.0000000001 1006504.0000000001 991516.0
25 1.0 58.07142643859865 32.65065190869082 -0.7921997465077909 -0.39717392271212204 -0.12580455341238428 0.09784981137773176 -0.007478650615656422 0.04283289057476544 25153.0 66419.0 125983.00000000001 195432.0 266228.0 332174.0 389735.0 437472.0 475315.0 503969.0 524507.0 538113.0 545941.0 549043.0 548339.0 544616.0
26 1.0 235.11899716754343 -40.032702408282105 -0.7921997465077909 -0.39717392271212204 -0.12580455341238428 0.09784981137773176 -0.007478650615656422 0.04283289057476544 20782.0 57127.0 111399.0 176321.0 243890.0 307974.0 364856.0 412830.0 451559.0 481524.0 503623.00000000006 518912.99999999994 528457.0 533250.0 534174.0 531993.0
27 1.0 91.18497691432157 -66.80509821606236 -0.7921997465077909 -0.39717392271212204 -0.12580455341238428 0.09784981137773176 -0.007478650615656422 0.04283289057476544 64960.00000000001 180169.0 348624.0 543458.0 737982.0 913860.0 1061688.0 1178668.0 1265999.0 1326900.0 1365337.0 1385303.0 1390460.0 1383990.0 1368565.0 1346386.0
28 1.0 167.87187822827028 -19.31837822152302 -0.7921997465077909 -0.39717392271212204 -0.12580455341238428 0.09784981137773176 -0.007478650615656422 0.04283289057476544 1397.0 5281.0 12979.0 24490.0 38898.0 54935.0 71403.0 87370.0 102210.0 115561.0 127265.99999999999 137305.0 145747.0 152712.0 158342.0 162786.0
29 1.0 87.99321312057698 82.1530301032708 -0.7921997465077909 -0.39717392271212204 -0.12580455341238428 0.09784981137773176 -0.007478650615656422 0.04283289057476544 58733.0 161498.0 311260.0 484528.0 657990.0 815537.0 948781.0 1055080.0 1135308.0 1192146.0 1228972.0 1249234.0 1256119.0 1252416.0 1240489.0 1222293.0
0 1.0 57.2290501123871 -56.31643948484795 -0.7921997465077909 -0.39717392271212204 -0.12580455341238428 0.09784981137773176 -0.007478650615656422 0.04283289057476544 74139.0 198519.0 375066.0 574839.0 770923.0 945719.0 1090779.0 1204121.0 1287526.0 1344577.0 1379444.0 1396219.0 1398588.0 1389725.0 1372274.0 1348392.0
1 1.0 39.73505081914985 72.71711188708267 -0.7921997465077909 -0.39717392271212204 -0.12580455341238428 0.09784981137773176 -0.007478650615656422 0.04283289057476544 39257.0 108880.0 212146.0 334004.0 458600.0 574334.0 674645.0 756941.0 821201.0 868838.0 901913.0 922661.0 933234.0 935571.0 931354.0 922006.0
2 1.0 236.27865220749842 7.885071013918747 -0.7921997465077909 -0.39717392271212204 -0.12580455341238428 0.09784981137773176 -0.007478650615656422 0.04283289057476544 40194.0 99450.0 180179.0 270186.0 358622.0 438375.0 505880.0 560109.0 601567.0 631548.0 651656.0 663529.0 668686.0 668470.0 664030.0 656320.0
3 1.0 49.74586248550097 -7.755944103762147 -0.7921997465077909 -0.39717392271212204 -0.12580455341238428 0.09784981137773176 -0.007478650615656422 0.04283289057476544 30639.0 75716.0 137258.0 206133.0 274150.0 335887.0 388572.0 431343.0 464500.0 488952.0 505857.0 516412.0 521741.0 522848.0 520595.99999999994 515711.99999999994
4 1.0 70.76965020481926 68.76745384138013 -0.7921997465077909 -0.39717392271212204 -0.12580455341238428 0.09784981137773176 -0.007478650615656422 0.04283289057476544 48311.0 132215.0 254769.00000000003 397375.0 541282.0 673253.0 786143.0 877438.0 947531.0 998362.0 1032524.0 1052732.0 1061544.0 1061230.0 1053736.0 1040691.0
5 1.0 132.74106143794708 -7.451286881654539 -0.7921997465077909 -0.39717392271212204 -0.12580455341238428 0.09784981137773176 -0.007478650615656422 0.04283289057476544 36327.0 103478.0 205381.0 327732.0 454569.0 573748.0 678093.0 764510.0 832646.0 883723.0 919722.0 942871.0 955353.0 959160.0 956034.0 947454.0
6 1.0 295.55756274525663 40.350174590077785 -0.7921997465077909 -0.39717392271212204 -0.12580455341238428 0.09784981137773176 -0.007478650615656422 0.04283289057476544 54528.0 152561.0 297692.0 467684.0 639596.0 797099.0 931366.0 1039318.0 1121488.0 1180321.0 1219055.0 1241059.0 1249489.0 1247129.0 1236352.0 1219131.0
7 1.0 34.956459285502056 -18.17544209344163 -0.7921997465077909 -0.39717392271212204 -0.12580455341238428 0.09784981137773176 -0.007478650615656422 0.04283289057476544 23136.0 58748.0 108647.0 165681.0 223032.0 275950.0 321836.0 359712.0 389636.0 412233.0 428389.0 439059.0 445165.0 447541.0 446917.0 443914.0
8 1.0 301.6601666995694 72.7279907221724 -0.7921997465077909 -0.39717392271212204 -0.12580455341238428 0.09784981137773176 -0.007478650615656422 0.04283289057476544 53553.0 148922.0 289492.0 453714.0 619567.0 771457.0 900992.0 1005263.0 1084792.0 1141918.0 1179733.0 1201452.0 1210087.0 1208301.0 1198366.0 1182172.0
9 1.0 34.59542684182671 34.20450363442093 -0.7921997465077909 -0.39717392271212204 -0.12580455341238428 0.09784981137773176 -0.007478650615656422 0.04283289057476544 5842.0 17004.0 34705.0 57028.0 81411.0 105630.0 128140.0 148061.0 165018.0 178976.0 190103.0 198674.0 205003.0 209413.0 212205.0 213651.0
10 1.0 351.5254074048225 35.931969765093015 -0.7921997465077909 -0.39717392271212204 -0.12580455341238428 0.09784981137773176 -0.007478650615656422 0.04283289057476544 2598.0 9104.0 21220.0 38527.0 59442.0 82059.0 104698.0 126119.00000000001 145534.0 162529.0 176969.0 188900.0 198483.0 205937.0 211508.0 215442.0
11 1.0 168.71443259317257 -31.010327719718596 -0.7921997465077909 -0.39717392271212204 -0.12580455341238428 0.09784981137773176 -0.007478650615656422 0.04283289057476544 1939.0 7144.0 17235.0 32085.000000000004 50450.0 70691.0 91286.0 111065.0 129254.00000000001 145420.0 159385.0 171153.0 180835.0 188606.0 194669.0 199232.0
12 1.0 351.6339917485214 46.22015569264005 -0.7921997465077909 -0.39717392271212204 -0.12580455341238428 0.09784981137773176 -0.007478650615656422 0.04283289057476544 6842.0 21761.0 47191.0 80998.0 119410.0 158721.0 196106.0 229782.0 258848.00000000003 283039.0 302496.0 317593.0 328812.0 336667.0 341660.0 344252.0
13 1.0 217.74438710821656 24.490989980485438 -0.7921997465077909 -0.39717392271212204 -0.12580455341238428 0.09784981137773176 -0.007478650615656422 0.04283289057476544 34704.0 87270.0 159965.0 241989.0 323399.0 397484.0 460740.0 512020.00000000006 551639.0 580684.0 600570.0 612768.0 618663.0 619487.0 616299.0 609989.0
14 1.0 266.1348885833886 -46.79635079165228 -0.7921997465077909 -0.39717392271212204 -0.12580455341238428 0.09784981137773176 -0.007478650615656422 0.04283289057476544 52769.0 143276.0 274410.0 425935.0 577857.0 716301.0 833958.0 928426.0 1000337.0 1051906.0 1085982.0 1105503.0 1113204.0 1111496.0 1102431.0 1087715.0
15 1.0 14.107605211555443 -61.103011952653844 -0.7921997465077909 -0.39717392271212204 -0.12580455341238428 0.09784981137773176 -0.007478650615656422 0.04283289057476544 65778.0 178208.0 339760.0 524525.0 707659.0 872460.0 1010562.0 1119643.0 1200987.0 1257676.0 1293436.0 1311993.0 1316751.0 1310665.0 1296216.0 1275448.0
16 1.0 101.81050652750744 53.35046541311971 -0.7921997465077909 -0.39717392271212204 -0.12580455341238428 0.09784981137773176 -0.007478650615656422 0.04283289057476544 66636.0 180661.0 344504.0 531801.0 717297.0 884046.0 1023596.0 1133637.0 1215523.0 1272418.0 1308131.0 1326459.0 1330864.0 1324343.0 1309413.0 1288140.0
17 1.0 43.270762036740805 82.64998854634004 -0.7921997465077909 -0.39717392271212204 -0.12580455341238428 0.09784981137773176 -0.007478650615656422 0.04283289057476544 52297.0 144373.0 279417.0 436709.0 595264.0 740297.0 863888.0 963329.0 1039158.0 1093632.0 1129711.0 1150465.0 1158767.0 1157151.0 1147779.0 1132449.0
18 1.0 106.61047110797217 -7.535011093192281 -0.7921997465077909 -0.39717392271212204 -0.12580455341238428 0.09784981137773176 -0.007478650615656422 0.04283289057476544 74306.0 202749.0 387527.0 598307.0 806155.0 991869.0 1146094.0 1266521.0 1354974.0 1415268.0 1451877.0 1469195.0 1471188.0 1461261.0 1442250.0 1416465.0
19 1.0 42.74197882352786 16.377149758263286 -0.7921997465077909 -0.39717392271212204 -0.12580455341238428 0.09784981137773176 -0.007478650615656422 0.04283289057476544 10250.0 26611.0 50070.0 77468.0 105615.0 132155.0 155686.0 175575.0 191709.0 204288.0 213673.0 220293.0 224580.0 226939.0 227732.0 227272.0
20 1.0 114.47394458183138 64.39007595483983 -0.7921997465077909 -0.39717392271212204 -0.12580455341238428 0.09784981137773176 -0.007478650615656422 0.04283289057476544 68284.0 186619.0 357521.0 553400.0 747604.0 922190.0 1068191.0 1183155.0 1268511.0 1327608.0 1364470.0 1383108.0 1387174.0 1379826.0 1363713.0 1341004.0
21 1.0 149.13467802528118 -7.699778396305732 -0.7921997465077909 -0.39717392271212204 -0.12580455341238428 0.09784981137773176 -0.007478650615656422 0.04283289057476544 14166.0 42705.0 88842.0 147516.0 211696.0 275206.0 333769.0 384972.0 427838.0 462341.0 489020.0 508694.0 522288.0 530725.0 534863.0 535470.0
22 1.0 23.09309868556237 81.3374058298925 -0.7921997465077909 -0.39717392271212204 -0.12580455341238428 0.09784981137773176 -0.007478650615656422 0.04283289057476544 48836.0 135215.0 262439.0 411265.0 561943.0 700386.0 818915.0 914773.0 988312.0 1041557.0000000001 1077238.0 1098228.0 1107234.0 1106659.0 1098561.0 1084660.0
23 1.0 249.28996297320714 13.63520916807704 -0.7921997465077909 -0.39717392271212204 -0.12580455341238428 0.09784981137773176 -0.007478650615656422 0.04283289057476544 64939.0 163044.0 296819.0 444983.0 588934.0 716863.0 823235.0 906850.0 969019.0 1012258.0000000001 1039481.0000000001 1053553.0 1057072.0 1052284.0 1041075.0 1024998.0000000001
24 1.0 203.97652351436705 57.738081726236686 -0.7921997465077909 -0.39717392271212204 -0.12580455341238428 0.09784981137773176 -0.007478650615656422 0.04283289057476544 69701.0 184824.0 347452.0 531230.0 711762.0 873069.0 1007420.0 1112922.0 1191103.0 1245147.0 1278796.0 1295743.0 1299334.0 1292458.0 1277533.0 1256543.0
25 1.0 95.54021673820034 73.5918693142929 -0.7921997465077909 -0.39717392271212204 -0.12580455341238428 0.09784981137773176 -0.007478650615656422 0.04283289057476544 59963.0 164181.0 315487.0 490026.0 664328.0 822280.0 955572.0 1061658.0 1141502.0 1197857.0 1234157.0 1253886.0 1260255.0 1256068.0 1243697.0 1225098.0
26 1.0 188.36929924801188 56.7942873783424 -0.7921997465077909 -0.39717392271212204 -0.12580455341238428 0.09784981137773176 -0.007478650615656422 0.04283289057476544 66138.0 176365.0 332943.0 510713.0 686072.0 843379.0 974929.0 1078694.0 1156008.0 1209861.0 1243821.0 1261438.0 1265946.0 1260150.0 1246402.0 1226640.0
27 1.0 33.818583873039 -61.30539657918793 -0.7921997465077909 -0.39717392271212204 -0.12580455341238428 0.09784981137773176 -0.007478650615656422 0.04283289057476544 69569.0 187519.0 356083.0 547947.0 737277.0 906923.0 1048457.0 1159697.0 1242153.0 1299136.0 1334580.0 1352381.0 1356082.0 1348738.0 1332913.0 1310705.0
28 1.0 207.34073840022455 23.201719031106066 -0.7921997465077909 -0.39717392271212204 -0.12580455341238428 0.09784981137773176 -0.007478650615656422 0.04283289057476544 24330.0 62400.0 116150.0 177914.0 240271.0 297979.0 348119.0 389554.0 422295.0 447000.0 464626.0 476221.0 482800.0 485289.0 484494.0 481105.0
29 1.0 334.5466311274371 -18.28183344845813 -0.7921997465077909 -0.39717392271212204 -0.12580455341238428 0.09784981137773176 -0.007478650615656422 0.04283289057476544 24339.0 69835.0 139823.0 225124.0 314965.0 400804.0 477312.0 541932.0 594047.0 634218.0 663621.0 683683.0 695857.0 701511.0 701866.0 697981.0
0 1.0 114.68482288247652 -78.71166863579778 -0.7921997465077909 -0.39717392271212204 -0.12580455341238428 0.09784981137773176 -0.007478650615656422 0.04283289057476544 54334.0 152062.0 296688.0 465998.0 637129.0 793847.0 927402.0 1034766.0000000001 1116488.0 1175012.0 1213562.0 1235488.0 1243923.0 1241634.0 1230976.0 1213908.0
1 1.0 240.2677367869254 -13.674194659828444 -0.7921997465077909 -0.39717392271212204 -0.12580455341238428 0.09784981137773176 -0.007478650615656422 0.04283289057476544 30248.0 77159.0 142929.0 217976.0 293189.0 362247.0 421726.0 470387.0 508372.00000000006 536583.0 556260.0 568722.0 575233.0 576926.0 574785.0 569639.0
2 1.0 47.447230465581185 -43.436867959906614 -0.7921997465077909 -0.39717392271212204 -0.12580455341238428 0.09784981137773176 -0.007478650615656422 0.04283289057476544 64067.0 166074.0 308375.0 468306.0 625222.0 765657.0 883066.0 975801.0 1045094.0 1093589.0 1124427.0 1140724.0 1145324.0 1140697.0 1128923.0 1111716.0
3 1.0 257.8777934826836 62.82689551713193 -0.7921997465077909 -0.39717392271212204 -0.12580455341238428 0.09784981137773176 -0.007478650615656422 0.04283289057476544 74946.0 204029.0 389366.0 600477.0 808414.0 994030.0 1148038.0 1268190.0 1356349.0 1416358.0 1452703.0 1469786.0 1471574.0 1461472.0 1442313.0 1416403.0
4 1.0 104.1861934609924 -84.00516722159469 -0.7921997465077909 -0.39717392271212204 -0.12580455341238428 0.09784981137773176 -0.007478650615656422 0.04283289057476544 56690.0 158288.0 308186.0 483138.0 659437.0 820384.0 957084.0 1066558.0 1149501.0 1208528.0 1247028.0 1268495.0 1276180.0 1272943.0 1261209.0 1242991.0
5 1.0 65.94889032256206 82.61688993542523 -0.7921997465077909 -0.39717392271212204 -0.12580455341238428 0.09784981137773176 -0.007478650615656422 0.04283289057476544 55327.0 152393.0 294282.0 458985.0 624445.0 775269.0 903327.0 1005945.0000000001 1083822.0 1139410.0 1175863.0 1196423.0 1204106.0 1201564.0 1191049.0 1174430.0
6 1.0 211.14465653162995 -26.033607275052667 -0.7921997465077909 -0.39717392271212204 -0.12580455341238428 0.09784981137773176 -0.007478650615656422 0.04283289057476544 2891.0 8639.0 18011.0 30138.0 43704.0 57477.0 70537.0 82315.0 92532.0 101118.0 108141.0 113740.0 118091.0 121376.0 123767.0 125418.0
7 1.0 7.238716627497679 -25.792759727542276 -0.7921997465077909 -0.39717392271212204 -0.12580455341238428 0.09784981137773176 -0.007478650615656422 0.04283289057476544 18484.0 50994.0 99765.0 158358.0 219578.0 277847.0 329741.0 373655.0 409234.0 436877.0 457372.0 471660.0 480699.0 485381.0 486509.0 484774.0
8 1.0 298.4184105182507 -87.06086951693258 -0.7921997465077909 -0.39717392271212204 -0.12580455341238428 0.09784981137773176 -0.007478650615656422 0.04283289057476544 57450.0 160109.0 311279.0 487424.0 664662.0 826245.0 963301.0 1072909.0 1155820.0 1214704.0 1252989.0 1274199.0 1281606.0 1278085.0 1266070.0 1247579.0
9 1.0 1.6903714293169436 -56.65818145748689 -0.7921997465077909 -0.39717392271212204 -0.12580455341238428 0.09784981137773176 -0.007478650615656422 0.04283289057476544 60785.0 164938.0 315137.0 487634.0 659386.0 814711.0 945593.0 1049643.0 1127872.0 1183020.0 1218473.0 1237658.0 1243729.0 1239440.0 1227116.0 1208680.0
10 1.0 244.01395324664284 -17.773289855350427 -0.7921997465077909 -0.39717392271212204 -0.12580455341238428 0.09784981137773176 -0.007478650615656422 0.04283289057476544 34005.0 87432.0 162648.0 248576.0 334639.0 413513.0 481272.0 536537.0 579527.0 611326.0 633386.0 647240.0 654339.0 655982.0 653288.0 647196.0
11 1.0 97.20287034917935 77.27245511448851 -0.7921997465077909 -0.39717392271212204 -0.12580455341238428 0.09784981137773176 -0.007478650615656422 0.04283289057476544 60325.0 165463.0 318274.0 494649.0 670834.0 830507.0 965248.0 1072474.0 1153158.0 1210085.0 1246728.0 1266613.0 1272988.0 1268692.0 1256122.0 1237258.0
12 1.0 264.66984796413414 -72.06931256017117 -0.7921997465077909 -0.39717392271212204 -0.12580455341238428 0.09784981137773176 -0.007478650615656422 0.04283289057476544 51440.0 142816.0 277443.0 434759.0 593731.0 739432.0 863801.0 964019.0 1040557.0 1095635.0 1132201.0 1153330.0 1161904.0 1160474.0 1151217.0 1135944.0
13 1.0 346.38787624227774 80.15427602623433 -0.7921997465077909 -0.39717392271212204 -0.12580455341238428 0.09784981137773176 -0.007478650615656422 0.04283289057476544 47963.0 133302.0 259419.99999999997 407331.0 557396.0 695531.0 814003.0 909995.0 983800.0 1037396.9999999999 1073482.0 1094899.0 1104336.0 1104184.0 1096491.0 1082971.0
14 1.0 89.55113166718489 66.5079354983938 -0.7921997465077909 -0.39717392271212204 -0.12580455341238428 0.09784981137773176 -0.007478650615656422 0.04283289057476544 57667.0 157186.0 301390.0 467698.0 633922.0 784792.0 912377.0 1014191.0000000001 1091077.0 1145590.0 1180954.0 1200456.0 1207139.0 1203670.0 1192310.0 1174931.0
15 1.0 207.4166403904213 -8.25076855664068 -0.7921997465077909 -0.39717392271212204 -0.12580455341238428 0.09784981137773176 -0.007478650615656422 0.04283289057476544 3338.0 9099.0 17716.0 28084.0 38946.0 49307.0 58546.0 66374.0 72738.0 77730.0 81519.0 84298.0 86260.0 87580.0 88404.0 88857.0
16 1.0 213.13509525786205 -31.19384128171319 -0.7921997465077909 -0.39717392271212204 -0.12580455341238428 0.09784981137773176 -0.007478650615656422 0.04283289057476544 3986.0 12006.0 25122.0 42056.0 60891.0 79863.0 97700.0 113648.0 127372.00000000001 138816.0 148102.0 155439.0 161071.0 165247.0 168197.0 170128.0
17 1.0 206.01068608471442 -48.10605672976977 -0.7921997465077909 -0.39717392271212204 -0.12580455341238428 0.09784981137773176 -0.007478650615656422 0.04283289057476544 7842.0 23829.0 49989.0 83665.0 120954.0 158322.0 193250.0 224258.0 250690.00000000003 272444.0 289759.0 303051.0 312812.0 319541.0 323713.0 325754.0
18 1.0 80.30938775062259 20.603647165837387 -0.7921997465077909 -0.39717392271212204 -0.12580455341238428 0.09784981137773176 -0.007478650615656422 0.04283289057476544 60346.0 155626.0 288238.0 437215.0 583492.0 714606.0 824469.0 911508.0 976816.0 1022805.0 1052353.0 1068333.0 1073369.0 1069747.0 1059399.0 1043916.0000000001
19 1.0 342.9896441461146 -84.04657353440899 -0.7921997465077909 -0.39717392271212204 -0.12580455341238428 0.09784981137773176 -0.007478650615656422 0.04283289057476544 61936.0 172252.0 334073.0 521806.0 709805.0 880303.0 1024081.0 1138284.0 1223944.0 1284073.0 1322440.0 1342865.0 1348863.0 1343502.0 1329366.0 1308585.0
20 1.0 160.96513630234585 -87.19090839957092 -0.7921997465077909 -0.39717392271212204 -0.12580455341238428 0.09784981137773176 -0.007478650615656422 0.04283289057476544 53654.0 149951.0 292345.0 458980.0 627399.0 781664.0 913188.0 1018995.0000000001 1099620.0 1157455.0 1195658.0 1217513.0 1226090.0 1224104.0 1213866.0 1197298.0
21 1.0 304.707122089606 -12.816769950317195 -0.7921997465077909 -0.39717392271212204 -0.12580455341238428 0.09784981137773176 -0.007478650615656422 0.04283289057476544 55820.0 156085.0 304255.0 477443.0 652197.0 811936.0 947781.0 1056716.0 1139377.0 1198319.0 1236880.0 1258509.0 1266425.0 1263461.0 1252026.0 1234118.0
22 1.0 251.81253911430156 -77.74666668455036 -0.7921997465077909 -0.39717392271212204 -0.12580455341238428 0.09784981137773176 -0.007478650615656422 0.04283289057476544 49301.0 137452.0 267888.0 420871.0 575977.0 718580.0 840687.0 939414.0 1015115.0 1069879.0 1106531.0 1128041.0 1137207.0 1136515.0 1128088.0 1113701.0
23 1.0 107.07730230784811 -44.65062211570328 -0.7921997465077909 -0.39717392271212204 -0.12580455341238428 0.09784981137773176 -0.007478650615656422 0.04283289057476544 62421.0 173446.0 336240.0 525085.0 714214.0 885770.0 1030478.9999999999 1145459.0 1231735.0 1292326.0 1331014.0 1351637.0 1357730.0 1352377.0 1338180.0 1317284.0
24 1.0 292.9672150928918 -50.19103523770491 -0.7921997465077909 -0.39717392271212204 -0.12580455341238428 0.09784981137773176 -0.007478650615656422 0.04283289057476544 66019.0 182337.0 351771.0 547163.0 741782.0 917390.0 1064717.0 1181084.0 1267777.0 1328067.0 1365952.0 1385436.0 1390184.0 1383374.0 1367673.0 1345272.0
25 1.0 142.74206670491446 -44.425585129886656 -0.7921997465077909 -0.39717392271212204 -0.12580455341238428 0.09784981137773176 -0.007478650615656422 0.04283289057476544 21778.0 64567.0 132300.0 216688.0 307168.0 394955.0 474320.0 542313.0 598004.0 641728.0 674516.0 697703.0 712697.0 720849.0 723381.0 721363.0
26 1.0 317.1971509600182 -66.4100583812536 -0.7921997465077909 -0.39717392271212204 -0.12580455341238428 0.09784981137773176 -0.007478650615656422 0.04283289057476544 66080.0 183261.0 354455.0 552229.0 749416.0 927421.0 1076767.0 1194694.0 1282494.0 1343487.0 1381737.0 1401318.0 1405956.0 1398882.0 1382808.0 1359958.0
27 1.0 209.25823414890914 -87.83347987842222 -0.7921997465077909 -0.39717392271212204 -0.12580455341238428 0.09784981137773176 -0.007478650615656422 0.04283289057476544 53978.0 150753.0 293747.0 460977.0 629894.0 784525.0 916283.0 1022210.0000000001 1102866.0 1160665.0 1198787.0 1220530.0 1228977.0 1226852.0 1216472.0 1199763.0
28 1.0 317.424730267747 -69.21282651502534 -0.7921997465077909 -0.39717392271212204 -0.12580455341238428 0.09784981137773176 -0.007478650615656422 0.04283289057476544 65794.0 182519.0 353113.0 550263.0 746900.0 924477.0 1073526.0 1191277.0 1279000.0 1339993.0 1378300.0 1397978.0 1402739.0 1395805.0 1379879.0 1357180.0
29 1.0 249.3113724279957 21.32644671229461 -0.7921997465077909 -0.39717392271212204 -0.12580455341238428 0.09784981137773176 -0.007478650615656422 0.04283289057476544 70672.0 178480.0 325730.0 488694.0 646670.0 786611.0 902498.0 993138.0 1060098.0 1106249.0 1134866.0 1149142.0 1151954.0 1145776.0 1132681.0 1114362.0
0 1.0 261.09154073507057 85.36611830724905 -0.7921997465077909 -0.39717392271212204 -0.12580455341238428 0.09784981137773176 -0.007478650615656422 0.04283289057476544 62869.99999999999 173239.0 334015.0 519692.00000000006 705066.0 872834.0 1014096.0000000001 1126166.0 1210129.0 1268986.0 1306457.0 1326302.0 1331979.0 1326499.0 1312403.0 1291781.0
1 1.0 180.47677749361281 88.26210028096091 -0.7921997465077909 -0.39717392271212204 -0.12580455341238428 0.09784981137773176 -0.007478650615656422 0.04283289057476544 62799.99999999999 172870.0 333094.0 518047.00000000006 702649.0 869699.0 1010357.0 1121961.0 1205594.0 1264244.0 1301611.0 1321435.0 1327153.0 1321762.0 1307787.0 1287311.0
2 1.0 344.1901085003606 -16.37026283284891 -0.7921997465077909 -0.39717392271212204 -0.12580455341238428 0.09784981137773176 -0.007478650615656422 0.04283289057476544 15541.0 45333.0 92131.0 150309.0 212740.0 273473.0 328580.0 376002.0 415054.0 445919.0 469270.0 486003.0 497069.0 503390.0 505800.0 505036.99999999994
3 1.0 231.83647172266947 -60.66820331161104 -0.7921997465077909 -0.39717392271212204 -0.12580455341238428 0.09784981137773176 -0.007478650615656422 0.04283289057476544 28901.0 81113.0 159799.0 254125.0 352086.0 444524.0 525967.0 593982.0 648190.0 689416.0 719080.0 738812.0 750236.0 754845.0 753958.0 748709.0
4 1.0 152.5878174809447 24.977116325975274 -0.7921997465077909 -0.39717392271212204 -0.12580455341238428 0.09784981137773176 -0.007478650615656422 0.04283289057476544 35937.0 99728.0 194598.0 306920.0 422180.0 529646.0 623154.0 700191.0 760639.0 805729.0 837321.0 857454.0 868108.0 871070.0 867899.0 859913.0
5 1.0 218.30155708605275 -1.7450376212273113 -0.7921997465077909 -0.39717392271212204 -0.12580455341238428 0.09784981137773176 -0.007478650615656422 0.04283289057476544 11594.0 29166.0 53522.0 81126.0 108726.0 134120.0 156144.0 174396.0 188942.0 200104.0 208313.0 214022.0 217663.0 219624.0 220238.0 219785.0
6 1.0 6.909551391360069 88.09375991119765 -0.7921997465077909 -0.39717392271212204 -0.12580455341238428 0.09784981137773176 -0.007478650615656422 0.04283289057476544 58304.0 160816.0 310592.0 484205.0 658275.0 816575.0 950611.0 1057662.0 1138555.0 1195947.0 1233215.0 1253808.0 1260927.0 1257374.0 1245526.0 1227350.0
7 1.0 108.56693400283775 -78.24524271267956 -0.7921997465077909 -0.39717392271212204 -0.12580455341238428 0.09784981137773176 -0.007478650615656422 0.04283289057476544 55903.0 156269.0 304539.0 477796.0 652582.0 812318.0 948138.0 1057037.0 1139659.0 1198567.0 1237101.0 1258714.0 1266625.0 1263666.0 1252245.0 1234361.0
8 1.0 237.66247349736662 50.98219889648635 -0.7921997465077909 -0.39717392271212204 -0.12580455341238428 0.09784981137773176 -0.007478650615656422 0.04283289057476544 77543.0 203457.0 379428.0 576459.0 768399.0 938524.0 1079044.0 1188366.0 1268444.0 1322892.0 1355837.0 1371283.0 1372827.0 1363546.0 1346002.0 1322283.0
9 1.0 104.42793859575987 -38.0882704803311 -0.7921997465077909 -0.39717392271212204 -0.12580455341238428 0.09784981137773176 -0.007478650615656422 0.04283289057476544 67321.0 185886.0 358509.0 557453.0 755450.0 933929.0 1083481.0 1201421.0 1289104.0 1349896.0 1387895.0 1407200.0 1411551.0 1404190.0 1387836.0 1364716.0
10 1.0 222.48555443958296 -46.54464838621668 -0.7921997465077909 -0.39717392271212204 -0.12580455341238428 0.09784981137773176 -0.007478650615656422 0.04283289057476544 13638.0 39194.0 78928.0 128019.0 180529.0 231562.0 277916.0 317925.0 351036.0 377401.0 397566.0 412256.0 422247.0 428287.0 431058.0 431163.0
11 1.0 154.35673234047582 29.250822875881667 -0.7921997465077909 -0.39717392271212204 -0.12580455341238428 0.09784981137773176 -0.007478650615656422 0.04283289057476544 39344.0 108422.0 210389.0 330323.0 452657.0 566070.0 664194.0 744549.0 807169.0 853478.0 885528.0 905531.0 915610.0 917672.0 913368.0 904090.0
12 1.0 48.770663120082084 -45.70862670162639 -0.7921997465077909 -0.39717392271212204 -0.12580455341238428 0.09784981137773176 -0.007478650615656422 0.04283289057476544 66743.0 173922.0 323794.0 492334.0 657617.0 805354.0 928632.0 1025743.0000000001 1098036.0 1148351.0 1180042.0 1196428.0 1200533.0 1194975.0 1181954.0 1163282.0
13 1.0 107.38163734417108 29.854641160653784 -0.7921997465077909 -0.39717392271212204 -0.12580455341238428 0.09784981137773176 -0.007478650615656422 0.04283289057476544 74594.0 202046.0 384402.0 591710.0 795707.0 977759.0 1128857.0 1246832.0 1333512.0 1392646.0 1428610.0 1445698.0 1447780.0 1438183.0 1419675.0 1394513.0
14 1.0 205.18736785245537 3.11553309641198 -0.7921997465077909 -0.39717392271212204 -0.12580455341238428 0.09784981137773176 -0.007478650615656422 0.04283289057476544 6418.0 16712.0 31471.0 48653.0 66206.0 82656.0 97165.0 109401.0 119354.0 127200.00000000001 133195.0 137623.0 140752.0 142826.0 144053.0 144609.0
15 1.0 212.71419404934235 -13.663982081547132 -0.7921997465077909 -0.39717392271212204 -0.12580455341238428 0.09784981137773176 -0.007478650615656422 0.04283289057476544 4309.0 11534.0 22164.0 34789.0 47877.0 60256.0 71223.0 80470.0 87963.0 93828.0 98272.0 101526.0 103812.0 105332.0 106256.0 106722.0
16 1.0 206.75708958584838 9.843805559055411 -0.7921997465077909 -0.39717392271212204 -0.12580455341238428 0.09784981137773176 -0.007478650615656422 0.04283289057476544 10654.0 27583.0 51797.0 80023.0 108971.0 136225.0 160358.0 180735.0 197256.0 210142.0 219777.0 226607.0 231081.0 233616.0 234582.0 234295.0
17 1.0 235.1522951485681 -38.330726414466646 -0.7921997465077909 -0.39717392271212204 -0.12580455341238428 0.09784981137773176 -0.007478650615656422 0.04283289057476544 20421.0 55955.0 108905.0 172162.0 237938.0 300274.0 355571.0 402183.0 439799.0 468897.0 490358.0 505214.00000000006 514501.0 519185.0 520122.0 518054.0
18 1.0 234.757177200608 37.1834471291362 -0.7921997465077909 -0.39717392271212204 -0.12580455341238428 0.09784981137773176 -0.007478650615656422 0.04283289057476544 67737.0 172353.0 316146.0 476045.0 631657.0 769985.0 884930.0 975168.0 1042133.9999999999 1088582.0 1117694.0 1132591.0 1136097.0 1130650.0 1118293.0 1100703.0
19 1.0 155.31063675623062 -15.325763519958471 -0.7921997465077909 -0.39717392271212204 -0.12580455341238428 0.09784981137773176 -0.007478650615656422 0.04283289057476544 6882.0 22153.0 48426.0 83569.0 123682.0 164893.0 204234.0 239822.0 270695.0 296554.0 317526.0 333979.0 346399.0 355306.0 361211.0 364583.0
20 1.0 322.75677450638267 -25.101799112539396 -0.7921997465077909 -0.39717392271212204 -0.12580455341238428 0.09784981137773176 -0.007478650615656422 0.04283289057476544 42624.0 119609.0 234539.0 370545.0 509683.0 638796.0 750444.0 841707.0 912594.0 964737.0 1000502.9999999999 1022448.0 1033024.0 1034438.0 1028597.0 1017107.9999999999
21 1.0 132.32227321724275 59.158244620032804 -0.7921997465077909 -0.39717392271212204 -0.12580455341238428 0.09784981137773176 -0.007478650615656422 0.04283289057476544 71561.0 195830.0 375218.0 580516.0 783602.0 965646.0 1117346.0 1236271.0 1324055.0 1384319.0 1421364.0 1439444.0 1442415.0 1433598.0 1415768.0 1391192.0
22 1.0 156.91137309562566 76.4940441515746 -0.7921997465077909 -0.39717392271212204 -0.12580455341238428 0.09784981137773176 -0.007478650615656422 0.04283289057476544 70784.0 193883.0 371759.0 575509.0 777240.0 958229.0 1109193.0 1227670.0 1315245.0 1375486.0 1412644.0 1430934.0 1434178.0 1425676.0 1408183.0 1383953.0
23 1.0 321.092407805642 -81.71868404028655 -0.7921997465077909 -0.39717392271212204 -0.12580455341238428 0.09784981137773176 -0.007478650615656422 0.04283289057476544 61869.0 172025.0 333594.0 521030.0 708738.0 878985.0 1022566.0000000001 1136627.0 1222193.0 1282268.0 1320613.0 1341039.0 1347057.0 1341728.0 1327633.0 1306899.0
24 1.0 290.22983605659084 -48.12714129064221 -0.7921997465077909 -0.39717392271212204 -0.12580455341238428 0.09784981137773176 -0.007478650615656422 0.04283289057476544 65950.0 181807.0 350342.0 544538.0 737871.0 912272.0 1058575.0 1174139.0 1260250.0 1320158.0 1357829.0 1377236.0 1382012.0 1375311.0 1359777.0 1337585.0
25 1.0 253.39989007453187 -27.266513491338614 -0.7921997465077909 -0.39717392271212204 -0.12580455341238428 0.09784981137773176 -0.007478650615656422 0.04283289057476544 43805.0 115005.0 216242.0 332246.0 448307.0 554272.0 644757.0 717943.0 774226.0 815181.0 842877.0 859465.0 866972.0 867196.0 861677.0 851708.0
26 1.0 36.0816794324284 56.693966286644525 -0.7921997465077909 -0.39717392271212204 -0.12580455341238428 0.09784981137773176 -0.007478650615656422 0.04283289057476544 19574.0 55413.0 110208.0 176884.0 247172.0 314491.0 374709.0 425814.0 467293.0 499546.0 523456.00000000006 540105.0 550605.0 556001.0 557232.0 555112.0
27 1.0 331.0137409480825 87.38845697579356 -0.7921997465077909 -0.39717392271212204 -0.12580455341238428 0.09784981137773176 -0.007478650615656422 0.04283289057476544 58136.0 160452.0 310024.0 483474.0 657443.0 815700.0 949736.0 1056817.0 1137757.0 1195204.0 1232528.0 1253176.0 1260345.0 1256837.0 1245030.0 1226890.0
28 1.0 257.1268678376801 84.41490684066332 -0.7921997465077909 -0.39717392271212204 -0.12580455341238428 0.09784981137773176 -0.007478650615656422 0.04283289057476544 63711.00000000001 175506.0 338260.0 526080.0 713435.0 882834.0 1025312.9999999999 1138203.0 1222642.0 1281697.0 1319153.0 1338827.0 1344222.0 1338388.0 1323890.0 1302843.0
29 1.0 359.5849223644319 72.89070219898684 -0.7921997465077909 -0.39717392271212204 -0.12580455341238428 0.09784981137773176 -0.007478650615656422 0.04283289057476544 35520.0 99841.0 196455.0 311653.0 430507.0 541835.0 639118.0 719611.0 783067.0 830663.0 864251.0 885899.0 897625.0 901270.0 898444.0 890516.0
0 1.0 53.80138967687775 -36.619872288474625 -0.7921997465077909 -0.39717392271212204 -0.12580455341238428 0.09784981137773176 -0.007478650615656422 0.04283289057476544 63855.99999999999 163359.0 300918.0 454653.0 604945.0 739120.0 851097.0 939421.0 1005339.9999999999 1051419.0 1080674.0 1096087.0 1100371.0 1095880.0 1084592.0 1068138.0
1 1.0 312.52538065255715 88.56202381460534 -0.7921997465077909 -0.39717392271212204 -0.12580455341238428 0.09784981137773176 -0.007478650615656422 0.04283289057476544 59835.0 164992.0 318486.0 496197.0 674133.0 835700.0 972261.0 1081098.0 1163117.0 1221088.0 1258498.0 1278902.0 1285585.0 1281422.0 1268844.0 1249864.0
2 1.0 58.497456483494936 -45.10439260983878 -0.7921997465077909 -0.39717392271212204 -0.12580455341238428 0.09784981137773176 -0.007478650615656422 0.04283289057476544 72455.0 189249.0 352382.0 535325.0 714048.0 873052.0 1004991.0 1108218.0 1184386.0 1236728.0 1268987.0 1284834.0 1287581.0 1280082.0 1264720.0 1243448.0
3 1.0 221.6014431421839 -70.9368921211982 -0.7921997465077909 -0.39717392271212204 -0.12580455341238428 0.09784981137773176 -0.007478650615656422 0.04283289057476544 34504.0 97218.0 191631.0 304393.0 420875.0 530067.0 625530.0 704541.0 766844.0 813595.0 846618.0 867948.0 879570.0 883292.0 880696.0 873121.0
4 1.0 44.57519382579895 81.17146998997094 -0.7921997465077909 -0.39717392271212204 -0.12580455341238428 0.09784981137773176 -0.007478650615656422 0.04283289057476544 50675.0 139928.0 270978.0 423840.0 578186.0 719622.0 840382.0 937753.0 1012191.0000000001 1065839.0 1101543.0 1122271.0 1130809.0 1129625.0 1120824.0 1106162.0
5 1.0 305.2829625560044 -47.98435401574267 -0.7921997465077909 -0.39717392271212204 -0.12580455341238428 0.09784981137773176 -0.007478650615656422 0.04283289057476544 66138.0 183436.0 354826.0 552850.0 750314.0 928593.0 1078193.0 1196342.0 1284326.0 1345467.0 1383830.0 1403493.0 1408187.0 1401146.0 1385086.0 1362235.0
6 1.0 290.63482514100383 34.15828771399508 -0.7921997465077909 -0.39717392271212204 -0.12580455341238428 0.09784981137773176 -0.007478650615656422 0.04283289057476544 61744.0 171479.0 332395.0 519132.00000000006 706256.0 876119.0 1019525.9999999999 1133595.0 1219307.0 1279620.0 1318257.0 1338998.0 1345332.0 1340308.0 1326497.0 1306022.0
7 1.0 204.8762659012536 -79.49585538349405 -0.7921997465077909 -0.39717392271212204 -0.12580455341238428 0.09784981137773176 -0.007478650615656422 0.04283289057476544 42779.0 120231.0 235986.0 373061.0 513350.0 643555.0 756151.0 848183.0 919655.0 972221.0 1008270.9999999999 1030391.0 1041061.0 1042507.0000000001 1036656.0 1025128.0
8 1.0 146.58598700135988 41.52763784294572 -0.7921997465077909 -0.39717392271212204 -0.12580455341238428 0.09784981137773176 -0.007478650615656422 0.04283289057476544 58976.0 161037.0 309005.0 479618.0 650023.0 804521.0 934998.0 1038948.0 1117286.0 1172678.0 1208464.0 1228035.0 1234523.0 1230668.0 1218786.0 1200790.0
9 1.0 24.900118363849696 68.70963822009114 -0.7921997465077909 -0.39717392271212204 -0.12580455341238428 0.09784981137773176 -0.007478650615656422 0.04283289057476544 30305.0 85146.0 167802.0 266831.0 369563.0 466344.0 551419.0 622256.0 678495.0 721041.0 751424.0 771388.0 782657.0 786818.0 785263.0 779185.0
10 1.0 251.07435833204292 -40.96135881612675 -0.7921997465077909 -0.39717392271212204 -0.12580455341238428 0.09784981137773176 -0.007478650615656422 0.04283289057476544 37976.0 102335.0 195886.0 304881.0 415397.0 517476.00000000006 605600.0 677686.0 733846.0 775398.0 804194.0 822219.0 831367.0 833342.0 829614.0 821425.0
11 1.0 163.27536576410478 -21.76975870606286 -0.7921997465077909 -0.39717392271212204 -0.12580455341238428 0.09784981137773176 -0.007478650615656422 0.04283289057476544 2666.0 9440.0 22156.0 40422.0 62576.99999999999 86589.0 110649.0 133416.0 154041.0 172085.0 187408.0 200071.0 210253.0 218196.0 224166.0 228426.0
12 1.0 259.94001580932525 -22.6266870022351 -0.7921997465077909 -0.39717392271212204 -0.12580455341238428 0.09784981137773176 -0.007478650615656422 0.04283289057476544 54941.0 143674.0 268756.0 410701.0 551262.0 678218.0 785385.0 870954.0 935754.0 981952.0 1012226.0000000001 1029288.9999999999 1035644.9999999999 1033490.9999999999 1024690.0000000001 1010787.0000000001
13 1.0 311.8976373343065 44.781886357223954 -0.7921997465077909 -0.39717392271212204 -0.12580455341238428 0.09784981137773176 -0.007478650615656422 0.04283289057476544 34295.0 98459.0 196574.0 315118.0 438669.0 555320.0 657913.0 743265.0 810891.0 861882.0 898104.0 921689.0 934750.0 939222.0 936808.0 928959.0
14 1.0 351.1877418010389 -47.19469634297301 -0.7921997465077909 -0.39717392271212204 -0.12580455341238428 0.09784981137773176 -0.007478650615656422 0.04283289057476544 50258.0 137063.0 263407.0 409970.0 557434.0 692267.0 807240.0 899887.0 970712.0 1021784.0 1055818.0 1075634.0 1083872.0 1082868.0 1074616.0 1060780.0
15 1.0 308.08920326133995 -59.06644217142426 -0.7921997465077909 -0.39717392271212204 -0.12580455341238428 0.09784981137773176 -0.007478650615656422 0.04283289057476544 66270.0 183758.0 355379.0 553621.0 751255.0 929646.0 1079303.0 1197464.0 1285429.0 1346527.0 1384833.0 1404432.0 1409058.0 1401950.0 1385824.0 1362911.0
16 1.0 4.21707030660071 -9.127503236207147 -0.7921997465077909 -0.39717392271212204 -0.12580455341238428 0.09784981137773176 -0.007478650615656422 0.04283289057476544 4631.0 14060.0 29553.0 49633.0 72060.0 94759.0 116212.0 135491.0 152144.0 166055.0 177322.0 186160.0 192841.0 197653.0 200873.0 202758.0
17 1.0 129.592103212211 -35.19568667208249 -0.7921997465077909 -0.39717392271212204 -0.12580455341238428 0.09784981137773176 -0.007478650615656422 0.04283289057476544 35124.0 100989.0 201750.0 323469.0 450259.0 569878.0 674994.0 762373.0 831549.0 883668.0 920663.0 944731.0 958041.0 962577.0 960083.0 952042.0
18 1.0 262.7966024726609 61.05404200655744 -0.7921997465077909 -0.39717392271212204 -0.12580455341238428 0.09784981137773176 -0.007478650615656422 0.04283289057476544 74238.0 202443.0 386813.0 597089.0 804427.0 989686.0 1143543.0 1263697.0 1351964.0 1412147.0 1448704.0 1466018.0 1468043.0 1458174.0 1439238.0 1413540.0
19 1.0 61.78668381411859 -47.20647131718502 -0.7921997465077909 -0.39717392271212204 -0.12580455341238428 0.09784981137773176 -0.007478650615656422 0.04283289057476544 74967.0 197220.0 368625.0 561114.0 749156.0 916288.0 1054734.0 1162790.0 1242256.0 1296598.0 1329805.0 1345778.0 1348026.0 1339565.0 1322909.0 1300111.0
20 1.0 187.57317823348654 0.4301023480670665 -0.7921997465077909 -0.39717392271212204 -0.12580455341238428 0.09784981137773176 -0.007478650615656422 0.04283289057476544 2055.0 6379.0 13695.0 23435.0 34574.0 46077.0 57135.0 67226.0 76081.0 83618.0 89876.0 94966.0 99028.0 102212.0 104657.0 106490.0
21 1.0 19.561675802131305 79.66504794562746 -0.7921997465077909 -0.39717392271212204 -0.12580455341238428 0.09784981137773176 -0.007478650615656422 0.04283289057476544 46151.0 128014.99999999999 248951.0 390873.0 535047.0 667990.0 782253.0 875063.0 946633.0 998800.0 1034107.0000000001 1055257.0 1064816.0 1065077.0 1058008.0 1045264.0
22 1.0 71.99874896270403 24.119585594038938 -0.7921997465077909 -0.39717392271212204 -0.12580455341238428 0.09784981137773176 -0.007478650615656422 0.04283289057476544 46316.0 119221.0 221241.0 336813.0 451446.0 555384.0 643605.0 714543.0 768746.0 807861.0 833974.0 849233.0 855641.0 854968.0 848729.0 838188.0
23 1.0 6.66784600582103 66.11209298324366 -0.7921997465077909 -0.39717392271212204 -0.12580455341238428 0.09784981137773176 -0.007478650615656422 0.04283289057476544 25030.0 71458.0 142602.0 229072.0 319948.0 406613.0 483718.0 548723.0 601044.0 641282.0 670650.0 690605.0 702630.0 708108.0 708275.0 704199.0
24 1.0 285.7311732086714 79.23774408385813 -0.7921997465077909 -0.39717392271212204 -0.12580455341238428 0.09784981137773176 -0.007478650615656422 0.04283289057476544 60319.0 166691.0 322188.0 502364.00000000006 682833.0 846698.0 985158.0 1095437.0 1178459.0 1237042.0 1274742.0 1295178.0 1301695.0 1297220.0 1284228.0 1264761.0
25 1.0 80.61288770173685 45.13767513954335 -0.7921997465077909 -0.39717392271212204 -0.12580455341238428 0.09784981137773176 -0.007478650615656422 0.04283289057476544 52189.0 139083.0 263341.0 405761.0 547837.0 676908.0 786388.0 874182.0 940949.0 988779.0 1020332.0 1038338.9999999999 1045341.0000000001 1043579.0 1034960.0000000001 1021072.9999999999
26 1.0 124.32660505088496 35.92351084045525 -0.7921997465077909 -0.39717392271212204 -0.12580455341238428 0.09784981137773176 -0.007478650615656422 0.04283289057476544 69319.0 190067.0 364785.0 565193.0 763890.0 942420.0 1091575.0 1208854.0 1295754.0 1355739.0 1392963.0 1411554.0 1415268.0 1407348.0 1390510.0 1366975.0
27 1.0 334.1092656476127 84.23380198876086 -0.7921997465077909 -0.39717392271212204 -0.12580455341238428 0.09784981137773176 -0.007478650615656422 0.04283289057476544 54537.0 150892.0 292276.0 456863.0 622594.0 773978.0 902768.0 1006189.0 1084863.0 1141193.0 1178305.0 1199428.0 1207578.0 1205408.0 1195181.0 1178774.0
28 1.0 253.5891846924718 88.99214213658229 -0.7921997465077909 -0.39717392271212204 -0.12580455341238428 0.09784981137773176 -0.007478650615656422 0.04283289057476544 61330.0 168993.0 325945.0 507403.99999999994 688815.0 853264.0 991999.0 1102324.0 1185233.0 1243604.0 1281033.0 1301170.0 1307380.0 1302601.0 1289314.0 1269568.0
29 1.0 11.462014631270826 -8.672097119443265 -0.7921997465077909 -0.39717392271212204 -0.12580455341238428 0.09784981137773176 -0.007478650615656422 0.04283289057476544 4562.0 13378.0 27495.0 45451.0 65189.0 84869.0 103189.0 119395.0 133165.0 144469.0 153457.0 160366.0 165468.0 169036.0 171325.0 172561.0
0 1.0 59.289896339248585 -77.2434399268425 -0.7921997465077909 -0.39717392271212204 -0.12580455341238428 0.09784981137773176 -0.007478650615656422 0.04283289057476544 66232.0 183523.0 354781.0 552563.0 749729.0 927707.0 1077036.0 1194963.0 1282776.0 1343795.0 1382079.0 1401697.0 1406374.0 1399338.0 1383298.0 1360479.0
1 1.0 223.73222453991488 -37.29707434070661 -0.7921997465077909 -0.39717392271212204 -0.12580455341238428 0.09784981137773176 -0.007478650615656422 0.04283289057476544 10768.0 30612.0 61323.0 99251.0 139890.0 179491.0 215567.0 246792.0 272703.0 293391.0 309266.0 320886.0 328854.0 333756.0 336129.0 336442.0
2 1.0 207.80229189750034 -62.57615297620852 -0.7921997465077909 -0.39717392271212204 -0.12580455341238428 0.09784981137773176 -0.007478650615656422 0.04283289057476544 20830.0 60135.0 121054.0 195829.0 275124.0 351413.0 419916.0 478263.0 525796.0 562910.0 590565.0 609959.0 622335.0 628871.0 630625.0 628524.0
3 1.0 85.64141569482311 -14.852452536717877 -0.7921997465077909 -0.39717392271212204 -0.12580455341238428 0.09784981137773176 -0.007478650615656422 0.04283289057476544 81496.0 211855.0 392601.0 593766.0 788768.0 960850.0 1102381.0 1211979.0 1291801.0 1345630.0 1377721.0 1392177.0 1392661.0 1382299.0 1363684.0 1338925.0
4 1.0 336.3170392529258 -66.36792087481392 -0.7921997465077909 -0.39717392271212204 -0.12580455341238428 0.09784981137773176 -0.007478650615656422 0.04283289057476544 66907.0 184855.0 356632.0 554630.0 751705.0 929369.0 1078258.0 1195699.0 1283035.0 1343617.0 1381518.0 1400813.0 1405224.0 1397975.0 1381768.0 1358822.0
5 1.0 221.02774414772256 18.741204723758756 -0.7921997465077909 -0.39717392271212204 -0.12580455341238428 0.09784981137773176 -0.007478650615656422 0.04283289057476544 31120.0 77614.0 141569.0 213540.0 284923.0 349942.0 405590.0 450879.0 486067.0 512076.0 530107.0 541416.0 547192.0 548496.0 546244.0 541207.0
6 1.0 192.827809088985 -21.094549351586267 -0.7921997465077909 -0.39717392271212204 -0.12580455341238428 0.09784981137773176 -0.007478650615656422 0.04283289057476544 388.0 1440.0 3521.0 6657.0 10634.0 15121.0 19788.0 24371.0 28692.0 32653.0 36219.0 39395.0 42211.0 44709.0 46931.0 48919.0
7 1.0 212.36759148764554 71.1694591718778 -0.7921997465077909 -0.39717392271212204 -0.12580455341238428 0.09784981137773176 -0.007478650615656422 0.04283289057476544 74744.0 202846.0 386378.0 595178.0 800716.0 984160.0 1136396.0 1255223.0 1342484.0 1401964.0 1438082.0 1455173.0 1457145.0 1447355.0 1428595.0 1403144.0
8 1.0 262.8439306260371 84.20304092373033 -0.7921997465077909 -0.39717392271212204 -0.12580455341238428 0.09784981137773176 -0.007478650615656422 0.04283289057476544 63256.99999999999 174306.0 336045.0 522784.0 709157.0 877761.0 1019659.0000000001 1132169.0 1216398.0 1275378.0 1312861.0 1332636.0 1338183.0 1332533.0 1318240.0 1297406.0
9 1.0 112.30019837265667 8.43928230049599 -0.7921997465077909 -0.39717392271212204 -0.12580455341238428 0.09784981137773176 -0.007478650615656422 0.04283289057476544 71824.0 196622.0 376809.0 583029.0 787013.0 969832.0 1122141.0 1241501.0 1329563.0 1389973.0 1427059.0 1445099.0 1447970.0 1439012.0 1421012.0 1396247.0
10 1.0 143.35958239779308 -40.531757423832616 -0.7921997465077909 -0.39717392271212204 -0.12580455341238428 0.09784981137773176 -0.007478650615656422 0.04283289057476544 19689.0 58830.0 121297.0 199674.0 284229.0 366731.0 441716.0 506304.0 559514.0 601577.0 633393.0 656175.0 671216.0 679767.0 682967.0 681817.0
11 1.0 75.54374963104397 16.601475377130626 -0.7921997465077909 -0.39717392271212204 -0.12580455341238428 0.09784981137773176 -0.007478650615656422 0.04283289057476544 55287.0 141207.0 260258.0 393852.0 525132.0 643040.0 742118.0 820898.0 880284.0 922374.0 949700.0 964805.0 970028.0 967411.0 958685.0 945280.0
12 1.0 67.02948211692102 71.41700848039378 -0.7921997465077909 -0.39717392271212204 -0.12580455341238428 0.09784981137773176 -0.007478650615656422 0.04283289057476544 47959.0 131598.0 254024.00000000003 396706.0 540864.0 673199.0 786500.0 878204.0 948668.0 999816.0 1034235.9999999999 1054642.0 1063598.0 1063380.0 1055942.0 1042920.0000000001
13 1.0 339.9740603942161 -16.787997749565307 -0.7921997465077909 -0.39717392271212204 -0.12580455341238428 0.09784981137773176 -0.007478650615656422 0.04283289057476544 18735.0 54306.0 109721.0 178059.0 250842.99999999997 321153.0 384539.0 438752.0 483121.0 517954.0 544091.0 562604.0 574615.0 581193.0 583308.0 581806.0
14 1.0 266.2382862177435 9.374089804554757 -0.7921997465077909 -0.39717392271212204 -0.12580455341238428 0.09784981137773176 -0.007478650615656422 0.04283289057476544 78894.0 205374.0 381133.0 577198.0 767706.0 936240.0 1075228.0 1183196.0 1262146.0 1315702.0 1347969.0 1362927.0 1364143.0 1354666.0 1337033.0 1313309.0
15 1.0 176.56517110232414 -41.10250183089374 -0.7921997465077909 -0.39717392271212204 -0.12580455341238428 0.09784981137773176 -0.007478650615656422 0.04283289057476544 3186.0 10899.0 24937.0 44618.0 68031.0 93012.0 117724.0 140863.0 161639.0 179673.0 194878.0 207355.0 217312.0 225012.0 230731.0 234742.0
16 1.0 81.86926607039636 -8.020053098995149 -0.7921997465077909 -0.39717392271212204 -0.12580455341238428 0.09784981137773176 -0.007478650615656422 0.04283289057476544 77121.0 197627.0 363416.0 547352.0 725594.0 883137.0 1013115.9999999999 1114234.0 1188369.0 1238868.0 1269526.0 1284019.0 1285646.0 1277236.0 1261146.0 1239298.0
17 1.0 91.56833343734147 -17.69156363167224 -0.7921997465077909 -0.39717392271212204 -0.12580455341238428 0.09784981137773176 -0.007478650615656422 0.04283289057476544 82473.0 218371.0 409064.0 622718.0 830550.0 1014221.0 1165287.0 1282141.0 1367056.0 1424097.0 1457849.0 1472738.0 1472712.0 1461137.0 1440799.0 1413961.0
18 1.0 20.89049771659522 -45.28557628506522 -0.7921997465077909 -0.39717392271212204 -0.12580455341238428 0.09784981137773176 -0.007478650615656422 0.04283289057476544 49653.0 131432.0 248014.0 381515.0 514750.00000000006 635954.0 738991.0 821882.0 885206.0 930871.0 961324.0 979083.0 986498.0 985648.0 978305.0 965948.0
19 1.0 156.3899852009235 1.0559490885555078 -0.7921997465077909 -0.39717392271212204 -0.12580455341238428 0.09784981137773176 -0.007478650615656422 0.04283289057476544 11584.0 34912.0 72705.0 120890.0 173737.0 226176.0 274682.0 317259.0 353093.0 382149.0 404853.0 421863.0 433919.0 441760.0 446075.0 447478.0
20 1.0 112.24651751787692 -34.13145132363395 -0.7921997465077909 -0.39717392271212204 -0.12580455341238428 0.09784981137773176 -0.007478650615656422 0.04283289057476544 59420.0 165558.0 321762.0 503630.0 686443.0 852903.0 993889.0 1106436.0 1191373.0 1251500.0 1290390.0 1311701.0 1318822.0 1314726.0 1301927.0 1282506.0
21 1.0 250.6836559735654 -22.85372450146545 -0.7921997465077909 -0.39717392271212204 -0.12580455341238428 0.09784981137773176 -0.007478650615656422 0.04283289057476544 41791.0 108649.0 203147.0 311103.0 418985.0 517494.0 601707.0 669953.0 722584.0 761034.0 787190.0 803026.0 810401.0 810974.0 806169.0 797183.0
22 1.0 135.99066214529313 4.494679605767573 -0.7921997465077909 -0.39717392271212204 -0.12580455341238428 0.09784981137773176 -0.007478650615656422 0.04283289057476544 38014.0 107362.0 211767.0 336337.0 464806.0 584982.0 689768.0 776197.0 844037.0 894612.0 929982.0 952430.0 964180.0 967253.0 963408.0 954139.0
23 1.0 64.65732392146853 45.10710412721775 -0.7921997465077909 -0.39717392271212204 -0.12580455341238428 0.09784981137773176 -0.007478650615656422 0.04283289057476544 34389.0 92247.0 176230.0 274129.0 373562.0 465623.0 545329.0 610749.0 661921.0 699974.0 726533.0 743356.0 752131.0 754384.0 751436.0 744407.0
24 1.0 8.884342220879242 -29.968656157570443 -0.7921997465077909 -0.39717392271212204 -0.12580455341238428 0.09784981137773176 -0.007478650615656422 0.04283289057476544 24050.0 65357.0 126346.99999999999 198627.0 273243.0 343484.0 405375.0 457170.0 498615.0 530327.0 553355.0 568904.0 578173.0 582270.0 582177.0 578740.0
25 1.0 24.20986732676949 76.34857799173744 -0.7921997465077909 -0.39717392271212204 -0.12580455341238428 0.09784981137773176 -0.007478650615656422 0.04283289057476544 41497.0 115367.0 224981.0 354260.0 486300.0 608772.0 714731.0 801460.0 868976.0 918813.0 953185.0 974489.0 985023.0 986857.0 981785.0 971321.0
26 1.0 244.58139845948423 65.21733843046243 -0.7921997465077909 -0.39717392271212204 -0.12580455341238428 0.09784981137773176 -0.007478650615656422 0.04283289057476544 76305.0 206760.0 393317.0 605189.0 813399.0 998910.0 1152578.0 1272270.0 1359932.0 1419455.0 1455352.0 1472038.0 1473481.0 1463084.0 1443675.0 1417555.0
27 1.0 163.33086404017632 -81.23574672440486 -0.7921997465077909 -0.39717392271212204 -0.12580455341238428 0.09784981137773176 -0.007478650615656422 0.04283289057476544 46394.0 130391.0 255645.99999999997 403492.0 554222.0 693518.0 813407.0 910881.0 986113.0 1041010.9999999999 1078236.0 1100626.0 1110871.0 1111376.0 1104204.0 1091087.0
28 1.0 193.16851599914 -44.3443456337719 -0.7921997465077909 -0.39717392271212204 -0.12580455341238428 0.09784981137773176 -0.007478650615656422 0.04283289057476544 4058.0 13123.0 28840.0 50042.0 74452.0 99759.0 124156.0 146472.0 166081.0 182763.0 196559.0 207662.0 216344.0 222901.0 227628.0 230798.0
29 1.0 322.80166549452315 -9.695607721343649 -0.7921997465077909 -0.39717392271212204 -0.12580455341238428 0.09784981137773176 -0.007478650615656422 0.04283289057476544 29866.0 85751.0 171393.0 275185.0 383775.0 486772.0 577862.0 654160.0 715129.0 761616.0 795167.0 817578.0 830651.0 836050.0 835250.0 829517.0
0 1.0 356.52202106281356 -71.16698002635466 -0.7921997465077909 -0.39717392271212204 -0.12580455341238428 0.09784981137773176 -0.007478650615656422 0.04283289057476544 68073.0 187705.0 361595.0 561697.0 760572.0 939607.0 1089433.0 1207428.0 1295010.0 1355604.0 1393345.0 1412362.0 1416415.0 1408760.0 1392120.0 1368729.0
1 1.0 78.08291438345061 -27.274321973970522 -0.7921997465077909 -0.39717392271212204 -0.12580455341238428 0.09784981137773176 -0.007478650615656422 0.04283289057476544 80001.0 207275.0 383479.0 579525.0 769639.0 937555.0 1075835.0 1183096.0 1261394.0 1314377.0 1346159.0 1360716.0 1361608.0 1351874.0 1334042.0 1310168.0
2 1.0 238.70815311603627 43.21755461118286 -0.7921997465077909 -0.39717392271212204 -0.12580455341238428 0.09784981137773176 -0.007478650615656422 0.04283289057476544 74998.0 193698.0 358014.0 541119.0 719152.0 876942.0 1007442.0 1109213.0 1184036.0 1235203.0 1266478.0 1281526.0 1283645.0 1275666.0 1259951.0 1238432.0
3 1.0 94.79605562537424 32.49260660570866 -0.7921997465077909 -0.39717392271212204 -0.12580455341238428 0.09784981137773176 -0.007478650615656422 0.04283289057476544 69582.0 185205.0 348968.0 534329.0 716603.0 879574.0 1015366.0 1122026.0 1201074.0 1255718.0 1289734.0 1306855.0 1310464.0 1303485.0 1288366.0 1267113.0
4 1.0 7.434359807662325 22.02919714188087 -0.7921997465077909 -0.39717392271212204 -0.12580455341238428 0.09784981137773176 -0.007478650615656422 0.04283289057476544 320.0 1250.0 3170.0 6145.0 9981.0 14362.0 18967.0 23541.0 27906.0 31960.000000000004 35654.0 38978.0 41948.0 44589.0 46934.0 49014.0
5 1.0 273.01631538101094 37.895112490022214 -0.7921997465077909 -0.39717392271212204 -0.12580455341238428 0.09784981137773176 -0.007478650615656422 0.04283289057476544 78124.0 211370.0 401519.0 617025.0 828367.0 1016269.0000000001 1171561.0 1292199.0 1380258.0 1439761.0 1475336.0 1491491.0 1492266.0 1481119.0 1460917.0 1433990.0
6 1.0 115.20617429608842 -53.113736347253685 -0.7921997465077909 -0.39717392271212204 -0.12580455341238428 0.09784981137773176 -0.007478650615656422 0.04283289057476544 52498.0 147465.0 288602.0 454461.0 622692.0 777265.0 909424.0 1016030.0 1097495.0 1156133.0 1195059.0 1217536.0 1226634.0 1225073.0 1215173.0 1198871.0
7 1.0 138.04700190188328 -28.494339324348218 -0.7921997465077909 -0.39717392271212204 -0.12580455341238428 0.09784981137773176 -0.007478650615656422 0.04283289057476544 23484.0 69256.0 141318.0 230689.0 326127.0 418388.0 501499.99999999994 572438.0 630298.0 675493.0 709154.0 732719.0 747696.0 755519.0 757484.0 754723.0
8 1.0 211.79416087929806 31.723646809943318 -0.7921997465077909 -0.39717392271212204 -0.12580455341238428 0.09784981137773176 -0.007478650615656422 0.04283289057476544 39418.0 100435.0 185470.0 281754.0 377419.0 464448.0 538681.0 598778.0 645135.0 679058.0 702223.0 716365.0 723113.0 723912.0 720000.0 712416.0
9 1.0 299.17744388502854 68.26225734563889 -0.7921997465077909 -0.39717392271212204 -0.12580455341238428 0.09784981137773176 -0.007478650615656422 0.04283289057476544 53385.0 148679.0 289322.0 453794.0 620032.0 772375.0 902371.0 1007066.0 1086959.0 1144380.0 1182419.0 1204298.0 1213038.0 1211309.0 1201393.0 1185187.0
10 1.0 226.43346369281355 7.86204968905713 -0.7921997465077909 -0.39717392271212204 -0.12580455341238428 0.09784981137773176 -0.007478650615656422 0.04283289057476544 26486.0 65538.0 118974.0 178914.0 238239.0 292198.0 338344.0 375903.0 405126.0 426800.0 441936.0 451578.0 456704.0 458184.0 456766.0 453075.0
11 1.0 314.1542359610623 -39.11406282980341 -0.7921997465077909 -0.39717392271212204 -0.12580455341238428 0.09784981137773176 -0.007478650615656422 0.04283289057476544 60210.0 167269.0 324320.0 506657.0 689481.0 855564.0 995910.0 1107674.0 1191783.0 1251100.0 1289237.0 1309873.0 1316405.0 1311805.0 1298584.0 1278815.0
12 1.0 98.47513253362888 -84.55765355892314 -0.7921997465077909 -0.39717392271212204 -0.12580455341238428 0.09784981137773176 -0.007478650615656422 0.04283289057476544 57298.0 159912.0 311203.0 487654.0 665329.0 827401.0 964936.0 1074966.0 1158227.0 1217378.0 1255856.0 1277192.0 1284670.0 1281173.0 1269148.0 1250620.0
13 1.0 287.29686020852296 37.8606292153584 -0.7921997465077909 -0.39717392271212204 -0.12580455341238428 0.09784981137773176 -0.007478650615656422 0.04283289057476544 65007.99999999999 179825.0 347421.0 541085.0 734359.0 909086.0 1055962.0 1172219.0 1259049.0 1319643.0 1357930.0 1377871.0 1383096.0 1376761.0 1361521.0 1339556.0
14 1.0 66.8289399501428 -88.58086136848073 -0.7921997465077909 -0.39717392271212204 -0.12580455341238428 0.09784981137773176 -0.007478650615656422 0.04283289057476544 57586.0 160596.0 312359.0 489251.0 667274.0 829586.0 967263.0 1077357.0 1160623.0 1219739.0 1258155.0 1279413.0 1286802.0 1283213.0 1271092.0 1252470.0
15 1.0 343.0049965099 -22.9177674322208 -0.7921997465077909 -0.39717392271212204 -0.12580455341238428 0.09784981137773176 -0.007478650615656422 0.04283289057476544 22536.0 64207.0 128041.99999999999 205672.0 287350.0 365380.0 434976.0 493856.0 541476.0 578344.0 605517.0 624270.0 635902.0 641634.0 642555.0 639613.0
16 1.0 247.4957794996135 5.496698621300723 -0.7921997465077909 -0.39717392271212204 -0.12580455341238428 0.09784981137773176 -0.007478650615656422 0.04283289057476544 55606.0 139083.0 253033.99999999997 379678.0 503336.0 613926.0 706594.0 780140.0 835516.0 874731.0 900173.0 914221.0 919055.0 916576.0 908393.0 895840.0
17 1.0 77.58276376088104 75.98006311809476 -0.7921997465077909 -0.39717392271212204 -0.12580455341238428 0.09784981137773176 -0.007478650615656422 0.04283289057476544 54336.0 149138.0 287447.0 447865.0 609000.0 755923.0 880733.0 980816.0 1056827.0 1111136.0 1146796.0 1166959.0 1174556.0 1172171.0 1161999.0 1145863.0
18 1.0 341.0534125760127 -73.89098189407798 -0.7921997465077909 -0.39717392271212204 -0.12580455341238428 0.09784981137773176 -0.007478650615656422 0.04283289057476544 66920.0 185349.0 358156.0 557590.0 756261.0 935460.0 1085686.0 1204204.0 1292350.0 1353494.0 1391743.0 1411212.0 1415657.0 1408335.0 1391975.0 1368816.0
19 1.0 263.1080904372568 -16.930382045708924 -0.7921997465077909 -0.39717392271212204 -0.12580455341238428 0.09784981137773176 -0.007478650615656422 0.04283289057476544 62058.0 161865.0 301820.0 459730.0 615155.0 754638.0 871556.0 964154.0 1033565.0000000001 1082351.0 1113591.0 1130357.0 1135463.0 1131358.0 1120105.0 1103411.0
20 1.0 91.4189913342093 -85.6236240521716 -0.7921997465077909 -0.39717392271212204 -0.12580455341238428 0.09784981137773176 -0.007478650615656422 0.04283289057476544 57809.0 161262.0 313694.0 491364.0 670152.0 833133.0 971342.0 1081824.0 1165344.0 1224602.0 1263069.0 1284308.0 1291626.0 1287929.0 1275676.0 1256905.0
21 1.0 76.79231185229351 -28.33002281851374 -0.7921997465077909 -0.39717392271212204 -0.12580455341238428 0.09784981137773176 -0.007478650615656422 0.04283289057476544 79534.0 205859.0 380673.0 575158.0 763789.0 930448.0 1067754.0 1174324.0 1252181.0 1304929.0 1336638.0 1351247.0 1352280.0 1342754.0 1325173.0 1301579.0
22 1.0 186.55225701503878 22.00159059116308 -0.7921997465077909 -0.39717392271212204 -0.12580455341238428 0.09784981137773176 -0.007478650615656422 0.04283289057476544 15810.000000000002 43421.0 84787.0 134519.0 186575.0 236236.0 280576.0 318200.0 348780.0 372638.0 390436.0 402973.0 411064.0 415469.0 416871.0 415858.0
23 1.0 9.238578499631366 -39.767769318852295 -0.7921997465077909 -0.39717392271212204 -0.12580455341238428 0.09784981137773176 -0.007478650615656422 0.04283289057476544 38340.0 102918.0 196510.0 305327.0 415489.0 517107.0 604725.0 676302.0 731975.0 773077.0 801464.0 819120.0 827940.0 829621.0 825633.0 817211.0
24 1.0 74.68922715879938 -52.245009061985684 -0.7921997465077909 -0.39717392271212204 -0.12580455341238428 0.09784981137773176 -0.007478650615656422 0.04283289057476544 76854.0 207054.0 392418.0 602324.0 808213.0 991435.0 1143093.0 1261166.0 1347622.0 1406319.0 1441717.0 1458167.0 1459583.0 1449316.0 1430154.0 1404364.0
25 1.0 152.88676875054225 -69.17341800112314 -0.7921997465077909 -0.39717392271212204 -0.12580455341238428 0.09784981137773176 -0.007478650615656422 0.04283289057476544 34296.0 98042.0 195119.0 312036.0 433597.0 548162.0 648785.0 732415.0 798622.0 848502.0 883900.0 906913.0 919611.0 923895.0 921432.0 913646.0
26 1.0 134.7011929203212 13.88524392366152 -0.7921997465077909 -0.39717392271212204 -0.12580455341238428 0.09784981137773176 -0.007478650615656422 0.04283289057476544 46580.0 129854.0 253309.0 398496.0 546169.0 682429.0 799583.0 894765.0 968186.0 1021733.0 1058021.0 1079824.0 1089774.0 1090216.0 1083166.0 1070314.0
27 1.0 166.88715277133184 35.14860106284348 -0.7921997465077909 -0.39717392271212204 -0.12580455341238428 0.09784981137773176 -0.007478650615656422 0.04283289057476544 38817.0 105534.0 203071.0 317108.0 433001.0 540214.0 632870.0 708710.0 767804.0 811506.0 841747.0 860610.0 870091.0 871989.0 867859.0 859019.0
28 1.0 99.94633426610349 30.95228530724802 -0.7921997465077909 -0.39717392271212204 -0.12580455341238428 0.09784981137773176 -0.007478650615656422 0.04283289057476544 73261.0 196323.0 371183.0 569251.0 763859.0 937520.0 1081797.0 1194666.0 1277849.0 1334870.0 1369848.0 1386830.0 1389474.0 1380926.0 1363814.0 1340284.0
29 1.0 211.24236472494076 80.79498372969132 -0.7921997465077909 -0.39717392271212204 -0.12580455341238428 0.09784981137773176 -0.007478650615656422 0.04283289057476544 69910.0 191709.0 367925.0 570000.0 770283.0 950162.0 1100367.0 1218396.0 1305777.0 1366018.0 1403317.0 1421845.0 1425394.0 1417236.0 1400107.0 1376250.0
0 1.0 310.9880181323633 -89.51342149916951 -0.7921997465077909 -0.39717392271212204 -0.12580455341238428 0.09784981137773176 -0.007478650615656422 0.04283289057476544 56844.0 158546.0 308448.0 483274.0 659340.0 819997.0 956398.0 1065595.0 1148301.0 1207141.0 1245501.0 1266872.0 1274499.0 1271234.0 1259496.0 1241294.0
1 1.0 42.31146814633191 26.49539770092649 -0.7921997465077909 -0.39717392271212204 -0.12580455341238428 0.09784981137773176 -0.007478650615656422 0.04283289057476544 9251.0 25074.0 48683.0 77092.0 106937.0 135565.0 161307.0 183346.0 201464.0 215814.0 226747.0 234698.0 240113.0 243417.0 244989.0 245159.0
2 1.0 186.2564785754811 18.070602677575124 -0.7921997465077909 -0.39717392271212204 -0.12580455341238428 0.09784981137773176 -0.007478650615656422 0.04283289057476544 11876.0 33075.0 65321.00000000001 104630.0 146319.0 186602.0 223030.0 254344.0 280150.0 300600.0 316152.0 327401.0 334975.0 339478.0 341459.0 341396.0
3 1.0 47.54451828425519 15.973129794651868 -0.7921997465077909 -0.39717392271212204 -0.12580455341238428 0.09784981137773176 -0.007478650615656422 0.04283289057476544 14749.0 37821.0 70550.0 108406.0 146902.0 182790.0 214204.0 240370.0 261237.0 277171.0 288740.0 296577.0 301305.0 303493.0 303639.0 302168.0
4 1.0 258.06948522933374 83.29865757124364 -0.7921997465077909 -0.39717392271212204 -0.12580455341238428 0.09784981137773176 -0.007478650615656422 0.04283289057476544 64208.0 176852.0 340788.0 529892.0 718436.0 888817.0 1032033.9999999999 1145430.0 1230176.0 1289379.0 1326862.0 1346475.0 1351748.0 1345748.0 1331058.0 1309801.0
5 1.0 142.58149301062573 -86.96309879339286 -0.7921997465077909 -0.39717392271212204 -0.12580455341238428 0.09784981137773176 -0.007478650615656422 0.04283289057476544 54253.0 151606.0 295503.0 463816.0 633838.0 789477.0 922082.0 1028670.0 1109807.0 1167925.0 1206228.0 1228039.0 1236466.0 1234252.0 1223732.0 1206846.0
6 1.0 203.55167226906323 35.36683752626102 -0.7921997465077909 -0.39717392271212204 -0.12580455341238428 0.09784981137773176 -0.007478650615656422 0.04283289057476544 39483.0 102079.0 190262.0 290847.0 391325.0 483115.0 561674.0 625457.0 674782.0 710961.0 735730.0 750903.0 758197.0 759142.0 755057.0 747049.0
7 1.0 65.9807410370683 56.462156946335426 -0.7921997465077909 -0.39717392271212204 -0.12580455341238428 0.09784981137773176 -0.007478650615656422 0.04283289057476544 39337.0 106850.0 205452.0 320631.0 437587.0 545693.0 639039.0 715369.0 774768.0 818616.0 848872.0 867640.0 876940.0 878588.0 874156.0 864974.0
8 1.0 52.1451933636158 1.7652953918851466 -0.7921997465077909 -0.39717392271212204 -0.12580455341238428 0.09784981137773176 -0.007478650615656422 0.04283289057476544 26897.0 66678.0 121192.0 182406.0 243044.0 298244.0 345491.0 383977.0 413939.0 436167.0 451678.0 461532.0 466724.0 468142.0 466553.0 462600.0
9 1.0 175.70026103362363 -29.886323472574354 -0.7921997465077909 -0.39717392271212204 -0.12580455341238428 0.09784981137773176 -0.007478650615656422 0.04283289057476544 851.0 3422.0 8783.0 17106.0 27817.0 39986.0 52678.0 65133.0 76829.0 87457.0 96872.0 105046.0 112026.0 117896.0 122762.0 126734.00000000001
10 1.0 128.020585625984 52.35122938093289 -0.7921997465077909 -0.39717392271212204 -0.12580455341238428 0.09784981137773176 -0.007478650615656422 0.04283289057476544 71380.0 195376.0 374413.0 579352.0 782126.0 963931.0 1115466.0 1234294.0 1322037.0 1382303.0 1419382.0 1437517.0 1440558.0 1431819.0 1414072.0 1389580.0
11 1.0 338.5555002910127 -72.49627338616357 -0.7921997465077909 -0.39717392271212204 -0.12580455341238428 0.09784981137773176 -0.007478650615656422 0.04283289057476544 67093.0 185778.0 358918.0 558699.0 757680.0 937131.0 1087546.0 1206194.0 1294419.0 1355601.0 1393856.0 1413308.0 1417718.0 1410349.0 1393933.0 1370714.0
12 1.0 275.5170913705075 -10.43358520861345 -0.7921997465077909 -0.39717392271212204 -0.12580455341238428 0.09784981137773176 -0.007478650615656422 0.04283289057476544 74612.0 199008.0 375079.0 573947.0 768906.0 942554.0 1086578.0 1199062.0 1281806.0 1338385.0 1372948.0 1389555.0 1391870.0 1383039.0 1365685.0 1341951.0
13 1.0 269.51890314619703 3.5914274227508827 -0.7921997465077909 -0.39717392271212204 -0.12580455341238428 0.09784981137773176 -0.007478650615656422 0.04283289057476544 78123.0 204898.0 382017.0 580281.0 773369.0 944459.0 1085724.0 1195573.0 1275985.0 1330605.0 1363594.0 1378986.0 1380402.0 1370941.0 1353183.0 1329225.0
14 1.0 325.33910630853603 34.91215396821855 -0.7921997465077909 -0.39717392271212204 -0.12580455341238428 0.09784981137773176 -0.007478650615656422 0.04283289057476544 16348.000000000002 49474.0 103082.0 171173.0 245440.0 318623.0 385748.0 444072.0 492545.0 531227.0 560818.0 582326.0 596861.0 605514.0 609289.0 609078.0
15 1.0 30.032076759126678 -73.6405682341663 -0.7921997465077909 -0.39717392271212204 -0.12580455341238428 0.09784981137773176 -0.007478650615656422 0.04283289057476544 69288.0 190838.0 367275.0 570043.0 771305.0 952245.0 1103444.0 1222319.0 1310368.0 1371100.0 1408734.0 1427466.0 1431111.0 1422966.0 1405788.0 1381834.0
16 1.0 198.78928917206636 -49.00328972318503 -0.7921997465077909 -0.39717392271212204 -0.12580455341238428 0.09784981137773176 -0.007478650615656422 0.04283289057476544 6999.0 21646.0 45994.0 77739.0 113277.0 149239.0 183158.0 213532.0 239642.0 261319.00000000003 278736.0 292254.0 302320.0 309404.0 313955.0 316386.0
17 1.0 210.4113848240768 -16.14571871577739 -0.7921997465077909 -0.39717392271212204 -0.12580455341238428 0.09784981137773176 -0.007478650615656422 0.04283289057476544 2998.0 8331.0 16446.0 26339.0 36816.0 46916.0 56031.0 63868.99999999999 70369.0 75606.0 79726.0 82904.0 85310.0 87099.0 88404.0 89333.0
18 1.0 346.2970962770024 22.193041143623518 -0.7921997465077909 -0.39717392271212204 -0.12580455341238428 0.09784981137773176 -0.007478650615656422 0.04283289057476544 1652.0 6211.0 15192.0 28563.0 45249.0 63772.99999999999 82739.0 101057.0 117987.0 133101.0 146208.0 157285.0 166417.0 173754.0 179475.0 183769.0
19 1.0 105.17310964531758 69.65294061913514 -0.7921997465077909 -0.39717392271212204 -0.12580455341238428 0.09784981137773176 -0.007478650615656422 0.04283289057476544 63930.0 174774.0 335212.0 519649.0 703158.0 868798.0 1007970.0 1118178.0 1200600.0 1258263.0 1294869.0 1314141.0 1319491.0 1313886.0 1299822.0 1279354.0
20 1.0 86.69836076956085 21.388710283447764 -0.7921997465077909 -0.39717392271212204 -0.12580455341238428 0.09784981137773176 -0.007478650615656422 0.04283289057476544 67539.0 176074.0 327771.0 498225.0 665222.0 814321.0 938570.0 1036288.0000000001 1108881.0 1159255.0 1190823.0 1206959.0 1210727.0 1204779.0 1191340.0 1172237.0
21 1.0 36.10581921557922 -65.9769352317118 -0.7921997465077909 -0.39717392271212204 -0.12580455341238428 0.09784981137773176 -0.007478650615656422 0.04283289057476544 70882.0 192808.0 368063.0 568132.0 765789.0 942886.0 1090488.0 1206284.0 1291872.0 1350759.0 1387105.0 1405025.0 1408247.0 1399990.0 1382940.0 1359297.0
22 1.0 5.9146666529307135 86.50442390171082 -0.7921997465077909 -0.39717392271212204 -0.12580455341238428 0.09784981137773176 -0.007478650615656422 0.04283289057476544 56121.0 154951.0 299618.0 467650.0 636489.0 790385.0 921024.0 1025671.9999999999 1105043.0 1161645.0 1198704.0 1219535.0 1227221.0 1224471.0 1213589.0 1196484.0
23 1.0 334.6305540451886 66.92143225598872 -0.7921997465077909 -0.39717392271212204 -0.12580455341238428 0.09784981137773176 -0.007478650615656422 0.04283289057476544 33344.0 94701.0 187762.0 299605.0 415789.0 525290.0 621540.0 701646.0 765196.0 813218.0 847444.0 869851.0 882394.0 886869.0 884858.0 877714.0
24 1.0 241.16995677272763 0.4897370061583217 -0.7921997465077909 -0.39717392271212204 -0.12580455341238428 0.09784981137773176 -0.007478650615656422 0.04283289057476544 41402.0 103126.0 187631.0 282129.0 375136.0 459080.0 530150.0 587237.0 630866.0 662406.0 683553.0 696034.0 701456.0 701234.0 696573.0 688480.0
25 1.0 282.6550483283296 76.02263672339393 -0.7921997465077909 -0.39717392271212204 -0.12580455341238428 0.09784981137773176 -0.007478650615656422 0.04283289057476544 61373.0 169587.0 327679.0 510707.0 693844.0 859930.0 1000065.9999999999 1111488.0 1195185.0 1254062.0 1291762.0 1311979.0 1318123.0 1313171.0 1299635.0 1279587.0
26 1.0 101.42283807142167 7.448542876284435 -0.7921997465077909 -0.39717392271212204 -0.12580455341238428 0.09784981137773176 -0.007478650615656422 0.04283289057476544 78753.0 211345.0 399438.0 611821.0 819623.0 1004123.0000000001 1156488.0 1274816.0 1361190.0 1419573.0 1454506.0 1470401.0 1471214.0 1460328.0 1440550.0 1414160.0
27 1.0 211.1076598270776 76.19509222004936 -0.7921997465077909 -0.39717392271212204 -0.12580455341238428 0.09784981137773176 -0.007478650615656422 0.04283289057476544 72863.0 199006.0 380740.0 588371.0 793448.0 977006.0 1129734.0 1249261.0 1337304.0 1397565.0 1434417.0 1452172.0 1454730.0 1445447.0 1427122.0 1402038.0
28 1.0 23.023895803553206 59.38152634860177 -0.7921997465077909 -0.39717392271212204 -0.12580455341238428 0.09784981137773176 -0.007478650615656422 0.04283289057476544 18127.0 52083.0 104672.0 169299.0 237984.0 304249.0 363942.0 414975.0 456739.0 489536.0 514163.99999999994 531634.0 543002.0 549273.0 551354.0 550042.0
29 1.0 174.82593453646425 84.29155385297352 -0.7921997465077909 -0.39717392271212204 -0.12580455341238428 0.09784981137773176 -0.007478650615656422 0.04283289057476544 66725.0 183309.0 352436.0 546931.0 740268.0 914448.0 1060389.0 1175523.0 1261188.0 1320668.0 1357946.0 1377008.0 1381488.0 1374537.0 1358800.0 1336443.0
0 1.0 351.89825030800085 75.5609059400685 -0.7921997465077909 -0.39717392271212204 -0.12580455341238428 0.09784981137773176 -0.007478650615656422 0.04283289057476544 40581.0 113530.0 222369.0 351271.0 483372.0 606249.0 712821.0 800250.0 868467.0 918946.0 953874.0 975638.0 986537.0 988651.0 983782.0 973457.0
1 1.0 315.54188831397266 -83.5139128628575 -0.7921997465077909 -0.39717392271212204 -0.12580455341238428 0.09784981137773176 -0.007478650615656422 0.04283289057476544 60370.0 167961.0 325954.0 509495.00000000006 693579.0 860818.0 1002122.0 1114617.0 1199234.0 1258862.0 1297148.0 1317806.0 1324265.0 1319523.0 1306111.0 1286120.0
2 1.0 121.73722266126443 -58.54103925103081 -0.7921997465077909 -0.39717392271212204 -0.12580455341238428 0.09784981137773176 -0.007478650615656422 0.04283289057476544 46918.0 132538.0 260729.0 412481.0 567545.0 711117.0 834892.0 935684.0 1013595.9999999999 1070542.0 1109235.0 1132579.0 1143346.0 1144012.0 1136711.0 1123235.0
3 1.0 346.16525563493946 -19.95575812178656 -0.7921997465077909 -0.39717392271212204 -0.12580455341238428 0.09784981137773176 -0.007478650615656422 0.04283289057476544 17617.0 50793.0 102319.0 165772.0 233311.0 298527.0 357288.0 407503.0 448545.0 480708.0 504780.0 521769.99999999994 532730.0 538665.0 540481.0 538970.0
4 1.0 83.41258552963363 81.38568551317573 -0.7921997465077909 -0.39717392271212204 -0.12580455341238428 0.09784981137773176 -0.007478650615656422 0.04283289057476544 57643.0 158506.0 305578.0 475863.0 646487.0 801605.0 932937.0 1037843.0000000001 1117147.0 1173454.0 1210070.0 1230369.0 1237479.0 1234141.0 1222677.0 1205010.0
5 1.0 341.75477606964535 -35.99479449433267 -0.7921997465077909 -0.39717392271212204 -0.12580455341238428 0.09784981137773176 -0.007478650615656422 0.04283289057476544 39119.0 108312.0 210824.0 331708.0 455240.0 569920.0 669237.0 750621.0 814059.0 860965.0 893398.0 913596.0 923708.0 925669.0 921159.0 911595.0
6 1.0 338.8959736943395 -61.11582410023181 -0.7921997465077909 -0.39717392271212204 -0.12580455341238428 0.09784981137773176 -0.007478650615656422 0.04283289057476544 65245.0 179721.0 346208.0 538072.0 729160.0 901637.0 1046437.0000000001 1160928.0 1246352.0 1305898.0 1343463.0 1362963.0 1367977.0 1361616.0 1346494.0 1324758.0
7 1.0 287.71293144686103 69.53483989558077 -0.7921997465077909 -0.39717392271212204 -0.12580455341238428 0.09784981137773176 -0.007478650615656422 0.04283289057476544 59777.0 165580.0 320566.0 500436.0 680819.0 844771.0 983418.0 1093932.0 1177196.0 1236007.0 1273910.0 1294521.0 1301188.0 1296840.0 1283955.0 1264580.0
8 1.0 226.9612572720448 -9.649005213023472 -0.7921997465077909 -0.39717392271212204 -0.12580455341238428 0.09784981137773176 -0.007478650615656422 0.04283289057476544 15681.0 39698.0 73373.0 111990.0 151010.0 187209.0 218770.0 244967.0 265787.0 281624.0 293070.0 300775.0 305376.0 307450.0 307501.0 305957.0
9 1.0 314.7436679849809 73.41760698377868 -0.7921997465077909 -0.39717392271212204 -0.12580455341238428 0.09784981137773176 -0.007478650615656422 0.04283289057476544 48371.0 134988.0 263367.0 414209.0 567442.0 708628.0 829824.0 928112.0 1003767.0000000001 1058787.0 1095910.0 1118033.0 1127893.0 1127929.0 1120231.0 1106550.0
10 1.0 105.48730242280682 -61.15851606237421 -0.7921997465077909 -0.39717392271212204 -0.12580455341238428 0.09784981137773176 -0.007478650615656422 0.04283289057476544 59322.0 165470.0 321782.0 503816.99999999994 686799.0 853392.0 994459.0 1107035.0 1191961.0 1252046.0 1290875.0 1312114.0 1319162.0 1314993.0 1302125.0 1282641.0
11 1.0 305.61967991265055 29.00115207145791 -0.7921997465077909 -0.39717392271212204 -0.12580455341238428 0.09784981137773176 -0.007478650615656422 0.04283289057476544 41064.0 116948.0 231719.0 368893.0 510363.0 642556.0 757613.0 852290.0 926384.0 981409.0 1019675.0000000001 1043732.0000000001 1056047.0 1058854.0 1054096.0 1043417.0
12 1.0 222.43560909030856 -10.75252449069147 -0.7921997465077909 -0.39717392271212204 -0.12580455341238428 0.09784981137773176 -0.007478650615656422 0.04283289057476544 11073.0 28329.0 52694.0 80783.0 109320.0 135979.0 159437.0 179148.0 195071.0 207459.0 216706.0 223257.0 227548.0 229983.0 230915.0 230649.0
13 1.0 4.765268793203816 -76.23238157454863 -0.7921997465077909 -0.39717392271212204 -0.12580455341238428 0.09784981137773176 -0.007478650615656422 0.04283289057476544 67581.0 186929.0 360850.0 561355.0 760901.0 940730.0 1091350.0 1210062.0 1298248.0 1359318.0 1397417.0 1416685.0 1420899.0 1413329.0 1396717.0 1373308.0
14 1.0 125.00406645559904 35.363366037450106 -0.7921997465077909 -0.39717392271212204 -0.12580455341238428 0.09784981137773176 -0.007478650615656422 0.04283289057476544 68760.0 188593.0 362066.0 561140.0 758613.0 936137.0 1084537.0 1201304.0 1287899.0 1347747.0 1384965.0 1403649.0 1407526.0 1399819.0 1383225.0 1359954.0
15 1.0 53.330709941339414 -45.46822400295233 -0.7921997465077909 -0.39717392271212204 -0.12580455341238428 0.09784981137773176 -0.007478650615656422 0.04283289057476544 69437.0 181085.0 337091.0 512277.0 683758.0 836693.0 963969.0 1063905.0 1137991.0 1189244.0 1221197.0 1237331.0 1240803.0 1234341.0 1220230.0 1200346.0
16 1.0 353.45858033457114 -82.86920593568681 -0.7921997465077909 -0.39717392271212204 -0.12580455341238428 0.09784981137773176 -0.007478650615656422 0.04283289057476544 63303.0 175921.0 340921.0 532095.0 723277.0 896411.0 1042180.0000000001 1157755.0 1244247.0 1304770.0 1343189.0 1363409.0 1369016.0 1363133.0 1348387.0 1326942.0
17 1.0 172.2133105343957 -79.21002631507682 -0.7921997465077909 -0.39717392271212204 -0.12580455341238428 0.09784981137773176 -0.007478650615656422 0.04283289057476544 42801.0 120633.0 237214.0 375471.0 517107.0 648649.0 762449.0 855492.0 927771.0 980946.0 1017436.0 1039852.9999999999 1050703.0 1052237.0 1046400.9999999999 1034829.9999999999
18 1.0 179.06089157951857 -79.00586332797828 -0.7921997465077909 -0.39717392271212204 -0.12580455341238428 0.09784981137773176 -0.007478650615656422 0.04283289057476544 41867.0 118036.0 232210.0 367737.0 506722.0 635949.0 747888.0 839539.0 910853.0 963429.0 999613.0 1021956.0000000001 1032907.9999999999 1034675.0 1029166.0 1017991.0000000001
19 1.0 230.2101059035405 73.39193234730709 -0.7921997465077909 -0.39717392271212204 -0.12580455341238428 0.09784981137773176 -0.007478650615656422 0.04283289057476544 73696.0 200995.0 384136.0 593122.0 799312.0 983673.0 1136905.0 1256684.0 1344784.0 1404959.0 1441626.0 1459131.0 1461400.0 1451808.0 1433166.0 1407768.0
20 1.0 132.6904582066623 43.17910520923817 -0.7921997465077909 -0.39717392271212204 -0.12580455341238428 0.09784981137773176 -0.007478650615656422 0.04283289057476544 67807.0 185740.0 356378.0 552214.0 746565.0 921409.0 1067712.0 1182972.0 1268589.0 1327900.0 1364930.0 1383693.0 1387847.0 1380559.0 1364483.0 1341795.0
21 1.0 49.284097806815616 71.6512242984723 -0.7921997465077909 -0.39717392271212204 -0.12580455341238428 0.09784981137773176 -0.007478650615656422 0.04283289057476544 40934.0 113104.0 219732.0 345130.0 472951.0 591335.0 693640.0 777307.0 842402.0 890434.0 923561.0 944103.0 954282.0 956092.0 951259.0 941238.0
22 1.0 295.9623839499284 31.064816033373845 -0.7921997465077909 -0.39717392271212204 -0.12580455341238428 0.09784981137773176 -0.007478650615656422 0.04283289057476544 55146.0 154335.0 301146.0 473022.0 646724.0 805741.0 941178.0 1049962.0 1132669.0 1191801.0 1230649.0 1252630.0 1260935.0 1258381.0 1247362.0 1229866.0
23 1.0 68.34524828499286 5.2091872255589635 -0.7921997465077909 -0.39717392271212204 -0.12580455341238428 0.09784981137773176 -0.007478650615656422 0.04283289057476544 50460.0 126389.0 230332.0 346225.0 459778.0 561717.0 647499.0 715922.0 767769.0 804811.0 829184.0 843037.0 848347.0 846850.0 840017.0 829075.0
24 1.0 184.07483371672416 -35.19965441747191 -0.7921997465077909 -0.39717392271212204 -0.12580455341238428 0.09784981137773176 -0.007478650615656422 0.04283289057476544 1247.0 4563.0 11004.0 20530.0 32368.0 45456.0 58796.0 71619.0 83419.0 93924.0 103032.0 110759.0 117192.0 122453.0 126676.00000000001 129997.0
25 1.0 80.75413043090613 89.63320523916121 -0.7921997465077909 -0.39717392271212204 -0.12580455341238428 0.09784981137773176 -0.007478650615656422 0.04283289057476544 60625.0 167026.0 322173.0 501618.0 681114.0 843934.0 981406.0 1090836.0 1173180.0 1231261.0 1268620.0 1288853.0 1295283.0 1290810.0 1277890.0 1258547.0
26 1.0 35.22401441785226 -24.805969390909922 -0.7921997465077909 -0.39717392271212204 -0.12580455341238428 0.09784981137773176 -0.007478650615656422 0.04283289057476544 30592.0 78139.0 144860.0 221025.0 297370.0 367461.0 427811.0 477154.0 515634.00000000006 544167.0 564012.0 576511.0 582947.0 584475.0 582095.0 576652.0
27 1.0 310.388946271806 -5.28318914149628 -0.7921997465077909 -0.39717392271212204 -0.12580455341238428 0.09784981137773176 -0.007478650615656422 0.04283289057476544 44353.0 125400.00000000001 246978.0 391214.0 538936.0 676046.0 794569.0 891388.0 966523.0 1021732.0000000001 1059550.0 1082710.0 1093827.0 1095247.0 1088995.0 1076777.0
28 1.0 350.2510160483269 -21.915868513776886 -0.7921997465077909 -0.39717392271212204 -0.12580455341238428 0.09784981137773176 -0.007478650615656422 0.04283289057476544 17584.0 50338.0 100933.0 163020.0 228953.0 292525.0 349746.0 398601.0 438494.0 469713.0 493031.0 509430.99999999994 519943.00000000006 525548.0 527136.0 525481.0
29 1.0 345.90047690268005 86.31484728038254 -0.7921997465077909 -0.39717392271212204 -0.12580455341238428 0.09784981137773176 -0.007478650615656422 0.04283289057476544 56314.0 155550.0 300842.0 469617.0 639203.0 793774.0 924972.0 1030053.0000000001 1109736.0 1166541.0 1203712.0 1224580.0 1232244.0 1229429.0 1218447.0 1201219.0
