idx D_km lam beta x1 y1 z1 x2 y2 z2 flux5 flux6 flux7 flux8 flux9 flux10 flux11 flux12 flux13 flux14 flux15 flux16 flux17 flux18 flux19 flux20
0 1.0 197.5728614138369 73.17998985981222 -0.8114403152222077 0.33761168739152214 -0.13842472487545376 0.14138730477234193 0.06659471651619406 -0.2566307381265307 5061.0 14724.0 29604.0 47625.0 66394.0 84064.0 99533.0 112324.0 122376.0 129873.99999999999 135116.0 138439.0 140173.0 140619.0 140039.0 138656.0
1 1.0 257.468171894071 49.328519885754986 -0.8114403152222077 0.33761168739152214 -0.13842472487545376 0.14138730477234193 0.06659471651619406 -0.2566307381265307 11416.0 30328.0 56828.0 86403.0 115009.0 140110.0 160579.0 176242.0 187462.0 194836.0 199022.0 200647.0 200264.0 198340.0 195259.0 191330.0
2 1.0 216.99481538579178 -30.033872634844457 -0.8114403152222077 0.33761168739152214 -0.13842472487545376 0.14138730477234193 0.06659471651619406 -0.2566307381265307 11058.0 27906.0 50727.0 75717.0 99656.0 120585.0 137662.0 150784.0 160258.0 166569.0 170248.0 171801.0 171676.0 170252.0 167843.0 164705.0
3 1.0 196.15794587888288 -75.40174980216058 -0.8114403152222077 0.33761168739152214 -0.13842472487545376 0.14138730477234193 0.06659471651619406 -0.2566307381265307 14175.0 36324.0 66329.0 98921.0 129725.0 156187.0 177311.0 193094.0 204058.0 210927.0 214456.0 215342.0 214184.0 211482.0 207639.0 202979.0
4 1.0 152.5157277620057 -16.69658914551468 -0.8114403152222077 0.33761168739152214 -0.13842472487545376 0.14138730477234193 0.06659471651619406 -0.2566307381265307 14413.0 30194.0 48291.0 65730.0 80759.0 92700.0 101544.0 107616.0 111364.0 113244.0 113669.0 112989.0 111489.0 109396.0 106888.0 104103.0
5 1.0 232.5218807039962 -48.19785440923031 -0.8114403152222077 0.33761168739152214 -0.13842472487545376 0.14138730477234193 0.06659471651619406 -0.2566307381265307 11928.0 31204.0 57892.0 87433.0 115841.0 140659.0 160824.0 176203.0 187176.0 194348.0 198376.0 199883.0 199414.0 197433.0 194315.0 190367.0
6 1.0 157.5313960545693 -66.15222574356306 -0.8114403152222077 0.33761168739152214 -0.13842472487545376 0.14138730477234193 0.06659471651619406 -0.2566307381265307 19355.0 46206.0 80504.0 116179.0 148752.0 175902.0 196941.0 212143.0 222232.0 228079.0 230532.0 230345.0 228152.0 224471.0 219716.0 214211.0
7 1.0 321.03828028154874 -80.38310727837145 -0.8114403152222077 0.33761168739152214 -0.13842472487545376 0.14138730477234193 0.06659471651619406 -0.2566307381265307 7027.0 19586.0 38154.0 59900.0 81904.0 102082.0 119304.0 133172.0 143749.0 151342.0 156363.0 159239.0 160373.0 160119.0 158781.0 156611.0
8 1.0 346.91859378037054 40.60698555790418 -0.8114403152222077 0.33761168739152214 -0.13842472487545376 0.14138730477234193 0.06659471651619406 -0.2566307381265307 18998.0 41445.0 68321.0 95188.0 119126.0 138778.0 153865.0 164699.0 171854.0 175972.0 177659.0 177453.0 175802.0 173072.0 169558.0 165491.0
9 1.0 138.03894677727996 -87.94305744749441 -0.8114403152222077 0.33761168739152214 -0.13842472487545376 0.14138730477234193 0.06659471651619406 -0.2566307381265307 10543.0 28286.0 53412.0 81709.0 109306.0 133713.0 153776.0 169267.0 180490.0 187990.0 192384.0 194268.0 194173.0 192549.0 189770.0 186137.0
10 1.0 285.02101370975925 48.70453473049972 -0.8114403152222077 0.33761168739152214 -0.13842472487545376 0.14138730477234193 0.06659471651619406 -0.2566307381265307 19071.0 45917.0 80410.0 116412.0 149355.0 176847.0 198168.0 213580.0 223813.0 229747.0 232242.0 232061.0 229850.0 226132.0 221328.0 215766.0
11 1.0 190.40217111104562 -63.549603827932486 -0.8114403152222077 0.33761168739152214 -0.13842472487545376 0.14138730477234193 0.06659471651619406 -0.2566307381265307 17263.0 41974.0 74073.0 107916.0 139183.0 165539.0 186206.0 201353.0 211611.0 217774.0 220634.0 220904.0 219191.0 215993.0 211712.0 206664.0
12 1.0 204.49604199381562 -75.68602513438397 -0.8114403152222077 0.33761168739152214 -0.13842472487545376 0.14138730477234193 0.06659471651619406 -0.2566307381265307 13507.0 34912.0 64138.0 96077.0 126420.0 152610.0 173614.0 189392.0 200427.0 207419.0 211100.0 212154.0 211169.0 208639.0 204963.0 200462.0
13 1.0 333.214789785358 -73.87145383705104 -0.8114403152222077 0.33761168739152214 -0.13842472487545376 0.14138730477234193 0.06659471651619406 -0.2566307381265307 5239.0 14936.0 29647.0 47290.0 65547.0 82661.0 97598.0 109921.0 119588.0 126783.0 131801.0 134967.0 136600.0 136990.0 136391.0 135016.0
14 1.0 25.5729809512393 30.968605323704594 -0.8114403152222077 0.33761168739152214 -0.13842472487545376 0.14138730477234193 0.06659471651619406 -0.2566307381265307 10330.0 25561.0 45993.0 68287.0 89642.0 108355.0 123685.0 135533.0 144157.0 149975.0 153450.0 155021.0 155083.0 153970.0 151960.0 149280.0
15 1.0 31.366547892554657 -45.83390222648794 -0.8114403152222077 0.33761168739152214 -0.13842472487545376 0.14138730477234193 0.06659471651619406 -0.2566307381265307 2659.0 8130.0 17017.0 28300.0 40566.0 52594.0 63554.0 72999.0 80770.0 86891.0 91493.0 94755.0 96871.0 98026.0 98392.0 98120.0
16 1.0 7.278623078517259 -14.302895997582283 -0.8114403152222077 0.33761168739152214 -0.13842472487545376 0.14138730477234193 0.06659471651619406 -0.2566307381265307 2121.0 5821.0 11355.0 17996.0 24934.0 31542.0 37432.0 42422.0 46472.0 49626.0 51972.0 53616.0 54666.0 55223.0 55378.0 55208.0
17 1.0 299.74314439725765 10.326382438305046 -0.8114403152222077 0.33761168739152214 -0.13842472487545376 0.14138730477234193 0.06659471651619406 -0.2566307381265307 15845.000000000002 35520.0 59705.0 84398.0 106803.0 125514.99999999999 140139.0 150870.0 158178.0 162622.0 164750.0 165053.0 163949.0 161781.0 158829.0 155312.0
18 1.0 280.13643034194615 64.89921128918289 -0.8114403152222077 0.33761168739152214 -0.13842472487545376 0.14138730477234193 0.06659471651619406 -0.2566307381265307 14882.0 37897.0 68871.0 102322.0 133775.0 160660.0 182008.0 197861.0 208782.0 215532.0 218895.0 219585.0 218217.0 215301.0 211246.0 206380.0
19 1.0 313.2043733688549 40.8679672880391 -0.8114403152222077 0.33761168739152214 -0.13842472487545376 0.14138730477234193 0.06659471651619406 -0.2566307381265307 23170.0 50711.0 83593.0 116267.0 145133.0 168578.0 186329.0 198839.0 206862.0 211220.0 212679.0 211903.0 209443.0 205744.0 201158.0 195961.0
20 1.0 352.30260320379506 -41.34097705703137 -0.8114403152222077 0.33761168739152214 -0.13842472487545376 0.14138730477234193 0.06659471651619406 -0.2566307381265307 1526.0 4541.0 9385.0 15529.0 22246.0 28900.0 35050.0 40449.0 44993.0 48679.0 51558.0 53712.0 55235.0 56217.0 56747.0 56902.0
21 1.0 287.6970831180205 -66.33309612759703 -0.8114403152222077 0.33761168739152214 -0.13842472487545376 0.14138730477234193 0.06659471651619406 -0.2566307381265307 6672.0 18468.0 35837.0 56149.0 76704.0 95580.0 111727.0 124771.0 134762.0 141978.0 146793.0 149600.0 150772.0 150635.0 149474.0 147522.0
22 1.0 166.13257041105547 -80.03262232418437 -0.8114403152222077 0.33761168739152214 -0.13842472487545376 0.14138730477234193 0.06659471651619406 -0.2566307381265307 13760.0 35503.0 65129.99999999999 97448.0 128096.99999999999 154505.0 175646.0 191492.0 202543.0 209513.0 213147.0 214136.0 213076.0 210464.0 206706.0 202122.0
23 1.0 280.99050346312396 -35.712245793430355 -0.8114403152222077 0.33761168739152214 -0.13842472487545376 0.14138730477234193 0.06659471651619406 -0.2566307381265307 7688.0 20511.0 38778.0 59595.0 80220.0 98813.0 114448.0 126862.0 136188.0 142757.0 146977.0 149255.0 149969.0 149446.0 147963.0 145749.0
24 1.0 42.57879331281596 -42.818733136857915 -0.8114403152222077 0.33761168739152214 -0.13842472487545376 0.14138730477234193 0.06659471651619406 -0.2566307381265307 3674.0 10941.0 22421.0 36647.0 51786.0 66341.0 79361.0 90377.0 99266.0 106116.0 111123.0 114532.0 116591.0 117535.0 117574.0 116889.0
25 1.0 230.3715676779086 -7.894697975913658 -0.8114403152222077 0.33761168739152214 -0.13842472487545376 0.14138730477234193 0.06659471651619406 -0.2566307381265307 8237.0 21987.0 41542.0 63767.00000000001 85713.0 105422.0 121919.0 134946.0 144663.0 151441.0 155724.0 157957.0 158543.0 157835.0 156128.0 153665.0
26 1.0 51.607183467256704 32.990640398582485 -0.8114403152222077 0.33761168739152214 -0.13842472487545376 0.14138730477234193 0.06659471651619406 -0.2566307381265307 9331.0 25126.0 47642.0 73194.0 98323.0 120756.0 139392.0 153966.0 164699.0 172048.0 176545.0 178717.0 179037.0 177912.0 175683.0 172628.0
27 1.0 340.0808101378502 35.21258021499429 -0.8114403152222077 0.33761168739152214 -0.13842472487545376 0.14138730477234193 0.06659471651619406 -0.2566307381265307 19181.0 40937.0 66447.0 91534.0 113585.0 131470.0 145036.0 154644.0 160869.0 164327.0 165590.0 165153.0 163428.0 160749.0 157380.0 153529.0
28 1.0 187.8653958300258 -38.96660761521 -0.8114403152222077 0.33761168739152214 -0.13842472487545376 0.14138730477234193 0.06659471651619406 -0.2566307381265307 16107.0 36531.0 61863.0 87879.0 111578.0 131429.0 146981.0 158421.0 166235.0 171011.0 173326.0 173702.0 172579.0 170324.0 167231.0 163536.0
29 1.0 149.2782983965885 -21.61314793797831 -0.8114403152222077 0.33761168739152214 -0.13842472487545376 0.14138730477234193 0.06659471651619406 -0.2566307381265307 16879.0 35320.0 56469.0 76878.0 94515.0 108593.0 119094.0 126386.0 130976.00000000001 133383.0 134078.0 133459.0 131857.0 129533.00000000001 126695.0 123503.0
0 1.0 95.24002035766571 -57.39282688735745 -0.8114403152222077 0.33761168739152214 -0.13842472487545376 0.14138730477234193 0.06659471651619406 -0.2566307381265307 15067.0 38264.0 69415.0 103005.0 134550.0 161484.0 182850.0 198698.0 209598.0 216320.0 219648.0 220301.0 218896.0 215943.0 211853.0 206953.0
1 1.0 278.724128196318 51.93819221517336 -0.8114403152222077 0.33761168739152214 -0.13842472487545376 0.14138730477234193 0.06659471651619406 -0.2566307381265307 17078.0 42282.0 75396.0 110517.0 143056.0 170505.0 192015.0 207749.0 218370.0 224712.0 227608.0 227810.0 225953.0 222561.0 218053.0 212758.0
2 1.0 164.21411959795748 -79.76734624201674 -0.8114403152222077 0.33761168739152214 -0.13842472487545376 0.14138730477234193 0.06659471651619406 -0.2566307381265307 13892.0 35786.0 65573.0 98025.0 128770.0 155235.0 176401.0 192249.0 203286.0 210230.0 213833.0 214787.0 213691.0 211045.0 207252.0 202635.0
3 1.0 204.63622159271347 35.459503510497726 -0.8114403152222077 0.33761168739152214 -0.13842472487545376 0.14138730477234193 0.06659471651619406 -0.2566307381265307 2203.0 6555.0 13514.0 22281.0 31788.999999999996 41119.0 49651.0 57049.0 63188.99999999999 68085.0 71829.0 74551.0 76395.0 77496.0 77984.0 77969.0
4 1.0 6.764328157087851 50.1651712693986 -0.8114403152222077 0.33761168739152214 -0.13842472487545376 0.14138730477234193 0.06659471651619406 -0.2566307381265307 16693.0 39067.0 67480.0 97103.0 124354.0 147326.0 165402.0 178736.0 187863.0 193454.0 196177.0 196638.0 195353.0 192751.0 189177.0 184906.0
5 1.0 222.34877894731574 49.93336113277556 -0.8114403152222077 0.33761168739152214 -0.13842472487545376 0.14138730477234193 0.06659471651619406 -0.2566307381265307 4301.0 12579.0 25447.0 41189.0 57760.0 73536.0 87513.0 99224.0 108571.0 115677.0 120779.0 124156.0 126088.0 126836.0 126629.99999999999 125668.0
6 1.0 220.3544601800717 -43.303938417836115 -0.8114403152222077 0.33761168739152214 -0.13842472487545376 0.14138730477234193 0.06659471651619406 -0.2566307381265307 12828.0 32526.0 59152.0 88154.0 115728.0 139613.0 158884.0 173486.0 183830.0 190521.0 194204.0 195480.0 194875.0 192833.0 189714.0 185809.0
7 1.0 222.0962388749125 -22.713635172138936 -0.8114403152222077 0.33761168739152214 -0.13842472487545376 0.14138730477234193 0.06659471651619406 -0.2566307381265307 9743.0 25160.0 46464.0 70151.0 93127.0 113438.0 130189.0 143212.0 152749.0 159236.0 163165.0 165013.0 165206.0 164111.0 162030.0 159211.0
8 1.0 339.7493082652647 15.76793433535002 -0.8114403152222077 0.33761168739152214 -0.13842472487545376 0.14138730477234193 0.06659471651619406 -0.2566307381265307 12697.0 26768.0 43010.0 58756.0 72400.0 83300.0 91420.0 97033.0 100532.0 102322.0 102774.0 102206.0 100879.0 99000.0 96734.0 94208.0
9 1.0 245.45530767725404 -40.892057563595934 -0.8114403152222077 0.33761168739152214 -0.13842472487545376 0.14138730477234193 0.06659471651619406 -0.2566307381265307 10573.0 28244.0 53193.0 81245.0 108577.0 132743.0 152608.0 167952.0 179076.0 186517.0 190887.0 192771.0 192695.0 191104.0 188367.0 184782.0
10 1.0 129.42284420656296 -23.246496140780025 -0.8114403152222077 0.33761168739152214 -0.13842472487545376 0.14138730477234193 0.06659471651619406 -0.2566307381265307 18923.0 40948.0 67127.0 93154.0 116245.0 135137.0 149595.0 159946.0 166754.0 170645.0 172207.0 171956.0 170324.0 167662.0 164251.0 160312.0
11 1.0 157.33150336776293 -54.530229566584865 -0.8114403152222077 0.33761168739152214 -0.13842472487545376 0.14138730477234193 0.06659471651619406 -0.2566307381265307 21959.0 49550.0 83317.0 117451.0 147994.0 173058.0 192219.0 205866.0 214752.0 219721.0 221578.0 221024.0 218647.0 214923.0 210231.0 204868.0
12 1.0 251.14723053381536 -7.225940923918671 -0.8114403152222077 0.33761168739152214 -0.13842472487545376 0.14138730477234193 0.06659471651619406 -0.2566307381265307 10153.0 27249.0 51498.0 78873.0 105645.0 129400.99999999999 149002.0 164208.0 175291.0 182764.0 187216.0 189218.0 189279.0 187837.0 185255.0 181825.0
13 1.0 21.68116978653714 -81.96978577425946 -0.8114403152222077 0.33761168739152214 -0.13842472487545376 0.14138730477234193 0.06659471651619406 -0.2566307381265307 7626.0 21180.0 41110.0 64321.0 87669.0 108947.0 126984.99999999999 141397.0 152284.0 159999.0 164995.0 167740.0 168666.0 168153.0 166524.0 164044.0
14 1.0 240.03601756044037 53.96325922271123 -0.8114403152222077 0.33761168739152214 -0.13842472487545376 0.14138730477234193 0.06659471651619406 -0.2566307381265307 7349.0 20518.0 39980.0 62736.0 85708.0 106711.0 124571.0 138889.0 149747.0 157481.0 162531.0 165351.0 166367.0 165952.0 164424.0 162047.0
15 1.0 241.4296330625374 -76.1478395424061 -0.8114403152222077 0.33761168739152214 -0.13842472487545376 0.14138730477234193 0.06659471651619406 -0.2566307381265307 10652.0 28501.0 53722.0 82083.0 109708.0 134118.0 154165.0 169631.0 180823.0 188291.0 192655.0 194510.0 194389.0 192741.0 189940.0 186289.0
16 1.0 75.73772198658273 3.3903267896746883 -0.8114403152222077 0.33761168739152214 -0.13842472487545376 0.14138730477234193 0.06659471651619406 -0.2566307381265307 9070.0 24889.0 47769.0 73985.0 99935.0 123205.0 142598.0 157801.0 169021.0 176720.0 181449.0 183753.0 184125.0 182991.0 180705.0 177558.0
17 1.0 46.41346715574719 -34.7741820818647 -0.8114403152222077 0.33761168739152214 -0.13842472487545376 0.14138730477234193 0.06659471651619406 -0.2566307381265307 4070.0 11941.0 24207.0 39239.0 55088.0 70200.0 83613.0 94875.0 103887.0 110765.0 115729.0 119044.0 120975.0 121769.0 121644.0 120790.0
18 1.0 113.55420633270619 13.957730789647584 -0.8114403152222077 0.33761168739152214 -0.13842472487545376 0.14138730477234193 0.06659471651619406 -0.2566307381265307 7834.000000000001 19875.0 36438.0 54904.0 72940.0 89042.0 102488.0 113105.0 121041.0 126600.99999999999 130146.00000000001 132031.0 132581.0 132076.0 130754.00000000001 128811.00000000001
19 1.0 130.93587753934415 82.69800135001651 -0.8114403152222077 0.33761168739152214 -0.13842472487545376 0.14138730477234193 0.06659471651619406 -0.2566307381265307 7096.0 19973.0 39122.0 61611.0 84389.0 105271.0 123075.0 137383.0 148265.0 156045.0 161154.0 164042.0 165129.0 164785.0 163327.0 161016.0
20 1.0 205.27083735043666 26.20264400208069 -0.8114403152222077 0.33761168739152214 -0.13842472487545376 0.14138730477234193 0.06659471651619406 -0.2566307381265307 2490.0 7169.0 14430.0 23373.0 32900.0 42113.0 50429.0 57551.0 63385.0 67969.0 71410.0 73848.0 75430.0 76296.0 76576.0 76380.0
21 1.0 157.89654484643532 -83.63476156401164 -0.8114403152222077 0.33761168739152214 -0.13842472487545376 0.14138730477234193 0.06659471651619406 -0.2566307381265307 12308.0 32335.999999999996 60094.0 90792.0 120250.0 145908.0 166675.0 182434.0 193602.0 200824.0 204794.0 206166.0 205511.0 203309.0 199953.0 195757.0
22 1.0 355.8145817013214 -12.527560888548976 -0.8114403152222077 0.33761168739152214 -0.13842472487545376 0.14138730477234193 0.06659471651619406 -0.2566307381265307 2482.0 6369.0 11869.0 18206.0 24625.0 30590.0 35798.0 40130.0 43582.0 46217.0 48127.0 49417.0 50188.0 50532.0 50532.0 50256.0
23 1.0 36.736131869290105 1.803033417285036 -0.8114403152222077 0.33761168739152214 -0.13842472487545376 0.14138730477234193 0.06659471651619406 -0.2566307381265307 5108.0 13991.0 27041.0 42337.0 57898.0 72294.0 84724.0 94881.0 102775.0 108590.0 112590.0 115057.0 116262.0 116450.0 115830.0 114581.0
24 1.0 75.19563219414049 6.511949046621353 -0.8114403152222077 0.33761168739152214 -0.13842472487545376 0.14138730477234193 0.06659471651619406 -0.2566307381265307 8949.0 24597.0 47267.0 73279.0 99060.0 122207.0 141522.0 156684.0 167893.0 175604.0 180360.0 182700.0 183116.0 182028.0 179789.0 176690.0
25 1.0 58.07142643859865 32.65065190869082 -0.8114403152222077 0.33761168739152214 -0.13842472487545376 0.14138730477234193 0.06659471651619406 -0.2566307381265307 9104.0 24816.0 47429.0 73256.0 98771.0 121625.0 140660.0 155580.0 166595.0 174158.0 178811.0 181086.0 181467.0 180369.0 178139.0 175063.0
26 1.0 235.11899716754343 -40.032702408282105 -0.8114403152222077 0.33761168739152214 -0.13842472487545376 0.14138730477234193 0.06659471651619406 -0.2566307381265307 11284.0 29700.0 55364.0 83933.0 111549.0 135799.0 155607.0 170805.0 181736.0 188965.0 193121.0 194801.0 194534.0 192769.0 189874.0 186149.0
27 1.0 91.18497691432157 -66.80509821606236 -0.8114403152222077 0.33761168739152214 -0.13842472487545376 0.14138730477234193 0.06659471651619406 -0.2566307381265307 12961.0 33815.0 62507.99999999999 94045.0 124142.0 150222.0 171218.0 187055.0 198191.0 205306.0 209121.0 210308.0 209454.0 207048.0 203489.0 199096.0
28 1.0 167.87187822827028 -19.31837822152302 -0.8114403152222077 0.33761168739152214 -0.13842472487545376 0.14138730477234193 0.06659471651619406 -0.2566307381265307 12945.0 27484.0 44434.0 61033.0 75582.0 87368.0 96313.0 102667.0 106813.0 109155.0 110066.0 109869.0 108831.0 107169.0 105054.0 102621.0
29 1.0 87.99321312057698 82.1530301032708 -0.8114403152222077 0.33761168739152214 -0.13842472487545376 0.14138730477234193 0.06659471651619406 -0.2566307381265307 8263.0 22911.0 44340.0 69138.0 93912.0 116322.0 135165.0 150081.0 161220.0 168989.0 173894.0 176443.0 177104.0 176280.0 174315.0 171488.0
0 1.0 57.2290501123871 -56.31643948484795 -0.8114403152222077 0.33761168739152214 -0.13842472487545376 0.14138730477234193 0.06659471651619406 -0.2566307381265307 6666.0 18886.0 37193.0 58832.0 80879.0 101205.0 118632.0 132723.0 143516.0 151305.0 156494.0 159510.0 160756.0 160591.0 159320.0 157200.0
1 1.0 39.73505081914985 72.71711188708267 -0.8114403152222077 0.33761168739152214 -0.13842472487545376 0.14138730477234193 0.06659471651619406 -0.2566307381265307 11523.0 30598.0 57294.0 87051.0 115799.0 140996.0 161517.0 177200.0 188414.0 195765.0 199918.0 201503.0 201077.0 199108.0 195983.0 192012.0
2 1.0 236.27865220749842 7.885071013918747 -0.8114403152222077 0.33761168739152214 -0.13842472487545376 0.14138730477234193 0.06659471651619406 -0.2566307381265307 7605.0 20687.0 39602.0 61380.0 83115.0 102819.0 119463.0 132733.0 142745.0 149837.0 154430.0 156957.0 157813.0 157347.0 155853.0 153576.0
3 1.0 49.74586248550097 -7.755944103762147 -0.8114403152222077 0.33761168739152214 -0.13842472487545376 0.14138730477234193 0.06659471651619406 -0.2566307381265307 5581.0 15678.999999999998 30759.0 48598.0 66833.0 83734.0 98326.0 110232.0 119458.0 126225.0 130847.99999999999 133666.0 135002.0 135146.0 134348.0 132819.0
4 1.0 70.76965020481926 68.76745384138013 -0.8114403152222077 0.33761168739152214 -0.13842472487545376 0.14138730477234193 0.06659471651619406 -0.2566307381265307 8801.0 24243.0 46665.0 72443.0 98038.0 121056.0 140293.0 155420.0 166626.0 174355.0 179145.0 181529.0 181992.0 180955.0 178768.0 175720.0
5 1.0 132.74106143794708 -7.451286881654539 -0.8114403152222077 0.33761168739152214 -0.13842472487545376 0.14138730477234193 0.06659471651619406 -0.2566307381265307 12787.0 27972.0 46298.0 64803.0 81486.0 95376.0 106225.0 114198.0 119651.0 122998.0 124643.0 124944.0 124207.0 122683.0 120576.0 118047.0
6 1.0 295.55756274525663 40.350174590077785 -0.8114403152222077 0.33761168739152214 -0.13842472487545376 0.14138730477234193 0.06659471651619406 -0.2566307381265307 21866.0 49943.0 84604.0 119828.0 151449.0 177451.0 197351.0 211536.0 220777.0 225950.0 227887.0 227323.0 224866.0 221014.0 216159.0 210611.0
7 1.0 34.956459285502056 -18.17544209344163 -0.8114403152222077 0.33761168739152214 -0.13842472487545376 0.14138730477234193 0.06659471651619406 -0.2566307381265307 3230.0 9316.0 18710.0 30182.0 42277.0 53834.0 64131.99999999999 72827.0 79838.0 85242.0 89200.0 91906.0 93554.0 94330.0 94397.0 93896.0
8 1.0 301.6601666995694 72.7279907221724 -0.8114403152222077 0.33761168739152214 -0.13842472487545376 0.14138730477234193 0.06659471651619406 -0.2566307381265307 15113.0 38338.0 69501.0 103088.0 134621.0 161541.0 182891.0 198726.0 209615.0 216328.0 219651.0 220300.0 218892.0 215937.0 211846.0 206945.0
9 1.0 34.59542684182671 34.20450363442093 -0.8114403152222077 0.33761168739152214 -0.13842472487545376 0.14138730477234193 0.06659471651619406 -0.2566307381265307 10305.0 26354.0 48374.0 72734.0 96272.0 117012.0 134065.0 147277.0 156913.0 163427.0 167327.0 169104.0 169195.0 167977.0 165759.0 162796.0
10 1.0 351.5254074048225 35.931969765093015 -0.8114403152222077 0.33761168739152214 -0.13842472487545376 0.14138730477234193 0.06659471651619406 -0.2566307381265307 17006.0 37057.0 61084.0 85153.0 106663.0 124395.0 138083.0 147990.0 154613.0 158514.0 160229.0 160232.0 158922.0 156627.0 153608.0 150074.0
11 1.0 168.71443259317257 -31.010327719718596 -0.8114403152222077 0.33761168739152214 -0.13842472487545376 0.14138730477234193 0.06659471651619406 -0.2566307381265307 17051.0 36405.0 59130.0 81524.0 101255.0 117306.0 129526.0 138224.0 143905.0 147112.0 148352.0 148066.0 146621.0 144315.0 141385.0 138017.0
12 1.0 351.6339917485214 46.22015569264005 -0.8114403152222077 0.33761168739152214 -0.13842472487545376 0.14138730477234193 0.06659471651619406 -0.2566307381265307 18972.0 42391.0 70998.0 100000.0 126106.0 147713.0 164419.0 176508.0 184573.0 189301.0 191351.0 191308.0 189664.0 186823.0 183107.0 178772.0
13 1.0 217.74438710821656 24.490989980485438 -0.8114403152222077 0.33761168739152214 -0.13842472487545376 0.14138730477234193 0.06659471651619406 -0.2566307381265307 3762.0 10667.0 21169.0 33854.0 47110.0 59691.0 70835.0 80193.0 87697.0 93443.0 97616.0 100431.0 102105.0 102838.0 102809.0 102172.0
14 1.0 266.1348885833886 -46.79635079165228 -0.8114403152222077 0.33761168739152214 -0.13842472487545376 0.14138730477234193 0.06659471651619406 -0.2566307381265307 8701.0 23522.0 44764.0 69000.0 92966.0 114480.0 132460.0 146617.0 157132.0 164418.0 168969.0 171278.0 171792.0 170899.0 168924.0 166135.0
15 1.0 14.107605211555443 -61.103011952653844 -0.8114403152222077 0.33761168739152214 -0.13842472487545376 0.14138730477234193 0.06659471651619406 -0.2566307381265307 3026.0 9151.0 18992.0 31369.0 44715.0 57702.0 69455.0 79517.0 87741.0 94174.0 98971.0 102333.0 104474.0 105596.0 105885.0 105501.0
16 1.0 101.81050652750744 53.35046541311971 -0.8114403152222077 0.33761168739152214 -0.13842472487545376 0.14138730477234193 0.06659471651619406 -0.2566307381265307 5837.0 16443.0 32293.000000000004 51040.0 70190.0 87920.0 103210.0 115670.0 125312.0 132372.0 137183.0 140103.0 141471.0 141591.0 140728.0 139099.0
17 1.0 43.270762036740805 82.64998854634004 -0.8114403152222077 0.33761168739152214 -0.13842472487545376 0.14138730477234193 0.06659471651619406 -0.2566307381265307 10144.0 27473.0 52193.0 80179.0 107579.0 131893.0 151940.0 167469.0 178761.0 186349.0 190840.0 192823.0 192824.0 191293.0 188601.0 185049.0
18 1.0 106.61047110797217 -7.535011093192281 -0.8114403152222077 0.33761168739152214 -0.13842472487545376 0.14138730477234193 0.06659471651619406 -0.2566307381265307 13315.0 32176.000000000004 56862.0 83237.0 108019.0 129332.0 146451.0 159387.0 168532.0 174435.0 177671.0 178773.0 178206.0 176360.0 173553.0 170044.0
19 1.0 42.74197882352786 16.377149758263286 -0.8114403152222077 0.33761168739152214 -0.13842472487545376 0.14138730477234193 0.06659471651619406 -0.2566307381265307 7380.0 19835.0 37701.0 58171.0 78543.0 96978.0 112535.0 124933.0 134286.0 140913.0 145211.0 147580.0 148391.0 147968.0 146585.0 144470.0
20 1.0 114.47394458183138 64.39007595483983 -0.8114403152222077 0.33761168739152214 -0.13842472487545376 0.14138730477234193 0.06659471651619406 -0.2566307381265307 5144.0 14728.0 29292.0 46763.0 64837.00000000001 81770.0 96543.0 108727.0 118284.0 125399.00000000001 130365.00000000001 133504.0 135132.0 135535.0 134962.0 133624.0
21 1.0 149.13467802528118 -7.699778396305732 -0.8114403152222077 0.33761168739152214 -0.13842472487545376 0.14138730477234193 0.06659471651619406 -0.2566307381265307 11135.0 23690.0 38332.0 52657.0 65179.0 75273.0 82872.0 88202.0 91604.0 93439.0 94042.0 93699.0 92647.0 91078.0 89141.0 86953.0
22 1.0 23.09309868556237 81.3374058298925 -0.8114403152222077 0.33761168739152214 -0.13842472487545376 0.14138730477234193 0.06659471651619406 -0.2566307381265307 11235.0 29983.0 56338.0 85815.0 114371.0 139461.0 159943.0 175635.0 186891.0 194304.0 198530.0 200194.0 199847.0 197956.0 194905.0 191004.0
23 1.0 249.28996297320714 13.63520916807704 -0.8114403152222077 0.33761168739152214 -0.13842472487545376 0.14138730477234193 0.06659471651619406 -0.2566307381265307 9638.0 25988.0 49310.0 75774.0 101784.0 124975.0 144210.0 159217.0 170233.0 177739.0 182293.0 184443.0 184682.0 183435.0 181054.0 177827.0
24 1.0 203.97652351436705 57.738081726236686 -0.8114403152222077 0.33761168739152214 -0.13842472487545376 0.14138730477234193 0.06659471651619406 -0.2566307381265307 3132.0 9476.0 19662.0 32459.0 46240.0 59636.0 71744.0 82098.0 90551.0 97154.0 102069.0 105506.0 107685.0 108817.0 109092.0 108677.0
25 1.0 95.54021673820034 73.5918693142929 -0.8114403152222077 0.33761168739152214 -0.13842472487545376 0.14138730477234193 0.06659471651619406 -0.2566307381265307 7126.0 20013.0 39137.0 61563.0 84251.0 105031.0 122734.0 136953.0 147760.0 155482.0 160549.0 163408.0 164478.0 164127.0 162669.0 160364.0
26 1.0 188.36929924801188 56.7942873783424 -0.8114403152222077 0.33761168739152214 -0.13842472487545376 0.14138730477234193 0.06659471651619406 -0.2566307381265307 2240.0 6946.0 14700.0 24668.0 35631.0 46498.0 56509.0 65233.0 72498.0 78302.0 82741.0 85964.0 88136.0 89419.0 89966.0 89912.0
27 1.0 33.818583873039 -61.30539657918793 -0.8114403152222077 0.33761168739152214 -0.13842472487545376 0.14138730477234193 0.06659471651619406 -0.2566307381265307 4247.0 12541.0 25523.0 41474.0 58314.0 74375.0 88621.0 100564.0 110097.0 117342.0 122539.0 125974.0 127931.99999999999 128679.99999999999 128453.00000000001 127455.00000000001
28 1.0 207.34073840022455 23.201719031106066 -0.8114403152222077 0.33761168739152214 -0.13842472487545376 0.14138730477234193 0.06659471651619406 -0.2566307381265307 2791.0 7941.0 15841.000000000002 25475.0 35650.0 45411.0 54156.0 61587.0 67625.0 72324.0 75809.0 78236.0 79765.0 80548.0 80723.0 80408.0
29 1.0 334.5466311274371 -18.28183344845813 -0.8114403152222077 0.33761168739152214 -0.13842472487545376 0.14138730477234193 0.06659471651619406 -0.2566307381265307 3201.0 7950.000000000001 14466.0 21790.0 29055.0 35679.0 41358.0 45996.0 49616.0 52313.0 54204.0 55416.0 56066.0 56261.0 56093.0 55638.0
0 1.0 114.68482288247652 -78.71166863579778 -0.8114403152222077 0.33761168739152214 -0.13842472487545376 0.14138730477234193 0.06659471651619406 -0.2566307381265307 13004.0 33887.0 62597.0 94136.0 124222.0 150283.0 171258.0 187074.0 198190.0 205288.0 209089.0 210264.0 209401.0 206988.0 203423.0 199026.0
1 1.0 240.2677367869254 -13.674194659828444 -0.8114403152222077 0.33761168739152214 -0.13842472487545376 0.14138730477234193 0.06659471651619406 -0.2566307381265307 9546.0 25580.0 48342.0 74088.0 99342.0 121835.0 140480.0 155029.0 165714.0 173004.0 177438.0 179545.0 179803.0 178619.0 176335.0 173230.0
2 1.0 47.447230465581185 -43.436867959906614 -0.8114403152222077 0.33761168739152214 -0.13842472487545376 0.14138730477234193 0.06659471651619406 -0.2566307381265307 4357.0 12805.0 25966.0 42076.0 59029.0 75154.0 89422.0 101354.0 110854.0 118055.0 123202.0 126584.0 128491.0 129190.0 128918.0 127877.99999999999
3 1.0 257.8777934826836 62.82689551713193 -0.8114403152222077 0.33761168739152214 -0.13842472487545376 0.14138730477234193 0.06659471651619406 -0.2566307381265307 10903.0 29178.0 54966.0 83907.0 112036.0 136829.0 157137.0 172753.0 184009.0 191473.0 195786.0 197558.0 197331.0 195567.0 192643.0 188866.0
4 1.0 104.1861934609924 -84.00516722159469 -0.8114403152222077 0.33761168739152214 -0.13842472487545376 0.14138730477234193 0.06659471651619406 -0.2566307381265307 11082.0 29556.0 55549.0 84658.0 112900.0 137754.0 158081.0 173688.0 184914.0 192338.0 196603.0 198325.0 198048.0 196235.0 193265.0 189444.0
5 1.0 65.94889032256206 82.61688993542523 -0.8114403152222077 0.33761168739152214 -0.13842472487545376 0.14138730477234193 0.06659471651619406 -0.2566307381265307 9189.0 25195.0 48321.0 74794.0 100972.0 124422.0 143942.0 159223.0 170480.0 178185.0 182898.0 185168.0 185496.0 184310.0 181969.0 178764.0
6 1.0 211.14465653162995 -26.033607275052667 -0.8114403152222077 0.33761168739152214 -0.13842472487545376 0.14138730477234193 0.06659471651619406 -0.2566307381265307 10436.0 25927.0 46720.0 69391.0 91078.0 110050.0 125562.0 137526.0 146213.0 152054.0 155522.0 157065.0 157084.0 155918.0 153850.0 151107.0
7 1.0 7.238716627497679 -25.792759727542276 -0.8114403152222077 0.33761168739152214 -0.13842472487545376 0.14138730477234193 0.06659471651619406 -0.2566307381265307 1552.0 4521.0 9203.0 15056.0 21384.0 27591.0 33275.0 38216.0 42330.0 45622.0 48151.0 50001.0 51263.0 52028.0 52381.0 52396.0
8 1.0 298.4184105182507 -87.06086951693258 -0.8114403152222077 0.33761168739152214 -0.13842472487545376 0.14138730477234193 0.06659471651619406 -0.2566307381265307 9093.0 24779.0 47385.0 73246.0 98838.0 121794.0 140943.0 155973.0 167084.0 174729.0 179445.0 181767.0 182179.0 181100.0 178879.0 175802.0
9 1.0 1.6903714293169436 -56.65818145748689 -0.8114403152222077 0.33761168739152214 -0.13842472487545376 0.14138730477234193 0.06659471651619406 -0.2566307381265307 2261.0 6906.0 14479.0 24149.0 34739.0 45210.0 54842.0 63233.0 70222.0 75810.0 80089.0 83201.0 85303.0 86549.0 87085.0 87039.0
10 1.0 244.01395324664284 -17.773289855350427 -0.8114403152222077 0.33761168739152214 -0.13842472487545376 0.14138730477234193 0.06659471651619406 -0.2566307381265307 9950.0 26675.0 50393.0 77177.0 103390.0 126675.00000000001 145914.0 160865.0 171789.0 179181.0 183614.0 185644.0 185767.0 184412.0 181932.0 178616.0
11 1.0 97.20287034917935 77.27245511448851 -0.8114403152222077 0.33761168739152214 -0.13842472487545376 0.14138730477234193 0.06659471651619406 -0.2566307381265307 7363.0 20634.0 40278.0 63256.00000000001 86446.0 107634.0 125637.0 140053.0 150970.0 158732.0 163785.0 166591.0 167579.0 167129.0 165560.0 163138.0
12 1.0 264.66984796413414 -72.06931256017117 -0.8114403152222077 0.33761168739152214 -0.13842472487545376 0.14138730477234193 0.06659471651619406 -0.2566307381265307 8842.0 24064.0 46002.0 71124.0 96024.0 118410.0 137133.0 151879.0 162830.0 170412.0 175142.0 177533.0 178053.0 177108.0 175038.0 172120.0
13 1.0 346.38787624227774 80.15427602623433 -0.8114403152222077 0.33761168739152214 -0.13842472487545376 0.14138730477234193 0.06659471651619406 -0.2566307381265307 12822.0 33487.0 61956.0 93282.0 123211.0 149174.0 170100.0 185906.0 197040.0 204174.0 208022.0 209252.0 208445.0 206088.0 202579.0 198235.0
14 1.0 89.55113166718489 66.5079354983938 -0.8114403152222077 0.33761168739152214 -0.13842472487545376 0.14138730477234193 0.06659471651619406 -0.2566307381265307 7149.0 20038.0 39129.0 61483.0 84068.0 104735.0 122326.0 136443.0 147165.0 154818.0 159833.0 162655.0 163701.0 163338.0 161876.0 159574.0
15 1.0 207.4166403904213 -8.25076855664068 -0.8114403152222077 0.33761168739152214 -0.13842472487545376 0.14138730477234193 0.06659471651619406 -0.2566307381265307 6511.0 16627.0 30650.0 46399.0 61897.0 75840.0 87582.0 96944.0 104030.0 109082.0 112395.0 114266.0 114969.0 114744.0 113793.0 112286.0
16 1.0 213.13509525786205 -31.19384128171319 -0.8114403152222077 0.33761168739152214 -0.13842472487545376 0.14138730477234193 0.06659471651619406 -0.2566307381265307 11459.0 28509.0 51349.0 76172.0 99817.0 120400.0 137132.0 149943.0 159154.0 165256.0 168776.0 170214.0 170011.0 168540.0 166109.0 162968.0
17 1.0 206.01068608471442 -48.10605672976977 -0.8114403152222077 0.33761168739152214 -0.13842472487545376 0.14138730477234193 0.06659471651619406 -0.2566307381265307 15104.0 36721.0 64958.0 94960.0 122938.0 146778.0 165716.0 179827.0 189612.0 195733.0 198867.0 199634.0 198568.0 196111.0 192624.0 188393.0
18 1.0 80.30938775062259 20.603647165837387 -0.8114403152222077 0.33761168739152214 -0.13842472487545376 0.14138730477234193 0.06659471651619406 -0.2566307381265307 8657.0 23792.0 45739.0 70958.0 96001.0 118536.0 137392.0 152243.0 163269.0 170902.0 175661.0 178065.0 178587.0 177634.0 175550.0 172616.0
19 1.0 342.9896441461146 -84.04657353440899 -0.8114403152222077 0.33761168739152214 -0.13842472487545376 0.14138730477234193 0.06659471651619406 -0.2566307381265307 7816.999999999999 21624.0 41851.0 65338.99999999999 88907.0 110338.0 128469.0 142923.0 153815.0 161508.0 166464.0 169157.0 170024.0 169449.0 167757.0 165215.0
20 1.0 160.96513630234585 -87.19090839957092 -0.8114403152222077 0.33761168739152214 -0.13842472487545376 0.14138730477234193 0.06659471651619406 -0.2566307381265307 10889.0 29092.0 54756.0 83549.0 111534.0 136204.0 156416.0 171966.0 183178.0 190621.0 194927.0 196704.0 196491.0 194746.0 191846.0 188096.0
21 1.0 304.707122089606 -12.816769950317195 -0.8114403152222077 0.33761168739152214 -0.13842472487545376 0.14138730477234193 0.06659471651619406 -0.2566307381265307 8043.0 19294.0 34107.0 50128.0 65432.00000000001 78864.0 89923.0 98543.0 104899.0 109277.0 111992.0 113348.0 113617.0 113033.0 111789.0 110047.0
22 1.0 251.81253911430156 -77.74666668455036 -0.8114403152222077 0.33761168739152214 -0.13842472487545376 0.14138730477234193 0.06659471651619406 -0.2566307381265307 9883.0 26663.0 50590.0 77716.0 104340.0 128036.00000000001 147645.0 162902.0 174061.0 181623.0 186166.0 188257.0 188402.0 187038.0 184527.0 181161.0
23 1.0 107.07730230784811 -44.65062211570328 -0.8114403152222077 0.33761168739152214 -0.13842472487545376 0.14138730477234193 0.06659471651619406 -0.2566307381265307 19296.0 45976.0 80035.0 115463.0 147825.0 174816.0 195749.0 210890.0 220955.0 226806.0 229281.0 229129.0 226979.0 223347.0 218642.0 213187.0
24 1.0 292.9672150928918 -50.19103523770491 -0.8114403152222077 0.33761168739152214 -0.13842472487545376 0.14138730477234193 0.06659471651619406 -0.2566307381265307 5738.0 15718.0 30340.0 47422.0 64736.0 80690.0 94408.0 105566.0 114189.0 120495.0 124785.0 127380.0 128583.0 128666.0 127866.00000000001 126377.99999999999
25 1.0 142.74206670491446 -44.425585129886656 -0.8114403152222077 0.33761168739152214 -0.13842472487545376 0.14138730477234193 0.06659471651619406 -0.2566307381265307 23142.0 50519.0 83141.0 115515.0 144091.0 167286.0 184840.0 197205.0 205131.0 209431.0 210864.0 210087.0 207644.0 203977.0 199432.0 194284.0
26 1.0 317.1971509600182 -66.4100583812536 -0.8114403152222077 0.33761168739152214 -0.13842472487545376 0.14138730477234193 0.06659471651619406 -0.2566307381265307 4621.0 13146.0 26097.0 41675.0 57858.0 73103.0 86489.0 97612.0 106419.0 113057.0 117772.0 120843.0 122543.0 123125.0 122810.0 121785.0
27 1.0 209.25823414890914 -87.83347987842222 -0.8114403152222077 0.33761168739152214 -0.13842472487545376 0.14138730477234193 0.06659471651619406 -0.2566307381265307 10372.0 27871.0 52699.0 80709.0 108068.0 132302.0 152255.0 167689.0 178896.0 186410.0 190840.0 192773.0 192735.0 191173.0 188458.0 184889.0
28 1.0 317.424730267747 -69.21282651502534 -0.8114403152222077 0.33761168739152214 -0.13842472487545376 0.14138730477234193 0.06659471651619406 -0.2566307381265307 4986.0 14158.0 28044.0 44688.0 61922.0 78098.0 92250.0 103962.0 113189.0 120100.0 124964.0 128082.0 129750.0 130239.0 129785.00000000001 128589.00000000001
29 1.0 249.3113724279957 21.32644671229461 -0.8114403152222077 0.33761168739152214 -0.13842472487545376 0.14138730477234193 0.06659471651619406 -0.2566307381265307 9539.0 25773.0 48976.0 75350.0 101308.0 124482.0 143726.0 158759.0 169811.0 177356.0 181950.0 184138.0 184413.0 183198.0 180846.0 177644.0
0 1.0 261.09154073507057 85.36611830724905 -0.8114403152222077 0.33761168739152214 -0.13842472487545376 0.14138730477234193 0.06659471651619406 -0.2566307381265307 9505.0 25942.0 49588.0 76554.0 103132.0 126866.0 146562.0 161928.0 173201.0 180872.0 185515.0 187695.0 187919.0 186622.0 184168.0 180852.0
1 1.0 180.47677749361281 88.26210028096091 -0.8114403152222077 0.33761168739152214 -0.13842472487545376 0.14138730477234193 0.06659471651619406 -0.2566307381265307 8557.0 23642.0 45627.0 70985.0 96239.0 119015.0 138106.0 153167.0 164367.0 172133.0 176989.0 179458.0 180017.0 179080.0 176995.0 174045.0
2 1.0 344.1901085003606 -16.37026283284891 -0.8114403152222077 0.33761168739152214 -0.13842472487545376 0.14138730477234193 0.06659471651619406 -0.2566307381265307 2672.0 6716.0 12334.0 18715.0 25099.0 30967.0 36038.0 40211.0 43501.0 45980.0 47749.0 48915.0 49582.0 49842.0 49774.0 49448.0
3 1.0 231.83647172266947 -60.66820331161104 -0.8114403152222077 0.33761168739152214 -0.13842472487545376 0.14138730477234193 0.06659471651619406 -0.2566307381265307 12193.0 31959.0 59335.0 89616.0 118694.0 144049.0 164598.0 180221.0 191319.0 198524.0 202515.0 203935.0 203347.0 201224.0 197953.0 193845.0
4 1.0 152.5878174809447 24.977116325975274 -0.8114403152222077 0.33761168739152214 -0.13842472487545376 0.14138730477234193 0.06659471651619406 -0.2566307381265307 2394.0 6380.0 12201.0 19065.0 26141.0 32805.0 38686.0 43618.0 47578.0 50621.0 52847.0 54369.0 55301.0 55748.0 55803.0 55545.0
5 1.0 218.30155708605275 -1.7450376212273113 -0.8114403152222077 0.33761168739152214 -0.13842472487545376 0.14138730477234193 0.06659471651619406 -0.2566307381265307 6274.0 16675.0 31536.0 48573.0 65587.0 81067.0 94223.0 104800.0 112871.0 118682.0 122548.0 124792.0 125717.0 125589.0 124636.0 123047.0
6 1.0 6.909551391360069 88.09375991119765 -0.8114403152222077 0.33761168739152214 -0.13842472487545376 0.14138730477234193 0.06659471651619406 -0.2566307381265307 9700.0 26413.0 50392.0 77673.0 104503.0 128412.0 148209.0 163618.0 174889.0 182526.0 187115.0 189228.0 189377.0 188003.0 185472.0 182080.0
7 1.0 108.56693400283775 -78.24524271267956 -0.8114403152222077 0.33761168739152214 -0.13842472487545376 0.14138730477234193 0.06659471651619406 -0.2566307381265307 12734.0 33298.0 61661.0 92900.0 122769.0 148696.0 169607.0 185413.0 196556.0 203706.0 207573.0 208823.0 208038.0 205703.0 202214.0 197890.0
8 1.0 237.66247349736662 50.98219889648635 -0.8114403152222077 0.33761168739152214 -0.13842472487545376 0.14138730477234193 0.06659471651619406 -0.2566307381265307 6809.0 19128.0 37463.0 59043.0 80963.0 101129.0 118389.0 132325.0 142985.0 150665.0 155769.0 158723.0 159927.0 159735.0 158450.0 156327.0
9 1.0 104.42793859575987 -38.0882704803311 -0.8114403152222077 0.33761168739152214 -0.13842472487545376 0.14138730477234193 0.06659471651619406 -0.2566307381265307 18626.0 44474.0 77577.0 112125.0 143789.0 170295.0 190937.0 205947.0 216002.0 221928.0 224539.0 224560.0 222605.0 219178.0 214682.0 209434.0
10 1.0 222.48555443958296 -46.54464838621668 -0.8114403152222077 0.33761168739152214 -0.13842472487545376 0.14138730477234193 0.06659471651619406 -0.2566307381265307 12909.0 32945.0 60139.0 89821.0 118066.0 142536.0 162270.0 177209.0 187774.0 194589.0 198318.0 199582.0 198920.0 196789.0 193559.0 189528.0
11 1.0 154.35673234047582 29.250822875881667 -0.8114403152222077 0.33761168739152214 -0.13842472487545376 0.14138730477234193 0.06659471651619406 -0.2566307381265307 2040.9999999999998 5643.0 11063.0 17598.0 24451.0 30998.0 36854.0 41833.0 45891.0 49069.0 51452.0 53143.0 54247.0 54864.0 55082.0 54978.0
12 1.0 48.770663120082084 -45.70862670162639 -0.8114403152222077 0.33761168739152214 -0.13842472487545376 0.14138730477234193 0.06659471651619406 -0.2566307381265307 4648.0 13601.0 27481.0 44396.0 62118.0 78900.0 93682.0 105981.0 115716.0 123040.0 128221.0 131569.0 133390.0 133968.0 133550.0 132348.0
13 1.0 107.38163734417108 29.854641160653784 -0.8114403152222077 0.33761168739152214 -0.13842472487545376 0.14138730477234193 0.06659471651619406 -0.2566307381265307 6254.0 16946.0 32444.0 50384.0 68416.0 84899.0 98957.0 110292.0 118965.0 125227.0 129410.0 131857.0 132889.0 132792.0 131809.0 130142.00000000001
14 1.0 205.18736785245537 3.11553309641198 -0.8114403152222077 0.33761168739152214 -0.13842472487545376 0.14138730477234193 0.06659471651619406 -0.2566307381265307 4488.0 11849.0 22397.0 34579.0 46866.0 58177.0 67925.0 75891.0 82094.0 86685.0 89870.0 91867.0 92887.0 93118.0 92720.0 91831.0
15 1.0 212.71419404934235 -13.663982081547132 -0.8114403152222077 0.33761168739152214 -0.13842472487545376 0.14138730477234193 0.06659471651619406 -0.2566307381265307 7822.000000000001 19992.0 36795.0 55556.0 73889.0 90257.0 103923.0 114713.0 122778.0 128430.99999999999 132035.0 133953.0 134514.0 134003.0 132662.0 130689.0
16 1.0 206.75708958584838 9.843805559055411 -0.8114403152222077 0.33761168739152214 -0.13842472487545376 0.14138730477234193 0.06659471651619406 -0.2566307381265307 3784.0 10267.0 19782.0 30979.0 42450.0 53161.0 62517.0 70273.0 76413.0 81050.0 84361.0 86538.0 87773.0 88237.0 88081.0 87435.0
17 1.0 235.1522951485681 -38.330726414466646 -0.8114403152222077 0.33761168739152214 -0.13842472487545376 0.14138730477234193 0.06659471651619406 -0.2566307381265307 11177.0 29433.0 54891.0 83250.0 110682.0 134789.0 154496.0 169632.0 180532.0 187755.0 191923.0 193627.0 193394.0 191668.0 188816.0 185135.0
18 1.0 234.757177200608 37.1834471291362 -0.8114403152222077 0.33761168739152214 -0.13842472487545376 0.14138730477234193 0.06659471651619406 -0.2566307381265307 6090.0 17132.0 33644.0 53193.0 73183.0 91706.0 107685.0 120704.0 130771.0 138130.0 143131.0 146147.0 147537.0 147621.0 146676.0 144932.0
19 1.0 155.31063675623062 -15.325763519958471 -0.8114403152222077 0.33761168739152214 -0.13842472487545376 0.14138730477234193 0.06659471651619406 -0.2566307381265307 13392.0 28119.0 45044.0 61384.0 75490.0 86714.0 95037.0 100755.0 104284.0 106050.0 106440.0 105784.0 104352.0 102359.0 99974.0 97328.0
20 1.0 322.75677450638267 -25.101799112539396 -0.8114403152222077 0.33761168739152214 -0.13842472487545376 0.14138730477234193 0.06659471651619406 -0.2566307381265307 3596.0 9238.0 17186.0 26283.0 35419.0 43818.0 51062.0 56997.0 61639.0 65097.0 67521.0 69070.0 69896.0 70136.0 69908.0 69312.0
21 1.0 132.32227321724275 59.158244620032804 -0.8114403152222077 0.33761168739152214 -0.13842472487545376 0.14138730477234193 0.06659471651619406 -0.2566307381265307 3609.0 10520.0 21262.0 34429.0 48337.0 61638.0 73487.0 83479.0 91516.0 97687.0 102180.0 105219.0 107034.0 107840.0 107829.0 107166.0
22 1.0 156.91137309562566 76.4940441515746 -0.8114403152222077 0.33761168739152214 -0.13842472487545376 0.14138730477234193 0.06659471651619406 -0.2566307381265307 5208.0 15071.0 30184.0 48415.0 67343.0 85112.0 100627.0 113422.0 123449.0 130899.99999999999 136084.0 139342.0 141009.0 141388.0 140744.0 139300.0
23 1.0 321.092407805642 -81.71868404028655 -0.8114403152222077 0.33761168739152214 -0.13842472487545376 0.14138730477234193 0.06659471651619406 -0.2566307381265307 7363.0 20447.0 39711.0 62185.0 84843.0 105545.0 123148.0 137264.0 147975.0 155613.0 160609.0 163411.0 164436.0 164050.0 162565.0 160241.0
24 1.0 290.22983605659084 -48.12714129064221 -0.8114403152222077 0.33761168739152214 -0.13842472487545376 0.14138730477234193 0.06659471651619406 -0.2566307381265307 6050.0 16493.0 31718.000000000004 49422.0 67293.0 83693.0 97738.0 109111.0 117856.0 124209.0 128490.0 131032.00000000001 132153.0 132135.0 131219.0 129608.0
25 1.0 253.39989007453187 -27.266513491338614 -0.8114403152222077 0.33761168739152214 -0.13842472487545376 0.14138730477234193 0.06659471651619406 -0.2566307381265307 10145.0 27227.0 51459.0 78813.0 105565.0 129302.0 148889.0 164082.0 175156.0 182622.0 187070.0 189070.0 189131.0 187690.0 185110.0 181683.0
26 1.0 36.0816794324284 56.693966286644525 -0.8114403152222077 0.33761168739152214 -0.13842472487545376 0.14138730477234193 0.06659471651619406 -0.2566307381265307 12641.0 32569.0 59822.0 89728.0 118295.0 143117.0 163184.0 178408.0 189203.0 196191.0 200043.0 201385.0 200767.0 198651.0 195415.0 191361.0
27 1.0 331.0137409480825 87.38845697579356 -0.8114403152222077 0.33761168739152214 -0.13842472487545376 0.14138730477234193 0.06659471651619406 -0.2566307381265307 10052.0 27246.0 51797.0 79614.0 106873.0 131081.0 151057.0 166544.0 177820.0 185409.0 189914.0 191920.0 191950.0 190452.0 187794.0 184278.0
28 1.0 257.1268678376801 84.41490684066332 -0.8114403152222077 0.33761168739152214 -0.13842472487545376 0.14138730477234193 0.06659471651619406 -0.2566307381265307 9448.0 25805.0 49354.0 76228.0 102732.0 126415.0 146081.0 161434.0 172707.0 180388.0 185047.0 187246.0 187491.0 186217.0 183786.0 180491.0
29 1.0 359.5849223644319 72.89070219898684 -0.8114403152222077 0.33761168739152214 -0.13842472487545376 0.14138730477234193 0.06659471651619406 -0.2566307381265307 14911.0 37702.0 68256.0 101201.0 132165.0 158643.0 179688.0 195339.0 206145.0 212850.0 216219.0 216952.0 215654.0 212824.0 208866.0 204101.0
0 1.0 53.80138967687775 -36.619872288474625 -0.8114403152222077 0.33761168739152214 -0.13842472487545376 0.14138730477234193 0.06659471651619406 -0.2566307381265307 5258.0 15166.0 30309.0 48542.0 67444.0 85170.0 100633.0 113372.0 123343.0 130742.0 135876.0 139089.0 140714.0 141054.0 140374.0 138897.0
1 1.0 312.52538065255715 88.56202381460534 -0.8114403152222077 0.33761168739152214 -0.13842472487545376 0.14138730477234193 0.06659471651619406 -0.2566307381265307 9579.0 26124.0 49902.0 76992.0 103671.0 127475.0 147210.0 162592.0 173864.0 181520.0 186141.0 188293.0 188487.0 187159.0 184673.0 181326.0
2 1.0 58.497456483494936 -45.10439260983878 -0.8114403152222077 0.33761168739152214 -0.13842472487545376 0.14138730477234193 0.06659471651619406 -0.2566307381265307 6309.0 17963.0 35510.0 56344.0 77657.0 97385.0 114370.0 128166.0 138791.0 146513.0 151714.0 154799.0 156156.0 156130.0 155016.0 153064.0
3 1.0 221.6014431421839 -70.9368921211982 -0.8114403152222077 0.33761168739152214 -0.13842472487545376 0.14138730477234193 0.06659471651619406 -0.2566307381265307 12782.0 33317.0 61586.0 92689.0 122412.0 148208.0 169012.0 184740.0 195831.0 202950.0 206804.0 208055.0 207279.0 204961.0 201494.0 197194.0
4 1.0 44.57519382579895 81.17146998997094 -0.8114403152222077 0.33761168739152214 -0.13842472487545376 0.14138730477234193 0.06659471651619406 -0.2566307381265307 10268.0 27764.0 52683.0 80853.0 108401.0 132817.0 152924.0 168480.0 179773.0 187345.0 191807.0 193753.0 193714.0 192140.0 189405.0 185811.0
5 1.0 305.2829625560044 -47.98435401574267 -0.8114403152222077 0.33761168739152214 -0.13842472487545376 0.14138730477234193 0.06659471651619406 -0.2566307381265307 4454.0 12282.0 23878.0 37581.0 51635.0 64741.00000000001 76157.0 85578.0 92989.0 98536.0 102443.0 104954.0 106307.0 106719.0 106376.0 105441.0
6 1.0 290.63482514100383 34.15828771399508 -0.8114403152222077 0.33761168739152214 -0.13842472487545376 0.14138730477234193 0.06659471651619406 -0.2566307381265307 20786.0 47866.0 81551.0 115991.0 147072.0 172757.0 192522.0 206703.0 216032.0 221352.0 223474.0 223113.0 220869.0 217229.0 212583.0 207235.0
7 1.0 204.8762659012536 -79.49585538349405 -0.8114403152222077 0.33761168739152214 -0.13842472487545376 0.14138730477234193 0.06659471651619406 -0.2566307381265307 12600.0 32966.0 61089.0 92101.0 121787.0 147587.0 168423.0 184197.0 195340.0 202512.0 206417.0 207714.0 206981.0 204700.0 201266.0 196996.0
8 1.0 146.58598700135988 41.52763784294572 -0.8114403152222077 0.33761168739152214 -0.13842472487545376 0.14138730477234193 0.06659471651619406 -0.2566307381265307 2243.0 6463.0 13018.0 21091.0 29689.0 37999.0 45499.0 51924.0 57195.0 61347.0 64477.99999999999 66715.0 68189.0 69025.0 69337.0 69223.0
9 1.0 24.900118363849696 68.70963822009114 -0.8114403152222077 0.33761168739152214 -0.13842472487545376 0.14138730477234193 0.06659471651619406 -0.2566307381265307 13513.0 34746.0 63652.0 95203.0 125170.0 151046.0 171816.0 187440.0 198390.0 205350.0 209042.0 210134.0 209208.0 206750.0 203154.0 198736.0
10 1.0 251.07435833204292 -40.96135881612675 -0.8114403152222077 0.33761168739152214 -0.13842472487545376 0.14138730477234193 0.06659471651619406 -0.2566307381265307 10159.0 27260.0 51516.0 78896.0 105671.0 129427.99999999999 149030.0 164234.0 175314.0 182784.0 187232.0 189230.0 189288.0 187843.0 185257.0 181824.0
11 1.0 163.27536576410478 -21.76975870606286 -0.8114403152222077 0.33761168739152214 -0.13842472487545376 0.14138730477234193 0.06659471651619406 -0.2566307381265307 14637.0 30816.0 49499.0 67636.0 83397.0 96051.0 105554.0 112213.0 116467.0 118771.0 119539.0 119126.0 117823.0 115864.0 113435.0 110681.0
12 1.0 259.94001580932525 -22.6266870022351 -0.8114403152222077 0.33761168739152214 -0.13842472487545376 0.14138730477234193 0.06659471651619406 -0.2566307381265307 10127.0 27080.0 51065.0 78096.0 104507.0 127929.99999999999 147255.0 162249.0 173181.0 180559.0 184960.0 186948.0 187023.0 185616.0 183082.0 179712.0
13 1.0 311.8976373343065 44.781886357223954 -0.8114403152222077 0.33761168739152214 -0.13842472487545376 0.14138730477234193 0.06659471651619406 -0.2566307381265307 23193.0 51444.0 85522.0 119614.0 149871.0 174526.0 193244.0 206468.0 214979.0 219631.0 221228.0 220468.0 217932.0 214088.0 209309.0 203884.0
14 1.0 351.1877418010389 -47.19469634297301 -0.8114403152222077 0.33761168739152214 -0.13842472487545376 0.14138730477234193 0.06659471651619406 -0.2566307381265307 1687.0 5077.0 10569.0 17576.0 25273.0 32924.0 40009.0 46232.0 51465.0 55697.0 58984.0 61422.0 63117.99999999999 64182.0 64717.0 64816.0
15 1.0 308.08920326133995 -59.06644217142426 -0.8114403152222077 0.33761168739152214 -0.13842472487545376 0.14138730477234193 0.06659471651619406 -0.2566307381265307 4555.0 12803.0 25214.0 40049.0 55393.0 69801.0 82419.0 92879.0 101137.0 107338.0 111719.0 114545.0 116078.0 116557.0 116193.0 115164.0
16 1.0 4.21707030660071 -9.127503236207147 -0.8114403152222077 0.33761168739152214 -0.13842472487545376 0.14138730477234193 0.06659471651619406 -0.2566307381265307 2646.0 6906.0 13018.0 20129.0 27385.0 34162.0 40100.0 45047.0 48988.0 51990.0 54157.0 55607.0 56458.0 56816.0 56776.0 56422.0
17 1.0 129.592103212211 -35.19568667208249 -0.8114403152222077 0.33761168739152214 -0.13842472487545376 0.14138730477234193 0.06659471651619406 -0.2566307381265307 22052.0 48160.0 79332.0 110346.0 137805.0 160171.0 177169.0 189211.0 196998.0 201300.0 202835.0 202232.0 200012.0 196598.0 192326.0 187458.0
18 1.0 262.7966024726609 61.05404200655744 -0.8114403152222077 0.33761168739152214 -0.13842472487545376 0.14138730477234193 0.06659471651619406 -0.2566307381265307 12043.0 31776.0 59229.0 89676.0 118963.0 144526.0 165259.0 181029.0 192237.0 199518.0 203556.0 205001.0 204420.0 202290.0 199002.0 194871.0
19 1.0 61.78668381411859 -47.20647131718502 -0.8114403152222077 0.33761168739152214 -0.13842472487545376 0.14138730477234193 0.06659471651619406 -0.2566307381265307 7040.0 19840.0 38902.0 61315.0 84038.0 104888.0 122678.0 136988.0 147880.0 155677.0 160807.0 163716.0 164824.0 164501.0 163063.0 160771.0
20 1.0 187.57317823348654 0.4301023480670665 -0.8114403152222077 0.33761168739152214 -0.13842472487545376 0.14138730477234193 0.06659471651619406 -0.2566307381265307 4373.0 10751.0 19402.0 29024.0 38471.0 46998.0 54229.0 60058.0 64537.0 67799.0 70014.0 71352.0 71972.0 72017.0 71608.0 70846.0
21 1.0 19.561675802131305 79.66504794562746 -0.8114403152222077 0.33761168739152214 -0.13842472487545376 0.14138730477234193 0.06659471651619406 -0.2566307381265307 11794.0 31228.0 58345.0 88491.0 117547.0 142955.0 163600.0 179335.0 190548.0 197861.0 201950.0 203456.0 202942.0 200882.0 197665.0 193603.0
22 1.0 71.99874896270403 24.119585594038938 -0.8114403152222077 0.33761168739152214 -0.13842472487545376 0.14138730477234193 0.06659471651619406 -0.2566307381265307 8605.0 23762.0 45820.0 71225.0 96489.0 119243.0 138292.0 153298.0 164439.0 172149.0 176954.0 179377.0 179898.0 178928.0 176817.0 173846.0
23 1.0 6.66784600582103 66.11209298324366 -0.8114403152222077 0.33761168739152214 -0.13842472487545376 0.14138730477234193 0.06659471651619406 -0.2566307381265307 15948.0 39419.0 70363.0 103358.0 134129.0 160284.0 180966.0 196267.0 206763.0 213207.0 216364.0 216931.0 215503.0 212575.0 208545.0 203728.0
24 1.0 285.7311732086714 79.23774408385813 -0.8114403152222077 0.33761168739152214 -0.13842472487545376 0.14138730477234193 0.06659471651619406 -0.2566307381265307 11772.0 31189.0 58300.0 88450.0 117517.0 142941.0 163602.0 179351.0 190576.0 197899.0 201995.0 203507.0 202997.0 200939.0 197724.0 193662.0
25 1.0 80.61288770173685 45.13767513954335 -0.8114403152222077 0.33761168739152214 -0.13842472487545376 0.14138730477234193 0.06659471651619406 -0.2566307381265307 7887.999999999999 21889.0 42397.0 66168.0 89961.0 111535.0 129728.00000000001 144180.0 155024.0 162639.0 167503.0 170098.0 170867.0 170198.0 168419.0 165797.0
26 1.0 124.32660505088496 35.92351084045525 -0.8114403152222077 0.33761168739152214 -0.13842472487545376 0.14138730477234193 0.06659471651619406 -0.2566307381265307 4079.0 11236.0 21848.0 34411.0 47325.0 59402.0 69955.0 78697.0 85606.0 90808.0 94501.0 96908.0 98244.0 98706.0 98468.0 97677.0
27 1.0 334.1092656476127 84.23380198876086 -0.8114403152222077 0.33761168739152214 -0.13842472487545376 0.14138730477234193 0.06659471651619406 -0.2566307381265307 11272.0 30063.0 56466.0 85982.0 114563.0 139665.0 160149.0 175835.0 187081.0 194480.0 198691.0 200340.0 199978.0 198073.0 195009.0 191096.0
28 1.0 253.5891846924718 88.99214213658229 -0.8114403152222077 0.33761168739152214 -0.13842472487545376 0.14138730477234193 0.06659471651619406 -0.2566307381265307 9150.0 25092.0 48137.0 74528.0 100640.0 124040.0 143530.0 158796.0 170050.0 177761.0 182486.0 184772.0 185117.0 183950.0 181628.0 178443.0
29 1.0 11.462014631270826 -8.672097119443265 -0.8114403152222077 0.33761168739152214 -0.13842472487545376 0.14138730477234193 0.06659471651619406 -0.2566307381265307 2686.0 7216.0 13861.0 21710.0 29801.0 37412.0 44120.0 49739.0 54241.0 57696.0 60216.0 61932.0 62973.0 63458.0 63491.00000000001 63164.0
0 1.0 59.289896339248585 -77.2434399268425 -0.8114403152222077 0.33761168739152214 -0.13842472487545376 0.14138730477234193 0.06659471651619406 -0.2566307381265307 8685.0 23858.0 45882.0 71222.0 96417.0 119114.0 138122.0 153106.0 164240.0 171953.0 176768.0 179206.0 179743.0 178792.0 176697.0 173744.0
1 1.0 223.73222453991488 -37.29707434070661 -0.8114403152222077 0.33761168739152214 -0.13842472487545376 0.14138730477234193 0.06659471651619406 -0.2566307381265307 11829.0 30324.0 55587.0 83338.0 109919.0 133107.0 151951.0 166348.0 176656.0 183434.0 187287.0 188790.0 188446.0 186682.0 183849.0 180228.0
2 1.0 207.80229189750034 -62.57615297620852 -0.8114403152222077 0.33761168739152214 -0.13842472487545376 0.14138730477234193 0.06659471651619406 -0.2566307381265307 15179.0 38021.0 68435.0 101087.0 131693.0 157817.0 178555.0 193964.0 204594.0 211181.0 214480.0 215184.0 213885.0 211075.0 207154.0 202436.0
3 1.0 85.64141569482311 -14.852452536717877 -0.8114403152222077 0.33761168739152214 -0.13842472487545376 0.14138730477234193 0.06659471651619406 -0.2566307381265307 11633.0 30632.0 57075.0 86455.0 114790.0 139605.0 159811.0 175257.0 186309.0 193563.0 197670.0 199250.0 198848.0 196926.0 193862.0 189961.0
4 1.0 336.3170392529258 -66.36792087481392 -0.8114403152222077 0.33761168739152214 -0.13842472487545376 0.14138730477234193 0.06659471651619406 -0.2566307381265307 3793.0 11027.0 22260.0 36020.0 50544.0 64423.99999999999 76777.0 87184.0 95548.0 101965.0 106632.0 109786.0 111668.0 112501.0 112484.0 111790.0
5 1.0 221.02774414772256 18.741204723758756 -0.8114403152222077 0.33761168739152214 -0.13842472487545376 0.14138730477234193 0.06659471651619406 -0.2566307381265307 4526.0 12617.0 24707.0 39085.0 53905.0 67785.0 79923.0 89977.0 97916.0 103883.0 108108.0 110845.0 112345.0 112835.0 112517.0 111561.0
6 1.0 192.827809088985 -21.094549351586267 -0.8114403152222077 0.33761168739152214 -0.13842472487545376 0.14138730477234193 0.06659471651619406 -0.2566307381265307 10048.0 23329.0 40293.0 58206.0 74976.0 89423.0 101097.0 110009.0 116410.0 120653.0 123109.0 124123.0 123999.0 122995.0 121321.0 119150.0
7 1.0 212.36759148764554 71.1694591718778 -0.8114403152222077 0.33761168739152214 -0.13842472487545376 0.14138730477234193 0.06659471651619406 -0.2566307381265307 5518.0 15923.0 31815.000000000004 50920.0 70687.0 89180.0 105271.0 118490.0 128804.0 136428.0 141689.0 144952.0 146569.0 146855.0 146088.0 144501.0
8 1.0 262.8439306260371 84.20304092373033 -0.8114403152222077 0.33761168739152214 -0.13842472487545376 0.14138730477234193 0.06659471651619406 -0.2566307381265307 9678.0 26354.0 50287.0 77526.0 104327.0 128219.0 148012.0 163425.0 174707.0 182359.0 186965.0 189094.0 189260.0 187902.0 185385.0 182007.0
9 1.0 112.30019837265667 8.43928230049599 -0.8114403152222077 0.33761168739152214 -0.13842472487545376 0.14138730477234193 0.06659471651619406 -0.2566307381265307 9092.0 22640.0 40959.0 61104.0 80548.0 97720.0 111906.0 122976.0 131134.0 136738.0 140192.0 141889.0 142183.0 141379.0 139729.0 137443.0
10 1.0 143.35958239779308 -40.531757423832616 -0.8114403152222077 0.33761168739152214 -0.13842472487545376 0.14138730477234193 0.06659471651619406 -0.2566307381265307 22719.0 49035.0 80113.0 110774.0 137736.0 159563.0 176051.0 187645.0 195062.0 199070.0 200382.0 199616.0 197284.0 193800.0 189491.0 184613.0
11 1.0 75.54374963104397 16.601475377130626 -0.8114403152222077 0.33761168739152214 -0.13842472487545376 0.14138730477234193 0.06659471651619406 -0.2566307381265307 8729.0 24048.0 46294.0 71872.0 97273.0 120122.0 139226.0 154257.0 165399.0 173094.0 177872.0 180261.0 180744.0 179735.0 177583.0 174574.0
12 1.0 67.02948211692102 71.41700848039378 -0.8114403152222077 0.33761168739152214 -0.13842472487545376 0.14138730477234193 0.06659471651619406 -0.2566307381265307 9132.0 25052.0 48068.0 74425.0 100499.0 123863.0 143319.0 158555.0 169784.0 177476.0 182185.0 184461.0 184800.0 183629.0 181306.0 178122.0
13 1.0 339.9740603942161 -16.787997749565307 -0.8114403152222077 0.33761168739152214 -0.13842472487545376 0.14138730477234193 0.06659471651619406 -0.2566307381265307 2926.0 7275.0 13258.0 19998.0 26695.0 32811.0 38064.0 42359.0 45720.0 48229.0 49998.0 51142.0 51768.0 51976.0 51849.0 51458.0
14 1.0 266.2382862177435 9.374089804554757 -0.8114403152222077 0.33761168739152214 -0.13842472487545376 0.14138730477234193 0.06659471651619406 -0.2566307381265307 12833.0 33132.0 60904.0 91359.0 120416.0 145624.0 165963.0 181356.0 192233.0 199237.0 203055.0 204330.0 203621.0 201400.0 198050.0 193879.0
15 1.0 176.56517110232414 -41.10250183089374 -0.8114403152222077 0.33761168739152214 -0.13842472487545376 0.14138730477234193 0.06659471651619406 -0.2566307381265307 18483.0 40807.0 67808.0 94998.0 119357.0 139446.0 154934.0 166110.0 173539.0 177868.0 179712.0 179616.0 178038.0 175353.0 171860.0 167796.0
16 1.0 81.86926607039636 -8.020053098995149 -0.8114403152222077 0.33761168739152214 -0.13842472487545376 0.14138730477234193 0.06659471651619406 -0.2566307381265307 10387.0 27915.0 52765.0 80778.0 108123.0 132331.0 152252.0 167656.0 178836.0 186329.0 190742.0 192664.0 192618.0 191053.0 188336.0 184769.0
17 1.0 91.56833343734147 -17.69156363167224 -0.8114403152222077 0.33761168739152214 -0.13842472487545376 0.14138730477234193 0.06659471651619406 -0.2566307381265307 13231.0 33788.0 61690.0 92129.0 121067.0 146104.0 166259.0 181481.0 192209.0 199091.0 202812.0 204013.0 203249.0 200989.0 197613.0 193426.0
18 1.0 20.89049771659522 -45.28557628506522 -0.8114403152222077 0.33761168739152214 -0.13842472487545376 0.14138730477234193 0.06659471651619406 -0.2566307381265307 1963.0 6099.0 12940.0 21774.0 31537.000000000004 41268.0 50286.0 58200.0 64846.0 70207.0 74361.0 77430.0 79553.0 80871.0 81516.0 81607.0
19 1.0 156.3899852009235 1.0559490885555078 -0.8114403152222077 0.33761168739152214 -0.13842472487545376 0.14138730477234193 0.06659471651619406 -0.2566307381265307 6877.0 15130.0 25112.0 35192.0 44269.0 51811.0 57688.0 61998.0 64941.0 66749.0 67645.0 67826.0 67460.0 66684.0 65605.0 64310.99999999999
20 1.0 112.24651751787692 -34.13145132363395 -0.8114403152222077 0.33761168739152214 -0.13842472487545376 0.14138730477234193 0.06659471651619406 -0.2566307381265307 19990.0 46082.0 78641.0 112049.0 142314.0 167430.0 186851.0 200871.0 210178.0 215576.0 217844.0 217674.0 215647.0 212238.0 207827.0 202714.0
21 1.0 250.6836559735654 -22.85372450146545 -0.8114403152222077 0.33761168739152214 -0.13842472487545376 0.14138730477234193 0.06659471651619406 -0.2566307381265307 10196.0 27361.0 51703.0 79176.0 106037.0 129864.0 149517.0 164756.0 175857.0 183335.0 187784.0 189775.0 189821.0 188362.0 185759.0 182309.0
22 1.0 135.99066214529313 4.494679605767573 -0.8114403152222077 0.33761168739152214 -0.13842472487545376 0.14138730477234193 0.06659471651619406 -0.2566307381265307 8047.0 18305.0 31221.0 44746.0 57354.0 68199.0 76971.0 83688.0 88543.0 91799.0 93727.0 94584.0 94593.0 93942.0 92788.0 91257.0
23 1.0 64.65732392146853 45.10710412721775 -0.8114403152222077 0.33761168739152214 -0.13842472487545376 0.14138730477234193 0.06659471651619406 -0.2566307381265307 9157.0 25099.0 48130.0 74492.0 100562.0 123918.0 143365.0 158594.0 169817.0 177505.0 182212.0 184488.0 184827.0 183657.0 181336.0 178154.0
24 1.0 8.884342220879242 -29.968656157570443 -0.8114403152222077 0.33761168739152214 -0.13842472487545376 0.14138730477234193 0.06659471651619406 -0.2566307381265307 1479.0 4398.0 9080.0 15009.0 21479.0 27873.0 33766.0 38917.0 43234.0 46714.0 49414.0 51416.0 52812.0 53695.0 54149.0 54251.0
25 1.0 24.20986732676949 76.34857799173744 -0.8114403152222077 0.33761168739152214 -0.13842472487545376 0.14138730477234193 0.06659471651619406 -0.2566307381265307 12250.0 32204.999999999996 59874.0 90483.0 119863.0 145460.0 166184.0 181916.0 193070.0 200289.0 204264.0 205645.0 205004.0 202819.0 199480.0 195303.0
26 1.0 244.58139845948423 65.21733843046243 -0.8114403152222077 0.33761168739152214 -0.13842472487545376 0.14138730477234193 0.06659471651619406 -0.2566307381265307 8490.0 23419.0 45170.0 70269.0 95282.0 117862.0 136811.0 151779.0 162929.0 170680.0 175546.0 178042.0 178641.0 177752.0 175720.0 172825.0
27 1.0 163.33086404017632 -81.23574672440486 -0.8114403152222077 0.33761168739152214 -0.13842472487545376 0.14138730477234193 0.06659471651619406 -0.2566307381265307 13281.0 34475.0 63513.0 95328.0 125612.0 151794.0 172826.0 188651.0 199744.0 206796.0 210537.0 211647.0 210714.0 208231.0 204598.0 200135.0
28 1.0 193.16851599914 -44.3443456337719 -0.8114403152222077 0.33761168739152214 -0.13842472487545376 0.14138730477234193 0.06659471651619406 -0.2566307381265307 16418.0 38162.0 65620.0 94141.0 120314.0 142343.0 159658.0 172424.0 181159.0 186509.0 189114.0 189554.0 188322.0 185829.0 182405.0 178312.0
29 1.0 322.80166549452315 -9.695607721343649 -0.8114403152222077 0.33761168739152214 -0.13842472487545376 0.14138730477234193 0.06659471651619406 -0.2566307381265307 6312.0 14494.0 24896.0 35886.0 46211.0 55163.0 62460.0 68098.0 72218.0 75024.0 76736.0 77558.0 77672.0 77234.0 76372.0 75191.0
0 1.0 356.52202106281356 -71.16698002635466 -0.8114403152222077 0.33761168739152214 -0.13842472487545376 0.14138730477234193 0.06659471651619406 -0.2566307381265307 4448.0 12923.0 26021.0 41974.0 58707.0 74590.0 88626.0 100355.0 109690.0 116764.0 121821.0 125145.0 127020.0 127708.99999999999 127444.0 126424.00000000001
1 1.0 78.08291438345061 -27.274321973970522 -0.8114403152222077 0.33761168739152214 -0.13842472487545376 0.14138730477234193 0.06659471651619406 -0.2566307381265307 10550.0 28411.0 53744.0 82286.0 110116.0 134716.0 154919.0 170503.0 181775.0 189291.0 193677.0 195536.0 195403.0 193734.0 190905.0 187221.0
2 1.0 238.70815311603627 43.21755461118286 -0.8114403152222077 0.33761168739152214 -0.13842472487545376 0.14138730477234193 0.06659471651619406 -0.2566307381265307 6894.0 19277.0 37639.0 59195.0 81050.0 101128.0 118293.0 132140.0 142721.0 150338.0 155393.0 158310.0 159489.0 159281.0 157990.0 155865.0
3 1.0 94.79605562537424 32.49260660570866 -0.8114403152222077 0.33761168739152214 -0.13842472487545376 0.14138730477234193 0.06659471651619406 -0.2566307381265307 7219.0 19825.0 38196.0 59468.0 80790.0 100185.0 116616.0 129749.0 139684.0 146743.0 151339.0 153893.0 154794.0 154388.0 152963.0 150761.0
4 1.0 7.434359807662325 22.02919714188087 -0.8114403152222077 0.33761168739152214 -0.13842472487545376 0.14138730477234193 0.06659471651619406 -0.2566307381265307 9758.0 22430.0 38504.0 55413.0 71214.0 84821.0 95822.0 104233.0 110288.0 114314.0 116657.0 117638.0 117541.0 116608.0 115036.0 112989.0
5 1.0 273.01631538101094 37.895112490022214 -0.8114403152222077 0.33761168739152214 -0.13842472487545376 0.14138730477234193 0.06659471651619406 -0.2566307381265307 16435.0 40866.0 73118.0 107469.0 139420.0 166479.0 187775.0 203434.0 214081.0 220518.0 223556.0 223927.0 222253.0 219049.0 214728.0 209616.0
6 1.0 115.20617429608842 -53.113736347253685 -0.8114403152222077 0.33761168739152214 -0.13842472487545376 0.14138730477234193 0.06659471651619406 -0.2566307381265307 20217.0 47857.0 82909.0 119171.0 152129.0 179484.0 200589.0 215756.0 225745.0 231451.0 233740.0 233379.0 231011.0 227158.0 222237.0 216575.0
7 1.0 138.04700190188328 -28.494339324348218 -0.8114403152222077 0.33761168739152214 -0.13842472487545376 0.14138730477234193 0.06659471651619406 -0.2566307381265307 20346.0 43271.0 70034.0 96251.0 119204.0 137746.0 151743.0 161597.0 167922.0 171370.0 172542.0 171958.0 170047.0 167158.0 163565.0 159482.0
8 1.0 211.79416087929806 31.723646809943318 -0.8114403152222077 0.33761168739152214 -0.13842472487545376 0.14138730477234193 0.06659471651619406 -0.2566307381265307 2859.0 8328.0 16878.0 27448.0 38724.0 49628.0 59465.0 67880.0 74765.0 80167.0 84216.0 87077.0 88926.0 89929.0 90236.0 89982.0
9 1.0 299.17744388502854 68.26225734563889 -0.8114403152222077 0.33761168739152214 -0.13842472487545376 0.14138730477234193 0.06659471651619406 -0.2566307381265307 16561.0 41244.0 73846.0 108566.0 140843.0 168155.0 189625.0 205389.0 216083.0 222524.0 225535.0 225855.0 224118.0 220841.0 216443.0 211252.0
10 1.0 226.43346369281355 7.86204968905713 -0.8114403152222077 0.33761168739152214 -0.13842472487545376 0.14138730477234193 0.06659471651619406 -0.2566307381265307 6156.0 16767.0 32217.000000000004 50162.0 68256.0 84844.0 99032.0 110508.0 119319.0 125709.99999999999 130006.00000000001 132548.0 133656.0 133618.0 132678.0 131039.99999999999
11 1.0 314.1542359610623 -39.11406282980341 -0.8114403152222077 0.33761168739152214 -0.13842472487545376 0.14138730477234193 0.06659471651619406 -0.2566307381265307 3679.0 10012.0 19334.0 30331.0 41620.0 52180.0 61421.0 69095.0 75181.0 79786.0 83081.0 85253.0 86491.0 86961.0 86815.0 86179.0
12 1.0 98.47513253362888 -84.55765355892314 -0.8114403152222077 0.33761168739152214 -0.13842472487545376 0.14138730477234193 0.06659471651619406 -0.2566307381265307 10778.0 28850.0 54377.0 83057.0 110966.0 135596.0 155798.0 171358.0 182595.0 190070.0 194413.0 196229.0 196054.0 194345.0 191479.0 187760.0
13 1.0 287.29686020852296 37.8606292153584 -0.8114403152222077 0.33761168739152214 -0.13842472487545376 0.14138730477234193 0.06659471651619406 -0.2566307381265307 20314.0 47575.0 81900.0 117263.0 149336.0 175930.0 196446.0 211199.0 220929.0 226504.0 228762.0 228443.0 226170.0 222450.0 217685.0 212194.0
14 1.0 66.8289399501428 -88.58086136848073 -0.8114403152222077 0.33761168739152214 -0.13842472487545376 0.14138730477234193 0.06659471651619406 -0.2566307381265307 9783.0 26478.0 50346.0 77451.0 104085.0 127813.00000000001 147463.0 162763.0 173961.0 181557.0 186129.0 188243.0 188408.0 187058.0 184558.0 181200.0
15 1.0 343.0049965099 -22.9177674322208 -0.8114403152222077 0.33761168739152214 -0.13842472487545376 0.14138730477234193 0.06659471651619406 -0.2566307381265307 2104.0 5602.0 10710.0 16737.0 22960.0 28835.0 34035.0 38412.0 41940.0 44663.0 46665.0 48043.0 48894.0 49310.0 49373.0 49154.0
16 1.0 247.4957794996135 5.496698621300723 -0.8114403152222077 0.33761168739152214 -0.13842472487545376 0.14138730477234193 0.06659471651619406 -0.2566307381265307 9498.0 25616.0 48614.0 74724.0 100403.0 123319.0 142345.0 157209.0 168141.0 175611.0 180165.0 182344.0 182632.0 181447.0 179137.0 175986.0
17 1.0 77.58276376088104 75.98006311809476 -0.8114403152222077 0.33761168739152214 -0.13842472487545376 0.14138730477234193 0.06659471651619406 -0.2566307381265307 8436.0 23340.0 45091.0 70210.0 95254.0 117867.0 136845.0 151837.0 163004.0 170767.0 175641.0 178141.0 178742.0 177853.0 175818.0 172921.0
18 1.0 341.0534125760127 -73.89098189407798 -0.8114403152222077 0.33761168739152214 -0.13842472487545376 0.14138730477234193 0.06659471651619406 -0.2566307381265307 5095.0 14585.0 29036.0 46421.0 64458.0 81405.0 96229.0 108485.0 118124.0 125319.00000000001 130358.0 133559.0 135237.0 135678.0 135132.0 133812.0
19 1.0 263.1080904372568 -16.930382045708924 -0.8114403152222077 0.33761168739152214 -0.13842472487545376 0.14138730477234193 0.06659471651619406 -0.2566307381265307 10401.0 27634.0 51879.0 79088.0 105585.0 129017.0 148297.0 163215.0 174058.0 181343.0 185655.0 187558.0 187558.0 186085.0 183493.0 180072.0
20 1.0 91.4189913342093 -85.6236240521716 -0.8114403152222077 0.33761168739152214 -0.13842472487545376 0.14138730477234193 0.06659471651619406 -0.2566307381265307 10394.0 27948.0 52861.0 80969.0 108423.0 132739.0 152756.0 168237.0 179474.0 187006.0 191442.0 193374.0 193329.0 191756.0 189026.0 185441.0
21 1.0 76.79231185229351 -28.33002281851374 -0.8114403152222077 0.33761168739152214 -0.13842472487545376 0.14138730477234193 0.06659471651619406 -0.2566307381265307 10245.0 27706.0 52579.0 80702.0 108207.0 132586.0 152666.0 168202.0 179483.0 187047.0 191506.0 193453.0 193418.0 191849.0 189121.0 185534.0
22 1.0 186.55225701503878 22.00159059116308 -0.8114403152222077 0.33761168739152214 -0.13842472487545376 0.14138730477234193 0.06659471651619406 -0.2566307381265307 1867.0 5232.0 10359.0 16602.0 23210.0 29580.0 35328.0 40259.0 44318.0 47530.0 49968.0 51727.0 52905.0 53596.0 53886.0 53849.0
23 1.0 9.238578499631366 -39.767769318852295 -0.8114403152222077 0.33761168739152214 -0.13842472487545376 0.14138730477234193 0.06659471651619406 -0.2566307381265307 1448.0 4457.0 9425.0 15862.000000000002 23018.0 30206.0 36928.0 42885.0 47940.0 52069.0 55315.0 57758.0 59496.0 60627.0 61249.0 61447.0
24 1.0 74.68922715879938 -52.245009061985684 -0.8114403152222077 0.33761168739152214 -0.13842472487545376 0.14138730477234193 0.06659471651619406 -0.2566307381265307 10116.0 27389.0 52031.0 79935.0 107266.0 131528.0 151542.0 167054.0 178342.0 185934.0 190437.0 192435.0 192454.0 190942.0 188270.0 184738.0
25 1.0 152.88676875054225 -69.17341800112314 -0.8114403152222077 0.33761168739152214 -0.13842472487545376 0.14138730477234193 0.06659471651619406 -0.2566307381265307 18333.0 44503.0 78363.0 113894.0 146548.0 173910.0 195216.0 210693.0 221040.0 227115.0 229763.0 229739.0 227681.0 224111.0 219446.0 214013.0
26 1.0 134.7011929203212 13.88524392366152 -0.8114403152222077 0.33761168739152214 -0.13842472487545376 0.14138730477234193 0.06659471651619406 -0.2566307381265307 5620.0 13620.0 24321.0 36087.0 47519.0 57731.0 66302.0 73129.0 78299.0 81993.0 84426.0 85812.0 86348.0 86208.0 85538.0 84461.0
27 1.0 166.88715277133184 35.14860106284348 -0.8114403152222077 0.33761168739152214 -0.13842472487545376 0.14138730477234193 0.06659471651619406 -0.2566307381265307 1487.0 4345.0 8863.0 14526.0 20661.0 26691.0 32227.0 37051.0 41081.0 44319.0 46822.0 48669.0 49949.0 50750.0 51152.0 51228.0
28 1.0 99.94633426610349 30.95228530724802 -0.8114403152222077 0.33761168739152214 -0.13842472487545376 0.14138730477234193 0.06659471651619406 -0.2566307381265307 6878.0 18777.0 36073.0 56086.0 76162.0 94455.0 109992.0 122456.0 131930.0 138710.0 143174.0 145712.0 146687.0 146419.0 145181.0 143198.0
29 1.0 211.24236472494076 80.79498372969132 -0.8114403152222077 0.33761168739152214 -0.13842472487545376 0.14138730477234193 0.06659471651619406 -0.2566307381265307 7189.0 20218.0 39578.0 62297.0 85289.0 106348.0 124284.0 138681.0 149614.0 157414.0 162519.0 165386.0 166438.0 166052.0 164546.0 162185.0
0 1.0 310.9880181323633 -89.51342149916951 -0.8114403152222077 0.33761168739152214 -0.13842472487545376 0.14138730477234193 0.06659471651619406 -0.2566307381265307 9679.0 26218.0 49888.0 76796.0 103263.0 126865.0 146432.0 161685.0 172865.0 180465.0 185057.0 187200.0 187402.0 186093.0 183635.0 180321.0
1 1.0 42.31146814633191 26.49539770092649 -0.8114403152222077 0.33761168739152214 -0.13842472487545376 0.14138730477234193 0.06659471651619406 -0.2566307381265307 8776.0 23220.0 43605.0 66635.0 89263.0 109488.0 126343.00000000001 139589.0 149413.0 156213.0 160456.0 162603.0 163075.0 162231.0 160376.0 157758.0
2 1.0 186.2564785754811 18.070602677575124 -0.8114403152222077 0.33761168739152214 -0.13842472487545376 0.14138730477234193 0.06659471651619406 -0.2566307381265307 2079.0 5703.0 11122.0 17623.0 24416.0 30889.0 36667.0 41573.0 45566.0 48690.0 51031.0 52689.0 53769.0 54370.0 54577.0 54468.0
3 1.0 47.54451828425519 15.973129794651868 -0.8114403152222077 0.33761168739152214 -0.13842472487545376 0.14138730477234193 0.06659471651619406 -0.2566307381265307 7542.0 20471.0 39133.0 60588.0 81975.0 101342.0 117685.0 130698.00000000001 140502.0 147433.0 151909.0 154353.0 155159.0 154668.0 153170.0 150904.0
4 1.0 258.06948522933374 83.29865757124364 -0.8114403152222077 0.33761168739152214 -0.13842472487545376 0.14138730477234193 0.06659471651619406 -0.2566307381265307 9558.0 26066.0 49796.0 76841.0 103483.0 127263.99999999999 146988.0 162368.0 173644.0 181311.0 185944.0 188110.0 188318.0 187005.0 184533.0 181199.0
5 1.0 142.58149301062573 -86.96309879339286 -0.8114403152222077 0.33761168739152214 -0.13842472487545376 0.14138730477234193 0.06659471651619406 -0.2566307381265307 10918.0 29164.0 54881.0 83726.0 111754.0 136456.0 156689.0 172250.0 183467.0 190908.0 195209.0 196978.0 196756.0 195001.0 192090.0 188328.0
6 1.0 203.55167226906323 35.36683752626102 -0.8114403152222077 0.33761168739152214 -0.13842472487545376 0.14138730477234193 0.06659471651619406 -0.2566307381265307 2132.0 6351.0 13104.0 21625.0 30879.0 39972.0 48298.0 55525.0 61529.0 66322.0 69992.0 72665.0 74480.0 75570.0 76060.0 76059.0
7 1.0 65.9807410370683 56.462156946335426 -0.8114403152222077 0.33761168739152214 -0.13842472487545376 0.14138730477234193 0.06659471651619406 -0.2566307381265307 9182.0 25175.0 48280.0 74725.0 100875.0 124297.0 143793.0 159054.0 170297.0 177992.0 182698.0 184965.0 185292.0 184108.0 181769.0 178568.0
8 1.0 52.1451933636158 1.7652953918851466 -0.8114403152222077 0.33761168739152214 -0.13842472487545376 0.14138730477234193 0.06659471651619406 -0.2566307381265307 6575.0 18247.0 35438.0 55516.0 75798.0 94377.0 110229.0 122995.0 132740.0 139749.0 144397.0 147079.0 148162.0 147971.0 146783.0 144830.0
9 1.0 175.70026103362363 -29.886323472574354 -0.8114403152222077 0.33761168739152214 -0.13842472487545376 0.14138730477234193 0.06659471651619406 -0.2566307381265307 15389.0 33359.0 54804.0 76229.0 95345.0 111091.0 123246.0 132050.0 137949.0 141441.0 143002.0 143051.0 141940.0 139956.0 137333.0 134252.0
10 1.0 128.020585625984 52.35122938093289 -0.8114403152222077 0.33761168739152214 -0.13842472487545376 0.14138730477234193 0.06659471651619406 -0.2566307381265307 3601.0 10365.0 20768.0 33422.0 46708.0 59356.0 70585.0 80029.0 87613.0 93431.0 97665.0 100530.0 102245.0 103012.0 103010.0 102395.0
11 1.0 338.5555002910127 -72.49627338616357 -0.8114403152222077 0.33761168739152214 -0.13842472487545376 0.14138730477234193 0.06659471651619406 -0.2566307381265307 4835.0 13877.0 27697.0 44378.0 61743.0 78114.0 92488.0 104421.0 113852.0 120937.0 125942.0 129170.0 130920.00000000001 131465.0 131045.0 129865.00000000001
12 1.0 275.5170913705075 -10.43358520861345 -0.8114403152222077 0.33761168739152214 -0.13842472487545376 0.14138730477234193 0.06659471651619406 -0.2566307381265307 11026.0 28309.0 51999.0 78127.0 103264.0 125299.0 143304.0 157150.0 167151.0 173814.0 177700.0 179343.0 179217.0 177722.0 175190.0 171891.0
13 1.0 269.51890314619703 3.5914274227508827 -0.8114403152222077 0.33761168739152214 -0.13842472487545376 0.14138730477234193 0.06659471651619406 -0.2566307381265307 12705.0 32578.999999999996 59656.0 89290.0 117547.0 142069.0 161875.0 176891.0 187532.0 194416.0 198205.0 199519.0 198900.0 196803.0 193600.0 189591.0
14 1.0 325.33910630853603 34.91215396821855 -0.8114403152222077 0.33761168739152214 -0.13842472487545376 0.14138730477234193 0.06659471651619406 -0.2566307381265307 21516.0 45774.0 74077.0 101768.0 125975.0 145491.0 160185.0 170493.0 177069.0 180609.0 181750.0 181044.0 178945.0 175820.0 171959.0 167590.0
15 1.0 30.032076759126678 -73.6405682341663 -0.8114403152222077 0.33761168739152214 -0.13842472487545376 0.14138730477234193 0.06659471651619406 -0.2566307381265307 6058.0 17242.0 34110.0 54188.0 74790.0 93923.0 110455.0 123938.0 134374.0 142009.0 147201.0 150338.0 151789.0 151887.0 150918.0 149121.0
16 1.0 198.78928917206636 -49.00328972318503 -0.8114403152222077 0.33761168739152214 -0.13842472487545376 0.14138730477234193 0.06659471651619406 -0.2566307381265307 16260.0 38719.0 67572.0 97863.0 125849.99999999999 149511.0 168168.0 181956.0 191415.0 197232.0 200092.0 200620.0 199347.0 196717.0 193084.0 188732.0
17 1.0 210.4113848240768 -16.14571871577739 -0.8114403152222077 0.33761168739152214 -0.13842472487545376 0.14138730477234193 0.06659471651619406 -0.2566307381265307 8245.0 20809.0 37973.0 56990.0 75457.0 91855.0 105476.0 116173.0 124118.0 129639.0 133111.0 134903.0 135348.0 134732.0 133298.0 131242.0
18 1.0 346.2970962770024 22.193041143623518 -0.8114403152222077 0.33761168739152214 -0.13842472487545376 0.14138730477234193 0.06659471651619406 -0.2566307381265307 13723.0 29171.0 47211.0 64911.0 80455.0 93075.0 102673.0 109509.0 113982.0 116521.0 117521.0 117326.0 116222.0 114441.0 112168.0 109549.0
19 1.0 105.17310964531758 69.65294061913514 -0.8114403152222077 0.33761168739152214 -0.13842472487545376 0.14138730477234193 0.06659471651619406 -0.2566307381265307 6176.0 17519.0 34553.0 54750.0 75399.0 94511.0 110970.0 124349.0 134662.0 142171.0 147242.0 150267.0 151619.0 151630.0 150587.0 148729.0
20 1.0 86.69836076956085 21.388710283447764 -0.8114403152222077 0.33761168739152214 -0.13842472487545376 0.14138730477234193 0.06659471651619406 -0.2566307381265307 8491.0 23185.0 44405.0 68738.0 92883.0 114612.0 132808.0 147161.0 157841.0 165261.0 169916.0 172302.0 172871.0 172016.0 170065.0 167287.0
21 1.0 36.10581921557922 -65.9769352317118 -0.8114403152222077 0.33761168739152214 -0.13842472487545376 0.14138730477234193 0.06659471651619406 -0.2566307381265307 5087.0 14761.0 29636.0 47630.0 66356.0 83973.0 99386.0 112120.0 122118.0 129565.00000000001 134761.0 138044.0 139743.0 140161.0 139557.0 138156.0
22 1.0 5.9146666529307135 86.50442390171082 -0.8114403152222077 0.33761168739152214 -0.13842472487545376 0.14138730477234193 0.06659471651619406 -0.2566307381265307 10213.0 27626.0 52437.0 80498.0 107950.0 132291.0 152346.0 167867.0 179143.0 186708.0 191174.0 193131.0 193107.0 191551.0 188835.0 185262.0
23 1.0 334.6305540451886 66.92143225598872 -0.8114403152222077 0.33761168739152214 -0.13842472487545376 0.14138730477234193 0.06659471651619406 -0.2566307381265307 18282.0 44121.0 77457.0 112402.0 144519.0 171450.0 192449.0 207730.0 217976.0 224024.0 226698.0 226739.0 224771.0 221307.0 216757.0 211444.0
24 1.0 241.16995677272763 0.4897370061583217 -0.8114403152222077 0.33761168739152214 -0.13842472487545376 0.14138730477234193 0.06659471651619406 -0.2566307381265307 8781.0 23718.0 45106.0 69486.0 93573.0 115177.0 133217.0 147407.0 157934.0 165216.0 169754.0 172042.0 172531.0 171612.0 169610.0 166793.0
25 1.0 282.6550483283296 76.02263672339393 -0.8114403152222077 0.33761168739152214 -0.13842472487545376 0.14138730477234193 0.06659471651619406 -0.2566307381265307 12395.0 32571.999999999996 60525.0 91417.0 121036.0 146812.0 167653.0 183450.0 194628.0 201839.0 205784.0 207122.0 206427.0 204182.0 200783.0 196543.0
26 1.0 101.42283807142167 7.448542876284435 -0.8114403152222077 0.33761168739152214 -0.13842472487545376 0.14138730477234193 0.06659471651619406 -0.2566307381265307 9854.0 25330.0 46670.0 70377.0 93372.0 113707.0 130488.0 143546.0 153118.0 159638.0 163596.0 165466.0 165675.0 164589.0 162512.0 159693.0
27 1.0 211.1076598270776 76.19509222004936 -0.8114403152222077 0.33761168739152214 -0.13842472487545376 0.14138730477234193 0.06659471651619406 -0.2566307381265307 6309.0 17975.0 35550.0 56428.0 77795.0 97580.0 114618.0 128459.99999999999 139122.0 146874.0 152095.0 155194.0 156559.0 156535.0 155420.0 153463.0
28 1.0 23.023895803553206 59.38152634860177 -0.8114403152222077 0.33761168739152214 -0.13842472487545376 0.14138730477234193 0.06659471651619406 -0.2566307381265307 14456.0 36146.0 65085.00000000001 96263.0 125614.0 150797.0 170909.0 185967.0 196463.0 203081.0 206528.0 207459.0 206438.0 203938.0 200339.0 195948.0
29 1.0 174.82593453646425 84.29155385297352 -0.8114403152222077 0.33761168739152214 -0.13842472487545376 0.14138730477234193 0.06659471651619406 -0.2566307381265307 7307.0 20518.0 40112.0 63070.0 86269.0 107490.0 125539.00000000001 140005.0 150971.0 158778.0 163869.0 166707.0 167722.0 167291.0 165738.0 163327.0
0 1.0 351.89825030800085 75.5609059400685 -0.8114403152222077 0.33761168739152214 -0.13842472487545376 0.14138730477234193 0.06659471651619406 -0.2566307381265307 14439.0 36829.0 67050.0 99791.0 130675.99999999999 157165.0 178277.0 194026.0 204941.0 211757.0 215232.0 216064.0 214855.0 212105.0 208218.0 203516.0
1 1.0 315.54188831397266 -83.5139128628575 -0.8114403152222077 0.33761168739152214 -0.13842472487545376 0.14138730477234193 0.06659471651619406 -0.2566307381265307 7934.0 21894.0 42299.0 65949.0 89643.0 111158.0 129335.0 143807.0 154694.0 162366.0 167293.0 169950.0 170779.0 170164.0 168433.0 165853.0
2 1.0 121.73722266126443 -58.54103925103081 -0.8114403152222077 0.33761168739152214 -0.13842472487545376 0.14138730477234193 0.06659471651619406 -0.2566307381265307 20134.0 47815.0 82992.0 119425.0 152560.0 180070.0 201297.0 216551.0 226597.0 232334.0 234634.0 234269.0 231885.0 228010.0 223062.0 217369.0
3 1.0 346.16525563493946 -19.95575812178656 -0.8114403152222077 0.33761168739152214 -0.13842472487545376 0.14138730477234193 0.06659471651619406 -0.2566307381265307 2161.0 5676.0 10750.0 16688.0 22781.0 28506.0 33555.0 37795.0 41206.0 43836.0 45769.0 47098.0 47919.0 48320.0 48380.0 48167.0
4 1.0 83.41258552963363 81.38568551317573 -0.8114403152222077 0.33761168739152214 -0.13842472487545376 0.14138730477234193 0.06659471651619406 -0.2566307381265307 8390.0 23228.0 44895.0 69932.0 94908.0 117470.0 136414.0 151387.0 162546.0 170309.0 175189.0 177700.0 178314.0 177440.0 175422.0 172541.0
5 1.0 341.75477606964535 -35.99479449433267 -0.8114403152222077 0.33761168739152214 -0.13842472487545376 0.14138730477234193 0.06659471651619406 -0.2566307381265307 1776.0 5063.0 10145.0 16405.0 23091.0 29581.0 35471.0 40546.0 44735.0 48055.0 50576.0 52391.0 53600.0 54299.0 54578.0 54515.0
6 1.0 338.8959736943395 -61.11582410023181 -0.8114403152222077 0.33761168739152214 -0.13842472487545376 0.14138730477234193 0.06659471651619406 -0.2566307381265307 3021.0 8881.0 18105.0 29558.0 41808.0 53672.0 64376.0 73524.0 80992.0 86826.0 91168.0 94203.0 96122.0 97112.0 97339.0 96953.0
7 1.0 287.71293144686103 69.53483989558077 -0.8114403152222077 0.33761168739152214 -0.13842472487545376 0.14138730477234193 0.06659471651619406 -0.2566307381265307 14791.0 37698.0 68553.0 101901.0 133278.0 160115.0 181440.0 197288.0 208218.0 214985.0 218370.0 219085.0 217744.0 214855.0 210827.0 205986.0
8 1.0 226.9612572720448 -9.649005213023472 -0.8114403152222077 0.33761168739152214 -0.13842472487545376 0.14138730477234193 0.06659471651619406 -0.2566307381265307 8129.000000000001 21560.0 40582.0 62150.0 83423.0 102519.0 118508.0 131145.0 140585.0 147187.0 151378.0 153584.0 154196.0 153552.0 151937.0 149585.0
9 1.0 314.7436679849809 73.41760698377868 -0.8114403152222077 0.33761168739152214 -0.13842472487545376 0.14138730477234193 0.06659471651619406 -0.2566307381265307 15578.0 39239.0 70809.0 104694.0 136403.0 163396.0 184747.0 200535.0 211348.0 217970.0 221194.0 221745.0 220241.0 217195.0 213019.0 208039.0
10 1.0 105.48730242280682 -61.15851606237421 -0.8114403152222077 0.33761168739152214 -0.13842472487545376 0.14138730477234193 0.06659471651619406 -0.2566307381265307 16724.0 41604.0 74423.0 109335.0 141756.0 169161.0 190681.0 206459.0 217143.0 223558.0 226530.0 226807.0 225023.0 221698.0 217253.0 212016.0
11 1.0 305.61967991265055 29.00115207145791 -0.8114403152222077 0.33761168739152214 -0.13842472487545376 0.14138730477234193 0.06659471651619406 -0.2566307381265307 21409.0 46687.0 76840.0 106830.0 133385.0 155024.0 171485.0 183162.0 190730.0 194928.0 196452.0 195906.0 193794.0 190523.0 186417.0 181732.0
12 1.0 222.43560909030856 -10.75252449069147 -0.8114403152222077 0.33761168739152214 -0.13842472487545376 0.14138730477234193 0.06659471651619406 -0.2566307381265307 7912.000000000001 20802.0 38956.0 59480.0 79694.0 97830.0 113019.0 125033.0 134021.0 140322.0 144341.0 146479.0 147106.0 146540.0 145051.0 142860.0
13 1.0 4.765268793203816 -76.23238157454863 -0.8114403152222077 0.33761168739152214 -0.13842472487545376 0.14138730477234193 0.06659471651619406 -0.2566307381265307 5718.0 16292.999999999998 32287.999999999996 51391.0 71058.0 89386.0 105281.0 118296.0 128417.0 135867.0 140978.0 144117.0 145632.0 145840.0 145014.0 143384.0
14 1.0 125.00406645559904 35.363366037450106 -0.8114403152222077 0.33761168739152214 -0.13842472487545376 0.14138730477234193 0.06659471651619406 -0.2566307381265307 4039.0 11108.0 21581.0 33971.0 46703.0 58609.0 69012.0 77631.0 84443.0 89575.0 93221.0 95601.0 96927.0 97392.0 97167.0 96397.0
15 1.0 53.330709941339414 -45.46822400295233 -0.8114403152222077 0.33761168739152214 -0.13842472487545376 0.14138730477234193 0.06659471651619406 -0.2566307381265307 5367.0 15509.0 31021.0 49695.0 69040.0 87162.0 102948.0 115932.0 126076.0 133587.0 138783.0 142019.0 143639.0 143953.0 143231.0 141702.0
16 1.0 353.45858033457114 -82.86920593568681 -0.8114403152222077 0.33761168739152214 -0.13842472487545376 0.14138730477234193 0.06659471651619406 -0.2566307381265307 7466.0 20749.0 40307.0 63116.00000000001 86096.0 107075.0 124895.0 139164.0 149973.0 157663.0 162673.0 165460.0 166449.0 166012.0 164467.0 162075.0
17 1.0 172.2133105343957 -79.21002631507682 -0.8114403152222077 0.33761168739152214 -0.13842472487545376 0.14138730477234193 0.06659471651619406 -0.2566307381265307 13984.0 35973.0 65853.0 98378.0 129171.00000000001 155659.0 176831.0 192672.0 203694.0 210620.0 214201.0 215132.0 214014.0 211346.0 207533.0 202897.0
18 1.0 179.06089157951857 -79.00586332797828 -0.8114403152222077 0.33761168739152214 -0.13842472487545376 0.14138730477234193 0.06659471651619406 -0.2566307381265307 13877.0 35740.0 65486.0 97896.0 128604.0 155041.0 176188.0 192025.0 203059.0 210004.0 213611.0 214572.0 213484.0 210846.0 207062.0 202455.0
19 1.0 230.2101059035405 73.39193234730709 -0.8114403152222077 0.33761168739152214 -0.13842472487545376 0.14138730477234193 0.06659471651619406 -0.2566307381265307 7270.0 20414.0 39919.0 62785.99999999999 85908.0 107071.0 125082.0 139529.0 150489.0 158299.0 163402.0 166256.0 167289.0 166878.0 165345.0 162954.0
20 1.0 132.6904582066623 43.17910520923817 -0.8114403152222077 0.33761168739152214 -0.13842472487545376 0.14138730477234193 0.06659471651619406 -0.2566307381265307 3138.0 8915.0 17735.0 28427.0 39645.0 50332.0 59837.0 67852.0 74308.0 79281.0 82920.0 85404.0 86914.0 87619.0 87672.0 87202.0
21 1.0 49.284097806815616 71.6512242984723 -0.8114403152222077 0.33761168739152214 -0.13842472487545376 0.14138730477234193 0.06659471651619406 -0.2566307381265307 10711.0 28771.0 54324.0 83059.0 111028.0 135712.0 155954.0 171540.0 182790.0 190269.0 194608.0 196414.0 196227.0 194505.0 191625.0 187892.0
22 1.0 295.9623839499284 31.064816033373845 -0.8114403152222077 0.33761168739152214 -0.13842472487545376 0.14138730477234193 0.06659471651619406 -0.2566307381265307 21224.0 47791.0 80293.0 113173.0 142636.0 166865.0 185439.0 198721.0 207423.0 212349.0 214267.0 213851.0 211663.0 208164.0 203717.0 198609.0
23 1.0 68.34524828499286 5.2091872255589635 -0.8114403152222077 0.33761168739152214 -0.13842472487545376 0.14138730477234193 0.06659471651619406 -0.2566307381265307 8386.0 23193.0 44783.0 69697.0 94524.0 116932.0 135734.0 150586.0 161651.0 169345.0 174180.0 176665.0 177270.0 176399.0 174394.0 171534.0
24 1.0 184.07483371672416 -35.19965441747191 -0.8114403152222077 0.33761168739152214 -0.13842472487545376 0.14138730477234193 0.06659471651619406 -0.2566307381265307 15675.999999999998 34991.0 58656.0 82767.0 104614.0 122842.0 137079.0 147520.0 154625.0 158940.0 161001.0 161284.0 160198.0 158078.0 155193.0 151760.0
25 1.0 80.75413043090613 89.63320523916121 -0.8114403152222077 0.33761168739152214 -0.13842472487545376 0.14138730477234193 0.06659471651619406 -0.2566307381265307 9081.0 24925.0 47849.0 74123.0 100136.0 123464.0 142906.0 158145.0 169390.0 177104.0 181840.0 184145.0 184512.0 183370.0 181073.0 177913.0
26 1.0 35.22401441785226 -24.805969390909922 -0.8114403152222077 0.33761168739152214 -0.13842472487545376 0.14138730477234193 0.06659471651619406 -0.2566307381265307 2933.0 8613.0 17525.0 28554.0 40311.0 51662.0 61876.0 70587.0 77687.0 83231.0 87357.0 90244.0 92076.0 93030.0 93264.0 92918.0
27 1.0 310.388946271806 -5.28318914149628 -0.8114403152222077 0.33761168739152214 -0.13842472487545376 0.14138730477234193 0.06659471651619406 -0.2566307381265307 9400.0 21437.0 36592.0 52440.0 67180.0 79825.0 90016.0 97783.0 103357.0 107048.0 109180.0 110054.0 109933.0 109040.0 107560.0 105642.0
28 1.0 350.2510160483269 -21.915868513776886 -0.8114403152222077 0.33761168739152214 -0.13842472487545376 0.14138730477234193 0.06659471651619406 -0.2566307381265307 1864.0 5053.0 9786.0 15443.0 21344.0 26963.0 31975.000000000004 36224.0 39674.0 42361.0 44357.0 45754.0 46642.0 47108.0 47231.0 47077.0
29 1.0 345.90047690268005 86.31484728038254 -0.8114403152222077 0.33761168739152214 -0.13842472487545376 0.14138730477234193 0.06659471651619406 -0.2566307381265307 10439.0 28152.0 53313.0 81697.0 109403.0 133917.0 154070.0 169632.0 180904.0 188435.0 192846.0 194736.0 194637.0 193004.0 190212.0 186564.0
