idx D_km lam beta x1 y1 z1 x2 y2 z2 flux5 flux6 flux7 flux8 flux9 flux10 flux11 flux12 flux13 flux14 flux15 flux16 flux17 flux18 flux19 flux20
0 1.0 197.5728614138369 73.17998985981222 0.26876467171860613 -0.7892724901605473 -0.305026297573598 0.19312933719266684 0.10080880142543232 0.08190357243430907 16944.0 44428.0 82761.0 125580.0 167188.0 203967.0 234254.0 257733.0 274851.0 286411.0 293318.0 296448.0 296585.0 294396.0 290439.0 285164.0
1 1.0 257.468171894071 49.328519885754986 0.26876467171860613 -0.7892724901605473 -0.305026297573598 0.19312933719266684 0.10080880142543232 0.08190357243430907 16365.999999999998 43384.0 81404.0 124145.0 165876.0 202904.0 233499.0 257294.00000000003 274709.0 286532.0 293663.0 296980.0 297270.0 295205.0 291345.0 286147.0
2 1.0 216.99481538579178 -30.033872634844457 0.26876467171860613 -0.7892724901605473 -0.305026297573598 0.19312933719266684 0.10080880142543232 0.08190357243430907 2889.0 9060.0 19362.0 32770.0 47685.0 62638.0 76572.0 88869.0 99258.0 107703.0 114309.0 119256.0 122752.0 125008.00000000001 126225.0 126582.0
3 1.0 196.15794587888288 -75.40174980216058 0.26876467171860613 -0.7892724901605473 -0.305026297573598 0.19312933719266684 0.10080880142543232 0.08190357243430907 9037.0 25314.0 49584.0 78284.0 107632.0 134859.0 158399.0 177639.0 192584.0 203579.0 211124.0 215759.0 218002.0 218317.0 217106.0 214708.0
4 1.0 152.5157277620057 -16.69658914551468 0.26876467171860613 -0.7892724901605473 -0.305026297573598 0.19312933719266684 0.10080880142543232 0.08190357243430907 30980.0 74195.0 129645.00000000001 187575.0 240698.0 285176.0 319816.0 344999.0 361864.0 371798.0 376166.0 376188.0 372896.0 367137.0 359585.0 350774.0
5 1.0 232.5218807039962 -48.19785440923031 0.26876467171860613 -0.7892724901605473 -0.305026297573598 0.19312933719266684 0.10080880142543232 0.08190357243430907 3114.0 9196.0 18853.0 30963.0 44057.0 56889.0 68623.0 78809.0 87284.0 94068.0 99288.0 103117.0 105748.0 107367.0 108144.0 108232.0
6 1.0 157.5313960545693 -66.15222574356306 0.26876467171860613 -0.7892724901605473 -0.305026297573598 0.19312933719266684 0.10080880142543232 0.08190357243430907 12030.0 33576.0 65369.0 102486.0 139900.0 174065.0 203092.0 226344.0 243969.0 256518.00000000003 264712.0 269290.0 270943.0 270276.0 267806.0 263957.0
7 1.0 321.03828028154874 -80.38310727837145 0.26876467171860613 -0.7892724901605473 -0.305026297573598 0.19312933719266684 0.10080880142543232 0.08190357243430907 11599.0 31139.0 59192.0 91395.0 123520.0 152675.0 177361.0 197109.0 212079.0 222757.0 229754.0 233698.0 235167.0 234671.0 232642.0 229438.0
8 1.0 346.91859378037054 40.60698555790418 0.26876467171860613 -0.7892724901605473 -0.305026297573598 0.19312933719266684 0.10080880142543232 0.08190357243430907 16948.0 45599.0 86326.0 132362.0 177420.0 217415.0 250417.0 276013.0 294657.0 307218.0 314687.0 318027.0 318101.0 315646.0 311271.0 305474.0
9 1.0 138.03894677727996 -87.94305744749441 0.26876467171860613 -0.7892724901605473 -0.305026297573598 0.19312933719266684 0.10080880142543232 0.08190357243430907 11423.0 31424.0 60654.0 94599.0 128729.00000000001 159874.0 186352.0 207601.0 223754.0 235308.0 242908.0 247221.0 248866.0 248392.0 246264.0 242868.0
10 1.0 285.02101370975925 48.70453473049972 0.26876467171860613 -0.7892724901605473 -0.305026297573598 0.19312933719266684 0.10080880142543232 0.08190357243430907 19320.0 50024.0 92281.0 138936.0 183784.0 223012.0 254961.0 279419.0 296969.0 308543.0 315162.0 317791.0 317286.0 314369.0 309633.0 303558.0
11 1.0 190.40217111104562 -63.549603827932486 0.26876467171860613 -0.7892724901605473 -0.305026297573598 0.19312933719266684 0.10080880142543232 0.08190357243430907 8237.0 23473.0 46556.0 74203.0 102776.0 129535.00000000001 152880.0 172141.0 187261.0 198536.0 206426.0 211439.0 214073.0 214776.0 213940.0 211897.0
12 1.0 204.49604199381562 -75.68602513438397 0.26876467171860613 -0.7892724901605473 -0.305026297573598 0.19312933719266684 0.10080880142543232 0.08190357243430907 8703.0 24356.0 47701.0 75330.0 103620.0 129908.0 152685.0 171349.0 185895.0 196645.0 204072.0 208689.0 210991.0 211423.0 210370.0 208158.0
13 1.0 333.214789785358 -73.87145383705104 0.26876467171860613 -0.7892724901605473 -0.305026297573598 0.19312933719266684 0.10080880142543232 0.08190357243430907 13008.0 34250.0 64237.0 98218.0 131761.0 161923.0 187239.0 207306.0 222357.0 232941.0 239720.0 243361.0 244473.0 243589.0 241157.0 237547.0
14 1.0 25.5729809512393 30.968605323704594 0.26876467171860613 -0.7892724901605473 -0.305026297573598 0.19312933719266684 0.10080880142543232 0.08190357243430907 4901.0 14778.0 30628.0 50557.0 72050.0 92969.0 111898.0 128096.99999999999 141324.0 151653.0 159333.0 164691.0 168073.0 169811.0 170204.0 169514.0
15 1.0 31.366547892554657 -45.83390222648794 0.26876467171860613 -0.7892724901605473 -0.305026297573598 0.19312933719266684 0.10080880142543232 0.08190357243430907 14914.0 40988.0 78762.0 122105.0 165068.0 203642.0 235832.0 261102.0 279785.0 292637.0 300565.0 304468.0 305161.0 303349.0 299620.0 294454.0
16 1.0 7.278623078517259 -14.302895997582283 0.26876467171860613 -0.7892724901605473 -0.305026297573598 0.19312933719266684 0.10080880142543232 0.08190357243430907 19259.0 51169.0 95843.0 145641.0 193745.0 235897.0 270219.0 296437.0 315175.0 327448.0 334370.0 336997.0 336262.0 332950.0 327705.0 321047.0
17 1.0 299.74314439725765 10.326382438305046 0.26876467171860613 -0.7892724901605473 -0.305026297573598 0.19312933719266684 0.10080880142543232 0.08190357243430907 27177.0 59682.0 98922.0 138460.0 173967.0 203367.0 226164.0 242746.0 253909.0 260562.00000000003 263585.0 263758.0 261741.0 258076.00000000003 253199.0 247458.0
18 1.0 280.13643034194615 64.89921128918289 0.26876467171860613 -0.7892724901605473 -0.305026297573598 0.19312933719266684 0.10080880142543232 0.08190357243430907 17333.0 46391.0 87499.0 133795.0 178976.0 218983.0 251923.0 277414.0 295935.0 308369.0 315715.0 318941.0 318913.0 316366.0 311911.0 306044.0
19 1.0 313.2043733688549 40.8679672880391 0.26876467171860613 -0.7892724901605473 -0.305026297573598 0.19312933719266684 0.10080880142543232 0.08190357243430907 23950.0 60319.0 109034.0 161618.0 211159.0 253664.99999999997 287597.0 312980.0 330651.0 341767.0 347531.0 349050.0 347280.0 343018.0 336912.0 329475.0
20 1.0 352.30260320379506 -41.34097705703137 0.26876467171860613 -0.7892724901605473 -0.305026297573598 0.19312933719266684 0.10080880142543232 0.08190357243430907 23454.0 57959.0 103705.0 152868.0 199146.0 238907.0 270749.0 294687.0 311477.0 322174.0 327874.0 329594.0 328217.0 324480.0 318983.0 312209.0
21 1.0 287.6970831180205 -66.33309612759703 0.26876467171860613 -0.7892724901605473 -0.305026297573598 0.19312933719266684 0.10080880142543232 0.08190357243430907 9110.0 23665.0 44205.0 67633.0 91007.0 112313.0 130491.0 145187.0 156489.0 164715.0 170280.0 173616.0 175128.0 175178.0 174074.0 172075.0
22 1.0 166.13257041105547 -80.03262232418437 0.26876467171860613 -0.7892724901605473 -0.305026297573598 0.19312933719266684 0.10080880142543232 0.08190357243430907 10840.0 30133.0 58588.0 91864.0 125511.00000000001 156366.0 182718.0 203969.0 220214.0 231923.0 239716.0 244242.0 246111.0 245860.0 243949.0 240762.0
23 1.0 280.99050346312396 -35.712245793430355 0.26876467171860613 -0.7892724901605473 -0.305026297573598 0.19312933719266684 0.10080880142543232 0.08190357243430907 8891.0 20271.0 34618.0 49677.0 63765.0 75947.0 85872.0 93547.0 99171.0 103021.0 105392.0 106562.0 106776.0 106242.0 105135.0 103596.0
24 1.0 42.57879331281596 -42.818733136857915 0.26876467171860613 -0.7892724901605473 -0.305026297573598 0.19312933719266684 0.10080880142543232 0.08190357243430907 13148.0 36464.0 70603.0 110167.0 149763.0 185664.0 215938.0 239989.0 258035.0 270711.0 278808.0 283128.0 284412.0 283303.0 280344.0 275985.0
25 1.0 230.3715676779086 -7.894697975913658 0.26876467171860613 -0.7892724901605473 -0.305026297573598 0.19312933719266684 0.10080880142543232 0.08190357243430907 3157.0 9366.0 19289.0 31815.000000000004 45447.0 58887.0 71244.0 82021.0 91022.0 98250.0 103822.0 107918.0 110734.0 112467.0 113297.0 113389.0
26 1.0 51.607183467256704 32.990640398582485 0.26876467171860613 -0.7892724901605473 -0.305026297573598 0.19312933719266684 0.10080880142543232 0.08190357243430907 2313.0 6965.0 14518.0 24180.0 34822.0 45432.0 55297.0 64005.00000000001 71378.0 77393.0 82124.0 85694.0 88244.0 89920.0 90858.0 91182.0
27 1.0 340.0808101378502 35.21258021499429 0.26876467171860613 -0.7892724901605473 -0.305026297573598 0.19312933719266684 0.10080880142543232 0.08190357243430907 21301.0 55591.0 102831.0 154825.0 204519.0 247647.0 282427.0 308714.0 327248.0 339139.0 345570.0 347649.0 346341.0 342455.0 336650.0 329455.0
28 1.0 187.8653958300258 -38.96660761521 0.26876467171860613 -0.7892724901605473 -0.305026297573598 0.19312933719266684 0.10080880142543232 0.08190357243430907 8836.0 25511.0 51009.0 81715.0 113543.0 143380.0 169398.0 190823.0 207586.0 220019.0 228645.0 234041.0 236772.0 237348.0 236213.0 233741.0
29 1.0 149.2782983965885 -21.61314793797831 0.26876467171860613 -0.7892724901605473 -0.305026297573598 0.19312933719266684 0.10080880142543232 0.08190357243430907 29353.0 70948.0 124769.0 181370.0 233570.0 277508.0 311916.0 337095.0 354113.0 364300.0 368982.0 369350.0 366417.0 361015.0 353811.0 345334.0
0 1.0 95.24002035766571 -57.39282688735745 0.26876467171860613 -0.7892724901605473 -0.305026297573598 0.19312933719266684 0.10080880142543232 0.08190357243430907 15260.0 41610.0 79533.0 122838.0 165608.0 203899.0 235777.0 260745.99999999997 279162.0 291792.0 299543.0 303312.0 303909.0 302032.0 298263.0 293079.0
1 1.0 278.724128196318 51.93819221517336 0.26876467171860613 -0.7892724901605473 -0.305026297573598 0.19312933719266684 0.10080880142543232 0.08190357243430907 18389.0 48202.0 89658.0 135777.0 180375.0 219579.0 251657.00000000003 276331.0 294136.0 305976.0 312853.0 315723.0 315437.0 312715.0 308153.0 302233.0
2 1.0 164.21411959795748 -79.76734624201674 0.26876467171860613 -0.7892724901605473 -0.305026297573598 0.19312933719266684 0.10080880142543232 0.08190357243430907 10912.0 30335.0 58979.0 92469.0 126321.99999999999 157355.0 183851.0 205208.0 221528.0 233282.0 241098.0 245629.0 247488.0 247217.0 245279.0 242058.0
3 1.0 204.63622159271347 35.459503510497726 0.26876467171860613 -0.7892724901605473 -0.305026297573598 0.19312933719266684 0.10080880142543232 0.08190357243430907 17159.0 46000.0 86869.0 132962.0 177998.0 217918.0 250817.99999999997 276303.0 294841.0 307306.0 314692.0 317963.0 317980.0 315479.0 311068.0 305243.0
4 1.0 6.764328157087851 50.1651712693986 0.26876467171860613 -0.7892724901605473 -0.305026297573598 0.19312933719266684 0.10080880142543232 0.08190357243430907 9669.0 27122.0 53194.0 84072.0 115689.0 145048.0 170450.0 191224.0 207363.0 219236.0 227379.0 232373.0 234776.0 235090.0 233751.0 231124.0
5 1.0 222.34877894731574 49.93336113277556 0.26876467171860613 -0.7892724901605473 -0.305026297573598 0.19312933719266684 0.10080880142543232 0.08190357243430907 16628.0 44659.0 84463.0 129446.0 173491.0 212622.0 244956.0 270081.0 288433.0 300848.0 308287.0 311685.0 311881.0 309591.0 305412.0 299828.0
6 1.0 220.3544601800717 -43.303938417836115 0.26876467171860613 -0.7892724901605473 -0.305026297573598 0.19312933719266684 0.10080880142543232 0.08190357243430907 3142.0 9559.0 20010.0 33363.0 48011.0 62522.99999999999 75904.0 87594.0 97366.0 105217.0 111273.0 115728.0 118795.0 120688.0 121605.0 121721.0
7 1.0 222.0962388749125 -22.713635172138936 0.26876467171860613 -0.7892724901605473 -0.305026297573598 0.19312933719266684 0.10080880142543232 0.08190357243430907 2559.0 8007.999999999999 17125.0 29030.0 42327.0 55709.0 68226.0 79313.0 88712.0 96381.0 102408.0 106947.0 110185.0 112308.0 113497.0 113910.0
8 1.0 339.7493082652647 15.76793433535002 0.26876467171860613 -0.7892724901605473 -0.305026297573598 0.19312933719266684 0.10080880142543232 0.08190357243430907 29724.0 72663.0 128533.00000000001 187395.0 241659.0 287248.0 322838.0 348764.0 366166.0 376455.0 381030.0 381143.0 377855.0 372034.0 364376.0 355428.0
9 1.0 245.45530767725404 -40.892057563595934 0.26876467171860613 -0.7892724901605473 -0.305026297573598 0.19312933719266684 0.10080880142543232 0.08190357243430907 2645.0 7603.0 15326.0 24897.0 35171.0 45197.0 54344.0 62276.0 68875.0 74162.0 78236.0 81235.0 83307.0 84597.0 85238.0 85348.0
10 1.0 129.42284420656296 -23.246496140780025 0.26876467171860613 -0.7892724901605473 -0.305026297573598 0.19312933719266684 0.10080880142543232 0.08190357243430907 27233.0 63817.0 110351.0 158942.0 203710.0 241508.0 271302.0 293326.0 308447.0 317756.0 322346.0 323207.0 321189.0 316993.0 311188.0 304227.0
11 1.0 157.33150336776293 -54.530229566584865 0.26876467171860613 -0.7892724901605473 -0.305026297573598 0.19312933719266684 0.10080880142543232 0.08190357243430907 13971.0 38635.0 74619.0 116173.0 157610.0 195036.0 226460.0 251298.00000000003 269815.0 282702.0 290809.0 294988.0 296021.0 294584.0 291249.0 286482.0
12 1.0 251.14723053381536 -7.225940923918671 0.26876467171860613 -0.7892724901605473 -0.305026297573598 0.19312933719266684 0.10080880142543232 0.08190357243430907 3678.0 10006.0 19394.0 30588.0 42225.0 53262.0 63071.0 71363.0 78081.0 83309.0 87199.0 89932.0 91687.0 92633.0 92919.0 92675.0
13 1.0 21.68116978653714 -81.96978577425946 0.26876467171860613 -0.7892724901605473 -0.305026297573598 0.19312933719266684 0.10080880142543232 0.08190357243430907 12877.0 35025.0 67018.0 103798.0 140440.0 173588.0 201523.0 223727.0 240416.0 252174.0 259724.99999999997 263801.0 265078.0 264144.0 261498.0 257548.99999999997
14 1.0 240.03601756044037 53.96325922271123 0.26876467171860613 -0.7892724901605473 -0.305026297573598 0.19312933719266684 0.10080880142543232 0.08190357243430907 16466.0 44161.0 83457.0 127854.0 171326.0 209959.0 241897.0 266732.0 284889.0 297191.0 304583.0 307986.0 308224.0 306006.0 301919.0 296440.0
15 1.0 241.4296330625374 -76.1478395424061 0.26876467171860613 -0.7892724901605473 -0.305026297573598 0.19312933719266684 0.10080880142543232 0.08190357243430907 8116.0 22412.0 43563.0 68490.0 93963.0 117617.0 138115.0 154926.0 168048.0 177770.0 184514.0 188740.0 190889.0 191359.0 190494.0 188587.0
16 1.0 75.73772198658273 3.3903267896746883 0.26876467171860613 -0.7892724901605473 -0.305026297573598 0.19312933719266684 0.10080880142543232 0.08190357243430907 4108.0 11040.0 21224.0 33278.0 45731.0 57473.0 67839.0 76536.0 83514.0 88873.0 92785.0 95449.0 97065.0 97816.0 97865.0 97353.0
17 1.0 46.41346715574719 -34.7741820818647 0.26876467171860613 -0.7892724901605473 -0.305026297573598 0.19312933719266684 0.10080880142543232 0.08190357243430907 11157.0 31159.0 60744.0 95393.0 130451.00000000001 162606.0 190062.0 212191.0 229090.0 241248.0 249315.0 253969.99999999997 255850.00000000003 255517.0 253454.0 250060.0
18 1.0 113.55420633270619 13.957730789647584 0.26876467171860613 -0.7892724901605473 -0.305026297573598 0.19312933719266684 0.10080880142543232 0.08190357243430907 19983.0 42263.0 68078.0 93186.0 115016.0 132514.0 145601.0 154696.0 160414.0 163397.0 164233.0 163426.0 161393.0 158465.0 154907.0 150921.0
19 1.0 130.93587753934415 82.69800135001651 0.26876467171860613 -0.7892724901605473 -0.305026297573598 0.19312933719266684 0.10080880142543232 0.08190357243430907 13264.0 34777.0 65009.0 99133.0 132702.0 162788.0 187960.0 207847.0 222706.0 233101.0 239707.0 243195.0 244175.0 243180.0 240656.0 236970.0
20 1.0 205.27083735043666 26.20264400208069 0.26876467171860613 -0.7892724901605473 -0.305026297573598 0.19312933719266684 0.10080880142543232 0.08190357243430907 15131.0 41043.0 78253.0 120733.0 162722.0 200371.0 231779.0 256442.99999999997 274695.0 287273.0 295055.0 298914.0 299640.0 297917.0 294318.0 289310.0
21 1.0 157.89654484643532 -83.63476156401164 0.26876467171860613 -0.7892724901605473 -0.305026297573598 0.19312933719266684 0.10080880142543232 0.08190357243430907 11165.0 30900.0 59888.0 93677.0 127746.0 158908.0 185454.0 206802.0 223068.0 234740.0 242455.0 246877.0 248625.0 248244.0 246200.0 242880.0
22 1.0 355.8145817013214 -12.527560888548976 0.26876467171860613 -0.7892724901605473 -0.305026297573598 0.19312933719266684 0.10080880142543232 0.08190357243430907 26262.0 65766.0 118261.0 174472.0 226993.0 271659.0 306962.0 333050.0 350906.0 361826.0 367128.0 368008.0 365491.0 360423.0 353485.0 345219.0
23 1.0 36.736131869290105 1.803033417285036 0.26876467171860613 -0.7892724901605473 -0.305026297573598 0.19312933719266684 0.10080880142543232 0.08190357243430907 4775.0 14418.0 29907.0 49399.0 70439.0 90941.0 109516.0 125432.99999999999 138447.0 148624.0 156201.0 161494.0 164841.0 166565.0 166960.0 166284.0
24 1.0 75.19563219414049 6.511949046621353 0.26876467171860613 -0.7892724901605473 -0.305026297573598 0.19312933719266684 0.10080880142543232 0.08190357243430907 3694.0 9991.0 19302.0 30384.0 41890.0 52789.0 62455.0 70600.0 77165.0 82233.0 85957.0 88517.0 90095.0 90862.0 90969.0 90548.0
25 1.0 58.07142643859865 32.65065190869082 0.26876467171860613 -0.7892724901605473 -0.305026297573598 0.19312933719266684 0.10080880142543232 0.08190357243430907 2268.0 6693.0 13758.0 22688.0 32433.999999999996 42074.0 50971.0 58760.0 65293.00000000001 70563.0 74649.0 77672.0 79770.0 81081.0 81736.0 81851.0
26 1.0 235.11899716754343 -40.032702408282105 0.26876467171860613 -0.7892724901605473 -0.305026297573598 0.19312933719266684 0.10080880142543232 0.08190357243430907 2440.0 7292.0 15102.0 25019.0 35864.0 46601.0 56512.0 65195.0 72488.0 78390.0 82992.0 86431.0 88861.0 90436.0 91295.0 91566.0
27 1.0 91.18497691432157 -66.80509821606236 0.26876467171860613 -0.7892724901605473 -0.305026297573598 0.19312933719266684 0.10080880142543232 0.08190357243430907 14533.0 40057.0 77136.0 119783.0 162146.0 200259.0 232133.0 257216.0 275814.0 288662.0 296644.0 300641.0 301456.0 299783.0 296202.0 291188.0
28 1.0 167.87187822827028 -19.31837822152302 0.26876467171860613 -0.7892724901605473 -0.305026297573598 0.19312933719266684 0.10080880142543232 0.08190357243430907 22965.0 59250.0 108676.0 162575.0 213675.0 257687.99999999997 292910.0 319300.0 337695.0 349285.0 355317.0 356941.0 355153.0 350782.0 344502.0 336848.0
29 1.0 87.99321312057698 82.1530301032708 0.26876467171860613 -0.7892724901605473 -0.305026297573598 0.19312933719266684 0.10080880142543232 0.08190357243430907 11810.0 31207.0 58711.0 90011.0 121041.0 149065.0 172696.0 191530.0 205752.0 215846.0 222412.0 226055.0 227335.0 226740.0 224685.0 221512.0
0 1.0 57.2290501123871 -56.31643948484795 0.26876467171860613 -0.7892724901605473 -0.305026297573598 0.19312933719266684 0.10080880142543232 0.08190357243430907 14230.0 39270.0 75705.0 117675.0 159428.0 197052.0 228570.0 253421.0 271894.0 284700.0 292705.0 296772.0 297689.0 296139.0 292695.0 287826.0
1 1.0 39.73505081914985 72.71711188708267 0.26876467171860613 -0.7892724901605473 -0.305026297573598 0.19312933719266684 0.10080880142543232 0.08190357243430907 9049.0 24572.0 47192.0 73534.0 100188.0 124732.0 145838.0 163020.0 176325.0 186089.0 192772.0 196862.0 198821.0 199065.0 197950.0 195774.0
2 1.0 236.27865220749842 7.885071013918747 0.26876467171860613 -0.7892724901605473 -0.305026297573598 0.19312933719266684 0.10080880142543232 0.08190357243430907 5540.0 15496.0 30510.0 48557.0 67374.0 85214.0 101013.0 114283.0 124930.0 133093.0 139032.0 143051.0 145457.0 146534.0 146537.0 145681.0
3 1.0 49.74586248550097 -7.755944103762147 0.26876467171860613 -0.7892724901605473 -0.305026297573598 0.19312933719266684 0.10080880142543232 0.08190357243430907 4858.0 14224.0 28888.0 47001.0 66283.0 84873.0 101579.0 115807.0 127387.0 136413.0 143120.0 147800.0 150760.0 152286.0 152641.0 152050.0
4 1.0 70.76965020481926 68.76745384138013 0.26876467171860613 -0.7892724901605473 -0.305026297573598 0.19312933719266684 0.10080880142543232 0.08190357243430907 7955.999999999999 21212.0 40321.0 62459.0 84821.0 105426.0 123187.0 137703.0 149006.0 157365.0 163152.0 166766.0 168586.0 168953.0 168164.0 166467.0
5 1.0 132.74106143794708 -7.451286881654539 0.26876467171860613 -0.7892724901605473 -0.305026297573598 0.19312933719266684 0.10080880142543232 0.08190357243430907 32217.999999999996 71037.0 117927.0 165081.0 207266.0 242001.0 268727.0 287957.0 300688.0 308043.0 311098.0 310800.0 307944.0 303180.0 297026.0 289893.0
6 1.0 295.55756274525663 40.350174590077785 0.26876467171860613 -0.7892724901605473 -0.305026297573598 0.19312933719266684 0.10080880142543232 0.08190357243430907 22151.0 55314.0 99631.0 147528.0 192817.0 231883.0 263292.0 287008.0 303740.0 314497.0 320342.0 322266.0 321130.0 317657.0 312436.0 305941.0
7 1.0 34.956459285502056 -18.17544209344163 0.26876467171860613 -0.7892724901605473 -0.305026297573598 0.19312933719266684 0.10080880142543232 0.08190357243430907 9056.0 25856.0 51301.0 81727.0 113102.0 142401.0 167872.0 188794.0 205125.0 217206.0 225558.0 230751.0 233339.0 233822.0 232634.0 230142.0
8 1.0 301.6601666995694 72.7279907221724 0.26876467171860613 -0.7892724901605473 -0.305026297573598 0.19312933719266684 0.10080880142543232 0.08190357243430907 15722.0 42328.0 80245.0 123255.0 165529.0 203240.0 234540.0 258990.0 276970.0 289254.0 296745.0 300329.0 300806.0 298861.0 295067.0 289890.0
9 1.0 34.59542684182671 34.20450363442093 0.26876467171860613 -0.7892724901605473 -0.305026297573598 0.19312933719266684 0.10080880142543232 0.08190357243430907 3496.0 10665.0 22359.0 37307.0 53701.0 69940.0 84912.0 97992.0 108927.0 117711.0 124483.0 129454.00000000001 132861.0 134941.0 135914.0 135978.0
10 1.0 351.5254074048225 35.931969765093015 0.26876467171860613 -0.7892724901605473 -0.305026297573598 0.19312933719266684 0.10080880142543232 0.08190357243430907 16410.0 44337.0 84203.0 129428.99999999999 173836.0 213371.0 246093.0 271556.0 290181.0 302803.0 310388.0 313880.0 314126.0 311853.0 307665.0 302051.0
11 1.0 168.71443259317257 -31.010327719718596 0.26876467171860613 -0.7892724901605473 -0.305026297573598 0.19312933719266684 0.10080880142543232 0.08190357243430907 17847.0 47951.0 90558.0 138477.0 185129.0 226305.0 260074.00000000003 286078.0 304851.0 317332.0 324575.0 327594.0 327287.0 324418.0 319618.0 313393.0
12 1.0 351.6339917485214 46.22015569264005 0.26876467171860613 -0.7892724901605473 -0.305026297573598 0.19312933719266684 0.10080880142543232 0.08190357243430907 14152.0 38689.0 74218.0 115077.0 155733.0 192419.0 223221.0 247582.0 265764.0 278444.0 286447.0 290603.0 291675.0 290322.0 287101.0 282469.0
13 1.0 217.74438710821656 24.490989980485438 0.26876467171860613 -0.7892724901605473 -0.305026297573598 0.19312933719266684 0.10080880142543232 0.08190357243430907 11582.0 31845.0 61480.0 95940.0 130646.00000000001 162378.0 189413.0 211162.0 227745.0 239653.0 247532.0 252054.0 253845.0 253463.0 251379.00000000003 247988.0
14 1.0 266.1348885833886 -46.79635079165228 0.26876467171860613 -0.7892724901605473 -0.305026297573598 0.19312933719266684 0.10080880142543232 0.08190357243430907 4795.0 12431.0 23318.0 35922.0 48726.0 60636.0 71032.0 79659.0 86507.0 91701.0 95433.0 97917.0 99361.0 99955.0 99866.0 99236.0
15 1.0 14.107605211555443 -61.103011952653844 0.26876467171860613 -0.7892724901605473 -0.305026297573598 0.19312933719266684 0.10080880142543232 0.08190357243430907 16403.0 43783.0 82504.0 126166.0 168879.0 206826.0 238205.0 262620.0 280493.0 292627.0 299945.0 303346.0 303639.0 301515.0 297550.0 292211.0
16 1.0 101.81050652750744 53.35046541311971 0.26876467171860613 -0.7892724901605473 -0.305026297573598 0.19312933719266684 0.10080880142543232 0.08190357243430907 9120.0 22149.0 39592.0 58773.0 77406.0 94042.0 107989.0 119081.0 127463.0 133431.0 137336.0 139529.0 140335.0 140034.0 138869.0 137038.0
17 1.0 43.270762036740805 82.64998854634004 0.26876467171860613 -0.7892724901605473 -0.305026297573598 0.19312933719266684 0.10080880142543232 0.08190357243430907 11585.0 30985.0 58754.0 90563.0 122251.0 150985.0 175305.0 194760.0 209514.0 220045.0 226954.0 230855.0 232316.0 231838.0 229843.0 226685.0
18 1.0 106.61047110797217 -7.535011093192281 0.26876467171860613 -0.7892724901605473 -0.305026297573598 0.19312933719266684 0.10080880142543232 0.08190357243430907 17334.0 38979.0 65867.0 93686.0 119320.0 141121.0 158537.0 171683.0 181001.0 187061.0 190441.0 191669.0 191206.0 189438.0 186681.0 183193.0
19 1.0 42.74197882352786 16.377149758263286 0.26876467171860613 -0.7892724901605473 -0.305026297573598 0.19312933719266684 0.10080880142543232 0.08190357243430907 2668.0 8359.0 17872.0 30274.0 44098.0 57979.0 70930.0 82370.0 92037.0 99892.0 106032.0 110622.0 113856.0 115932.0 117036.0 117337.0
20 1.0 114.47394458183138 64.39007595483983 0.26876467171860613 -0.7892724901605473 -0.305026297573598 0.19312933719266684 0.10080880142543232 0.08190357243430907 11779.0 29271.0 52993.0 79222.0 104725.0 127453.00000000001 146434.0 161446.0 172702.0 180625.0 185714.0 188461.0 189317.0 188674.0 186864.0 184162.0
21 1.0 149.13467802528118 -7.699778396305732 0.26876467171860613 -0.7892724901605473 -0.305026297573598 0.19312933719266684 0.10080880142543232 0.08190357243430907 34996.0 80250.0 136389.0 193695.0 245360.0 288027.0 320841.0 344372.0 359839.0 368646.0 372140.0 371509.0 367751.0 361675.0 353928.0 345016.0
22 1.0 23.09309868556237 81.3374058298925 0.26876467171860613 -0.7892724901605473 -0.305026297573598 0.19312933719266684 0.10080880142543232 0.08190357243430907 11605.0 31201.0 59358.0 91694.0 123965.0 153264.0 178083.0 197949.0 213019.0 223775.0 230829.0 234807.0 236290.0 235788.0 233737.0 230497.0
23 1.0 249.28996297320714 13.63520916807704 0.26876467171860613 -0.7892724901605473 -0.305026297573598 0.19312933719266684 0.10080880142543232 0.08190357243430907 7254.0 19349.0 36824.0 57128.0 77701.0 96718.0 113167.0 126664.0 137225.0 145090.0 150595.0 154103.0 155960.0 156480.0 155932.0 154546.0
24 1.0 203.97652351436705 57.738081726236686 0.26876467171860613 -0.7892724901605473 -0.305026297573598 0.19312933719266684 0.10080880142543232 0.08190357243430907 18705.0 49314.0 92027.0 139623.0 185665.0 226118.0 259178.00000000003 284559.0 302822.0 314910.0 321870.0 324696.0 324272.0 321346.0 316533.0 310332.0
25 1.0 95.54021673820034 73.5918693142929 0.26876467171860613 -0.7892724901605473 -0.305026297573598 0.19312933719266684 0.10080880142543232 0.08190357243430907 10440.0 27175.0 50721.0 77446.0 103951.0 127953.00000000001 148287.0 164598.0 177025.0 185960.0 191893.0 195325.0 196719.0 196486.0 194974.0 192476.0
26 1.0 188.36929924801188 56.7942873783424 0.26876467171860613 -0.7892724901605473 -0.305026297573598 0.19312933719266684 0.10080880142543232 0.08190357243430907 20243.0 52059.0 95566.0 143353.0 189084.0 228917.0 261222.0 285834.0 303388.0 314860.0 321303.0 323713.0 322961.0 319783.0 314783.0 308448.0
27 1.0 33.818583873039 -61.30539657918793 0.26876467171860613 -0.7892724901605473 -0.305026297573598 0.19312933719266684 0.10080880142543232 0.08190357243430907 15281.0 41728.0 79828.0 123362.0 166370.0 204879.0 236937.0 262044.0 280555.0 293245.0 301026.0 304800.0 305385.0 303482.0 299678.0 294451.0
28 1.0 207.34073840022455 23.201719031106066 0.26876467171860613 -0.7892724901605473 -0.305026297573598 0.19312933719266684 0.10080880142543232 0.08190357243430907 13780.0 37653.0 72235.0 112034.0 151681.0 187510.0 217648.0 241540.0 259427.00000000003 271956.0 279923.0 284132.0 285319.0 284128.0 281099.0 276679.0
29 1.0 334.5466311274371 -18.28183344845813 0.26876467171860613 -0.7892724901605473 -0.305026297573598 0.19312933719266684 0.10080880142543232 0.08190357243430907 34390.0 77369.0 130005.00000000001 183346.0 231252.0 270752.0 301132.0 322950.0 337337.0 345583.0 348925.0 348451.0 345074.0 339540.0 332443.0 324250.0
0 1.0 114.68482288247652 -78.71166863579778 0.26876467171860613 -0.7892724901605473 -0.305026297573598 0.19312933719266684 0.10080880142543232 0.08190357243430907 12754.0 35285.0 68240.0 106430.0 144679.0 179403.0 208736.0 232094.0 249675.0 262077.99999999997 270059.0 274386.0 275766.0 274821.0 272073.0 267956.0
1 1.0 240.2677367869254 -13.674194659828444 0.26876467171860613 -0.7892724901605473 -0.305026297573598 0.19312933719266684 0.10080880142543232 0.08190357243430907 2568.0 7474.0 15206.0 24874.0 35329.0 45589.0 54990.0 63168.0 69985.0 75455.0 79675.0 82784.0 84934.0 86276.0 86947.0 87069.0
2 1.0 47.447230465581185 -43.436867959906614 0.26876467171860613 -0.7892724901605473 -0.305026297573598 0.19312933719266684 0.10080880142543232 0.08190357243430907 12847.0 35635.0 69027.0 107765.0 146583.0 181827.0 211594.0 235282.0 253094.0 265640.0 273689.0 278024.0 279367.0 278350.0 275507.0 271277.0
3 1.0 257.8777934826836 62.82689551713193 0.26876467171860613 -0.7892724901605473 -0.305026297573598 0.19312933719266684 0.10080880142543232 0.08190357243430907 17161.0 45971.0 86765.0 132746.0 177654.0 217452.0 250247.0 275651.0 294132.0 306562.0 313931.0 317199.0 317225.0 314740.0 310353.0 304553.0
4 1.0 104.1861934609924 -84.00516722159469 0.26876467171860613 -0.7892724901605473 -0.305026297573598 0.19312933719266684 0.10080880142543232 0.08190357243430907 12213.0 33666.0 65001.0 101318.0 137726.0 170831.0 198858.0 221238.0 238147.0 250141.99999999997 257931.00000000003 262236.0 263727.0 262990.0 260521.99999999997 256734.00000000003
5 1.0 65.94889032256206 82.61688993542523 0.26876467171860613 -0.7892724901605473 -0.305026297573598 0.19312933719266684 0.10080880142543232 0.08190357243430907 11565.0 30762.0 58128.0 89394.0 120481.0 148630.0 172425.0 191440.0 205844.0 216112.0 222837.0 226623.0 228026.0 227535.0 225567.0 222464.0
6 1.0 211.14465653162995 -26.033607275052667 0.26876467171860613 -0.7892724901605473 -0.305026297573598 0.19312933719266684 0.10080880142543232 0.08190357243430907 3704.0 11522.0 24431.0 41050.0 59347.0 77497.0 94225.0 108811.0 120963.0 130674.00000000001 138106.0 143507.0 147150.0 149309.0 150238.0 150162.0
7 1.0 7.238716627497679 -25.792759727542276 0.26876467171860613 -0.7892724901605473 -0.305026297573598 0.19312933719266684 0.10080880142543232 0.08190357243430907 20389.0 53544.0 99491.0 150316.0 199108.0 241630.0 276070.0 302231.0 320794.0 332822.0 339463.0 341794.0 340761.0 337160.0 331639.0 324721.0
8 1.0 298.4184105182507 -87.06086951693258 0.26876467171860613 -0.7892724901605473 -0.305026297573598 0.19312933719266684 0.10080880142543232 0.08190357243430907 11098.0 30298.0 58229.0 90590.0 123096.0 152763.0 178007.0 198301.0 213771.0 224882.0 232242.0 236477.0 238173.0 237845.0 235933.0 232805.0
9 1.0 1.6903714293169436 -56.65818145748689 0.26876467171860613 -0.7892724901605473 -0.305026297573598 0.19312933719266684 0.10080880142543232 0.08190357243430907 18033.0 46864.0 86769.0 131084.0 173931.0 211634.0 242541.0 266381.0 283655.0 295214.0 302009.0 304950.0 304845.0 302384.0 298136.0 292563.0
10 1.0 244.01395324664284 -17.773289855350427 0.26876467171860613 -0.7892724901605473 -0.305026297573598 0.19312933719266684 0.10080880142543232 0.08190357243430907 2417.0 6970.0 14087.0 22937.0 32470.0 41806.0 50354.0 57797.0 64016.0 69026.0 72911.0 75797.0 77818.0 79107.0 79787.0 79966.0
11 1.0 97.20287034917935 77.27245511448851 0.26876467171860613 -0.7892724901605473 -0.305026297573598 0.19312933719266684 0.10080880142543232 0.08190357243430907 11204.0 29303.0 54812.0 83763.0 112445.0 138369.0 160273.0 177779.0 191050.0 200522.0 206735.0 210240.0 211548.0 211105.0 209294.0 206431.0
12 1.0 264.66984796413414 -72.06931256017117 0.26876467171860613 -0.7892724901605473 -0.305026297573598 0.19312933719266684 0.10080880142543232 0.08190357243430907 7841.000000000001 21267.0 40883.0 63821.0 87150.0 108755.0 127455.00000000001 142795.0 154783.0 163687.0 169892.0 173812.0 175844.0 176348.0 175633.0 173964.0
13 1.0 346.38787624227774 80.15427602623433 0.26876467171860613 -0.7892724901605473 -0.305026297573598 0.19312933719266684 0.10080880142543232 0.08190357243430907 12836.0 34619.0 65895.0 101714.0 137311.0 169457.0 196514.0 218000.0 234136.0 245496.0 252784.0 256712.0 257932.0 257016.00000000003 254444.0 250612.99999999997
14 1.0 89.55113166718489 66.5079354983938 0.26876467171860613 -0.7892724901605473 -0.305026297573598 0.19312933719266684 0.10080880142543232 0.08190357243430907 8615.0 22367.0 41765.0 63887.0 85959.0 106084.0 123260.0 137154.0 147845.0 155632.0 160903.0 164067.0 165503.0 165553.0 164506.0 162609.0
15 1.0 207.4166403904213 -8.25076855664068 0.26876467171860613 -0.7892724901605473 -0.305026297573598 0.19312933719266684 0.10080880142543232 0.08190357243430907 6405.0 18910.0 38536.0 62744.99999999999 88417.0 113032.0 134997.0 153540.0 168469.0 179941.0 188299.0 193959.0 197347.0 198859.0 198851.0 197630.0
16 1.0 213.13509525786205 -31.19384128171319 0.26876467171860613 -0.7892724901605473 -0.305026297573598 0.19312933719266684 0.10080880142543232 0.08190357243430907 3329.0 10385.0 22086.0 37216.0 53949.0 70629.0 86087.0 99649.0 111029.0 120204.0 127307.0 132548.0 136171.0 138418.0 139518.0 139673.0
17 1.0 206.01068608471442 -48.10605672976977 0.26876467171860613 -0.7892724901605473 -0.305026297573598 0.19312933719266684 0.10080880142543232 0.08190357243430907 4981.0 14836.0 30483.0 50007.0 70954.0 91272.0 109619.0 125303.0 138105.0 148107.0 155551.0 160755.0 164051.0 165760.0 166169.0 165531.0
18 1.0 80.30938775062259 20.603647165837387 0.26876467171860613 -0.7892724901605473 -0.305026297573598 0.19312933719266684 0.10080880142543232 0.08190357243430907 3660.0 9427.0 17619.0 27092.0 36717.0 45683.0 53533.0 60080.0 65314.0 69326.0 72252.0 74245.0 75456.0 76023.0 76065.0 75689.0
19 1.0 342.9896441461146 -84.04657353440899 0.26876467171860613 -0.7892724901605473 -0.305026297573598 0.19312933719266684 0.10080880142543232 0.08190357243430907 11901.0 32273.000000000004 61702.0 95597.0 129463.0 160214.0 186247.0 207059.0 222818.0 234038.0 241368.0 245473.0 246966.0 246387.0 244192.0 240762.0
20 1.0 160.96513630234585 -87.19090839957092 0.26876467171860613 -0.7892724901605473 -0.305026297573598 0.19312933719266684 0.10080880142543232 0.08190357243430907 11232.0 30935.0 59773.0 93307.0 127067.00000000001 157912.0 184170.0 205272.0 221341.0 232861.0 240466.0 244812.0 246512.0 246105.0 244053.0 240740.0
21 1.0 304.707122089606 -12.816769950317195 0.26876467171860613 -0.7892724901605473 -0.305026297573598 0.19312933719266684 0.10080880142543232 0.08190357243430907 27502.0 57796.0 92740.0 126652.99999999999 156133.0 179812.0 197602.0 210070.0 218028.0 222322.0 223726.0 222904.0 220403.0 216665.0 212040.0 206800.0
22 1.0 251.81253911430156 -77.74666668455036 0.26876467171860613 -0.7892724901605473 -0.305026297573598 0.19312933719266684 0.10080880142543232 0.08190357243430907 8620.0 23642.0 45719.0 71597.0 97919.0 122260.0 143266.0 160422.0 173747.0 183558.0 190303.0 194464.0 196498.0 196820.0 195784.0 193691.0
23 1.0 107.07730230784811 -44.65062211570328 0.26876467171860613 -0.7892724901605473 -0.305026297573598 0.19312933719266684 0.10080880142543232 0.08190357243430907 17264.0 45159.0 84001.0 127341.00000000001 169416.0 206577.0 237155.0 260837.0 278084.0 289713.0 296642.0 299759.0 299857.0 297612.0 293585.0 288232.0
24 1.0 292.9672150928918 -50.19103523770491 0.26876467171860613 -0.7892724901605473 -0.305026297573598 0.19312933719266684 0.10080880142543232 0.08190357243430907 10906.0 25833.0 45373.0 66489.0 86711.0 104545.0 119329.0 130958.99999999999 139641.0 145730.0 149625.0 151713.0 152348.0 151832.0 150422.0 148329.0
25 1.0 142.74206670491446 -44.425585129886656 0.26876467171860613 -0.7892724901605473 -0.305026297573598 0.19312933719266684 0.10080880142543232 0.08190357243430907 19439.0 51322.0 95764.0 145172.0 192826.0 234547.0 268499.0 294429.0 312959.0 325095.0 331939.0 334536.0 333806.0 330524.0 325329.0 318734.0
26 1.0 317.1971509600182 -66.4100583812536 0.26876467171860613 -0.7892724901605473 -0.305026297573598 0.19312933719266684 0.10080880142543232 0.08190357243430907 12998.0 33068.0 60736.0 91624.0 121820.0 148795.0 171334.0 189141.0 202461.0 211802.0 217767.0 220951.0 221897.0 221076.0 218884.0 215650.0
27 1.0 209.25823414890914 -87.83347987842222 0.26876467171860613 -0.7892724901605473 -0.305026297573598 0.19312933719266684 0.10080880142543232 0.08190357243430907 10928.0 30037.0 57982.0 90482.0 123220.0 153166.0 178695.0 199253.0 214947.0 226240.0 233738.0 238072.0 239831.0 239537.0 237636.0 234500.0
28 1.0 317.424730267747 -69.21282651502534 0.26876467171860613 -0.7892724901605473 -0.305026297573598 0.19312933719266684 0.10080880142543232 0.08190357243430907 12543.0 32326.0 59872.0 90838.0 121270.0 148572.0 171473.0 189638.0 203288.0 212922.0 219136.0 222525.0 223636.0 222943.0 220848.0 217681.0
29 1.0 249.3113724279957 21.32644671229461 0.26876467171860613 -0.7892724901605473 -0.305026297573598 0.19312933719266684 0.10080880142543232 0.08190357243430907 9203.0 24424.0 46216.0 71293.0 96454.0 119479.0 139180.0 155148.0 167458.0 176442.0 182545.0 186229.0 187932.0 188043.0 186896.0 184773.0
0 1.0 261.09154073507057 85.36611830724905 0.26876467171860613 -0.7892724901605473 -0.305026297573598 0.19312933719266684 0.10080880142543232 0.08190357243430907 14522.0 38741.0 73109.0 112065.0 150411.0 184722.0 213327.0 235801.0 252459.0 263973.0 271138.0 274740.0 275493.0 274015.0 270821.0 266336.0
1 1.0 180.47677749361281 88.26210028096091 0.26876467171860613 -0.7892724901605473 -0.305026297573598 0.19312933719266684 0.10080880142543232 0.08190357243430907 13788.0 36584.0 68858.0 105431.0 141476.0 173803.0 200841.0 222179.0 238091.0 249188.0 256197.99999999997 259849.0 260801.99999999997 259631.0 256821.00000000003 252768.0
2 1.0 344.1901085003606 -16.37026283284891 0.26876467171860613 -0.7892724901605473 -0.305026297573598 0.19312933719266684 0.10080880142543232 0.08190357243430907 32409.0 76070.0 131267.0 188376.0 240398.0 283736.0 317348.0 341681.0 357889.0 367345.0 371391.0 371218.0 367833.0 362056.0 354545.0 345817.0
3 1.0 231.83647172266947 -60.66820331161104 0.26876467171860613 -0.7892724901605473 -0.305026297573598 0.19312933719266684 0.10080880142543232 0.08190357243430907 4883.0 13958.0 27897.0 44883.0 62785.99999999999 79917.0 95218.0 108178.0 118670.0 126800.0 132797.0 136939.0 139513.0 140787.0 141002.0 140368.0
4 1.0 152.5878174809447 24.977116325975274 0.26876467171860613 -0.7892724901605473 -0.305026297573598 0.19312933719266684 0.10080880142543232 0.08190357243430907 33864.0 75385.0 125818.00000000001 176655.0 222153.0 259579.99999999997 288319.0 308935.0 322514.0 330286.0 333422.0 332951.0 329736.0 324479.0 317741.0 309965.0
5 1.0 218.30155708605275 -1.7450376212273113 0.26876467171860613 -0.7892724901605473 -0.305026297573598 0.19312933719266684 0.10080880142543232 0.08190357243430907 5120.0 15089.0 30805.0 50332.0 71221.0 91445.0 109679.0 125248.0 137942.0 147846.0 155207.0 160342.0 163584.0 165249.0 165627.0 164967.0
6 1.0 6.909551391360069 88.09375991119765 0.26876467171860613 -0.7892724901605473 -0.305026297573598 0.19312933719266684 0.10080880142543232 0.08190357243430907 13179.0 35152.0 66419.0 102006.0 137212.0 168899.0 195496.0 216566.0 232349.0 243422.0 250487.00000000003 254246.00000000003 255345.0 254345.0 251720.0 247858.0
7 1.0 108.56693400283775 -78.24524271267956 0.26876467171860613 -0.7892724901605473 -0.305026297573598 0.19312933719266684 0.10080880142543232 0.08190357243430907 12947.0 35802.0 69201.0 107869.0 146559.0 181645.0 211249.0 234790.0 252477.0 264926.0 272903.0 277191.0 278507.0 277481.0 274640.0 270424.0
8 1.0 237.66247349736662 50.98219889648635 0.26876467171860613 -0.7892724901605473 -0.305026297573598 0.19312933719266684 0.10080880142543232 0.08190357243430907 16081.000000000002 43159.0 81630.0 125156.99999999999 167846.0 205848.0 237327.0 261861.0 279853.0 292097.0 299512.0 302996.0 303357.0 301290.0 297370.0 292069.0
9 1.0 104.42793859575987 -38.0882704803311 0.26876467171860613 -0.7892724901605473 -0.305026297573598 0.19312933719266684 0.10080880142543232 0.08190357243430907 17106.0 43801.0 80459.0 121038.0 160261.0 194833.0 223265.0 245298.0 261370.0 272235.0 278743.0 281709.0 281866.0 279837.0 276140.0 271199.0
10 1.0 222.48555443958296 -46.54464838621668 0.26876467171860613 -0.7892724901605473 -0.305026297573598 0.19312933719266684 0.10080880142543232 0.08190357243430907 3302.0 9925.0 20597.0 34123.0 48867.0 63399.0 76740.0 88347.0 98008.0 105733.0 111657.0 115979.0 118918.0 120689.0 121492.0 121505.0
11 1.0 154.35673234047582 29.250822875881667 0.26876467171860613 -0.7892724901605473 -0.305026297573598 0.19312933719266684 0.10080880142543232 0.08190357243430907 32320.0 72642.0 122051.0 172196.0 217332.0 254660.0 283481.0 304291.0 318129.0 326188.0 329617.0 329431.0 326487.0 321482.0 314975.0 307409.0
12 1.0 48.770663120082084 -45.70862670162639 0.26876467171860613 -0.7892724901605473 -0.305026297573598 0.19312933719266684 0.10080880142543232 0.08190357243430907 13157.0 36448.0 70514.0 109965.0 149425.0 185186.0 215327.0 239258.0 257202.0 269791.0 277817.0 282080.0 283318.0 282175.0 279191.0 274815.0
13 1.0 107.38163734417108 29.854641160653784 0.26876467171860613 -0.7892724901605473 -0.305026297573598 0.19312933719266684 0.10080880142543232 0.08190357243430907 13217.0 28739.0 47281.0 65805.0 82319.0 95903.0 106369.0 113934.0 118991.0 121980.0 123315.0 123363.0 122429.0 120762.0 118561.0 115982.0
14 1.0 205.18736785245537 3.11553309641198 0.26876467171860613 -0.7892724901605473 -0.305026297573598 0.19312933719266684 0.10080880142543232 0.08190357243430907 9439.0 26805.0 53014.0 84282.0 116466.0 146467.0 172499.0 193836.0 210448.0 222694.0 231118.0 236311.0 238844.0 239234.0 237925.0 235294.0
15 1.0 212.71419404934235 -13.663982081547132 0.26876467171860613 -0.7892724901605473 -0.305026297573598 0.19312933719266684 0.10080880142543232 0.08190357243430907 4346.0 13258.0 27720.0 46082.0 66061.0 85670.0 103563.0 119009.0 131743.0 141801.0 149391.0 154801.0 158342.0 160317.0 161003.0 160645.0
16 1.0 206.75708958584838 9.843805559055411 0.26876467171860613 -0.7892724901605473 -0.305026297573598 0.19312933719266684 0.10080880142543232 0.08190357243430907 10551.0 29565.0 57880.0 91281.0 125319.00000000001 156757.0 183791.0 205743.0 222651.0 234951.0 243248.0 248187.0 250380.0 250374.0 248638.0 245564.0
17 1.0 235.1522951485681 -38.330726414466646 0.26876467171860613 -0.7892724901605473 -0.305026297573598 0.19312933719266684 0.10080880142543232 0.08190357243430907 2354.0 7050.0 14630.0 24277.0 34849.0 45335.0 55034.0 63546.00000000001 70710.0 76519.0 81059.0 84464.0 86881.0 88458.0 89335.0 89634.0
18 1.0 234.757177200608 37.1834471291362 0.26876467171860613 -0.7892724901605473 -0.305026297573598 0.19312933719266684 0.10080880142543232 0.08190357243430907 13238.0 35691.0 67891.0 104716.0 141257.0 174206.0 201895.0 223849.0 240306.0 251863.99999999997 259253.0 263204.0 264391.0 263396.0 260712.0 256745.99999999997
19 1.0 155.31063675623062 -15.325763519958471 0.26876467171860613 -0.7892724901605473 -0.305026297573598 0.19312933719266684 0.10080880142543232 0.08190357243430907 30728.0 74002.0 129734.99999999999 188087.0 241665.0 286556.0 321531.0 346962.0 363993.0 374025.0 378436.0 378460.0 375140.0 369330.0 361713.0 352828.0
20 1.0 322.75677450638267 -25.101799112539396 0.26876467171860613 -0.7892724901605473 -0.305026297573598 0.19312933719266684 0.10080880142543232 0.08190357243430907 30796.0 67030.0 110350.0 153626.0 192177.0 223838.0 248163.0 265656.0 277236.0 283932.0 286719.0 286456.0 283864.0 279532.0 273931.0 267434.0
21 1.0 132.32227321724275 59.158244620032804 0.26876467171860613 -0.7892724901605473 -0.305026297573598 0.19312933719266684 0.10080880142543232 0.08190357243430907 15973.999999999998 38249.0 67423.0 98788.0 128556.0 154498.0 175688.0 192047.0 203959.0 212010.0 216835.0 219039.0 219157.0 217648.0 214891.0 211199.0
22 1.0 156.91137309562566 76.4940441515746 0.26876467171860613 -0.7892724901605473 -0.305026297573598 0.19312933719266684 0.10080880142543232 0.08190357243430907 15105.0 38987.0 72053.0 108926.0 144818.0 176675.0 203069.0 223699.0 238910.0 249357.0 255791.0 258946.99999999997 259486.0 257977.0 254894.99999999997 250631.0
23 1.0 321.092407805642 -81.71868404028655 0.26876467171860613 -0.7892724901605473 -0.305026297573598 0.19312933719266684 0.10080880142543232 0.08190357243430907 11528.0 31061.0 59180.0 91518.0 123820.0 153163.0 178028.0 197934.0 213038.0 223823.0 230905.0 234911.0 236424.0 235955.0 233941.0 230742.0
24 1.0 290.22983605659084 -48.12714129064221 0.26876467171860613 -0.7892724901605473 -0.305026297573598 0.19312933719266684 0.10080880142543232 0.08190357243430907 10423.0 24534.0 42908.0 62691.0 81584.0 98212.0 111977.0 122795.0 130869.99999999999 136537.0 140168.0 142128.0 142742.0 142291.0 141013.0 139102.0
25 1.0 253.39989007453187 -27.266513491338614 0.26876467171860613 -0.7892724901605473 -0.305026297573598 0.19312933719266684 0.10080880142543232 0.08190357243430907 2711.0 7441.0 14541.0 23110.0 32123.0 40771.0 48543.0 55185.0 60626.0 64912.0 68147.0 70466.0 72006.0 72898.0 73259.0 73192.0
26 1.0 36.0816794324284 56.693966286644525 0.26876467171860613 -0.7892724901605473 -0.305026297573598 0.19312933719266684 0.10080880142543232 0.08190357243430907 5794.0 16386.0 32487.000000000004 51934.0 72268.0 91578.0 108697.0 123085.0 134637.0 143500.0 149956.0 154331.0 156957.0 158139.0 158150.0 157225.0
27 1.0 331.0137409480825 87.38845697579356 0.26876467171860613 -0.7892724901605473 -0.305026297573598 0.19312933719266684 0.10080880142543232 0.08190357243430907 13451.0 35932.0 67941.0 104368.0 140384.0 172770.0 199919.0 221389.0 237434.0 248652.0 255768.0 259506.0 260529.0 259413.0 256643.99999999997 252622.0
28 1.0 257.1268678376801 84.41490684066332 0.26876467171860613 -0.7892724901605473 -0.305026297573598 0.19312933719266684 0.10080880142543232 0.08190357243430907 14736.0 39315.0 74180.0 113673.0 152518.0 187242.0 216161.0 238854.0 255649.00000000003 267233.0 274416.0 277997.0 278700.0 277152.0 273875.0 269298.0
29 1.0 359.5849223644319 72.89070219898684 0.26876467171860613 -0.7892724901605473 -0.305026297573598 0.19312933719266684 0.10080880142543232 0.08190357243430907 11621.0 31638.0 60671.0 94220.0 127839.00000000001 158447.0 184425.0 205249.0 221067.0 232377.0 239814.0 244034.0 245644.0 245179.0 243094.0 239767.0
0 1.0 53.80138967687775 -36.619872288474625 0.26876467171860613 -0.7892724901605473 -0.305026297573598 0.19312933719266684 0.10080880142543232 0.08190357243430907 11092.0 30842.0 59956.0 93974.0 128334.0 159804.0 186646.0 208256.0 224744.0 236594.0 244449.0 248972.0 250788.99999999997 250450.0 248425.0 245104.0
1 1.0 312.52538065255715 88.56202381460534 0.26876467171860613 -0.7892724901605473 -0.305026297573598 0.19312933719266684 0.10080880142543232 0.08190357243430907 13583.0 36213.0 68380.0 104936.0 141043.0 173481.0 200652.0 222122.0 238154.0 249351.0 256440.99999999997 260151.00000000003 261146.0 260002.99999999997 257208.0 253161.00000000003
2 1.0 58.497456483494936 -45.10439260983878 0.26876467171860613 -0.7892724901605473 -0.305026297573598 0.19312933719266684 0.10080880142543232 0.08190357243430907 12697.0 35081.0 67790.0 105677.0 143611.0 178047.0 207137.0 230306.0 247751.0 260064.00000000003 267995.0 272303.0 273690.0 272770.0 270061.0 265992.0
3 1.0 221.6014431421839 -70.9368921211982 0.26876467171860613 -0.7892724901605473 -0.305026297573598 0.19312933719266684 0.10080880142543232 0.08190357243430907 7131.0 20061.0 39517.0 62756.00000000001 86773.0 109304.0 129021.0 145361.0 158267.0 167972.0 174851.0 179318.0 181782.0 182613.0 182137.0 180630.0
4 1.0 44.57519382579895 81.17146998997094 0.26876467171860613 -0.7892724901605473 -0.305026297573598 0.19312933719266684 0.10080880142543232 0.08190357243430907 11165.0 29901.0 56771.0 87612.0 118397.0 146370.0 170099.0 189129.0 203607.0 213984.0 220840.0 224763.0 226305.0 225949.0 224106.0 221120.0
5 1.0 305.2829625560044 -47.98435401574267 0.26876467171860613 -0.7892724901605473 -0.305026297573598 0.19312933719266684 0.10080880142543232 0.08190357243430907 15183.0 34986.0 60185.0 86774.0 111695.0 133225.0 150698.0 164115.0 173835.0 180362.0 184232.0 185949.0 185958.0 184636.0 182296.0 179195.0
6 1.0 290.63482514100383 34.15828771399508 0.26876467171860613 -0.7892724901605473 -0.305026297573598 0.19312933719266684 0.10080880142543232 0.08190357243430907 21764.0 53120.0 94401.0 138646.0 180293.0 216147.0 244967.0 266755.0 282169.0 292131.0 297606.0 299490.0 298566.0 295489.0 290797.0 284922.0
7 1.0 204.8762659012536 -79.49585538349405 0.26876467171860613 -0.7892724901605473 -0.305026297573598 0.19312933719266684 0.10080880142543232 0.08190357243430907 9361.0 26034.0 50736.0 79801.0 109400.0 136762.0 160344.0 179559.0 194435.0 205337.0 212778.0 217305.0 219440.0 219653.0 218346.0 215858.0
8 1.0 146.58598700135988 41.52763784294572 0.26876467171860613 -0.7892724901605473 -0.305026297573598 0.19312933719266684 0.10080880142543232 0.08190357243430907 25838.0 58294.0 98422.0 139572.0 177040.0 208430.0 233042.0 251166.99999999997 263572.0 271180.0 274900.0 275551.0 273829.0 270310.0 265461.0 259653.00000000003
9 1.0 24.900118363849696 68.70963822009114 0.26876467171860613 -0.7892724901605473 -0.305026297573598 0.19312933719266684 0.10080880142543232 0.08190357243430907 8922.0 24508.0 47435.0 74323.0 101684.0 126999.0 148863.0 166735.0 180633.0 190880.0 197936.0 202296.0 204434.0 204779.0 203699.0 201507.0
10 1.0 251.07435833204292 -40.96135881612675 0.26876467171860613 -0.7892724901605473 -0.305026297573598 0.19312933719266684 0.10080880142543232 0.08190357243430907 2898.0 8120.000000000001 16081.999999999998 25785.0 36056.0 45953.0 54877.0 62529.0 68822.0 73804.0 77592.0 80334.0 82184.0 83289.0 83781.0 83775.0
11 1.0 163.27536576410478 -21.76975870606286 0.26876467171860613 -0.7892724901605473 -0.305026297573598 0.19312933719266684 0.10080880142543232 0.08190357243430907 24347.0 62073.0 112945.0 167999.0 219872.0 264308.0 299676.0 326017.0 344233.0 355566.0 361296.0 362599.0 360486.0 355797.0 349211.0 341267.0
12 1.0 259.94001580932525 -22.6266870022351 0.26876467171860613 -0.7892724901605473 -0.305026297573598 0.19312933719266684 0.10080880142543232 0.08190357243430907 3595.0 9282.0 17374.0 26741.0 36266.0 45148.0 52933.0 59437.0 64651.0 68665.0 71616.0 73657.0 74936.0 75590.0 75737.0 75479.0
13 1.0 311.8976373343065 44.781886357223954 0.26876467171860613 -0.7892724901605473 -0.305026297573598 0.19312933719266684 0.10080880142543232 0.08190357243430907 22465.0 57450.0 104911.0 156622.0 205699.0 248072.0 282103.0 307725.0 325711.0 337176.0 343293.0 345152.0 343703.0 339738.0 333902.0 326712.0
14 1.0 351.1877418010389 -47.19469634297301 0.26876467171860613 -0.7892724901605473 -0.305026297573598 0.19312933719266684 0.10080880142543232 0.08190357243430907 21685.0 53921.0 96967.0 143536.0 187649.0 225794.0 256556.99999999997 279876.0 296414.0 307136.0 313064.0 315151.0 314233.0 311012.0 306064.0 299849.0
15 1.0 308.08920326133995 -59.06644217142426 0.26876467171860613 -0.7892724901605473 -0.305026297573598 0.19312933719266684 0.10080880142543232 0.08190357243430907 13061.0 31999.0 57397.0 85248.0 112147.0 135976.0 155765.0 171325.0 182916.0 191009.0 196143.0 198844.0 199590.0 198793.0 196798.0 193893.0
16 1.0 4.21707030660071 -9.127503236207147 0.26876467171860613 -0.7892724901605473 -0.305026297573598 0.19312933719266684 0.10080880142543232 0.08190357243430907 20316.0 53520.0 99630.0 150689.0 199730.0 242479.0 277101.0 303394.0 322044.0 334121.0 340780.0 343106.0 342052.0 338418.0 332857.0 325894.0
17 1.0 129.592103212211 -35.19568667208249 0.26876467171860613 -0.7892724901605473 -0.305026297573598 0.19312933719266684 0.10080880142543232 0.08190357243430907 23247.0 57834.0 103905.0 153564.0 200398.0 240688.0 272984.0 297281.0 314335.0 325210.0 331016.0 332785.0 331411.0 327642.0 322089.0 315240.0
18 1.0 262.7966024726609 61.05404200655744 0.26876467171860613 -0.7892724901605473 -0.305026297573598 0.19312933719266684 0.10080880142543232 0.08190357243430907 17269.0 46175.0 87040.0 133048.0 177942.0 217698.0 250437.00000000003 275781.0 294205.0 306583.0 313908.0 317139.0 317135.0 314627.0 310221.0 304408.0
19 1.0 61.78668381411859 -47.20647131718502 0.26876467171860613 -0.7892724901605473 -0.305026297573598 0.19312933719266684 0.10080880142543232 0.08190357243430907 13046.0 35974.0 69402.0 108040.0 146649.0 181624.0 211109.0 234535.0 252120.99999999997 264486.0 272398.0 276636.0 277917.0 276867.0 274014.0 269793.0
20 1.0 187.57317823348654 0.4301023480670665 0.26876467171860613 -0.7892724901605473 -0.305026297573598 0.19312933719266684 0.10080880142543232 0.08190357243430907 17212.0 46339.0 87718.0 134440.0 180105.0 220573.0 253903.0 279696.0 298430.0 310999.0 318417.0 321664.0 321617.0 319025.0 314505.0 308558.0
21 1.0 19.561675802131305 79.66504794562746 0.26876467171860613 -0.7892724901605473 -0.305026297573598 0.19312933719266684 0.10080880142543232 0.08190357243430907 11361.0 30636.0 58409.0 90377.0 122342.0 151416.0 176088.0 195872.0 210909.0 221670.0 228755.0 232782.0 234325.0 233891.0 231910.0 228742.0
22 1.0 71.99874896270403 24.119585594038938 0.26876467171860613 -0.7892724901605473 -0.305026297573598 0.19312933719266684 0.10080880142543232 0.08190357243430907 2613.0 7236.0 14231.0 22721.0 31690.000000000004 40323.0 48098.0 54752.0 60205.0 64497.0 67727.0 70026.0 71531.0 72371.0 72666.0 72519.0
23 1.0 6.66784600582103 66.11209298324366 0.26876467171860613 -0.7892724901605473 -0.305026297573598 0.19312933719266684 0.10080880142543232 0.08190357243430907 10357.0 28490.0 55094.0 86152.0 117569.0 146433.0 171160.0 191183.0 206575.0 217755.0 225286.0 229762.0 231741.0 231721.0 230127.0 227316.0
24 1.0 285.7311732086714 79.23774408385813 0.26876467171860613 -0.7892724901605473 -0.305026297573598 0.19312933719266684 0.10080880142543232 0.08190357243430907 15193.0 40787.0 77221.0 118551.0 159215.0 195549.0 225775.0 249459.0 266948.0 278971.0 286383.0 290027.0 290665.0 288954.0 285442.0 280579.0
25 1.0 80.61288770173685 45.13767513954335 0.26876467171860613 -0.7892724901605473 -0.305026297573598 0.19312933719266684 0.10080880142543232 0.08190357243430907 4472.0 11691.0 22047.0 34088.0 46356.0 57793.0 67790.0 76093.0 82685.0 87681.0 91263.0 93635.0 94995.0 95528.0 95393.0 94729.0
26 1.0 124.32660505088496 35.92351084045525 0.26876467171860613 -0.7892724901605473 -0.305026297573598 0.19312933719266684 0.10080880142543232 0.08190357243430907 20381.0 44053.0 72269.0 100473.0 125684.99999999999 146513.0 162650.0 174396.0 182317.0 187058.0 189237.0 189404.0 188022.0 185474.0 182066.0 178042.0
27 1.0 334.1092656476127 84.23380198876086 0.26876467171860613 -0.7892724901605473 -0.305026297573598 0.19312933719266684 0.10080880142543232 0.08190357243430907 13364.0 35856.0 67989.0 104639.0 140930.0 173594.0 200993.0 222670.0 238875.0 250208.0 257401.0 261185.0 262230.0 261118.00000000003 258341.0 254301.0
28 1.0 253.5891846924718 88.99214213658229 0.26876467171860613 -0.7892724901605473 -0.305026297573598 0.19312933719266684 0.10080880142543232 0.08190357243430907 13756.0 36608.0 69033.0 105834.0 142141.0 174725.0 201992.0 223518.0 239572.0 250768.0 257841.0 261521.99999999997 262480.0 261295.99999999997 258457.0 254365.0
29 1.0 11.462014631270826 -8.672097119443265 0.26876467171860613 -0.7892724901605473 -0.305026297573598 0.19312933719266684 0.10080880142543232 0.08190357243430907 15844.0 43232.0 82620.0 127528.0 171783.0 211295.0 244078.0 269649.0 288405.0 301164.0 308884.0 312502.0 312865.0 310698.0 306605.0 301078.0
0 1.0 59.289896339248585 -77.2434399268425 0.26876467171860613 -0.7892724901605473 -0.305026297573598 0.19312933719266684 0.10080880142543232 0.08190357243430907 13676.0 37552.0 72205.0 112098.0 151814.0 187663.0 217770.0 241592.0 259384.99999999997 271807.0 279667.0 283773.0 284867.0 283595.0 280498.0 276021.0
1 1.0 223.73222453991488 -37.29707434070661 0.26876467171860613 -0.7892724901605473 -0.305026297573598 0.19312933719266684 0.10080880142543232 0.08190357243430907 2551.0 7879.000000000001 16693.0 28113.0 40801.0 53526.0 65397.0 75891.0 84770.0 91999.0 97663.0 101912.0 104923.0 106876.0 107942.0 108275.0
2 1.0 207.80229189750034 -62.57615297620852 0.26876467171860613 -0.7892724901605473 -0.305026297573598 0.19312933719266684 0.10080880142543232 0.08190357243430907 6380.0 18338.0 36687.0 58951.0 82272.0 104418.0 124027.0 140470.0 153626.0 163670.0 170931.0 175793.0 178644.0 179841.0 179702.0 178499.0
3 1.0 85.64141569482311 -14.852452536717877 0.26876467171860613 -0.7892724901605473 -0.305026297573598 0.19312933719266684 0.10080880142543232 0.08190357243430907 8994.0 22919.0 42302.0 64213.00000000001 85940.0 105663.0 122444.0 135988.0 146392.0 153959.0 159075.0 162136.0 163515.0 163541.0 162498.0 160623.0
4 1.0 336.3170392529258 -66.36792087481392 0.26876467171860613 -0.7892724901605473 -0.305026297573598 0.19312933719266684 0.10080880142543232 0.08190357243430907 14897.0 38220.0 70430.0 106330.0 141294.0 172369.0 198167.0 218388.0 233356.0 243698.0 250134.00000000003 253371.0 254049.00000000003 252720.0 249844.0 245800.0
5 1.0 221.02774414772256 18.741204723758756 0.26876467171860613 -0.7892724901605473 -0.305026297573598 0.19312933719266684 0.10080880142543232 0.08190357243430907 9454.0 26275.0 51221.0 80621.0 110617.0 138405.0 162410.0 182024.0 197261.0 208480.0 216192.0 220944.0 223262.0 223618.0 222419.0 220007.0
6 1.0 192.827809088985 -21.094549351586267 0.26876467171860613 -0.7892724901605473 -0.305026297573598 0.19312933719266684 0.10080880142543232 0.08190357243430907 9430.0 27121.0 54050.0 86340.0 119671.0 150793.0 177819.0 199978.0 217229.0 229944.0 238684.0 244067.0 246687.0 247079.0 245709.0 242967.0
7 1.0 212.36759148764554 71.1694591718778 0.26876467171860613 -0.7892724901605473 -0.305026297573598 0.19312933719266684 0.10080880142543232 0.08190357243430907 17183.0 45460.0 85134.0 129594.99999999999 172864.0 211125.0 242616.0 266997.0 284734.0 296671.0 303757.0 306912.0 306957.0 304593.0 300398.0 294845.0
8 1.0 262.8439306260371 84.20304092373033 0.26876467171860613 -0.7892724901605473 -0.305026297573598 0.19312933719266684 0.10080880142543232 0.08190357243430907 14733.0 39338.0 74260.0 113832.0 152763.0 187572.0 216564.0 239319.0 256162.99999999997 267783.0 274993.0 278592.0 279307.0 277764.0 274489.0 269909.0
9 1.0 112.30019837265667 8.43928230049599 0.26876467171860613 -0.7892724901605473 -0.305026297573598 0.19312933719266684 0.10080880142543232 0.08190357243430907 19871.0 42309.0 68530.0 94243.0 116793.0 135058.0 148907.0 158731.0 165124.0 168717.0 170094.0 169756.0 168120.0 165519.0 162222.0 158437.0
10 1.0 143.35958239779308 -40.531757423832616 0.26876467171860613 -0.7892724901605473 -0.305026297573598 0.19312933719266684 0.10080880142543232 0.08190357243430907 21053.0 54715.0 100998.0 151921.0 200621.0 242941.0 277133.0 303041.0 321372.0 333200.0 339672.0 341866.0 340724.0 337037.0 331451.0 324483.0
11 1.0 75.54374963104397 16.601475377130626 0.26876467171860613 -0.7892724901605473 -0.305026297573598 0.19312933719266684 0.10080880142543232 0.08190357243430907 3057.0 8262.0 15968.0 25164.0 34752.0 43882.0 52032.0 58948.0 64572.00000000001 68956.0 72218.0 74501.0 75951.0 76708.0 76898.0 76630.0
12 1.0 67.02948211692102 71.41700848039378 0.26876467171860613 -0.7892724901605473 -0.305026297573598 0.19312933719266684 0.10080880142543232 0.08190357243430907 8517.0 22763.0 43304.0 67085.0 91075.0 113138.0 132111.0 147569.0 159555.0 168366.0 174410.0 178121.0 179910.0 180149.0 179157.0 177204.0
13 1.0 339.9740603942161 -16.787997749565307 0.26876467171860613 -0.7892724901605473 -0.305026297573598 0.19312933719266684 0.10080880142543232 0.08190357243430907 33688.0 77548.0 132193.0 188189.0 238855.0 280851.0 313281.0 336657.0 352138.0 361079.0 364788.0 364424.0 360962.0 355196.0 347762.0 339160.0
14 1.0 266.2382862177435 9.374089804554757 0.26876467171860613 -0.7892724901605473 -0.305026297573598 0.19312933719266684 0.10080880142543232 0.08190357243430907 9511.0 23348.0 42018.0 62646.99999999999 82743.0 100714.0 115797.0 127805.0 136893.0 143384.0 147658.0 150098.0 151052.0 150824.0 149672.0 147809.0
15 1.0 176.56517110232414 -41.10250183089374 0.26876467171860613 -0.7892724901605473 -0.305026297573598 0.19312933719266684 0.10080880142543232 0.08190357243430907 12086.0 33913.0 66272.0 104178.0 142485.0 177532.0 207351.0 231264.0 249405.0 262332.0 270779.0 275505.0 277217.0 276541.0 274007.0 270053.0
16 1.0 81.86926607039636 -8.020053098995149 0.26876467171860613 -0.7892724901605473 -0.305026297573598 0.19312933719266684 0.10080880142543232 0.08190357243430907 6786.0 17552.0 32785.0 50255.0 67812.0 83953.0 97863.0 109245.0 118134.0 124737.0 129344.99999999999 132265.0 133789.0 134180.0 133667.0 132442.0
17 1.0 91.56833343734147 -17.69156363167224 0.26876467171860613 -0.7892724901605473 -0.305026297573598 0.19312933719266684 0.10080880142543232 0.08190357243430907 11304.0 28109.0 50971.0 76334.0 101082.0 123215.0 141769.0 156509.0 167623.0 175511.0 180647.0 183502.0 184510.0 184048.0 182438.0 179946.0
18 1.0 20.89049771659522 -45.28557628506522 0.26876467171860613 -0.7892724901605473 -0.305026297573598 0.19312933719266684 0.10080880142543232 0.08190357243430907 16629.0 45026.0 85563.0 131503.0 176543.0 216571.0 249633.0 275299.0 294015.0 306643.0 314173.0 317568.0 317690.0 315277.0 310939.0 305174.0
19 1.0 156.3899852009235 1.0559490885555078 0.26876467171860613 -0.7892724901605473 -0.305026297573598 0.19312933719266684 0.10080880142543232 0.08190357243430907 35777.0 82403.0 140350.0 199511.0 252801.0 296737.0 330445.0 354534.0 370283.0 379156.0 382559.0 381723.0 377682.0 371273.0 363162.0 353872.0
20 1.0 112.24651751787692 -34.13145132363395 0.26876467171860613 -0.7892724901605473 -0.305026297573598 0.19312933719266684 0.10080880142543232 0.08190357243430907 19567.0 48677.0 87704.0 130145.00000000001 170589.0 205802.0 234424.0 256332.0 272075.0 282491.0 288486.0 290917.0 290539.0 287992.0 283803.0 278398.0
21 1.0 250.6836559735654 -22.85372450146545 0.26876467171860613 -0.7892724901605473 -0.305026297573598 0.19312933719266684 0.10080880142543232 0.08190357243430907 2588.0 7204.0 14217.0 22752.0 31785.0 40493.0 48348.0 55084.0 60624.0 65007.99999999999 68340.0 70751.0 72379.0 73354.0 73793.0 73798.0
22 1.0 135.99066214529313 4.494679605767573 0.26876467171860613 -0.7892724901605473 -0.305026297573598 0.19312933719266684 0.10080880142543232 0.08190357243430907 34331.0 73837.0 120451.0 166487.0 207065.0 240038.0 265077.0 282823.0 294320.0 300697.0 303009.0 302171.0 298946.0 293953.0 287683.0 280523.0
23 1.0 64.65732392146853 45.10710412721775 0.26876467171860613 -0.7892724901605473 -0.305026297573598 0.19312933719266684 0.10080880142543232 0.08190357243430907 3355.0 9389.0 18566.0 29723.0 41509.0 52848.0 63052.0 71776.0 78920.0 84531.0 88744.0 91728.0 93660.0 94713.0 95042.0 94782.0
24 1.0 8.884342220879242 -29.968656157570443 0.26876467171860613 -0.7892724901605473 -0.305026297573598 0.19312933719266684 0.10080880142543232 0.08190357243430907 19800.0 52214.0 97321.0 147388.0 195599.0 237738.0 271969.0 298057.0 316648.0 328774.0 335557.0 338057.0 337207.0 333793.0 328458.0 321721.0
25 1.0 24.20986732676949 76.34857799173744 0.26876467171860613 -0.7892724901605473 -0.305026297573598 0.19312933719266684 0.10080880142543232 0.08190357243430907 10490.0 28417.0 54392.0 84452.0 114667.0 142292.0 165865.0 184886.0 199453.0 209985.0 217029.0 221157.0 222906.0 222752.0 221102.0 218296.0
26 1.0 244.58139845948423 65.21733843046243 0.26876467171860613 -0.7892724901605473 -0.305026297573598 0.19312933719266684 0.10080880142543232 0.08190357243430907 17055.0 45725.0 86352.0 132176.0 176957.0 216662.0 249398.0 274771.0 293242.0 305678.0 313065.0 316358.0 316414.0 313962.0 309608.0 303843.0
27 1.0 163.33086404017632 -81.23574672440486 0.26876467171860613 -0.7892724901605473 -0.305026297573598 0.19312933719266684 0.10080880142543232 0.08190357243430907 10969.0 30445.0 59130.0 92635.0 126477.0 157479.0 183930.0 205237.0 221504.0 233208.0 240977.0 245466.0 247288.0 246986.0 245021.0 241779.0
28 1.0 193.16851599914 -44.3443456337719 0.26876467171860613 -0.7892724901605473 -0.305026297573598 0.19312933719266684 0.10080880142543232 0.08190357243430907 7173.0 20990.0 42451.0 68672.0 96235.0 122440.0 145628.0 165031.0 180499.0 192245.0 200666.0 206228.0 209399.0 210611.0 210246.0 208632.0
29 1.0 322.80166549452315 -9.695607721343649 0.26876467171860613 -0.7892724901605473 -0.305026297573598 0.19312933719266684 0.10080880142543232 0.08190357243430907 35900.0 77891.0 127779.0 177263.0 220994.0 256579.0 283614.0 302764.0 315153.0 322000.0 324451.0 323499.0 319973.0 314545.0 307748.0 299999.0
0 1.0 356.52202106281356 -71.16698002635466 0.26876467171860613 -0.7892724901605473 -0.305026297573598 0.19312933719266684 0.10080880142543232 0.08190357243430907 14609.0 38682.0 72675.0 111096.0 148855.0 182617.0 210759.0 232881.0 249295.0 260662.99999999997 267764.0 271367.0 272172.0 270783.0 267704.0 263351.0
1 1.0 78.08291438345061 -27.274321973970522 0.26876467171860613 -0.7892724901605473 -0.305026297573598 0.19312933719266684 0.10080880142543232 0.08190357243430907 9988.0 26674.0 50641.0 78244.0 105924.0 131209.0 152790.0 170221.0 183595.0 193291.0 199807.0 203661.0 205338.0 205271.0 203829.0 201324.0
2 1.0 238.70815311603627 43.21755461118286 0.26876467171860613 -0.7892724901605473 -0.305026297573598 0.19312933719266684 0.10080880142543232 0.08190357243430907 14615.0 39223.0 74286.0 114126.0 153400.0 188576.0 217920.0 240990.0 258103.00000000003 269945.0 277329.0 281062.0 281874.0 280397.0 277160.0 272598.0
3 1.0 94.79605562537424 32.49260660570866 0.26876467171860613 -0.7892724901605473 -0.305026297573598 0.19312933719266684 0.10080880142543232 0.08190357243430907 7261.0 16811.0 29049.0 42072.0 54408.0 65201.99999999999 74099.0 81066.0 86246.0 89860.0 92154.0 93363.0 93700.0 93348.0 92461.0 91167.0
4 1.0 7.434359807662325 22.02919714188087 0.26876467171860613 -0.7892724901605473 -0.305026297573598 0.19312933719266684 0.10080880142543232 0.08190357243430907 11921.0 33405.0 65266.00000000001 102631.0 140443.0 175096.0 204634.0 228372.0 246427.0 259338.0 267819.0 272616.0 274423.0 273857.0 271440.0 267608.0
5 1.0 273.01631538101094 37.895112490022214 0.26876467171860613 -0.7892724901605473 -0.305026297573598 0.19312933719266684 0.10080880142543232 0.08190357243430907 17037.0 43350.0 79284.0 118906.0 157096.0 190684.0 218256.0 239589.0 255125.0 265607.0 271864.0 274693.0 274804.0 272802.0 269189.0 264376.0
6 1.0 115.20617429608842 -53.113736347253685 0.26876467171860613 -0.7892724901605473 -0.305026297573598 0.19312933719266684 0.10080880142543232 0.08190357243430907 16846.0 45219.0 85454.0 130859.0 175253.0 214634.0 247124.0 272324.0 290690.0 303074.0 310452.0 313769.0 313872.0 311484.0 307205.0 301522.0
7 1.0 138.04700190188328 -28.494339324348218 0.26876467171860613 -0.7892724901605473 -0.305026297573598 0.19312933719266684 0.10080880142543232 0.08190357243430907 26785.0 65036.0 114892.0 167723.0 216834.0 258523.99999999997 291491.0 315911.0 332700.0 343053.0 348178.0 349175.0 346988.0 342399.0 336039.0 328411.0
8 1.0 211.79416087929806 31.723646809943318 0.26876467171860613 -0.7892724901605473 -0.305026297573598 0.19312933719266684 0.10080880142543232 0.08190357243430907 14663.0 39787.0 75903.0 117191.0 158069.0 194794.0 225502.0 249688.0 267654.0 280103.0 287881.0 291827.0 292708.0 291186.0 287818.0 283058.0
9 1.0 299.17744388502854 68.26225734563889 0.26876467171860613 -0.7892724901605473 -0.305026297573598 0.19312933719266684 0.10080880142543232 0.08190357243430907 16576.0 44534.0 84253.0 129158.0 173145.0 212240.0 244559.0 269685.0 288049.0 300485.0 307949.0 311373.0 311596.0 309334.0 305180.0 299620.0
10 1.0 226.43346369281355 7.86204968905713 0.26876467171860613 -0.7892724901605473 -0.305026297573598 0.19312933719266684 0.10080880142543232 0.08190357243430907 6013.0 17117.0 34079.0 54634.0 76184.0 96694.0 114912.0 130255.00000000001 142597.0 152087.0 159014.0 163726.0 166570.0 167873.0 167925.0 166975.0
11 1.0 314.1542359610623 -39.11406282980341 0.26876467171860613 -0.7892724901605473 -0.305026297573598 0.19312933719266684 0.10080880142543232 0.08190357243430907 21550.0 47817.0 79961.0 112776.0 142638.0 167716.0 187478.0 202151.0 212324.0 218708.0 222007.0 222855.0 221796.0 219283.0 215683.0 211289.0
12 1.0 98.47513253362888 -84.55765355892314 0.26876467171860613 -0.7892724901605473 -0.305026297573598 0.19312933719266684 0.10080880142543232 0.08190357243430907 12219.0 33651.0 64933.00000000001 101174.0 137496.0 170517.0 198468.0 220785.0 237645.0 249603.0 257365.0 261654.0 263136.0 262397.0 259931.00000000003 256149.00000000003
13 1.0 287.29686020852296 37.8606292153584 0.26876467171860613 -0.7892724901605473 -0.305026297573598 0.19312933719266684 0.10080880142543232 0.08190357243430907 20558.0 51143.0 92018.0 136291.0 178298.0 214699.0 244132.0 266519.0 282472.0 292895.0 298747.0 300930.0 300234.0 297327.0 292753.0 286956.0
14 1.0 66.8289399501428 -88.58086136848073 0.26876467171860613 -0.7892724901605473 -0.305026297573598 0.19312933719266684 0.10080880142543232 0.08190357243430907 11676.0 32020.0 61667.0 96017.0 130486.99999999999 161889.0 188542.0 209894.0 226094.0 237653.0 245226.0 249489.0 251070.00000000003 250521.0 248312.0 244833.0
15 1.0 343.0049965099 -22.9177674322208 0.26876467171860613 -0.7892724901605473 -0.305026297573598 0.19312933719266684 0.10080880142543232 0.08190357243430907 31411.0 73303.0 126141.0 180802.0 230655.0 272280.0 304666.0 328219.0 344016.0 353351.0 357492.0 357571.0 354545.0 349200.0 342164.0 333935.0
16 1.0 247.4957794996135 5.496698621300723 0.26876467171860613 -0.7892724901605473 -0.305026297573598 0.19312933719266684 0.10080880142543232 0.08190357243430907 5315.0 14436.0 27880.0 43783.0 60168.0 75555.0 89074.0 100348.0 109331.0 116169.0 121101.0 124401.0 126337.0 127154.99999999999 127073.99999999999 126278.0
17 1.0 77.58276376088104 75.98006311809476 0.26876467171860613 -0.7892724901605473 -0.305026297573598 0.19312933719266684 0.10080880142543232 0.08190357243430907 10000.0 26464.0 49941.0 76846.0 103728.0 128218.0 149070.0 165875.0 178737.0 188031.0 194245.0 197884.0 199421.0 199275.0 197806.0 195313.0
18 1.0 341.0534125760127 -73.89098189407798 0.26876467171860613 -0.7892724901605473 -0.305026297573598 0.19312933719266684 0.10080880142543232 0.08190357243430907 13441.0 35491.0 66648.0 101950.0 136767.0 168030.0 194223.0 214937.0 230426.0 241271.0 248170.0 251819.00000000003 252855.0 251832.99999999997 249218.0 245395.0
19 1.0 263.1080904372568 -16.930382045708924 0.26876467171860613 -0.7892724901605473 -0.305026297573598 0.19312933719266684 0.10080880142543232 0.08190357243430907 4626.0 11484.0 20904.0 31510.000000000004 42045.0 51662.0 59917.0 66664.0 71943.0 75888.0 78677.0 80493.0 81509.0 81879.0 81734.0 81186.0
20 1.0 91.4189913342093 -85.6236240521716 0.26876467171860613 -0.7892724901605473 -0.305026297573598 0.19312933719266684 0.10080880142543232 0.08190357243430907 12122.0 33342.0 64295.00000000001 100147.0 136084.0 168763.0 196437.0 218545.0 235257.0 247121.0 254834.0 259108.0 260601.00000000003 259894.0 257475.0 253751.0
21 1.0 76.79231185229351 -28.33002281851374 0.26876467171860613 -0.7892724901605473 -0.305026297573598 0.19312933719266684 0.10080880142543232 0.08190357243430907 10041.0 26936.0 51278.0 79367.0 107566.0 133345.0 155352.0 173127.0 186760.0 196637.0 203264.0 207171.0 208856.0 208761.0 207265.0 204684.0
22 1.0 186.55225701503878 22.00159059116308 0.26876467171860613 -0.7892724901605473 -0.305026297573598 0.19312933719266684 0.10080880142543232 0.08190357243430907 22375.0 57875.0 106384.0 159436.0 209869.0 253427.0 288384.0 314663.0 333062.0 344737.0 350907.0 352703.0 351105.0 346932.0 340851.0 333392.0
23 1.0 9.238578499631366 -39.767769318852295 0.26876467171860613 -0.7892724901605473 -0.305026297573598 0.19312933719266684 0.10080880142543232 0.08190357243430907 19496.0 51270.0 95446.0 144492.0 191764.0 233142.0 266820.0 292550.0 310950.0 323015.0 329835.0 332442.0 331748.0 328521.0 323393.0 316871.0
24 1.0 74.68922715879938 -52.245009061985684 0.26876467171860613 -0.7892724901605473 -0.305026297573598 0.19312933719266684 0.10080880142543232 0.08190357243430907 14030.0 38448.0 73811.0 114438.0 154806.0 191173.0 221653.0 245713.0 263632.0 276093.0 283924.0 287953.0 288937.0 287532.0 284288.0 279657.0
25 1.0 152.88676875054225 -69.17341800112314 0.26876467171860613 -0.7892724901605473 -0.305026297573598 0.19312933719266684 0.10080880142543232 0.08190357243430907 12118.0 33773.0 65680.0 102885.0 140348.0 174528.0 203540.0 226759.0 244337.0 256834.0 264974.0 269499.0 271101.0 270388.0 267875.0 263989.0
26 1.0 134.7011929203212 13.88524392366152 0.26876467171860613 -0.7892724901605473 -0.305026297573598 0.19312933719266684 0.10080880142543232 0.08190357243430907 32623.0 69241.0 111928.0 153705.0 190264.0 219788.0 242075.0 257764.0 267837.0 273330.0 275200.0 274274.0 271237.0 266640.0 260921.0 254421.99999999997
27 1.0 166.88715277133184 35.14860106284348 0.26876467171860613 -0.7892724901605473 -0.305026297573598 0.19312933719266684 0.10080880142543232 0.08190357243430907 29105.0 68860.0 119576.0 172494.0 221100.0 261951.0 293953.0 317417.0 333336.0 342938.0 347438.0 347931.0 345348.0 340455.0 333869.0 326078.0
28 1.0 99.94633426610349 30.95228530724802 0.26876467171860613 -0.7892724901605473 -0.305026297573598 0.19312933719266684 0.10080880142543232 0.08190357243430907 9526.0 21325.0 35888.0 50873.0 64624.0 76289.0 85603.0 92646.0 97664.0 100964.0 102855.0 103614.0 103485.0 102669.0 101332.0 99607.0
29 1.0 211.24236472494076 80.79498372969132 0.26876467171860613 -0.7892724901605473 -0.305026297573598 0.19312933719266684 0.10080880142543232 0.08190357243430907 15571.0 41205.0 77291.0 117922.0 157684.0 193070.0 222411.0 245330.0 262197.0 273739.0 280799.0 284201.0 284689.0 282903.0 279377.0 274545.0
0 1.0 310.9880181323633 -89.51342149916951 0.26876467171860613 -0.7892724901605473 -0.305026297573598 0.19312933719266684 0.10080880142543232 0.08190357243430907 11343.0 31080.0 59850.0 93211.0 126726.0 157303.0 183301.0 204175.0 220057.0 231434.0 238935.0 243211.0 244870.0 244445.0 242394.0 239094.0
1 1.0 42.31146814633191 26.49539770092649 0.26876467171860613 -0.7892724901605473 -0.305026297573598 0.19312933719266684 0.10080880142543232 0.08190357243430907 2518.0 7854.999999999999 16765.0 28389.0 41366.0 54424.0 66632.0 77437.0 86585.0 94031.0 99859.0 104222.0 107300.0 109279.0 110336.0 110629.0
2 1.0 186.2564785754811 18.070602677575124 0.26876467171860613 -0.7892724901605473 -0.305026297573598 0.19312933719266684 0.10080880142543232 0.08190357243430907 21991.0 57094.0 105214.0 157965.0 208211.0 251679.0 286621.0 312936.0 331404.0 343165.0 349430.0 351321.0 349817.0 345735.0 339739.0 332359.0
3 1.0 47.54451828425519 15.973129794651868 0.26876467171860613 -0.7892724901605473 -0.305026297573598 0.19312933719266684 0.10080880142543232 0.08190357243430907 2352.0 7325.0 15619.0 26437.0 38525.0 50712.0 62135.0 72276.0 80890.0 87929.0 93460.0 97619.0 100571.0 102485.0 103525.0 103838.0
4 1.0 258.06948522933374 83.29865757124364 0.26876467171860613 -0.7892724901605473 -0.305026297573598 0.19312933719266684 0.10080880142543232 0.08190357243430907 14952.0 39921.0 75341.0 115448.0 154874.0 190093.0 219397.0 242370.0 259351.0 271042.0 278270.0 281849.0 282516.0 280905.0 277546.0 272875.0
5 1.0 142.58149301062573 -86.96309879339286 0.26876467171860613 -0.7892724901605473 -0.305026297573598 0.19312933719266684 0.10080880142543232 0.08190357243430907 11413.0 31440.000000000004 60739.0 94789.0 129038.00000000001 160301.0 186883.0 208217.0 224436.0 236038.0 243670.0 248002.0 249656.0 249183.0 247049.0 243644.0
6 1.0 203.55167226906323 35.36683752626102 0.26876467171860613 -0.7892724901605473 -0.305026297573598 0.19312933719266684 0.10080880142543232 0.08190357243430907 17437.0 46673.0 88031.0 134602.0 180035.0 220246.0 253334.0 278918.0 297486.0 309928.0 317256.0 320445.0 320365.0 317759.0 313240.0 307306.0
7 1.0 65.9807410370683 56.462156946335426 0.26876467171860613 -0.7892724901605473 -0.305026297573598 0.19312933719266684 0.10080880142543232 0.08190357243430907 5057.0 13808.0 26771.0 42169.0 58088.0 73083.0 86294.0 97339.0 106159.0 112887.0 117749.0 121006.0 122917.0 123722.0 123632.0 122830.0
8 1.0 52.1451933636158 1.7652953918851466 0.26876467171860613 -0.7892724901605473 -0.305026297573598 0.19312933719266684 0.10080880142543232 0.08190357243430907 3346.0 9997.0 20657.0 34115.0 48740.0 63121.0 76298.0 87738.0 97241.0 104815.0 110598.0 114784.0 117591.0 119234.0 119911.0 119798.0
9 1.0 175.70026103362363 -29.886323472574354 0.26876467171860613 -0.7892724901605473 -0.305026297573598 0.19312933719266684 0.10080880142543232 0.08190357243430907 15095.0 41421.0 79517.0 123188.0 166439.0 205240.0 237591.0 262962.0 281694.0 294557.0 302466.0 306329.0 306967.0 305091.0 301293.0 296055.0
10 1.0 128.020585625984 52.35122938093289 0.26876467171860613 -0.7892724901605473 -0.305026297573598 0.19312933719266684 0.10080880142543232 0.08190357243430907 16643.0 38546.0 66472.0 95926.0 123478.0 147200.0 166359.0 180977.0 191467.0 198409.0 202411.0 204041.0 203798.0 202103.0 199305.0 195686.0
11 1.0 338.5555002910127 -72.49627338616357 0.26876467171860613 -0.7892724901605473 -0.305026297573598 0.19312933719266684 0.10080880142543232 0.08190357243430907 13575.0 35649.0 66716.0 101817.0 136370.0 167353.0 193281.0 213765.0 229067.0 239765.0 246555.0 250128.00000000003 251116.0 250066.99999999997 247443.0 243624.0
12 1.0 275.5170913705075 -10.43358520861345 0.26876467171860613 -0.7892724901605473 -0.305026297573598 0.19312933719266684 0.10080880142543232 0.08190357243430907 9982.0 22406.0 37809.0 53741.0 68445.0 80997.0 91089.0 98780.0 104316.0 108012.0 110189.0 111143.0 111133.0 110376.0 109050.0 107302.0
13 1.0 269.51890314619703 3.5914274227508827 0.26876467171860613 -0.7892724901605473 -0.305026297573598 0.19312933719266684 0.10080880142543232 0.08190357243430907 9486.0 22603.0 39872.0 58626.0 76667.0 92650.0 105965.0 116499.0 124420.0 130032.00000000001 133682.0 135713.0 136435.0 136118.0 134991.0 133241.0
14 1.0 325.33910630853603 34.91215396821855 0.26876467171860613 -0.7892724901605473 -0.305026297573598 0.19312933719266684 0.10080880142543232 0.08190357243430907 25651.0 64249.0 115602.0 170681.0 222247.0 266203.0 301042.0 326877.0 344648.0 355610.0 361041.0 362110.0 359820.0 354999.0 348318.0 340309.0
15 1.0 30.032076759126678 -73.6405682341663 0.26876467171860613 -0.7892724901605473 -0.305026297573598 0.19312933719266684 0.10080880142543232 0.08190357243430907 14284.0 38821.0 74127.0 114511.0 154511.0 190459.0 220528.0 244219.0 261828.99999999997 274044.0 281688.0 285584.0 286480.0 285025.0 281761.0 277135.0
16 1.0 198.78928917206636 -49.00328972318503 0.26876467171860613 -0.7892724901605473 -0.305026297573598 0.19312933719266684 0.10080880142543232 0.08190357243430907 6144.0 18080.0 36764.0 59771.0 84139.0 107480.0 128289.99999999999 145846.0 159971.0 170823.0 178729.0 184087.0 187299.0 188743.0 188754.0 187623.0
17 1.0 210.4113848240768 -16.14571871577739 0.26876467171860613 -0.7892724901605473 -0.305026297573598 0.19312933719266684 0.10080880142543232 0.08190357243430907 4572.0 13944.0 29129.0 48368.0 69248.0 89688.0 108289.0 124300.0 137462.0 147825.0 155615.0 161138.0 164725.0 166691.0 167326.0 166885.0
18 1.0 346.2970962770024 22.193041143623518 0.26876467171860613 -0.7892724901605473 -0.305026297573598 0.19312933719266684 0.10080880142543232 0.08190357243430907 23614.0 60629.0 110830.0 165385.0 216956.0 261257.00000000003 296613.0 323023.0 341357.0 352835.0 358722.0 360184.0 358227.0 353687.0 347241.0 339427.0
19 1.0 105.17310964531758 69.65294061913514 0.26876467171860613 -0.7892724901605473 -0.305026297573598 0.19312933719266684 0.10080880142543232 0.08190357243430907 10760.0 27513.0 50764.0 76903.0 102643.0 125815.00000000001 145340.0 160915.0 172707.0 181115.0 186628.0 189739.0 190901.0 190514.0 188914.0 186382.0
20 1.0 86.69836076956085 21.388710283447764 0.26876467171860613 -0.7892724901605473 -0.305026297573598 0.19312933719266684 0.10080880142543232 0.08190357243430907 5084.0 12297.0 21973.0 32673.0 43151.0 52597.0 60608.0 67066.0 72029.0 75645.0 78100.0 79583.0 80272.0 80323.0 79871.0 79030.0
21 1.0 36.10581921557922 -65.9769352317118 0.26876467171860613 -0.7892724901605473 -0.305026297573598 0.19312933719266684 0.10080880142543232 0.08190357243430907 14989.0 40924.0 78305.0 121052.0 163328.0 201231.0 232831.0 257626.00000000003 275952.0 288559.0 296338.0 300170.0 300854.0 299081.0 295426.0 290360.0
22 1.0 5.9146666529307135 86.50442390171082 0.26876467171860613 -0.7892724901605473 -0.305026297573598 0.19312933719266684 0.10080880142543232 0.08190357243430907 12922.0 34545.0 65384.0 100549.0 135397.0 166809.0 193215.0 214167.0 229892.0 240952.0 248037.0 251840.0 253000.0 252070.00000000003 249521.0 245740.0
23 1.0 334.6305540451886 66.92143225598872 0.26876467171860613 -0.7892724901605473 -0.305026297573598 0.19312933719266684 0.10080880142543232 0.08190357243430907 14285.0 38736.0 73887.0 114091.0 153926.0 189749.0 219739.0 243393.0 260998.99999999997 273234.0 280915.0 284858.0 285807.0 284406.0 281197.0 276624.0
24 1.0 241.16995677272763 0.4897370061583217 0.26876467171860613 -0.7892724901605473 -0.305026297573598 0.19312933719266684 0.10080880142543232 0.08190357243430907 4202.0 11787.0 23303.0 37249.0 51902.0 65908.0 78423.0 89045.0 97676.0 104405.0 109418.0 112937.0 115192.0 116397.0 116745.0 116400.0
25 1.0 282.6550483283296 76.02263672339393 0.26876467171860613 -0.7892724901605473 -0.305026297573598 0.19312933719266684 0.10080880142543232 0.08190357243430907 15768.0 42362.0 80195.0 123059.0 165155.0 202684.0 233819.0 258130.00000000003 276000.0 288201.0 295632.0 299176.0 299627.0 297669.0 293871.0 288698.0
26 1.0 101.42283807142167 7.448542876284435 0.26876467171860613 -0.7892724901605473 -0.305026297573598 0.19312933719266684 0.10080880142543232 0.08190357243430907 12774.0 28180.0 46910.0 65938.0 83204.0 97691.0 109123.0 117645.0 123600.0 127396.00000000001 129431.99999999999 130066.99999999999 129608.0 128312.00000000001 126385.0 123996.0
27 1.0 211.1076598270776 76.19509222004936 0.26876467171860613 -0.7892724901605473 -0.305026297573598 0.19312933719266684 0.10080880142543232 0.08190357243430907 16423.0 43415.0 81320.0 123874.0 165383.0 202191.0 232586.0 256213.00000000003 273493.0 285210.0 292263.0 295523.0 295774.0 293684.0 289811.0 284609.0
28 1.0 23.023895803553206 59.38152634860177 0.26876467171860613 -0.7892724901605473 -0.305026297573598 0.19312933719266684 0.10080880142543232 0.08190357243430907 7546.0 21152.0 41582.0 65962.0 91157.0 114802.0 135506.0 152670.0 166227.0 176413.0 183615.0 188266.0 190794.0 191589.0 190997.0 189308.0
29 1.0 174.82593453646425 84.29155385297352 0.26876467171860613 -0.7892724901605473 -0.305026297573598 0.19312933719266684 0.10080880142543232 0.08190357243430907 14359.0 37840.0 70881.0 108141.0 144714.0 177392.0 204629.0 226045.0 241946.0 252971.0 259870.0 263387.0 264193.0 262871.0 259909.99999999997 255710.0
0 1.0 351.89825030800085 75.5609059400685 0.26876467171860613 -0.7892724901605473 -0.305026297573598 0.19312933719266684 0.10080880142543232 0.08190357243430907 12336.0 33451.0 63929.0 98987.0 133965.0 165673.0 192465.0 213836.0 229975.0 241423.0 248859.0 252973.0 254402.00000000003 253703.99999999997 251351.0 247735.0
1 1.0 315.54188831397266 -83.5139128628575 0.26876467171860613 -0.7892724901605473 -0.305026297573598 0.19312933719266684 0.10080880142543232 0.08190357243430907 11284.0 30552.0 58401.0 90524.0 122686.0 151961.0 176815.0 196752.0 211912.0 222771.0 229934.0 234024.0 235618.0 235228.0 233287.0 230155.0
2 1.0 121.73722266126443 -58.54103925103081 0.26876467171860613 -0.7892724901605473 -0.305026297573598 0.19312933719266684 0.10080880142543232 0.08190357243430907 15911.000000000002 43347.0 82750.0 127633.0 171835.0 211281.0 243999.0 269514.0 288225.0 300951.0 308648.0 312253.0 312610.0 310442.0 306352.0 300831.0
3 1.0 346.16525563493946 -19.95575812178656 0.26876467171860613 -0.7892724901605473 -0.305026297573598 0.19312933719266684 0.10080880142543232 0.08190357243430907 31046.0 73503.0 127588.0 183873.0 235392.0 278501.0 312085.0 336529.0 352932.0 362632.0 366944.0 367044.0 363926.0 358406.0 351138.0 342638.0
4 1.0 83.41258552963363 81.38568551317573 0.26876467171860613 -0.7892724901605473 -0.305026297573598 0.19312933719266684 0.10080880142543232 0.08190357243430907 11530.0 30490.0 57407.0 88081.0 118529.0 146065.0 169320.0 187883.0 201928.0 211922.0 218450.0 222102.0 223426.0 222901.0 220934.0 217863.0
5 1.0 341.75477606964535 -35.99479449433267 0.26876467171860613 -0.7892724901605473 -0.305026297573598 0.19312933719266684 0.10080880142543232 0.08190357243430907 26970.0 63506.00000000001 110153.0 158985.0 204059.0 242171.0 272250.0 294516.0 309831.0 319287.0 323983.0 324917.0 322944.0 318771.0 312973.0 306005.0
6 1.0 338.8959736943395 -61.11582410023181 0.26876467171860613 -0.7892724901605473 -0.305026297573598 0.19312933719266684 0.10080880142543232 0.08190357243430907 16644.0 41984.0 76462.0 114441.0 151067.0 183330.0 209879.0 230491.0 245573.0 255823.00000000003 262025.0 264933.0 265219.0 263463.0 260143.0 255652.0
7 1.0 287.71293144686103 69.53483989558077 0.26876467171860613 -0.7892724901605473 -0.305026297573598 0.19312933719266684 0.10080880142543232 0.08190357243430907 16644.0 44698.0 84531.0 129540.99999999999 173609.0 212756.0 245101.0 270232.0 288587.0 301002.0 308440.0 311836.0 312029.0 309736.0 305553.0 299966.0
8 1.0 226.9612572720448 -9.649005213023472 0.26876467171860613 -0.7892724901605473 -0.305026297573598 0.19312933719266684 0.10080880142543232 0.08190357243430907 3102.0 9344.0 19447.0 32315.999999999996 46412.0 60372.0 73248.0 84504.0 93923.0 101500.0 107354.0 111669.0 114650.0 116501.0 117411.0 117549.0
9 1.0 314.7436679849809 73.41760698377868 0.26876467171860613 -0.7892724901605473 -0.305026297573598 0.19312933719266684 0.10080880142543232 0.08190357243430907 15001.0 40470.0 76881.0 118317.0 159186.0 195777.0 226269.0 250197.0 267895.0 280085.0 287622.0 291354.0 292048.0 290366.0 286863.0 281992.0
10 1.0 105.48730242280682 -61.15851606237421 0.26876467171860613 -0.7892724901605473 -0.305026297573598 0.19312933719266684 0.10080880142543232 0.08190357243430907 15300.0 41879.0 80237.0 124113.0 167489.0 206340.0 238687.0 264018.0 282691.0 295485.0 303323.0 307116.0 307690.0 305754.0 301901.0 296615.0
11 1.0 305.61967991265055 29.00115207145791 0.26876467171860613 -0.7892724901605473 -0.305026297573598 0.19312933719266684 0.10080880142543232 0.08190357243430907 27100.0 64214.99999999999 111738.0 161533.0 207486.0 246308.0 276905.0 299513.0 315022.0 324556.0 329244.0 330106.0 328017.0 323699.0 317737.0 310594.0
12 1.0 222.43560909030856 -10.75252449069147 0.26876467171860613 -0.7892724901605473 -0.305026297573598 0.19312933719266684 0.10080880142543232 0.08190357243430907 3350.0 10184.0 21308.0 35516.0 51094.0 66525.0 80756.0 93196.0 103606.0 111984.0 118462.0 123242.0 126548.0 128605.0 129620.00000000001 129779.0
13 1.0 4.765268793203816 -76.23238157454863 0.26876467171860613 -0.7892724901605473 -0.305026297573598 0.19312933719266684 0.10080880142543232 0.08190357243430907 13711.0 36826.0 69854.0 107510.0 144776.0 178295.0 206391.0 228604.0 245197.0 256793.0 264145.0 268005.0 269061.0 267910.0 265053.0 260905.0
14 1.0 125.00406645559904 35.363366037450106 0.26876467171860613 -0.7892724901605473 -0.305026297573598 0.19312933719266684 0.10080880142543232 0.08190357243430907 20865.0 45028.0 73778.0 102469.0 128079.0 149202.0 165541.0 177407.0 185386.0 190136.0 192289.0 192402.0 190949.0 188317.0 184817.0 180698.0
15 1.0 53.330709941339414 -45.46822400295233 0.26876467171860613 -0.7892724901605473 -0.305026297573598 0.19312933719266684 0.10080880142543232 0.08190357243430907 12905.0 35726.0 69107.0 107783.0 146503.0 181634.0 211288.0 234878.0 252608.99999999997 265094.0 273100.0 277409.0 278740.0 277721.0 274883.0 270666.0
16 1.0 353.45858033457114 -82.86920593568681 0.26876467171860613 -0.7892724901605473 -0.305026297573598 0.19312933719266684 0.10080880142543232 0.08190357243430907 12301.0 33309.0 63599.0 98417.0 133140.0 164606.0 191189.0 212390.0 228397.0 239748.0 247118.0 251191.0 252599.00000000003 251896.99999999997 249553.0 245956.0
17 1.0 172.2133105343957 -79.21002631507682 0.26876467171860613 -0.7892724901605473 -0.305026297573598 0.19312933719266684 0.10080880142543232 0.08190357243430907 10552.0 29372.0 57180.0 89758.0 122756.0 153069.0 179006.0 199964.0 216024.0 227636.0 235401.0 239953.0 241887.0 241730.0 239932.0 236870.0
18 1.0 179.06089157951857 -79.00586332797828 0.26876467171860613 -0.7892724901605473 -0.305026297573598 0.19312933719266684 0.10080880142543232 0.08190357243430907 10236.0 28513.0 55554.0 87284.0 119476.0 149100.0 174495.0 195056.0 210850.0 222304.0 230000.0 234551.0 236536.0 236467.0 234786.0 231860.0
19 1.0 230.2101059035405 73.39193234730709 0.26876467171860613 -0.7892724901605473 -0.305026297573598 0.19312933719266684 0.10080880142543232 0.08190357243430907 16707.0 44523.0 83791.0 127998.0 171171.0 209463.0 241069.0 265610.0 283528.0 295646.0 302905.0 306219.0 306406.0 304165.0 300078.0 294618.0
20 1.0 132.6904582066623 43.17910520923817 0.26876467171860613 -0.7892724901605473 -0.305026297573598 0.19312933719266684 0.10080880142543232 0.08190357243430907 21141.0 47053.0 78839.0 111343.0 140959.0 165856.0 185492.0 200083.0 210205.0 216559.0 219841.0 220680.0 219616.0 217100.0 213496.0 209098.0
21 1.0 49.284097806815616 71.6512242984723 0.26876467171860613 -0.7892724901605473 -0.305026297573598 0.19312933719266684 0.10080880142543232 0.08190357243430907 8533.0 23108.0 44336.0 69075.0 94142.0 117260.0 137175.0 153415.0 166014.0 175279.0 181637.0 185544.0 187438.0 187708.0 186690.0 184669.0
22 1.0 295.9623839499284 31.064816033373845 0.26876467171860613 -0.7892724901605473 -0.305026297573598 0.19312933719266684 0.10080880142543232 0.08190357243430907 23814.0 57056.0 100137.0 145767.0 188305.0 224610.0 253544.0 275211.0 290350.0 299946.0 305006.0 306459.0 305105.0 301612.0 296524.0 290277.0
23 1.0 68.34524828499286 5.2091872255589635 0.26876467171860613 -0.7892724901605473 -0.305026297573598 0.19312933719266684 0.10080880142543232 0.08190357243430907 3238.0 9134.0 18160.0 29183.0 40866.0 52134.0 62299.0 71013.0 78168.0 83812.0 88072.0 91113.0 93112.0 94234.0 94634.0 94446.0
24 1.0 184.07483371672416 -35.19965441747191 0.26876467171860613 -0.7892724901605473 -0.305026297573598 0.19312933719266684 0.10080880142543232 0.08190357243430907 10538.0 29978.0 59222.0 93925.0 129412.0 162251.0 190516.0 213470.0 231143.0 243986.0 252633.0 257760.0 260012.00000000003 259963.0 258104.99999999997 254852.00000000003
25 1.0 80.75413043090613 89.63320523916121 0.26876467171860613 -0.7892724901605473 -0.305026297573598 0.19312933719266684 0.10080880142543232 0.08190357243430907 13421.0 35696.0 67310.0 103215.0 138674.0 170537.0 197242.0 218363.0 234156.0 245210.0 252236.00000000003 255944.0 256984.0 255919.99999999997 253230.0 249305.0
26 1.0 35.22401441785226 -24.805969390909922 0.26876467171860613 -0.7892724901605473 -0.305026297573598 0.19312933719266684 0.10080880142543232 0.08190357243430907 10497.0 29618.0 58192.0 91944.0 126347.99999999999 158111.0 185401.0 207531.0 224545.0 236888.0 245177.0 250069.0 252188.00000000003 252087.0 250243.0 247055.0
27 1.0 310.388946271806 -5.28318914149628 0.26876467171860613 -0.7892724901605473 -0.305026297573598 0.19312933719266684 0.10080880142543232 0.08190357243430907 32284.0 68592.0 110962.0 152469.0 188826.0 218213.0 240421.0 256079.0 266156.0 271680.0 273601.0 272741.0 269778.0 265263.0 259629.0 253218.0
28 1.0 350.2510160483269 -21.915868513776886 0.26876467171860613 -0.7892724901605473 -0.305026297573598 0.19312933719266684 0.10080880142543232 0.08190357243430907 28978.0 70009.0 123120.0 179018.0 230623.0 274114.0 308224.0 333236.0 350189.0 360389.0 365140.0 365615.0 362814.0 357558.0 350508.0 342187.0
29 1.0 345.90047690268005 86.31484728038254 0.26876467171860613 -0.7892724901605473 -0.305026297573598 0.19312933719266684 0.10080880142543232 0.08190357243430907 13209.0 35341.0 66907.0 102882.0 138504.0 170578.0 197504.0 218831.0 234799.0 245992.0 253123.0 256903.0 257989.00000000003 256948.99999999997 254264.0 250330.0
