idx D_km lam beta x1 y1 z1 x2 y2 z2 flux5 flux6 flux7 flux8 flux9 flux10 flux11 flux12 flux13 flux14 flux15 flux16 flux17 flux18 flux19 flux20
0 1.0 197.5728614138369 73.17998985981222 -0.10205704211545572 0.8943071349885663 0.3279093116487752 0.18000784555306606 0.007972773658639356 -0.05536559531827186 10518.0 31097.0 63254.00000000001 102665.0 144140.0 183567.0 218414.0 247513.0 270640.0 288126.0 300584.0 308729.0 313275.0 314883.0 314131.0 311519.0
1 1.0 257.468171894071 49.328519885754986 -0.10205704211545572 0.8943071349885663 0.3279093116487752 0.18000784555306606 0.007972773658639356 -0.05536559531827186 19949.0 55954.0 109080.0 170929.0 232995.0 289348.0 336893.0 374660.0 402978.0 422839.0 435491.0 442203.0 444139.0 442319.0 437600.0 430687.0
2 1.0 216.99481538579178 -30.033872634844457 -0.10205704211545572 0.8943071349885663 0.3279093116487752 0.18000784555306606 0.007972773658639356 -0.05536559531827186 36030.0 89357.0 160250.0 236572.0 308490.0 370319.0 419847.0 457080.0 483187.0 499807.0 508649.0 511297.0 509125.00000000006 503283.99999999994 494709.0 484149.0
3 1.0 196.15794587888288 -75.40174980216058 -0.10205704211545572 0.8943071349885663 0.3279093116487752 0.18000784555306606 0.007972773658639356 -0.05536559531827186 18683.0 51457.0 99315.0 154789.0 210423.0 261040.0 303921.0 338192.0 364111.0 382523.0 394502.0 401149.0 403484.0 402404.0 398668.0 392903.0
4 1.0 152.5157277620057 -16.69658914551468 -0.10205704211545572 0.8943071349885663 0.3279093116487752 0.18000784555306606 0.007972773658639356 -0.05536559531827186 8207.0 24005.0 48662.0 79006.0 111179.0 142071.0 169714.0 193147.0 212117.0 226806.0 237624.0 245075.0 249675.0 251912.00000000003 252222.99999999997 250987.00000000003
5 1.0 232.5218807039962 -48.19785440923031 -0.10205704211545572 0.8943071349885663 0.3279093116487752 0.18000784555306606 0.007972773658639356 -0.05536559531827186 30003.0 72752.0 129061.00000000001 189652.0 247033.0 296810.0 337195.0 368082.0 390277.0 404970.0 413439.0 416886.0 416371.0 412792.0 406889.0 399262.0
6 1.0 157.5313960545693 -66.15222574356306 -0.10205704211545572 0.8943071349885663 0.3279093116487752 0.18000784555306606 0.007972773658639356 -0.05536559531827186 18710.0 52911.0 103803.0 163479.0 223742.0 278781.0 325487.0 362817.0 391011.0 410978.0 423897.0 430981.0 433356.0 432009.0 427777.0 421352.0
7 1.0 321.03828028154874 -80.38310727837145 -0.10205704211545572 0.8943071349885663 0.3279093116487752 0.18000784555306606 0.007972773658639356 -0.05536559531827186 12868.0 35965.0 70421.0 111233.0 153064.0 191981.0 225741.0 253446.99999999997 275078.0 291105.0 302221.0 309183.0 312719.0 313484.0 312048.0 308890.0
8 1.0 346.91859378037054 40.60698555790418 -0.10205704211545572 0.8943071349885663 0.3279093116487752 0.18000784555306606 0.007972773658639356 -0.05536559531827186 14011.0 41185.0 83136.0 133841.0 186413.0 235605.0 278354.0 313390.0 340631.0 360664.0 374387.0 382783.0 386804.0 387304.0 385024.0 380587.0
9 1.0 138.03894677727996 -87.94305744749441 -0.10205704211545572 0.8943071349885663 0.3279093116487752 0.18000784555306606 0.007972773658639356 -0.05536559531827186 15812.0 44383.0 86880.0 136907.0 187763.0 234618.0 274810.0 307359.0 332357.0 350475.0 362631.0 369798.0 372892.0 372731.0 370013.0 365324.0
10 1.0 285.02101370975925 48.70453473049972 -0.10205704211545572 0.8943071349885663 0.3279093116487752 0.18000784555306606 0.007972773658639356 -0.05536559531827186 17471.0 49210.0 96407.0 151827.0 207952.0 259411.99999999997 303298.0 338593.0 365463.0 384708.0 397385.0 404596.0 407372.0 406623.0 403124.0 397520.0
11 1.0 190.40217111104562 -63.549603827932486 -0.10205704211545572 0.8943071349885663 0.3279093116487752 0.18000784555306606 0.007972773658639356 -0.05536559531827186 20949.0 57604.0 110869.0 172240.0 233376.0 288584.0 334965.0 371671.0 399091.0 418236.0 430348.0 436674.0 438357.0 436391.0 431612.0 424707.0
12 1.0 204.49604199381562 -75.68602513438397 -0.10205704211545572 0.8943071349885663 0.3279093116487752 0.18000784555306606 0.007972773658639356 -0.05536559531827186 18579.0 50902.0 97937.0 152347.0 206855.0 256419.0 298404.0 331965.0 357360.0 375417.0 387184.0 393737.0 396071.0 395062.0 391450.0 385850.0
13 1.0 333.214789785358 -73.87145383705104 -0.10205704211545572 0.8943071349885663 0.3279093116487752 0.18000784555306606 0.007972773658639356 -0.05536559531827186 10820.0 30555.0 60354.0 96046.0 133017.0 167767.0 198226.0 223501.0 243486.0 258531.0 269202.0 276139.0 279972.0 281274.0 280548.0 278223.0
14 1.0 25.5729809512393 30.968605323704594 -0.10205704211545572 0.8943071349885663 0.3279093116487752 0.18000784555306606 0.007972773658639356 -0.05536559531827186 27193.0 72277.0 135701.0 206843.0 276054.0 337179.0 387385.0 426139.0 454212.0 472975.0 483974.0 488694.0 488459.0 484398.0 477442.0 468344.0
15 1.0 31.366547892554657 -45.83390222648794 -0.10205704211545572 0.8943071349885663 0.3279093116487752 0.18000784555306606 0.007972773658639356 -0.05536559531827186 14566.0 42295.0 84750.0 135805.0 188570.0 237838.0 280589.0 315586.0 342767.0 362732.0 376383.0 384707.0 388656.0 389087.0 386739.0 382236.0
16 1.0 7.278623078517259 -14.302895997582283 -0.10205704211545572 0.8943071349885663 0.3279093116487752 0.18000784555306606 0.007972773658639356 -0.05536559531827186 8777.0 27088.0 56845.0 94454.0 135047.0 174483.0 210034.0 240298.0 264842.0 283840.0 297797.0 307362.0 313209.0 315980.0 316251.0 314523.0
17 1.0 299.74314439725765 10.326382438305046 -0.10205704211545572 0.8943071349885663 0.3279093116487752 0.18000784555306606 0.007972773658639356 -0.05536559531827186 10226.0 26798.0 50544.0 78059.0 105947.0 131780.0 154198.0 172672.0 187208.0 198110.0 205821.0 210821.0 213572.0 214494.0 213951.0 212252.0
18 1.0 280.13643034194615 64.89921128918289 -0.10205704211545572 0.8943071349885663 0.3279093116487752 0.18000784555306606 0.007972773658639356 -0.05536559531827186 15973.999999999998 46502.0 93105.0 148846.0 206061.0 259063.0 304645.0 341575.0 369900.0 390364.0 404016.0 411971.0 415288.0 414907.0 411634.0 406139.0
19 1.0 313.2043733688549 40.8679672880391 -0.10205704211545572 0.8943071349885663 0.3279093116487752 0.18000784555306606 0.007972773658639356 -0.05536559531827186 13182.0 37984.0 75782.0 121149.0 168037.0 211882.0 250031.0 281385.0 305871.0 323995.0 336537.0 344351.0 348266.0 349033.0 347302.0 343621.0
20 1.0 352.30260320379506 -41.34097705703137 -0.10205704211545572 0.8943071349885663 0.3279093116487752 0.18000784555306606 0.007972773658639356 -0.05536559531827186 4939.0 15303.0 32422.0 54521.0 78951.0 103315.0 125916.0 145778.0 162484.0 175997.0 186502.0 194303.0 199747.0 203185.0 204942.0 205315.0
21 1.0 287.6970831180205 -66.33309612759703 -0.10205704211545572 0.8943071349885663 0.3279093116487752 0.18000784555306606 0.007972773658639356 -0.05536559531827186 12225.0 32464.0 61597.0 95352.0 129473.0 160943.0 188095.0 210306.0 227613.0 240423.0 249304.0 254863.0 257684.00000000003 258290.00000000003 257135.0 254602.0
22 1.0 166.13257041105547 -80.03262232418437 -0.10205704211545572 0.8943071349885663 0.3279093116487752 0.18000784555306606 0.007972773658639356 -0.05536559531827186 17602.0 49293.0 96206.0 151127.0 206627.0 257432.0 300703.0 335462.0 361895.0 380802.0 393232.0 400276.0 402954.0 402163.0 398667.0 393102.0
23 1.0 280.99050346312396 -35.712245793430355 -0.10205704211545572 0.8943071349885663 0.3279093116487752 0.18000784555306606 0.007972773658639356 -0.05536559531827186 15994.000000000002 36691.0 62814.99999999999 90180.0 115681.0 137620.0 155380.0 169008.0 178894.0 185565.0 189569.0 191417.0 191557.0 190367.0 188161.0 185193.0
24 1.0 42.57879331281596 -42.818733136857915 -0.10205704211545572 0.8943071349885663 0.3279093116487752 0.18000784555306606 0.007972773658639356 -0.05536559531827186 19165.0 54277.0 106547.0 167817.0 229631.0 286006.0 333758.0 371835.0 400504.0 420721.0 433709.0 440725.0 442931.0 441345.0 436827.0 430085.0
25 1.0 230.3715676779086 -7.894697975913658 -0.10205704211545572 0.8943071349885663 0.3279093116487752 0.18000784555306606 0.007972773658639356 -0.05536559531827186 44867.0 105790.0 183408.0 264382.0 338794.0 401384.0 450466.0 486499.0 510989.0 525799.0 532786.0 533621.0 529728.0 522279.99999999994 512225.00000000006 500310.99999999994
26 1.0 51.607183467256704 32.990640398582485 -0.10205704211545572 0.8943071349885663 0.3279093116487752 0.18000784555306606 0.007972773658639356 -0.05536559531827186 36509.0 86199.0 150059.0 217437.0 280175.0 333748.0 376517.0 408635.0 431172.0 445556.0 453254.0 455617.0 453816.0 448831.0 441462.0 432351.0
27 1.0 340.0808101378502 35.21258021499429 -0.10205704211545572 0.8943071349885663 0.3279093116487752 0.18000784555306606 0.007972773658639356 -0.05536559531827186 11969.0 35412.0 71940.0 116517.0 163193.0 207319.0 246090.0 278255.0 303627.0 322632.0 335999.0 344558.0 349126.0 350451.0 349189.0 345896.0
28 1.0 187.8653958300258 -38.96660761521 -0.10205704211545572 0.8943071349885663 0.3279093116487752 0.18000784555306606 0.007972773658639356 -0.05536559531827186 21247.0 59297.0 115124.0 179776.0 244316.0 302607.0 351510.0 390108.0 418819.0 438736.0 451195.0 457537.0 458987.0 456606.0 451285.0 443753.0
29 1.0 149.2782983965885 -21.61314793797831 -0.10205704211545572 0.8943071349885663 0.3279093116487752 0.18000784555306606 0.007972773658639356 -0.05536559531827186 9524.0 27494.0 55161.0 88809.0 124111.0 157670.0 187407.0 212359.0 232334.0 247593.0 258633.0 266035.0 270383.0 272218.0 272022.0 270207.0
0 1.0 95.24002035766571 -57.39282688735745 -0.10205704211545572 0.8943071349885663 0.3279093116487752 0.18000784555306606 0.007972773658639356 -0.05536559531827186 19976.0 55950.0 108996.0 170741.0 232702.0 288964.0 336442.0 374164.0 402456.0 422308.0 434963.0 441685.0 443639.0 441840.0 437144.0 430255.0
1 1.0 278.724128196318 51.93819221517336 -0.10205704211545572 0.8943071349885663 0.3279093116487752 0.18000784555306606 0.007972773658639356 -0.05536559531827186 17870.0 50635.0 99521.0 157006.0 215232.0 268583.0 314021.0 350490.0 378179.0 397930.0 410857.0 418115.0 420783.0 419811.0 416006.0 410038.0
2 1.0 164.21411959795748 -79.76734624201674 -0.10205704211545572 0.8943071349885663 0.3279093116487752 0.18000784555306606 0.007972773658639356 -0.05536559531827186 17637.0 49424.0 96501.0 151625.0 207335.0 258332.0 301764.0 336648.0 363170.0 382135.0 394599.0 401656.0 404330.0 403524.0 400004.0 394407.0
3 1.0 204.63622159271347 35.459503510497726 -0.10205704211545572 0.8943071349885663 0.3279093116487752 0.18000784555306606 0.007972773658639356 -0.05536559531827186 12508.0 37326.0 76249.0 123938.0 173981.0 221329.0 262919.0 297381.0 324504.0 344751.0 358915.0 367898.0 372590.0 373803.0 372248.0 368525.0
4 1.0 6.764328157087851 50.1651712693986 -0.10205704211545572 0.8943071349885663 0.3279093116487752 0.18000784555306606 0.007972773658639356 -0.05536559531827186 18783.0 53360.0 104943.0 165495.0 226661.0 282508.0 329869.0 367685.0 396205.0 416364.0 429365.0 436445.0 438753.0 437293.0 432916.0 426326.0
5 1.0 222.34877894731574 49.93336113277556 -0.10205704211545572 0.8943071349885663 0.3279093116487752 0.18000784555306606 0.007972773658639356 -0.05536559531827186 15019.0 43982.0 88500.0 142079.0 197390.0 248913.0 293469.0 329784.0 357829.0 378270.0 392087.0 400339.0 404038.0 404093.0 401284.0 396266.0
6 1.0 220.3544601800717 -43.303938417836115 -0.10205704211545572 0.8943071349885663 0.3279093116487752 0.18000784555306606 0.007972773658639356 -0.05536559531827186 31975.000000000004 79364.0 142690.0 211328.0 276516.0 333061.0 378830.0 413683.0 438555.0 454836.0 464013.0 467482.0 466469.0 462010.0 454954.0 445987.0
7 1.0 222.0962388749125 -22.713635172138936 -0.10205704211545572 0.8943071349885663 0.3279093116487752 0.18000784555306606 0.007972773658639356 -0.05536559531827186 40251.0 97359.0 171701.0 250504.0 323845.0 386221.0 435665.0 472405.0 497781.0 513545.99999999994 521490.0 523244.00000000006 520211.0 513557.99999999994 504227.0 492971.0
8 1.0 339.7493082652647 15.76793433535002 -0.10205704211545572 0.8943071349885663 0.3279093116487752 0.18000784555306606 0.007972773658639356 -0.05536559531827186 7226.0 22022.0 45918.0 76083.0 108710.0 140547.0 169431.0 194217.0 214523.0 230444.0 242346.0 250718.0 256077.0 258923.0 259710.0 258834.99999999997
9 1.0 245.45530767725404 -40.892057563595934 -0.10205704211545572 0.8943071349885663 0.3279093116487752 0.18000784555306606 0.007972773658639356 -0.05536559531827186 32149.999999999996 74037.0 126915.0 182130.0 233258.0 276820.0 311605.0 337786.0 356242.0 368121.0 374598.0 376753.0 375523.0 371695.0 365913.0 358694.0
10 1.0 129.42284420656296 -23.246496140780025 -0.10205704211545572 0.8943071349885663 0.3279093116487752 0.18000784555306606 0.007972773658639356 -0.05536559531827186 11796.0 32259.999999999996 62378.0 97797.0 133982.0 167623.0 196842.0 220887.0 239742.0 253798.00000000003 263638.0 269896.0 273189.0 274071.0 273028.0 270470.0
11 1.0 157.33150336776293 -54.530229566584865 -0.10205704211545572 0.8943071349885663 0.3279093116487752 0.18000784555306606 0.007972773658639356 -0.05536559531827186 17976.0 51122.0 100711.0 159117.0 218328.0 272599.0 318817.0 355897.0 384028.0 404069.0 417157.0 424474.0 427119.0 426064.0 422131.0 416005.0
12 1.0 251.14723053381536 -7.225940923918671 -0.10205704211545572 0.8943071349885663 0.3279093116487752 0.18000784555306606 0.007972773658639356 -0.05536559531827186 43299.0 95809.0 159418.0 223576.0 281180.0 328830.0 365720.0 392501.0 410480.0 421152.0 425951.0 426148.0 422813.0 416825.0 408888.0 399562.0
13 1.0 21.68116978653714 -81.96978577425946 -0.10205704211545572 0.8943071349885663 0.3279093116487752 0.18000784555306606 0.007972773658639356 -0.05536559531827186 13936.0 39523.0 78014.0 123778.0 170732.0 214378.0 252153.00000000003 283041.0 307032.0 324674.0 336770.0 344187.0 347758.0 348234.0 346262.0 342386.0
14 1.0 240.03601756044037 53.96325922271123 -0.10205704211545572 0.8943071349885663 0.3279093116487752 0.18000784555306606 0.007972773658639356 -0.05536559531827186 17143.0 49518.0 98550.0 156792.0 216197.0 270897.0 317651.0 355283.0 383924.0 404408.0 417863.0 425470.0 428340.0 427450.0 423635.0 417587.0
15 1.0 241.4296330625374 -76.1478395424061 -0.10205704211545572 0.8943071349885663 0.3279093116487752 0.18000784555306606 0.007972773658639356 -0.05536559531827186 17085.0 46044.0 87814.0 135967.0 184201.0 228153.0 265522.0 295554.0 318442.0 334883.0 345774.0 352039.0 354545.0 354054.0 351216.0 346574.0
16 1.0 75.73772198658273 3.3903267896746883 -0.10205704211545572 0.8943071349885663 0.3279093116487752 0.18000784555306606 0.007972773658639356 -0.05536559531827186 41770.0 92154.0 153035.0 214340.0 269319.0 314761.0 349921.0 375434.0 392554.0 402710.0 407270.0 407445.0 404257.0 398540.0 390966.0 382067.0
17 1.0 46.41346715574719 -34.7741820818647 -0.10205704211545572 0.8943071349885663 0.3279093116487752 0.18000784555306606 0.007972773658639356 -0.05536559531827186 24006.0 65888.0 126318.99999999999 195331.0 263386.0 324154.0 374562.0 413862.0 442666.0 462239.0 474057.0 479570.0 480080.0 476706.0 470377.0 461849.0
18 1.0 113.55420633270619 13.957730789647584 -0.10205704211545572 0.8943071349885663 0.3279093116487752 0.18000784555306606 0.007972773658639356 -0.05536559531827186 11245.0 26551.0 46482.0 67935.0 88434.0 106501.0 121494.0 133316.0 142179.0 148435.0 152481.0 154705.0 155455.0 155036.0 153705.0 151674.0
19 1.0 130.93587753934415 82.69800135001651 -0.10205704211545572 0.8943071349885663 0.3279093116487752 0.18000784555306606 0.007972773658639356 -0.05536559531827186 11551.0 33164.0 66137.0 105851.0 147093.0 185878.0 219849.0 247984.0 270163.0 286784.0 298492.0 306012.0 310056.0 311274.0 310232.0 307414.0
20 1.0 205.27083735043666 26.20264400208069 -0.10205704211545572 0.8943071349885663 0.3279093116487752 0.18000784555306606 0.007972773658639356 -0.05536559531827186 14957.0 43847.0 88311.0 141886.0 197246.0 248855.0 293515.0 329936.0 358080.0 378608.0 392497.0 400806.0 404549.0 404635.0 401848.0 396842.0
21 1.0 157.89654484643532 -83.63476156401164 -0.10205704211545572 0.8943071349885663 0.3279093116487752 0.18000784555306606 0.007972773658639356 -0.05536559531827186 16841.0 47234.0 92336.0 145270.0 198903.0 248135.0 290192.0 324091.0 349977.0 368593.0 380938.0 388053.0 390916.0 390394.0 387224.0 382022.0
22 1.0 355.8145817013214 -12.527560888548976 -0.10205704211545572 0.8943071349885663 0.3279093116487752 0.18000784555306606 0.007972773658639356 -0.05536559531827186 5217.0 16817.0 36520.0 62399.0 91312.0 120318.0 147303.0 171026.0 190950.0 207013.0 219438.0 228594.0 234907.0 238805.0 240689.0 240920.0
23 1.0 36.736131869290105 1.803033417285036 -0.10205704211545572 0.8943071349885663 0.3279093116487752 0.18000784555306606 0.007972773658639356 -0.05536559531827186 34252.0 87866.0 160817.0 240462.0 316153.0 381559.0 434110.0 473683.0 501457.99999999994 519153.0 528584.0 531436.0 529177.0 523034.0 514004.0 502885.0
24 1.0 75.19563219414049 6.511949046621353 -0.10205704211545572 0.8943071349885663 0.3279093116487752 0.18000784555306606 0.007972773658639356 -0.05536559531827186 41823.0 91888.0 152136.0 212607.0 266688.0 311273.0 345677.0 370559.0 387177.0 396952.0 401238.0 401233.0 397940.0 392183.0 384620.0 375775.0
25 1.0 58.07142643859865 32.65065190869082 -0.10205704211545572 0.8943071349885663 0.3279093116487752 0.18000784555306606 0.007972773658639356 -0.05536559531827186 36622.0 84613.0 145242.0 208475.0 266878.0 316447.0 355822.0 385251.0 405785.0 418781.0 425611.0 427533.0 425630.0 420808.0 413802.0 405206.0
26 1.0 235.11899716754343 -40.032702408282105 -0.10205704211545572 0.8943071349885663 0.3279093116487752 0.18000784555306606 0.007972773658639356 -0.05536559531827186 34804.0 81789.0 141981.0 205386.0 264392.0 314793.0 355071.0 385373.0 406700.0 420385.0 427797.0 430197.0 428679.0 424160.0 417389.0 408966.0
27 1.0 91.18497691432157 -66.80509821606236 -0.10205704211545572 0.8943071349885663 0.3279093116487752 0.18000784555306606 0.007972773658639356 -0.05536559531827186 18295.0 51964.0 102265.0 161432.0 221338.0 276176.0 322814.0 360173.0 388460.0 408561.0 421635.0 428881.0 431418.0 430227.0 426142.0 419854.0
28 1.0 167.87187822827028 -19.31837822152302 -0.10205704211545572 0.8943071349885663 0.3279093116487752 0.18000784555306606 0.007972773658639356 -0.05536559531827186 10617.0 31283.0 63554.0 103137.0 144870.0 184645.0 219917.0 249493.0 273121.0 291106.0 304041.0 312627.0 317569.0 319521.0 319063.0 316693.0
29 1.0 87.99321312057698 82.1530301032708 -0.10205704211545572 0.8943071349885663 0.3279093116487752 0.18000784555306606 0.007972773658639356 -0.05536559531827186 12711.0 36019.0 71164.0 113100.0 156308.0 196660.0 231765.0 260637.99999999997 283221.0 299978.0 311618.0 318921.0 322642.0 323464.0 321982.0 318698.0
0 1.0 57.2290501123871 -56.31643948484795 -0.10205704211545572 0.8943071349885663 0.3279093116487752 0.18000784555306606 0.007972773658639356 -0.05536559531827186 18456.0 52394.0 103077.0 162673.0 222990.0 278178.0 325087.0 362636.0 391041.0 411199.0 424281.0 431500.0 433982.0 432718.0 428548.0 422168.0
1 1.0 39.73505081914985 72.71711188708267 -0.10205704211545572 0.8943071349885663 0.3279093116487752 0.18000784555306606 0.007972773658639356 -0.05536559531827186 16362.999999999998 45221.0 87670.0 137274.0 187446.0 233499.0 272884.0 304696.0 329063.0 346667.0 358423.0 365293.0 368178.0 367882.0 365090.0 360374.0
2 1.0 236.27865220749842 7.885071013918747 -0.10205704211545572 0.8943071349885663 0.3279093116487752 0.18000784555306606 0.007972773658639356 -0.05536559531827186 42054.0 100673.0 176354.0 256102.0 329985.0 392573.0 441998.0 478569.0 503685.00000000006 519144.00000000006 526762.0 528188.0 524837.0 517880.0 508263.0 496741.0
3 1.0 49.74586248550097 -7.755944103762147 -0.10205704211545572 0.8943071349885663 0.3279093116487752 0.18000784555306606 0.007972773658639356 -0.05536559531827186 40532.0 99351.0 176559.0 258745.0 335369.0 400541.0 452142.0 490394.0 516709.0 532945.0 540992.0 542573.0 539168.0 532004.0 522070.99999999994 510157.0
4 1.0 70.76965020481926 68.76745384138013 -0.10205704211545572 0.8943071349885663 0.3279093116487752 0.18000784555306606 0.007972773658639356 -0.05536559531827186 15454.0 41297.0 78511.0 121488.0 164693.0 204250.0 238079.0 265457.0 286510.0 301816.0 312146.0 318306.0 321056.0 321069.0 318925.0 315110.0
5 1.0 132.74106143794708 -7.451286881654539 -0.10205704211545572 0.8943071349885663 0.3279093116487752 0.18000784555306606 0.007972773658639356 -0.05536559531827186 7389.0 20438.0 39999.0 63451.99999999999 87892.0 111084.0 131662.0 148993.0 162946.0 173689.0 181546.0 186902.0 190147.0 191646.0 191724.0 190663.0
6 1.0 295.55756274525663 40.350174590077785 -0.10205704211545572 0.8943071349885663 0.3279093116487752 0.18000784555306606 0.007972773658639356 -0.05536559531827186 15640.000000000002 43639.0 85155.0 133962.0 183565.0 229281.0 268529.0 300355.0 324843.0 342638.0 354630.0 361758.0 364912.0 364885.0 362355.0 357891.0
7 1.0 34.956459285502056 -18.17544209344163 -0.10205704211545572 0.8943071349885663 0.3279093116487752 0.18000784555306606 0.007972773658639356 -0.05536559531827186 25024.0 68327.0 130467.0 201096.0 270451.0 332133.0 383093.0 422646.0 451477.0 470916.0 482492.0 487692.0 487850.0 484105.0 477399.0 468500.0
8 1.0 301.6601666995694 72.7279907221724 -0.10205704211545572 0.8943071349885663 0.3279093116487752 0.18000784555306606 0.007972773658639356 -0.05536559531827186 15265.0 44562.0 89432.0 143269.0 198698.0 250203.99999999997 294643.0 330777.0 358612.0 378835.0 392442.0 400500.0 404028.0 403933.0 400996.0 395870.0
9 1.0 34.59542684182671 34.20450363442093 -0.10205704211545572 0.8943071349885663 0.3279093116487752 0.18000784555306606 0.007972773658639356 -0.05536559531827186 31119.0 79136.0 144471.0 216121.0 284702.0 344511.0 393112.0 430237.0 456807.0 474263.0 484167.0 487999.0 487060.0 482453.0 475083.0 465680.0
10 1.0 351.5254074048225 35.931969765093015 -0.10205704211545572 0.8943071349885663 0.3279093116487752 0.18000784555306606 0.007972773658639356 -0.05536559531827186 13849.0 40782.0 82440.0 132878.0 185254.0 234335.0 277048.0 312106.0 339409.0 359529.0 373351.0 381850.0 385972.0 386569.0 384378.0 380023.0
11 1.0 168.71443259317257 -31.010327719718596 -0.10205704211545572 0.8943071349885663 0.3279093116487752 0.18000784555306606 0.007972773658639356 -0.05536559531827186 14116.0 40800.0 81522.0 130408.0 180892.0 228027.0 268945.0 302470.0 328542.0 347729.0 360888.0 368957.0 372841.0 373355.0 371206.0 366988.0
12 1.0 351.6339917485214 46.22015569264005 -0.10205704211545572 0.8943071349885663 0.3279093116487752 0.18000784555306606 0.007972773658639356 -0.05536559531827186 15667.0 45687.0 91609.0 146637.0 203217.0 255720.0 300950.0 337664.0 365884.0 386330.0 400028.0 408074.0 411512.0 411272.0 408150.0 402811.0
13 1.0 217.74438710821656 24.490989980485438 -0.10205704211545572 0.8943071349885663 0.3279093116487752 0.18000784555306606 0.007972773658639356 -0.05536559531827186 22905.0 63463.00000000001 122451.0 190216.0 257359.0 317561.0 367695.0 406942.0 435848.0 455625.0 467711.0 473525.0 474352.0 471295.0 465277.0 457047.0
14 1.0 266.1348885833886 -46.79635079165228 -0.10205704211545572 0.8943071349885663 0.3279093116487752 0.18000784555306606 0.007972773658639356 -0.05536559531827186 21001.0 48977.0 84912.0 123089.0 159075.0 190326.0 215827.0 235539.0 249945.0 259755.0 265725.0 268573.0 268934.0 267350.0 264271.0 260063.0
15 1.0 14.107605211555443 -61.103011952653844 -0.10205704211545572 0.8943071349885663 0.3279093116487752 0.18000784555306606 0.007972773658639356 -0.05536559531827186 10476.0 30641.0 61945.0 100181.0 140368.0 178574.0 212385.0 240689.0 263267.0 280432.0 292764.0 300941.0 305642.0 307495.0 307053.0 304792.0
16 1.0 101.81050652750744 53.35046541311971 -0.10205704211545572 0.8943071349885663 0.3279093116487752 0.18000784555306606 0.007972773658639356 -0.05536559531827186 11704.0 29626.0 54557.0 82818.0 110979.0 136697.0 158731.0 176654.0 190550.0 200776.0 207808.0 212146.0 214265.0 214592.0 213493.0 211280.0
17 1.0 43.270762036740805 82.64998854634004 -0.10205704211545572 0.8943071349885663 0.3279093116487752 0.18000784555306606 0.007972773658639356 -0.05536559531827186 14079.0 39955.0 78898.0 125208.99999999999 172724.0 216885.0 255100.0 286341.0 310603.0 328441.0 340667.0 348162.0 351768.0 352242.0 350238.0 346307.0
18 1.0 106.61047110797217 -7.535011093192281 -0.10205704211545572 0.8943071349885663 0.3279093116487752 0.18000784555306606 0.007972773658639356 -0.05536559531827186 18639.0 44096.0 77272.0 112945.0 146928.0 176735.0 201302.0 220499.0 234713.0 244565.0 250741.0 253904.00000000003 254645.99999999997 253479.99999999997 250834.0 247061.0
19 1.0 42.74197882352786 16.377149758263286 -0.10205704211545572 0.8943071349885663 0.3279093116487752 0.18000784555306606 0.007972773658639356 -0.05536559531827186 39984.0 97160.0 171873.0 251276.99999999997 325315.0 388368.0 438403.0 475618.0 501345.99999999994 517355.0 525448.0 527274.0 524254.0 517567.0 508169.0 496820.0
20 1.0 114.47394458183138 64.39007595483983 -0.10205704211545572 0.8943071349885663 0.3279093116487752 0.18000784555306606 0.007972773658639356 -0.05536559531827186 9377.0 25742.0 50051.0 78940.0 108782.0 136844.0 161508.0 182063.0 198412.0 210815.0 219704.0 225578.0 228928.0 230208.0 229821.0 228108.0
21 1.0 149.13467802528118 -7.699778396305732 -0.10205704211545572 0.8943071349885663 0.3279093116487752 0.18000784555306606 0.007972773658639356 -0.05536559531827186 6100.0 17982.0 36757.0 60167.0 85322.0 109802.0 132007.0 151097.0 166787.0 179148.0 188450.0 195053.0 199344.0 201698.0 202456.0 201919.0
22 1.0 23.09309868556237 81.3374058298925 -0.10205704211545572 0.8943071349885663 0.3279093116487752 0.18000784555306606 0.007972773658639356 -0.05536559531827186 14673.0 41736.0 82478.0 130894.00000000001 180502.0 226525.0 266265.0 298668.0 323748.0 342105.0 354603.0 362171.0 365696.0 365972.0 363684.0 359409.0
23 1.0 249.28996297320714 13.63520916807704 -0.10205704211545572 0.8943071349885663 0.3279093116487752 0.18000784555306606 0.007972773658639356 -0.05536559531827186 39115.0 92213.0 160221.0 231701.0 297977.0 354306.0 399033.0 432395.0 455588.0 470166.0 477711.0 479668.0 477284.0 471598.0 463452.0 453523.0
24 1.0 203.97652351436705 57.738081726236686 -0.10205704211545572 0.8943071349885663 0.3279093116487752 0.18000784555306606 0.007972773658639356 -0.05536559531827186 10272.0 30840.0 63402.0 103704.0 146454.0 187368.0 223756.0 254329.00000000003 278787.0 297424.0 310841.0 319755.0 324896.0 326940.0 326488.0 324057.0
25 1.0 95.54021673820034 73.5918693142929 -0.10205704211545572 0.8943071349885663 0.3279093116487752 0.18000784555306606 0.007972773658639356 -0.05536559531827186 12128.0 33500.0 65192.0 102645.0 141032.0 176792.0 207890.0 233498.0 253580.00000000003 268549.0 279020.0 285672.0 289160.0 290080.0 288949.0 286206.0
26 1.0 188.36929924801188 56.7942873783424 -0.10205704211545572 0.8943071349885663 0.3279093116487752 0.18000784555306606 0.007972773658639356 -0.05536559531827186 7835.999999999999 23833.0 49582.0 81963.0 116840.0 150716.0 181291.0 207378.0 228604.0 245107.0 257307.99999999997 265749.0 270998.0 273598.0 274038.0 272744.0
27 1.0 33.818583873039 -61.30539657918793 -0.10205704211545572 0.8943071349885663 0.3279093116487752 0.18000784555306606 0.007972773658639356 -0.05536559531827186 13669.0 39562.0 79154.0 126782.0 176077.0 222210.0 262363.0 295360.0 321114.0 340156.0 353307.0 361471.0 365524.0 366260.0 364366.0 360422.0
28 1.0 207.34073840022455 23.201719031106066 -0.10205704211545572 0.8943071349885663 0.3279093116487752 0.18000784555306606 0.007972773658639356 -0.05536559531827186 17071.0 49298.0 98122.0 156144.0 215357.0 269911.0 316569.0 354149.0 382774.0 403267.0 416750.0 424398.0 427314.0 426476.0 422714.0 416718.0
29 1.0 334.5466311274371 -18.28183344845813 -0.10205704211545572 0.8943071349885663 0.3279093116487752 0.18000784555306606 0.007972773658639356 -0.05536559531827186 2825.0 8973.0 19414.0 33236.0 48884.0 64852.00000000001 80007.0 93643.0 105405.0 115193.0 123067.0 129177.99999999999 133719.0 136898.0 138914.0 139954.0
0 1.0 114.68482288247652 -78.71166863579778 -0.10205704211545572 0.8943071349885663 0.3279093116487752 0.18000784555306606 0.007972773658639356 -0.05536559531827186 17104.0 48496.0 95422.0 150727.0 206885.0 258482.0 302561.0 338065.0 365140.0 384569.0 397406.0 404750.0 407634.0 406972.0 403540.0 397986.0
1 1.0 240.2677367869254 -13.674194659828444 -0.10205704211545572 0.8943071349885663 0.3279093116487752 0.18000784555306606 0.007972773658639356 -0.05536559531827186 45998.0 103789.0 174936.0 247492.0 313137.0 367734.0 410171.0 441073.0 461875.0 474265.0 479880.0 480182.0 476406.0 469568.0 460485.0 449805.0
2 1.0 47.447230465581185 -43.436867959906614 -0.10205704211545572 0.8943071349885663 0.3279093116487752 0.18000784555306606 0.007972773658639356 -0.05536559531827186 20583.0 57770.0 112617.0 176394.0 240279.0 298151.0 346843.0 385390.0 414166.0 434223.0 446869.0 453425.0 455099.0 452945.0 447845.0 440526.0
3 1.0 257.8777934826836 62.82689551713193 -0.10205704211545572 0.8943071349885663 0.3279093116487752 0.18000784555306606 0.007972773658639356 -0.05536559531827186 16089.0 46803.0 93661.0 149678.0 207149.0 260363.0 306104.0 343144.0 371536.0 392030.0 405684.0 413621.0 416904.0 416479.0 413154.0 407605.0
4 1.0 104.1861934609924 -84.00516722159469 -0.10205704211545572 0.8943071349885663 0.3279093116487752 0.18000784555306606 0.007972773658639356 -0.05536559531827186 16171.000000000002 45698.0 89801.0 141824.0 194748.0 243499.0 285282.0 319073.0 344975.0 363697.0 376208.0 383526.0 386614.0 386325.0 383390.0 378418.0
5 1.0 65.94889032256206 82.61688993542523 -0.10205704211545572 0.8943071349885663 0.3279093116487752 0.18000784555306606 0.007972773658639356 -0.05536559531827186 13441.0 38070.0 75134.0 119251.0 164583.0 206795.0 243403.0 273409.0 296783.0 314039.0 325938.0 333311.0 336955.0 337591.0 335841.0 332232.0
6 1.0 211.14465653162995 -26.033607275052667 -0.10205704211545572 0.8943071349885663 0.3279093116487752 0.18000784555306606 0.007972773658639356 -0.05536559531827186 33352.0 85221.0 155720.0 232740.0 306066.0 369590.0 420799.0 459528.0 486875.0 504468.0 514035.0 517194.99999999994 515360.00000000006 509714.0 501223.0 490665.0
7 1.0 7.238716627497679 -25.792759727542276 -0.10205704211545572 0.8943071349885663 0.3279093116487752 0.18000784555306606 0.007972773658639356 -0.05536559531827186 7596.0 23605.0 49864.0 83361.0 119855.0 155646.0 188229.0 216260.0 239261.0 257314.0 270818.0 280316.0 286392.0 289609.0 290484.0 289468.0
8 1.0 298.4184105182507 -87.06086951693258 -0.10205704211545572 0.8943071349885663 0.3279093116487752 0.18000784555306606 0.007972773658639356 -0.05536559531827186 14822.0 41397.0 80863.0 127341.00000000001 174671.0 218394.0 256031.99999999997 286651.0 310307.0 327594.0 339342.0 346436.0 349716.0 349933.0 347734.0 343662.0
9 1.0 1.6903714293169436 -56.65818145748689 -0.10205704211545572 0.8943071349885663 0.3279093116487752 0.18000784555306606 0.007972773658639356 -0.05536559531827186 8192.0 24256.0 49586.0 81000.0 114513.0 146851.0 175908.0 200625.0 220696.0 236283.0 247797.0 255760.0 260711.00000000003 263163.0 263577.0 262355.0
10 1.0 244.01395324664284 -17.773289855350427 -0.10205704211545572 0.8943071349885663 0.3279093116487752 0.18000784555306606 0.007972773658639356 -0.05536559531827186 44349.0 98842.0 165262.0 232548.0 293156.0 343417.0 382410.0 410774.0 429856.0 441218.0 446367.0 446641.0 443171.0 436887.0 428536.0 418710.0
11 1.0 97.20287034917935 77.27245511448851 -0.10205704211545572 0.8943071349885663 0.3279093116487752 0.18000784555306606 0.007972773658639356 -0.05536559531827186 12088.0 33854.0 66449.0 105214.0 145115.0 182398.0 214888.0 241682.0 262717.0 278406.0 289384.0 296358.0 300012.0 300971.0 299778.0 296895.0
12 1.0 264.66984796413414 -72.06931256017117 -0.10205704211545572 0.8943071349885663 0.3279093116487752 0.18000784555306606 0.007972773658639356 -0.05536559531827186 15540.0 41252.0 78040.0 120314.0 162644.0 201277.0 234227.0 260828.99999999997 281239.0 296042.0 306001.0 311909.0 314510.0 314461.0 312327.0 308578.0
13 1.0 346.38787624227774 80.15427602623433 -0.10205704211545572 0.8943071349885663 0.3279093116487752 0.18000784555306606 0.007972773658639356 -0.05536559531827186 14940.0 43012.0 85611.0 136456.0 188666.0 237137.0 278971.0 313032.0 339329.0 358503.0 371476.0 379240.0 382742.0 382827.0 380226.0 375547.0
14 1.0 89.55113166718489 66.5079354983938 -0.10205704211545572 0.8943071349885663 0.3279093116487752 0.18000784555306606 0.007972773658639356 -0.05536559531827186 13195.0 35123.0 66741.0 103395.0 140440.0 174578.0 203991.0 228001.0 246656.0 260403.0 269864.0 275708.0 278570.0 279024.0 277565.0 274612.0
15 1.0 207.4166403904213 -8.25076855664068 -0.10205704211545572 0.8943071349885663 0.3279093116487752 0.18000784555306606 0.007972773658639356 -0.05536559531827186 28552.0 76129.0 142972.0 217704.0 290088.0 353680.0 405592.0 445366.0 473898.0 492691.0 503407.99999999994 507629.0 506754.00000000006 501966.0 494238.0 484353.0
16 1.0 213.13509525786205 -31.19384128171319 -0.10205704211545572 0.8943071349885663 0.3279093116487752 0.18000784555306606 0.007972773658639356 -0.05536559531827186 33794.0 85423.0 155093.0 230888.0 302873.0 365157.0 415339.0 453293.0 480105.0 497370.0 506780.0 509912.99999999994 508150.0 502646.00000000006 494348.0 484014.0
17 1.0 206.01068608471442 -48.10605672976977 -0.10205704211545572 0.8943071349885663 0.3279093116487752 0.18000784555306606 0.007972773658639356 -0.05536559531827186 26730.0 70267.0 131104.0 199127.0 265239.0 323656.0 371720.0 408926.0 435993.0 454206.0 465018.0 469830.0 469892.0 466274.0 459860.0 451369.0
18 1.0 80.30938775062259 20.603647165837387 -0.10205704211545572 0.8943071349885663 0.3279093116487752 0.18000784555306606 0.007972773658639356 -0.05536559531827186 34632.0 75439.0 124097.0 172560.0 215626.0 250940.0 278064.0 297599.0 310586.0 318174.0 321445.0 321346.0 318669.0 314062.0 308042.0 301019.0
19 1.0 342.9896441461146 -84.04657353440899 -0.10205704211545572 0.8943071349885663 0.3279093116487752 0.18000784555306606 0.007972773658639356 -0.05536559531827186 13784.0 38748.0 76067.0 120272.0 165525.0 207540.0 243889.0 273621.0 296735.0 313762.0 325470.0 332689.0 336215.0 336763.0 334953.0 331306.0
20 1.0 160.96513630234585 -87.19090839957092 -0.10205704211545572 0.8943071349885663 0.3279093116487752 0.18000784555306606 0.007972773658639356 -0.05536559531827186 16077.999999999998 45054.0 88086.0 138674.0 190042.0 237317.0 277825.0 310595.0 335730.0 353917.0 366090.0 373233.0 376274.0 376038.0 373232.0 368444.0
21 1.0 304.707122089606 -12.816769950317195 -0.10205704211545572 0.8943071349885663 0.3279093116487752 0.18000784555306606 0.007972773658639356 -0.05536559531827186 5907.0 15497.0 29344.0 45554.0 62188.0 77818.0 91609.0 103198.0 112538.0 119766.0 125109.0 128826.0 131175.0 132394.0 132695.0 132258.0
22 1.0 251.81253911430156 -77.74666668455036 -0.10205704211545572 0.8943071349885663 0.3279093116487752 0.18000784555306606 0.007972773658639356 -0.05536559531827186 16136.000000000002 43704.0 83672.0 129955.99999999999 176504.0 219083.0 255427.00000000003 284757.0 307223.0 323467.0 334334.0 340709.0 343419.0 343201.0 340682.0 336388.0
23 1.0 107.07730230784811 -44.65062211570328 -0.10205704211545572 0.8943071349885663 0.3279093116487752 0.18000784555306606 0.007972773658639356 -0.05536559531827186 20221.0 54919.0 104971.0 162442.0 219633.0 271308.0 314800.0 349321.0 375223.0 393428.0 405075.0 411312.0 413194.0 411642.0 407430.0 401199.0
24 1.0 292.9672150928918 -50.19103523770491 -0.10205704211545572 0.8943071349885663 0.3279093116487752 0.18000784555306606 0.007972773658639356 -0.05536559531827186 9852.0 25094.0 46430.0 70751.0 95114.0 117487.0 136768.0 152561.0 164910.0 174106.0 180546.0 184653.0 186832.0 187449.0 186819.0 185211.0
25 1.0 142.74206670491446 -44.425585129886656 -0.10205704211545572 0.8943071349885663 0.3279093116487752 0.18000784555306606 0.007972773658639356 -0.05536559531827186 15785.0 44749.0 88143.0 139452.0 191756.0 240025.0 281468.0 315046.0 340840.0 359534.0 372076.0 379468.0 382659.0 382492.0 379690.0 374856.0
26 1.0 317.1971509600182 -66.4100583812536 -0.10205704211545572 0.8943071349885663 0.3279093116487752 0.18000784555306606 0.007972773658639356 -0.05536559531827186 9147.0 25544.0 50190.0 79701.0 110341.0 139261.0 164758.0 186076.0 203098.0 216078.0 225457.0 231743.0 235437.0 237003.0 236851.0 235331.0
27 1.0 209.25823414890914 -87.83347987842222 -0.10205704211545572 0.8943071349885663 0.3279093116487752 0.18000784555306606 0.007972773658639356 -0.05536559531827186 15758.000000000002 44016.0 85907.0 135121.0 185094.0 231109.0 270574.0 302543.0 327110.0 344934.0 356915.0 364003.0 367096.0 366991.0 364374.0 359817.0
28 1.0 317.424730267747 -69.21282651502534 -0.10205704211545572 0.8943071349885663 0.3279093116487752 0.18000784555306606 0.007972773658639356 -0.05536559531827186 9860.0 27518.0 54005.0 85642.0 118401.0 149234.0 176335.0 198915.0 216870.0 230488.0 240253.0 246716.0 250421.0 251865.99999999997 251493.00000000003 249676.0
29 1.0 249.3113724279957 21.32644671229461 -0.10205704211545572 0.8943071349885663 0.3279093116487752 0.18000784555306606 0.007972773658639356 -0.05536559531827186 35016.0 85524.0 152132.0 223620.0 290972.0 348977.0 395594.0 430809.0 455679.0 471698.0 480434.0 483346.0 481708.0 476586.0 468855.0 459217.0
0 1.0 261.09154073507057 85.36611830724905 -0.10205704211545572 0.8943071349885663 0.3279093116487752 0.18000784555306606 0.007972773658639356 -0.05536559531827186 13250.0 38520.0 77270.0 123955.0 172305.0 217561.0 256942.99999999997 289291.0 314522.0 333160.0 346013.0 353972.0 357901.0 358578.0 356679.0 352776.0
1 1.0 180.47677749361281 88.26210028096091 -0.10205704211545572 0.8943071349885663 0.3279093116487752 0.18000784555306606 0.007972773658639356 -0.05536559531827186 12653.0 36574.0 73154.0 117194.0 162839.0 205638.0 242980.0 273759.0 297876.0 315802.0 328277.0 336125.0 340149.0 341075.0 339538.0 336074.0
2 1.0 344.1901085003606 -16.37026283284891 -0.10205704211545572 0.8943071349885663 0.3279093116487752 0.18000784555306606 0.007972773658639356 -0.05536559531827186 3267.0 10659.0 23459.0 40611.0 60167.0 80194.0 99220.0 116321.0 131035.00000000001 143231.0 152988.0 160501.0 166022.0 169818.0 172149.0 173251.0
3 1.0 231.83647172266947 -60.66820331161104 -0.10205704211545572 0.8943071349885663 0.3279093116487752 0.18000784555306606 0.007972773658639356 -0.05536559531827186 23263.0 59232.0 108660.0 163587.0 216986.0 264387.0 303704.0 334497.0 357275.0 372996.0 382765.0 387662.0 388661.0 386603.0 382192.0 376003.0
4 1.0 152.5878174809447 24.977116325975274 -0.10205704211545572 0.8943071349885663 0.3279093116487752 0.18000784555306606 0.007972773658639356 -0.05536559531827186 2787.0 8750.0 18781.0 31967.000000000004 46805.0 61865.0 76086.0 88818.0 99745.0 108788.0 116015.0 121577.0 125662.0 128466.0 130180.99999999999 130981.99999999999
5 1.0 218.30155708605275 -1.7450376212273113 -0.10205704211545572 0.8943071349885663 0.3279093116487752 0.18000784555306606 0.007972773658639356 -0.05536559531827186 35927.0 91212.0 165791.0 246697.0 323198.0 389014.0 441671.0 481140.0 508677.00000000006 526056.0 535129.0 537610.0 534981.0 528478.0 519107.0 507667.0
6 1.0 6.909551391360069 88.09375991119765 -0.10205704211545572 0.8943071349885663 0.3279093116487752 0.18000784555306606 0.007972773658639356 -0.05536559531827186 13420.0 38638.0 77030.0 123063.0 170590.0 214986.0 253573.0 285248.0 309948.0 328195.0 340785.0 348587.0 352446.0 353121.0 351271.0 347455.0
7 1.0 108.56693400283775 -78.24524271267956 -0.10205704211545572 0.8943071349885663 0.3279093116487752 0.18000784555306606 0.007972773658639356 -0.05536559531827186 17045.0 48380.0 95262.0 150553.0 206726.0 258359.99999999997 302488.0 338044.0 365169.0 384644.0 397519.0 404895.0 407804.0 407160.0 403743.0 398199.0
8 1.0 237.66247349736662 50.98219889648635 -0.10205704211545572 0.8943071349885663 0.3279093116487752 0.18000784555306606 0.007972773658639356 -0.05536559531827186 17823.0 51234.0 101589.0 161153.0 221682.0 277224.0 324538.0 362482.0 391240.0 411693.0 425013.0 432415.0 435034.0 433868.0 429764.0 423424.0
9 1.0 104.42793859575987 -38.0882704803311 -0.10205704211545572 0.8943071349885663 0.3279093116487752 0.18000784555306606 0.007972773658639356 -0.05536559531827186 21139.0 55887.0 105032.0 160738.0 215686.0 265023.0 306349.0 339017.0 363428.0 380499.0 391333.0 397032.0 398601.0 396916.0 392715.0 386605.0
10 1.0 222.48555443958296 -46.54464838621668 -0.10205704211545572 0.8943071349885663 0.3279093116487752 0.18000784555306606 0.007972773658639356 -0.05536559531827186 30681.0 76139.0 136967.0 203027.0 265913.0 320610.0 365025.0 398980.0 423338.0 439414.0 448621.0 452295.0 451613.0 447570.0 440986.0 432525.0
11 1.0 154.35673234047582 29.250822875881667 -0.10205704211545572 0.8943071349885663 0.3279093116487752 0.18000784555306606 0.007972773658639356 -0.05536559531827186 2831.0 8929.0 19222.0 32785.0 48075.0 63618.99999999999 78320.0 91500.0 102828.0 112216.0 119729.0 125519.99999999999 129778.0 132707.0 134502.0 135345.0
12 1.0 48.770663120082084 -45.70862670162639 -0.10205704211545572 0.8943071349885663 0.3279093116487752 0.18000784555306606 0.007972773658639356 -0.05536559531827186 20120.0 56623.0 110616.0 173556.0 236744.0 294107.0 342473.0 380849.0 409576.0 429674.0 442424.0 449124.0 450968.0 448997.0 444086.0 436956.0
13 1.0 107.38163734417108 29.854641160653784 -0.10205704211545572 0.8943071349885663 0.3279093116487752 0.18000784555306606 0.007972773658639356 -0.05536559531827186 12681.0 29474.0 50936.0 73640.0 94973.0 113464.0 128549.0 140225.0 148791.0 154668.0 158301.0 160108.0 160460.0 159670.0 158001.0 155665.0
14 1.0 205.18736785245537 3.11553309641198 -0.10205704211545572 0.8943071349885663 0.3279093116487752 0.18000784555306606 0.007972773658639356 -0.05536559531827186 22894.0 63431.0 122401.0 190161.0 257315.00000000003 317543.0 367711.0 406996.0 435940.0 455754.0 467871.0 473713.0 474563.0 471525.0 465522.0 457304.0
15 1.0 212.71419404934235 -13.663982081547132 -0.10205704211545572 0.8943071349885663 0.3279093116487752 0.18000784555306606 0.007972773658639356 -0.05536559531827186 34167.0 87552.0 160146.0 239384.0 314690.0 379777.0 432090.0 471503.0 499187.0 516846.0 526280.0 529167.0 526964.0 520889.99999999994 511939.00000000006 500904.0
16 1.0 206.75708958584838 9.843805559055411 -0.10205704211545572 0.8943071349885663 0.3279093116487752 0.18000784555306606 0.007972773658639356 -0.05536559531827186 21620.0 60436.0 117375.0 183245.0 248905.0 308102.0 357667.0 396694.0 425639.0 445636.0 458058.0 464280.0 465552.0 462955.0 457396.0 449614.0
17 1.0 235.1522951485681 -38.330726414466646 -0.10205704211545572 0.8943071349885663 0.3279093116487752 0.18000784555306606 0.007972773658639356 -0.05536559531827186 35806.0 83787.0 145004.0 209276.0 268919.0 319729.0 360223.0 390591.0 411877.0 425446.0 432694.0 434900.0 433174.0 428440.0 421453.0 412821.0
18 1.0 234.757177200608 37.1834471291362 -0.10205704211545572 0.8943071349885663 0.3279093116487752 0.18000784555306606 0.007972773658639356 -0.05536559531827186 23574.0 64715.99999999999 124142.0 192097.0 259211.00000000003 319241.0 369132.0 408115.0 436769.0 456320.0 468210.0 473861.0 474553.0 471387.0 465282.0 456984.0
19 1.0 155.31063675623062 -15.325763519958471 -0.10205704211545572 0.8943071349885663 0.3279093116487752 0.18000784555306606 0.007972773658639356 -0.05536559531827186 7997.000000000001 23545.0 47959.0 78149.0 110293.0 141272.0 169092.0 192755.0 211979.0 226923.0 237981.0 245647.0 250434.0 252828.0 253265.00000000003 252129.0
20 1.0 322.75677450638267 -25.101799112539396 -0.10205704211545572 0.8943071349885663 0.3279093116487752 0.18000784555306606 0.007972773658639356 -0.05536559531827186 3049.0 9156.0 19050.0 31695.0 45619.0 59509.0 72437.0 83864.0 93556.0 101484.0 107744.0 112498.0 115932.0 118238.0 119594.0 120162.0
21 1.0 132.32227321724275 59.158244620032804 -0.10205704211545572 0.8943071349885663 0.3279093116487752 0.18000784555306606 0.007972773658639356 -0.05536559531827186 6650.0 18947.0 37848.0 60936.0 85349.0 108789.0 129798.0 147656.0 162164.0 173448.0 181806.0 187610.0 191246.0 193080.0 193440.0 192615.0
22 1.0 156.91137309562566 76.4940441515746 -0.10205704211545572 0.8943071349885663 0.3279093116487752 0.18000784555306606 0.007972773658639356 -0.05536559531827186 9783.0 28463.0 57362.0 92594.0 129586.0 164739.0 195846.0 221890.0 242672.0 258480.0 269846.0 277392.0 281741.0 283468.0 283083.0 281022.0
23 1.0 321.092407805642 -81.71868404028655 -0.10205704211545572 0.8943071349885663 0.3279093116487752 0.18000784555306606 0.007972773658639356 -0.05536559531827186 13235.0 36996.0 72420.0 114336.0 157249.0 197119.0 231656.0 259954.00000000003 282006.0 298304.0 309569.0 316580.0 320087.0 320765.0 319197.0 315876.0
24 1.0 290.22983605659084 -48.12714129064221 -0.10205704211545572 0.8943071349885663 0.3279093116487752 0.18000784555306606 0.007972773658639356 -0.05536559531827186 10631.0 26546.0 48434.0 73046.0 97435.0 119627.0 138601.0 154028.0 166003.0 174844.0 180965.0 184797.0 186744.0 187170.0 186385.0 184653.0
25 1.0 253.39989007453187 -27.266513491338614 -0.10205704211545572 0.8943071349885663 0.3279093116487752 0.18000784555306606 0.007972773658639356 -0.05536559531827186 36657.0 80683.0 133827.0 187352.0 235409.0 275207.0 306083.0 328571.0 343746.0 352839.0 357036.0 357390.0 354791.0 349969.0 343511.0 335884.0
26 1.0 36.0816794324284 56.693966286644525 -0.10205704211545572 0.8943071349885663 0.3279093116487752 0.18000784555306606 0.007972773658639356 -0.05536559531827186 22228.0 58750.0 110381.0 168853.0 226457.0 278095.0 321260.0 355295.0 380642.0 398281.0 409385.0 415117.0 416541.0 414576.0 409998.0 403443.0
27 1.0 331.0137409480825 87.38845697579356 -0.10205704211545572 0.8943071349885663 0.3279093116487752 0.18000784555306606 0.007972773658639356 -0.05536559531827186 13560.0 39135.0 78126.0 124905.0 173209.0 218319.0 257504.0 289642.0 314673.0 333134.0 345837.0 353673.0 357501.0 358099.0 356139.0 352187.0
28 1.0 257.1268678376801 84.41490684066332 -0.10205704211545572 0.8943071349885663 0.3279093116487752 0.18000784555306606 0.007972773658639356 -0.05536559531827186 13238.0 38540.0 77380.0 124200.0 172709.0 218126.0 257654.0 290126.0 315457.0 334173.0 347083.0 355084.0 359040.0 359734.0 357843.0 353941.0
29 1.0 359.5849223644319 72.89070219898684 -0.10205704211545572 0.8943071349885663 0.3279093116487752 0.18000784555306606 0.007972773658639356 -0.05536559531827186 16191.0 46295.0 91640.0 145411.0 200295.0 250956.0 294427.0 329600.0 356559.0 376031.0 389022.0 396594.0 399753.0 399391.0 396272.0 391034.0
0 1.0 53.80138967687775 -36.619872288474625 -0.10205704211545572 0.8943071349885663 0.3279093116487752 0.18000784555306606 0.007972773658639356 -0.05536559531827186 25919.0 70067.0 132940.0 204028.0 273568.0 335230.0 386042.0 425379.0 453969.0 473165.0 484510.0 489500.0 489469.0 485556.0 478703.0 469674.0
1 1.0 312.52538065255715 88.56202381460534 -0.10205704211545572 0.8943071349885663 0.3279093116487752 0.18000784555306606 0.007972773658639356 -0.05536559531827186 13298.0 38406.0 76725.0 122751.0 170332.0 214821.0 253517.0 285300.0 310097.0 328426.0 341079.0 348928.0 352819.0 353512.0 351672.0 347856.0
2 1.0 58.497456483494936 -45.10439260983878 -0.10205704211545572 0.8943071349885663 0.3279093116487752 0.18000784555306606 0.007972773658639356 -0.05536559531827186 22806.0 62974.0 121312.0 188311.0 254720.99999999997 314312.0 363992.0 402937.0 431674.0 451388.0 463491.0 469379.0 470320.0 467403.0 461540.0 453474.0
3 1.0 221.6014431421839 -70.9368921211982 -0.10205704211545572 0.8943071349885663 0.3279093116487752 0.18000784555306606 0.007972773658639356 -0.05536559531827186 19654.0 52558.0 99564.0 153264.0 206580.0 254732.0 295290.0 327542.0 351811.0 368946.0 379990.0 386000.0 387949.0 386687.0 382931.0 377275.0
4 1.0 44.57519382579895 81.17146998997094 -0.10205704211545572 0.8943071349885663 0.3279093116487752 0.18000784555306606 0.007972773658639356 -0.05536559531827186 14314.0 40454.0 79662.0 126173.00000000001 173802.0 217997.0 256186.00000000003 287361.0 311532.0 329269.0 341392.0 348787.0 352299.0 352688.0 350609.0 346611.0
5 1.0 305.2829625560044 -47.98435401574267 -0.10205704211545572 0.8943071349885663 0.3279093116487752 0.18000784555306606 0.007972773658639356 -0.05536559531827186 6787.0 18242.0 35064.0 54966.0 75519.0 94894.0 112002.0 126358.0 137886.0 146754.0 153247.0 157696.0 160428.0 161749.0 161925.0 161188.0
6 1.0 290.63482514100383 34.15828771399508 -0.10205704211545572 0.8943071349885663 0.3279093116487752 0.18000784555306606 0.007972773658639356 -0.05536559531827186 16432.0 44469.0 85123.0 132213.0 179587.0 222931.0 259936.0 289807.0 312693.0 329245.0 340325.0 346830.0 349604.0 349393.0 346838.0 342473.0
7 1.0 204.8762659012536 -79.49585538349405 -0.10205704211545572 0.8943071349885663 0.3279093116487752 0.18000784555306606 0.007972773658639356 -0.05536559531827186 17622.0 48574.0 93878.0 146543.0 199529.0 247905.0 289047.0 322077.0 347199.0 365183.0 377028.0 383767.0 386362.0 385663.0 382391.0 377147.0
8 1.0 146.58598700135988 41.52763784294572 -0.10205704211545572 0.8943071349885663 0.3279093116487752 0.18000784555306606 0.007972773658639356 -0.05536559531827186 3561.0 10768.0 22488.0 37486.0 53990.0 70412.0 85633.0 99006.0 110256.0 119356.0 126432.99999999999 131687.0 135354.0 137667.0 138848.0 139095.0
9 1.0 24.900118363849696 68.70963822009114 -0.10205704211545572 0.8943071349885663 0.3279093116487752 0.18000784555306606 0.007972773658639356 -0.05536559531827186 17608.0 48904.0 94985.0 148767.0 203022.0 252647.0 294903.0 328855.0 354690.0 373190.0 385376.0 392309.0 394979.0 394259.0 390895.0 385502.0
10 1.0 251.07435833204292 -40.96135881612675 -0.10205704211545572 0.8943071349885663 0.3279093116487752 0.18000784555306606 0.007972773658639356 -0.05536559531827186 30337.0 69283.0 118127.0 168912.0 215816.0 255722.0 287573.0 311559.0 328495.0 339434.0 345446.0 347514.0 346489.0 343087.0 337892.0 331375.0
11 1.0 163.27536576410478 -21.76975870606286 -0.10205704211545572 0.8943071349885663 0.3279093116487752 0.18000784555306606 0.007972773658639356 -0.05536559531827186 10525.0 30854.0 62466.0 101120.0 141774.0 180443.0 214675.0 243335.0 266199.0 283579.0 296062.0 304333.0 309080.0 310939.0 310470.0 308157.0
12 1.0 259.94001580932525 -22.6266870022351 -0.10205704211545572 0.8943071349885663 0.3279093116487752 0.18000784555306606 0.007972773658639356 -0.05536559531827186 34663.0 75490.0 124167.0 172648.0 215734.0 251070.00000000003 278219.0 297780.0 310796.0 318413.0 321716.0 321650.0 319011.0 314445.0 308470.0 301493.0
13 1.0 311.8976373343065 44.781886357223954 -0.10205704211545572 0.8943071349885663 0.3279093116487752 0.18000784555306606 0.007972773658639356 -0.05536559531827186 14000.0 40391.0 80575.0 128718.0 178348.0 224615.0 264727.0 297554.0 323055.0 341802.0 354643.0 362501.0 366266.0 366738.0 364607.0 360455.0
14 1.0 351.1877418010389 -47.19469634297301 -0.10205704211545572 0.8943071349885663 0.3279093116487752 0.18000784555306606 0.007972773658639356 -0.05536559531827186 5520.0 16787.0 35083.0 58371.0 83814.0 108926.0 132001.0 152094.0 168839.0 182247.0 192551.0 200089.0 205236.0 208359.0 209802.0 209866.0
15 1.0 308.08920326133995 -59.06644217142426 -0.10205704211545572 0.8943071349885663 0.3279093116487752 0.18000784555306606 0.007972773658639356 -0.05536559531827186 8168.0 22393.0 43531.0 68693.0 94750.0 119334.0 141030.0 159204.0 173755.0 184890.0 192977.0 198437.0 201694.0 203138.0 203115.0 201923.0
16 1.0 4.21707030660071 -9.127503236207147 -0.10205704211545572 0.8943071349885663 0.3279093116487752 0.18000784555306606 0.007972773658639356 -0.05536559531827186 8233.0 25581.0 53956.0 90014.0 129120.00000000001 167280.0 201827.0 231362.0 255423.99999999997 274148.0 287997.0 297580.0 303540.0 306494.0 306997.0 305533.0
17 1.0 129.592103212211 -35.19568667208249 -0.10205704211545572 0.8943071349885663 0.3279093116487752 0.18000784555306606 0.007972773658639356 -0.05536559531827186 14735.0 40774.0 79196.0 124266.0 170048.0 212272.0 248577.0 278086.0 300866.0 317499.0 328790.0 335594.0 338722.0 338900.0 336749.0 332792.0
18 1.0 262.7966024726609 61.05404200655744 -0.10205704211545572 0.8943071349885663 0.3279093116487752 0.18000784555306606 0.007972773658639356 -0.05536559531827186 16589.0 48075.0 95927.0 152946.0 211273.0 265132.0 311301.0 348578.0 377054.0 397518.0 411061.0 418831.0 421913.0 421267.0 417713.0 411933.0
19 1.0 61.78668381411859 -47.20647131718502 -0.10205704211545572 0.8943071349885663 0.3279093116487752 0.18000784555306606 0.007972773658639356 -0.05536559531827186 22454.0 62114.0 119824.0 186210.0 252110.99999999997 311330.0 360769.0 399587.0 428286.0 448026.0 460200.0 466190.0 467251.0 464466.0 458739.0 450809.0
20 1.0 187.57317823348654 0.4301023480670665 -0.10205704211545572 0.8943071349885663 0.3279093116487752 0.18000784555306606 0.007972773658639356 -0.05536559531827186 12011.0 35790.0 73124.0 118964.0 167202.0 212988.0 253350.00000000003 286931.0 313490.0 333439.0 347516.0 356575.0 361462.0 362955.0 361736.0 358386.0
21 1.0 19.561675802131305 79.66504794562746 -0.10205704211545572 0.8943071349885663 0.3279093116487752 0.18000784555306606 0.007972773658639356 -0.05536559531827186 15063.0 42787.0 84453.0 133882.0 184444.0 231274.0 271640.0 304489.0 329855.0 348366.0 360913.0 368448.0 371880.0 372020.0 369567.0 365106.0
22 1.0 71.99874896270403 24.119585594038938 -0.10205704211545572 0.8943071349885663 0.3279093116487752 0.18000784555306606 0.007972773658639356 -0.05536559531827186 37756.0 83229.0 138206.0 193643.0 243465.0 284755.0 316809.0 340168.0 355940.0 365397.0 369768.0 370144.0 367447.0 362435.0 355718.0 347781.0
23 1.0 6.66784600582103 66.11209298324366 -0.10205704211545572 0.8943071349885663 0.3279093116487752 0.18000784555306606 0.007972773658639356 -0.05536559531827186 17436.0 49455.0 97302.0 153655.0 210828.0 263302.0 308075.0 344084.0 371491.0 391106.0 404010.0 411330.0 414122.0 413316.0 409706.0 403951.0
24 1.0 285.7311732086714 79.23774408385813 -0.10205704211545572 0.8943071349885663 0.3279093116487752 0.18000784555306606 0.007972773658639356 -0.05536559531827186 14342.0 41842.0 84020.0 134747.0 187134.0 235994.0 278331.0 312935.0 339761.0 359421.0 372821.0 380950.0 384754.0 385086.0 382678.0 378149.0
25 1.0 80.61288770173685 45.13767513954335 -0.10205704211545572 0.8943071349885663 0.3279093116487752 0.18000784555306606 0.007972773658639356 -0.05536559531827186 22082.0 51579.0 89525.0 129884.0 167956.0 201035.0 228033.0 248898.0 264137.0 274495.0 280773.0 283729.0 284038.0 282274.0 278915.0 274354.0
26 1.0 124.32660505088496 35.92351084045525 -0.10205704211545572 0.8943071349885663 0.3279093116487752 0.18000784555306606 0.007972773658639356 -0.05536559531827186 5565.0 14766.0 28184.0 44016.0 60367.0 75819.0 89522.0 101089.0 110448.0 117714.0 123095.0 126840.00000000001 129198.00000000001 130403.99999999999 130667.0 130169.0
27 1.0 334.1092656476127 84.23380198876086 -0.10205704211545572 0.8943071349885663 0.3279093116487752 0.18000784555306606 0.007972773658639356 -0.05536559531827186 14183.0 40941.0 81684.0 130478.00000000001 180750.0 227580.0 268141.0 301296.0 327012.0 345874.0 358749.0 366578.0 370265.0 370623.0 368352.0 364043.0
28 1.0 253.5891846924718 88.99214213658229 -0.10205704211545572 0.8943071349885663 0.3279093116487752 0.18000784555306606 0.007972773658639356 -0.05536559531827186 13023.0 37652.0 75287.0 120550.0 167401.0 211264.0 249467.0 280891.0 305452.0 323646.0 336246.0 344107.0 348056.0 348844.0 347122.0 343441.0
29 1.0 11.462014631270826 -8.672097119443265 -0.10205704211545572 0.8943071349885663 0.3279093116487752 0.18000784555306606 0.007972773658639356 -0.05536559531827186 11704.0 35161.0 72222.0 117925.0 166171.0 212075.0 252620.99999999997 286413.0 313183.0 333327.0 347577.0 356782.0 361789.0 363378.0 362234.0 358942.0
0 1.0 59.289896339248585 -77.2434399268425 -0.10205704211545572 0.8943071349885663 0.3279093116487752 0.18000784555306606 0.007972773658639356 -0.05536559531827186 15394.0 43911.0 86865.0 137866.0 190037.0 238332.0 279920.0 313720.0 339774.0 358741.0 371548.0 379188.0 382602.0 382631.0 379999.0 375309.0
1 1.0 223.73222453991488 -37.29707434070661 -0.10205704211545572 0.8943071349885663 0.3279093116487752 0.18000784555306606 0.007972773658639356 -0.05536559531827186 35578.0 86315.0 152812.0 223844.0 290519.0 347763.0 393640.0 428196.0 452515.0 468098.0 476506.0 479187.0 477397.0 472190.0 464428.0 454800.0
2 1.0 207.80229189750034 -62.57615297620852 -0.10205704211545572 0.8943071349885663 0.3279093116487752 0.18000784555306606 0.007972773658639356 -0.05536559531827186 22499.0 60034.0 113345.0 173824.0 233411.0 286774.0 331303.0 366327.0 392323.0 410326.0 421568.0 427266.0 428529.0 426314.0 421423.0 414516.0
3 1.0 85.64141569482311 -14.852452536717877 -0.10205704211545572 0.8943071349885663 0.3279093116487752 0.18000784555306606 0.007972773658639356 -0.05536559531827186 33514.0 77738.0 133857.0 192631.0 247139.0 293603.0 330693.0 358579.0 378199.0 390785.0 397597.0 399794.0 398383.0 394205.0 387950.0 380170.0
4 1.0 336.3170392529258 -66.36792087481392 -0.10205704211545572 0.8943071349885663 0.3279093116487752 0.18000784555306606 0.007972773658639356 -0.05536559531827186 8754.0 25036.0 49979.0 80255.0 112015.0 142234.0 169052.0 191599.0 209692.0 223557.0 233632.0 240436.0 244490.0 246282.0 246244.0 244746.0
5 1.0 221.02774414772256 18.741204723758756 -0.10205704211545572 0.8943071349885663 0.3279093116487752 0.18000784555306606 0.007972773658639356 -0.05536559531827186 28151.0 75159.0 141317.0 215401.0 287267.0 350498.0 402197.0 441878.0 470409.0 489266.0 500089.0 504443.0 503716.00000000006 499083.0 491510.0 481777.0
6 1.0 192.827809088985 -21.094549351586267 -0.10205704211545572 0.8943071349885663 0.3279093116487752 0.18000784555306606 0.007972773658639356 -0.05536559531827186 20669.0 58015.0 113082.0 177093.0 241188.0 299227.0 348039.0 386660.0 415474.0 435540.0 448174.0 454703.0 456340.0 454142.0 448995.0 441626.0
7 1.0 212.36759148764554 71.1694591718778 -0.10205704211545572 0.8943071349885663 0.3279093116487752 0.18000784555306606 0.007972773658639356 -0.05536559531827186 11487.0 33981.0 69064.0 111933.0 156894.0 199477.0 236970.0 268154.0 292829.0 311388.0 324520.0 333012.0 337646.0 339137.0 338113.0 335109.0
8 1.0 262.8439306260371 84.20304092373033 -0.10205704211545572 0.8943071349885663 0.3279093116487752 0.18000784555306606 0.007972773658639356 -0.05536559531827186 13369.0 38921.0 78131.0 125378.99999999999 174309.0 220096.0 259925.00000000003 292625.0 318117.0 336935.0 349901.0 357919.0 361864.0 362525.0 360585.0 356622.0
9 1.0 112.30019837265667 8.43928230049599 -0.10205704211545572 0.8943071349885663 0.3279093116487752 0.18000784555306606 0.007972773658639356 -0.05536559531827186 12660.0 29790.0 52030.0 75917.0 98694.0 118722.0 135293.0 148308.0 158010.0 164801.0 169128.0 171428.0 172095.0 171472.0 169844.0 167451.0
10 1.0 143.35958239779308 -40.531757423832616 -0.10205704211545572 0.8943071349885663 0.3279093116487752 0.18000784555306606 0.007972773658639356 -0.05536559531827186 14858.0 42126.0 83058.0 131587.0 181210.0 227160.0 266758.0 298973.0 323839.0 341973.0 354252.0 361611.0 364945.0 365050.0 362614.0 358212.0
11 1.0 75.54374963104397 16.601475377130626 -0.10205704211545572 0.8943071349885663 0.3279093116487752 0.18000784555306606 0.007972773658639356 -0.05536559531827186 39171.0 85491.0 140879.0 196203.0 245504.0 286032.0 317228.0 339732.0 354709.0 363459.0 367219.0 367079.0 363954.0 358592.0 351595.0 343437.0
12 1.0 67.02948211692102 71.41700848039378 -0.10205704211545572 0.8943071349885663 0.3279093116487752 0.18000784555306606 0.007972773658639356 -0.05536559531827186 15200.0 41177.0 78954.0 122865.0 167207.0 207943.0 242877.0 271219.0 293069.0 309003.0 319802.0 326291.0 329248.0 329368.0 327250.0 323393.0
13 1.0 339.9740603942161 -16.787997749565307 -0.10205704211545572 0.8943071349885663 0.3279093116487752 0.18000784555306606 0.007972773658639356 -0.05536559531827186 2963.0 9597.0 21043.0 36366.0 53846.0 71773.0 88834.0 104196.0 117436.0 128427.99999999999 137234.0 144026.0 149029.0 152481.0 154614.0 155644.0
14 1.0 266.2382862177435 9.374089804554757 -0.10205704211545572 0.8943071349885663 0.3279093116487752 0.18000784555306606 0.007972773658639356 -0.05536559531827186 31885.999999999996 73035.0 124778.0 178679.0 228522.0 270961.0 304846.0 330360.0 348364.0 359975.0 366333.0 368484.0 367340.0 363662.0 358075.0 351082.0
15 1.0 176.56517110232414 -41.10250183089374 -0.10205704211545572 0.8943071349885663 0.3279093116487752 0.18000784555306606 0.007972773658639356 -0.05536559531827186 18239.0 51828.0 102042.0 161145.0 221020.0 275856.0 322514.0 359905.0 388230.0 408369.0 421477.0 428755.0 431318.0 430149.0 426083.0 419810.0
16 1.0 81.86926607039636 -8.020053098995149 -0.10205704211545572 0.8943071349885663 0.3279093116487752 0.18000784555306606 0.007972773658639356 -0.05536559531827186 37210.0 84110.0 142193.0 201875.0 256359.0 302157.0 338218.0 364926.0 383355.0 394813.0 400601.0 401893.0 399694.0 394840.0 388009.0 379743.0
17 1.0 91.56833343734147 -17.69156363167224 -0.10205704211545572 0.8943071349885663 0.3279093116487752 0.18000784555306606 0.007972773658639356 -0.05536559531827186 29226.0 68969.0 120272.0 174761.0 225920.0 270037.0 305675.0 332840.0 352298.0 365131.0 372479.0 375408.0 374852.0 371601.0 366305.0 359492.0
18 1.0 20.89049771659522 -45.28557628506522 -0.10205704211545572 0.8943071349885663 0.3279093116487752 0.18000784555306606 0.007972773658639356 -0.05536559531827186 11307.0 33471.0 68165.0 110744.0 155602.0 198274.0 236005.0 267520.0 292567.0 311503.0 324989.0 333802.0 338715.0 340443.0 339617.0 336775.0
19 1.0 156.3899852009235 1.0559490885555078 -0.10205704211545572 0.8943071349885663 0.3279093116487752 0.18000784555306606 0.007972773658639356 -0.05536559531827186 4617.0 14150.0 29777.0 49847.0 71959.0 93950.0 114298.0 132131.0 147081.0 159125.0 168439.0 175304.0 180040.0 182968.0 184387.0 184566.0
20 1.0 112.24651751787692 -34.13145132363395 -0.10205704211545572 0.8943071349885663 0.3279093116487752 0.18000784555306606 0.007972773658639356 -0.05536559531827186 18610.0 49301.0 92937.0 142701.0 192120.0 236818.0 274565.0 304693.0 327478.0 343682.0 354250.0 360144.0 362253.0 361354.0 358110.0 353069.0
21 1.0 250.6836559735654 -22.85372450146545 -0.10205704211545572 0.8943071349885663 0.3279093116487752 0.18000784555306606 0.007972773658639356 -0.05536559531827186 40070.0 88131.0 146059.0 204294.0 256465.0 299557.0 332883.0 357055.0 373270.0 382885.0 387200.0 387365.0 384347.0 378940.0 371780.0 363371.0
22 1.0 135.99066214529313 4.494679605767573 -0.10205704211545572 0.8943071349885663 0.3279093116487752 0.18000784555306606 0.007972773658639356 -0.05536559531827186 4887.0 13892.0 27765.0 44792.0 62909.99999999999 80441.0 96302.0 109936.0 121167.0 130056.0 136797.0 141642.0 144860.0 146710.0 147428.0 147223.0
23 1.0 64.65732392146853 45.10710412721775 -0.10205704211545572 0.8943071349885663 0.3279093116487752 0.18000784555306606 0.007972773658639356 -0.05536559531827186 27379.0 64823.00000000001 113412.0 165295.0 214268.0 256735.0 291243.0 317725.0 336858.0 349638.0 357133.0 360350.0 360179.0 357375.0 352566.0 346258.0
24 1.0 8.884342220879242 -29.968656157570443 -0.10205704211545572 0.8943071349885663 0.3279093116487752 0.18000784555306606 0.007972773658639356 -0.05536559531827186 7993.999999999999 24642.0 51753.0 86151.0 123458.0 159907.0 192974.0 221327.0 244511.0 262637.0 276130.0 285554.0 291511.0 294581.0 295289.0 294095.0
25 1.0 24.20986732676949 76.34857799173744 -0.10205704211545572 0.8943071349885663 0.3279093116487752 0.18000784555306606 0.007972773658639356 -0.05536559531827186 15711.0 44282.0 86930.0 137261.0 188525.0 235828.0 276457.0 309403.0 334742.0 353140.0 365517.0 372851.0 376065.0 375983.0 373309.0 368634.0
26 1.0 244.58139845948423 65.21733843046243 -0.10205704211545572 0.8943071349885663 0.3279093116487752 0.18000784555306606 0.007972773658639356 -0.05536559531827186 14822.0 43409.0 87346.0 140227.0 194829.0 245711.0 289737.0 325647.0 353411.0 373679.0 387412.0 395652.0 399395.0 399534.0 396838.0 391953.0
27 1.0 163.33086404017632 -81.23574672440486 -0.10205704211545572 0.8943071349885663 0.3279093116487752 0.18000784555306606 0.007972773658639356 -0.05536559531827186 17363.0 48655.0 95020.0 149349.0 204299.0 254648.0 297573.0 332093.0 358380.0 377215.0 389633.0 396711.0 399453.0 398751.0 395358.0 389906.0
28 1.0 193.16851599914 -44.3443456337719 -0.10205704211545572 0.8943071349885663 0.3279093116487752 0.18000784555306606 0.007972773658639356 -0.05536559531827186 23325.0 63899.0 122464.0 189442.0 255633.0 314895.0 364210.0 402807.0 431237.0 450695.0 462594.0 468327.0 469153.0 466157.0 460243.0 452148.0
29 1.0 322.80166549452315 -9.695607721343649 -0.10205704211545572 0.8943071349885663 0.3279093116487752 0.18000784555306606 0.007972773658639356 -0.05536559531827186 3421.0 10319.0 21522.0 35851.0 51623.0 67332.0 81915.0 94756.0 105593.0 114400.0 121293.0 126465.0 130136.0 132528.0 133850.0 134290.0
0 1.0 356.52202106281356 -71.16698002635466 -0.10205704211545572 0.8943071349885663 0.3279093116487752 0.18000784555306606 0.007972773658639356 -0.05536559531827186 10652.0 30570.0 61016.0 97796.0 136135.0 172354.0 204242.0 230817.0 251925.0 267896.0 279302.0 286795.0 291023.0 292581.0 291994.0 289708.0
1 1.0 78.08291438345061 -27.274321973970522 -0.10205704211545572 0.8943071349885663 0.3279093116487752 0.18000784555306606 0.007972773658639356 -0.05536559531827186 32777.0 80682.0 144279.0 212894.0 277834.0 334006.0 379357.0 413801.0 438301.0 454260.0 463167.0 466418.0 465233.0 460641.0 453486.0 444447.0
2 1.0 238.70815311603627 43.21755461118286 -0.10205704211545572 0.8943071349885663 0.3279093116487752 0.18000784555306606 0.007972773658639356 -0.05536559531827186 21260.0 59407.0 115398.0 180236.0 244951.0 303385.0 352393.0 391061.0 419814.0 439749.0 452209.0 458540.0 459970.0 457563.0 452212.0 444648.0
3 1.0 94.79605562537424 32.49260660570866 -0.10205704211545572 0.8943071349885663 0.3279093116487752 0.18000784555306606 0.007972773658639356 -0.05536559531827186 19936.0 44808.0 75474.0 106913.0 135602.0 159752.0 178840.0 193078.0 203028.0 209368.0 212770.0 213836.0 213084.0 210941.0 207755.0 203805.0
4 1.0 7.434359807662325 22.02919714188087 -0.10205704211545572 0.8943071349885663 0.3279093116487752 0.18000784555306606 0.007972773658639356 -0.05536559531827186 16160.999999999998 47003.0 94054.0 150298.0 207995.0 261407.0 307308.0 344463.0 372930.0 393465.0 407132.0 415061.0 418319.0 417859.0 414491.0 408894.0
5 1.0 273.01631538101094 37.895112490022214 -0.10205704211545572 0.8943071349885663 0.3279093116487752 0.18000784555306606 0.007972773658639356 -0.05536559531827186 21566.0 57346.0 108179.0 165966.0 223067.0 274389.0 317394.0 351390.0 376783.0 394527.0 405772.0 411667.0 413265.0 411480.0 407079.0 400697.0
6 1.0 115.20617429608842 -53.113736347253685 -0.10205704211545572 0.8943071349885663 0.3279093116487752 0.18000784555306606 0.007972773658639356 -0.05536559531827186 18921.0 52884.0 102976.0 161375.0 220124.0 273641.0 318977.0 355169.0 382479.0 401806.0 414300.0 421139.0 423415.0 422084.0 417956.0 411701.0
7 1.0 138.04700190188328 -28.494339324348218 -0.10205704211545572 0.8943071349885663 0.3279093116487752 0.18000784555306606 0.007972773658639356 -0.05536559531827186 11936.0 33534.0 65938.0 104517.0 144245.0 181371.0 213718.0 240386.0 261313.00000000003 276914.0 287828.0 294760.0 298396.0 299357.0 298186.0 295340.0
8 1.0 211.79416087929806 31.723646809943318 -0.10205704211545572 0.8943071349885663 0.3279093116487752 0.18000784555306606 0.007972773658639356 -0.05536559531827186 16648.0 48249.0 96288.0 153539.0 212109.0 266191.0 312548.0 349972.0 378553.0 399087.0 412668.0 420452.0 423529.0 422863.0 419278.0 413459.0
9 1.0 299.17744388502854 68.26225734563889 -0.10205704211545572 0.8943071349885663 0.3279093116487752 0.18000784555306606 0.007972773658639356 -0.05536559531827186 15604.0 45547.0 91379.0 146320.0 202824.0 255264.0 300445.0 337124.0 365321.0 385754.0 399447.0 407496.0 410942.0 410714.0 407606.0 402285.0
10 1.0 226.43346369281355 7.86204968905713 -0.10205704211545572 0.8943071349885663 0.3279093116487752 0.18000784555306606 0.007972773658639356 -0.05536559531827186 37739.0 94286.0 169662.0 250782.0 327047.0 392368.0 444425.0 483287.0 510264.00000000006 527155.0 535817.0 537959.0 535057.0 528337.0 518794.0 507221.00000000006
11 1.0 314.1542359610623 -39.11406282980341 -0.10205704211545572 0.8943071349885663 0.3279093116487752 0.18000784555306606 0.007972773658639356 -0.05536559531827186 4447.0 12563.0 25027.0 40301.0 56543.0 72252.0 86462.0 98678.0 108748.0 116736.0 122820.0 127233.00000000001 130218.0 132008.0 132813.0 132817.0
12 1.0 98.47513253362888 -84.55765355892314 -0.10205704211545572 0.8943071349885663 0.3279093116487752 0.18000784555306606 0.007972773658639356 -0.05536559531827186 16011.999999999998 45242.0 88910.0 140438.0 192884.0 241223.0 282679.0 316232.0 341975.0 360606.0 373079.0 380402.0 383527.0 383298.0 380440.0 375555.0
13 1.0 287.29686020852296 37.8606292153584 -0.10205704211545572 0.8943071349885663 0.3279093116487752 0.18000784555306606 0.007972773658639356 -0.05536559531827186 17458.0 47507.0 91161.0 141714.0 192493.0 238837.0 278273.0 309972.0 334124.0 351457.0 362919.0 369491.0 372088.0 371519.0 368474.0 363527.0
14 1.0 66.8289399501428 -88.58086136848073 -0.10205704211545572 0.8943071349885663 0.3279093116487752 0.18000784555306606 0.007972773658639356 -0.05536559531827186 15347.0 43138.0 84559.0 133412.0 183174.0 229114.0 268604.0 300661.0 325352.0 343314.0 355435.0 362656.0 365873.0 365880.0 363364.0 358897.0
15 1.0 343.0049965099 -22.9177674322208 -0.10205704211545572 0.8943071349885663 0.3279093116487752 0.18000784555306606 0.007972773658639356 -0.05536559531827186 3059.0 9923.0 21775.0 37646.0 55749.0 74305.0 91953.0 107833.0 121510.0 132858.0 141945.0 148952.0 154111.0 157670.0 159870.0 160932.0
16 1.0 247.4957794996135 5.496698621300723 -0.10205704211545572 0.8943071349885663 0.3279093116487752 0.18000784555306606 0.007972773658639356 -0.05536559531827186 42875.0 98454.0 168015.0 239875.0 305590.0 360776.0 404088.0 435982.0 457782.0 471112.0 477580.0 478632.0 475506.0 469223.0 460608.0 450318.0
17 1.0 77.58276376088104 75.98006311809476 -0.10205704211545572 0.8943071349885663 0.3279093116487752 0.18000784555306606 0.007972773658639356 -0.05536559531827186 13545.0 37475.0 72899.0 114631.0 157235.0 196744.0 230922.0 258895.0 280667.0 296732.0 307806.0 314660.0 318038.0 318607.0 316946.0 313545.0
18 1.0 341.0534125760127 -73.89098189407798 -0.10205704211545572 0.8943071349885663 0.3279093116487752 0.18000784555306606 0.007972773658639356 -0.05536559531827186 10877.0 30865.0 61146.0 97491.0 135188.0 170650.0 201755.0 227582.0 248017.0 263412.0 274346.0 281468.0 285420.0 286786.0 286078.0 283735.0
19 1.0 263.1080904372568 -16.930382045708924 -0.10205704211545572 0.8943071349885663 0.3279093116487752 0.18000784555306606 0.007972773658639356 -0.05536559531827186 34074.0 74014.0 121462.0 168544.0 210217.0 244237.0 270231.0 288829.0 301080.0 308123.0 311022.0 310705.0 307941.0 303357.0 297449.0 290609.0
20 1.0 91.4189913342093 -85.6236240521716 -0.10205704211545572 0.8943071349885663 0.3279093116487752 0.18000784555306606 0.007972773658639356 -0.05536559531827186 15755.000000000002 44475.0 87375.0 138010.0 189574.0 237134.0 277959.0 311034.0 336445.0 354867.0 367234.0 374530.0 377691.0 377544.0 374802.0 370058.0
21 1.0 76.79231185229351 -28.33002281851374 -0.10205704211545572 0.8943071349885663 0.3279093116487752 0.18000784555306606 0.007972773658639356 -0.05536559531827186 32624.0 80815.0 145078.0 214606.0 280527.0 337614.0 383741.0 418795.0 443742.0 460005.0 469095.0 472429.0 471252.0 466608.0 459357.0 450192.0
22 1.0 186.55225701503878 22.00159059116308 -0.10205704211545572 0.8943071349885663 0.3279093116487752 0.18000784555306606 0.007972773658639356 -0.05536559531827186 7398.0 23200.0 49295.0 82738.0 119292.0 155227.0 188001.0 216238.0 239436.0 257664.99999999997 271316.0 280930.0 287092.0 290371.0 291282.0 290283.0
23 1.0 9.238578499631366 -39.767769318852295 -0.10205704211545572 0.8943071349885663 0.3279093116487752 0.18000784555306606 0.007972773658639356 -0.05536559531827186 7988.0 24348.0 50768.0 84102.0 120122.0 155225.0 187025.0 214270.0 236547.0 253973.99999999997 266963.0 276058.0 281833.0 284843.0 285587.0 284504.0
24 1.0 74.68922715879938 -52.245009061985684 -0.10205704211545572 0.8943071349885663 0.3279093116487752 0.18000784555306606 0.007972773658639356 -0.05536559531827186 21618.0 59992.0 116044.0 180756.0 245215.0 303338.0 352037.0 390429.0 418955.0 438713.0 451044.0 457285.0 458659.0 456223.0 450863.0 443307.0
25 1.0 152.88676875054225 -69.17341800112314 -0.10205704211545572 0.8943071349885663 0.3279093116487752 0.18000784555306606 0.007972773658639356 -0.05536559531827186 18598.0 52602.0 103226.0 162620.0 222638.0 277493.0 324083.0 361358.0 389545.0 409543.0 422518.0 429675.0 432132.0 430872.0 426728.0 420390.0
26 1.0 134.7011929203212 13.88524392366152 -0.10205704211545572 0.8943071349885663 0.3279093116487752 0.18000784555306606 0.007972773658639356 -0.05536559531827186 4100.0 11654.0 23324.0 37694.0 53039.0 67935.0 81452.0 93103.0 102728.0 110372.0 116194.0 120409.0 123244.0 124919.0 125633.0 125564.00000000001
27 1.0 166.88715277133184 35.14860106284348 -0.10205704211545572 0.8943071349885663 0.3279093116487752 0.18000784555306606 0.007972773658639356 -0.05536559531827186 3468.0 11179.0 24388.0 41940.0 61810.0 82031.0 101127.0 118187.0 132769.0 144765.0 154272.0 161505.0 166729.0 170221.0 172248.0 173054.0
28 1.0 99.94633426610349 30.95228530724802 -0.10205704211545572 0.8943071349885663 0.3279093116487752 0.18000784555306606 0.007972773658639356 -0.05536559531827186 17019.0 38573.0 65374.0 93041.0 118436.0 139927.0 157000.0 169806.0 178820.0 184631.0 187825.0 188937.0 188425.0 186668.0 183976.0 180598.0
29 1.0 211.24236472494076 80.79498372969132 -0.10205704211545572 0.8943071349885663 0.3279093116487752 0.18000784555306606 0.007972773658639356 -0.05536559531827186 11973.0 35043.0 70697.0 113962.0 159078.0 201591.0 238839.0 269658.0 293897.0 311991.0 324656.0 332700.0 336916.0 338027.0 336665.0 333365.0
0 1.0 310.9880181323633 -89.51342149916951 -0.10205704211545572 0.8943071349885663 0.3279093116487752 0.18000784555306606 0.007972773658639356 -0.05536559531827186 15281.0 42819.0 83776.0 132024.0 181137.0 226466.0 265433.0 297075.0 321460.0 339217.0 351218.0 358389.0 361609.0 361663.0 359224.0 354857.0
1 1.0 42.31146814633191 26.49539770092649 -0.10205704211545572 0.8943071349885663 0.3279093116487752 0.18000784555306606 0.007972773658639356 -0.05536559531827186 37217.0 90644.0 160794.0 235744.0 306031.0 366265.0 414406.0 450529.0 475808.0 491854.0 500337.99999999994 502801.00000000006 500580.0 494790.0 486343.0 475967.0
2 1.0 186.2564785754811 18.070602677575124 -0.10205704211545572 0.8943071349885663 0.3279093116487752 0.18000784555306606 0.007972773658639356 -0.05536559531827186 7884.0 24569.0 51956.0 86878.0 124878.0 162080.0 195873.0 224865.0 248574.0 267104.0 280884.0 290493.0 296549.0 299644.0 300320.0 299048.0
3 1.0 47.54451828425519 15.973129794651868 -0.10205704211545572 0.8943071349885663 0.3279093116487752 0.18000784555306606 0.007972773658639356 -0.05536559531827186 42460.0 100817.0 175714.0 254340.99999999997 327010.0 388473.0 436957.0 472802.0 497400.0 512522.99999999994 519954.99999999994 521314.00000000006 517987.0 511121.99999999994 501645.0 490297.0
4 1.0 258.06948522933374 83.29865757124364 -0.10205704211545572 0.8943071349885663 0.3279093116487752 0.18000784555306606 0.007972773658639356 -0.05536559531827186 13326.0 38846.0 78047.0 125317.00000000001 174294.0 220143.0 260040.0 292808.0 318363.0 337239.0 350256.0 358319.0 362302.0 362994.0 361080.0 357138.0
5 1.0 142.58149301062573 -86.96309879339286 -0.10205704211545572 0.8943071349885663 0.3279093116487752 0.18000784555306606 0.007972773658639356 -0.05536559531827186 16074.000000000002 45127.0 88330.0 139161.0 190800.0 238338.0 279077.0 312032.0 337306.0 355590.0 367824.0 374997.0 378044.0 377796.0 374964.0 370141.0
6 1.0 203.55167226906323 35.36683752626102 -0.10205704211545572 0.8943071349885663 0.3279093116487752 0.18000784555306606 0.007972773658639356 -0.05536559531827186 12092.0 36198.0 74133.0 120751.0 169804.0 216338.0 257320.0 291373.0 318261.0 338412.0 352588.0 361663.0 366503.0 367903.0 366558.0 363060.0
7 1.0 65.9807410370683 56.462156946335426 -0.10205704211545572 0.8943071349885663 0.3279093116487752 0.18000784555306606 0.007972773658639356 -0.05536559531827186 20723.0 51813.0 94180.0 141157.0 186895.0 227662.0 261684.00000000003 288549.0 308642.0 322734.0 331730.0 336521.0 337925.0 336648.0 333289.0 328341.0
8 1.0 52.1451933636158 1.7652953918851466 -0.10205704211545572 0.8943071349885663 0.3279093116487752 0.18000784555306606 0.007972773658639356 -0.05536559531827186 44569.0 105490.0 183332.0 264697.0 339569.0 402606.0 452077.0 488421.0 513140.99999999994 528111.0 535197.0 536081.0 532198.0 524733.0 514638.00000000006 502669.00000000006
9 1.0 175.70026103362363 -29.886323472574354 -0.10205704211545572 0.8943071349885663 0.3279093116487752 0.18000784555306606 0.007972773658639356 -0.05536559531827186 15488.0 44611.0 88829.0 141626.0 195851.0 246191.0 289628.0 324982.0 352260.0 372132.0 385558.0 393571.0 397156.0 397194.0 394444.0 389540.0
10 1.0 128.020585625984 52.35122938093289 -0.10205704211545572 0.8943071349885663 0.3279093116487752 0.18000784555306606 0.007972773658639356 -0.05536559531827186 6086.0 17008.0 33581.0 53665.0 74801.0 95044.0 113174.0 128598.99999999999 141162.0 150977.0 158298.0 163441.0 166731.0 168475.0 168950.0 168400.0
11 1.0 338.5555002910127 -72.49627338616357 -0.10205704211545572 0.8943071349885663 0.3279093116487752 0.18000784555306606 0.007972773658639356 -0.05536559531827186 10451.0 29665.0 58810.0 93846.0 130248.0 164555.0 194704.0 219789.0 239684.0 254716.0 265434.0 272461.0 276413.0 277854.0 277279.0 275109.0
12 1.0 275.5170913705075 -10.43358520861345 -0.10205704211545572 0.8943071349885663 0.3279093116487752 0.18000784555306606 0.007972773658639356 -0.05536559531827186 24838.0 54795.0 90968.0 127361.0 159970.0 186898.0 207714.0 222808.0 232938.0 238959.0 241693.0 241861.0 240073.0 236822.0 232506.0 227434.0
13 1.0 269.51890314619703 3.5914274227508827 -0.10205704211545572 0.8943071349885663 0.3279093116487752 0.18000784555306606 0.007972773658639356 -0.05536559531827186 30049.0 67645.0 114175.0 162069.0 205943.0 243001.0 272371.0 294317.0 309663.0 319429.0 324638.0 326217.0 324965.0 321548.0 316506.0 310275.0
14 1.0 325.33910630853603 34.91215396821855 -0.10205704211545572 0.8943071349885663 0.3279093116487752 0.18000784555306606 0.007972773658639356 -0.05536559531827186 11277.0 33023.0 66700.0 107676.0 150536.0 191063.0 226709.0 256336.99999999997 279767.0 297383.0 309840.0 317891.0 322278.0 323682.0 322700.0 319840.0
15 1.0 30.032076759126678 -73.6405682341663 -0.10205704211545572 0.8943071349885663 0.3279093116487752 0.18000784555306606 0.007972773658639356 -0.05536559531827186 13402.0 38440.0 76460.0 121980.0 168939.0 212788.0 250898.99999999997 282196.0 306621.0 324693.0 337194.0 344981.0 348883.0 349647.0 347921.0 344252.0
16 1.0 198.78928917206636 -49.00328972318503 -0.10205704211545572 0.8943071349885663 0.3279093116487752 0.18000784555306606 0.007972773658639356 -0.05536559531827186 24651.0 66340.0 125681.99999999999 192903.0 258875.00000000003 317631.0 366310.0 404253.0 432078.0 451010.0 462472.0 467854.0 468405.0 465201.0 459132.0 450928.0
17 1.0 210.4113848240768 -16.14571871577739 -0.10205704211545572 0.8943071349885663 0.3279093116487752 0.18000784555306606 0.007972773658639356 -0.05536559531827186 32667.0 84521.0 155605.0 233662.0 308203.0 372901.0 425114.0 464629.0 492542.0 510507.00000000006 520287.00000000006 523532.0 521684.99999999994 515955.99999999994 507332.0 496604.0
18 1.0 346.2970962770024 22.193041143623518 -0.10205704211545572 0.8943071349885663 0.3279093116487752 0.18000784555306606 0.007972773658639356 -0.05536559531827186 9603.0 28939.0 59689.0 97915.0 138634.0 177769.0 212728.0 242243.0 265988.0 284209.0 297453.0 306388.0 311696.0 314016.0 313919.0 311895.0
19 1.0 105.17310964531758 69.65294061913514 -0.10205704211545572 0.8943071349885663 0.3279093116487752 0.18000784555306606 0.007972773658639356 -0.05536559531827186 10959.0 30139.0 58563.0 92204.0 126770.0 159075.0 187270.0 210586.0 228962.0 242745.0 252475.0 258751.0 262157.0 263226.0 262423.0 260143.0
20 1.0 86.69836076956085 21.388710283447764 -0.10205704211545572 0.8943071349885663 0.3279093116487752 0.18000784555306606 0.007972773658639356 -0.05536559531827186 29794.0 64948.00000000001 106842.0 148505.0 185429.0 215580.0 238594.0 255013.0 265765.0 271866.0 274271.0 273813.0 271185.0 266951.0 261556.0 255353.0
21 1.0 36.10581921557922 -65.9769352317118 -0.10205704211545572 0.8943071349885663 0.3279093116487752 0.18000784555306606 0.007972773658639356 -0.05536559531827186 13844.0 39929.0 79684.0 127382.0 176642.0 222661.0 262651.0 295466.0 321041.0 339918.0 352923.0 360964.0 364915.0 365568.0 363609.0 359614.0
22 1.0 5.9146666529307135 86.50442390171082 -0.10205704211545572 0.8943071349885663 0.3279093116487752 0.18000784555306606 0.007972773658639356 -0.05536559531827186 13741.0 39499.0 78640.0 125495.0 173793.0 218841.0 257931.00000000003 289963.0 314891.0 333260.0 345886.0 353661.0 357444.0 358008.0 356025.0 352059.0
23 1.0 334.6305540451886 66.92143225598872 -0.10205704211545572 0.8943071349885663 0.3279093116487752 0.18000784555306606 0.007972773658639356 -0.05536559531827186 15928.000000000002 46310.0 92651.0 148055.0 204913.0 257585.99999999997 302892.0 339610.0 367786.0 388157.0 401762.0 409708.0 413044.0 412703.0 409485.0 404056.0
24 1.0 241.16995677272763 0.4897370061583217 -0.10205704211545572 0.8943071349885663 0.3279093116487752 0.18000784555306606 0.007972773658639356 -0.05536559531827186 45275.0 104252.0 178093.0 254284.99999999997 323816.0 382035.0 427553.0 460900.0 483522.0 497172.0 503576.0 504281.0 500603.0 493628.0 484229.0 473099.0
25 1.0 282.6550483283296 76.02263672339393 -0.10205704211545572 0.8943071349885663 0.3279093116487752 0.18000784555306606 0.007972773658639356 -0.05536559531827186 14655.0 42830.0 86071.0 138072.0 191744.0 241752.0 285027.0 320334.0 347644.0 367594.0 381127.0 389263.0 392979.0 393152.0 390536.0 385764.0
26 1.0 101.42283807142167 7.448542876284435 -0.10205704211545572 0.8943071349885663 0.3279093116487752 0.18000784555306606 0.007972773658639356 -0.05536559531827186 20941.0 46877.0 78731.0 111286.0 140916.0 165802.0 185431.0 200038.0 210216.0 216670.0 220095.0 221115.0 220263.0 217980.0 214625.0 210486.0
27 1.0 211.1076598270776 76.19509222004936 -0.10205704211545572 0.8943071349885663 0.3279093116487752 0.18000784555306606 0.007972773658639356 -0.05536559531827186 11607.0 34167.0 69209.0 111895.0 156546.0 198735.0 235796.0 266544.0 290806.0 308992.0 321798.0 330018.0 334430.0 335748.0 334595.0 331502.0
28 1.0 23.023895803553206 59.38152634860177 -0.10205704211545572 0.8943071349885663 0.3279093116487752 0.18000784555306606 0.007972773658639356 -0.05536559531827186 20153.0 55270.0 106313.0 165222.0 224049.0 277335.0 322261.0 357969.0 384790.0 403661.0 415752.0 422245.0 424232.0 422664.0 418344.0 411935.0
29 1.0 174.82593453646425 84.29155385297352 -0.10205704211545572 0.8943071349885663 0.3279093116487752 0.18000784555306606 0.007972773658639356 -0.05536559531827186 11766.0 34134.0 68499.0 110060.0 153325.0 194072.0 229787.0 259376.0 282696.0 300160.0 312444.0 320311.0 324514.0 325736.0 324577.0 321548.0
0 1.0 351.89825030800085 75.5609059400685 -0.10205704211545572 0.8943071349885663 0.3279093116487752 0.18000784555306606 0.007972773658639356 -0.05536559531827186 15675.999999999998 45039.0 89464.0 142328.0 196445.0 246528.0 289606.0 324550.0 351408.0 370878.0 383938.0 391628.0 394939.0 394750.0 391816.0 386768.0
1 1.0 315.54188831397266 -83.5139128628575 -0.10205704211545572 0.8943071349885663 0.3279093116487752 0.18000784555306606 0.007972773658639356 -0.05536559531827186 13808.0 38556.0 75377.0 118855.0 163269.0 204442.0 240024.0 269100.0 291689.0 308317.0 319742.0 326780.0 330210.0 330733.0 328954.0 325381.0
2 1.0 121.73722266126443 -58.54103925103081 -0.10205704211545572 0.8943071349885663 0.3279093116487752 0.18000784555306606 0.007972773658639356 -0.05536559531827186 18523.0 52337.0 102638.0 161626.0 221216.0 275672.0 321919.0 358921.0 386903.0 406760.0 419648.0 426761.0 429210.0 427969.0 423865.0 417581.0
3 1.0 346.16525563493946 -19.95575812178656 -0.10205704211545572 0.8943071349885663 0.3279093116487752 0.18000784555306606 0.007972773658639356 -0.05536559531827186 3353.0 10942.0 24081.0 41683.0 61746.0 82286.0 101794.0 119326.0 134407.0 146903.0 156896.0 164585.0 170229.0 174101.0 176468.0 177574.0
4 1.0 83.41258552963363 81.38568551317573 -0.10205704211545572 0.8943071349885663 0.3279093116487752 0.18000784555306606 0.007972773658639356 -0.05536559531827186 12879.0 36384.0 71736.0 113842.0 157164.0 197574.0 232694.0 261548.99999999997 284092.0 300796.0 312375.0 319613.0 323269.0 324027.0 322484.0 319142.0
5 1.0 341.75477606964535 -35.99479449433267 -0.10205704211545572 0.8943071349885663 0.3279093116487752 0.18000784555306606 0.007972773658639356 -0.05536559531827186 3574.0 11174.0 23892.0 40524.0 59152.0 77970.0 95647.0 111380.0 124787.0 135789.0 144489.0 151092.0 155850.0 159021.0 160853.0 161574.0
6 1.0 338.8959736943395 -61.11582410023181 -0.10205704211545572 0.8943071349885663 0.3279093116487752 0.18000784555306606 0.007972773658639356 -0.05536559531827186 7442.0 21573.0 43523.0 70486.0 99074.0 126550.0 151175.0 172089.0 189059.0 202236.0 211980.0 218732.0 222950.0 225068.0 225473.0 224502.0
7 1.0 287.71293144686103 69.53483989558077 -0.10205704211545572 0.8943071349885663 0.3279093116487752 0.18000784555306606 0.007972773658639356 -0.05536559531827186 15490.0 45242.0 90815.0 145482.0 201743.0 253994.0 299046.0 335651.0 363821.0 384262.0 397989.0 406089.0 409598.0 409438.0 406403.0 401154.0
8 1.0 226.9612572720448 -9.649005213023472 -0.10205704211545572 0.8943071349885663 0.3279093116487752 0.18000784555306606 0.007972773658639356 -0.05536559531827186 43563.0 104038.0 181854.0 263578.0 339039.0 402743.0 452855.0 489760.0 514939.00000000006 530265.0 537614.0 538682.0 534919.0 527521.0 517451.0 505476.99999999994
9 1.0 314.7436679849809 73.41760698377868 -0.10205704211545572 0.8943071349885663 0.3279093116487752 0.18000784555306606 0.007972773658639356 -0.05536559531827186 15364.0 44763.0 89722.0 143610.0 199050.0 250541.0 294952.0 331054.0 358859.0 379059.0 392649.0 400695.0 404216.0 404117.0 401179.0 396054.0
10 1.0 105.48730242280682 -61.15851606237421 -0.10205704211545572 0.8943071349885663 0.3279093116487752 0.18000784555306606 0.007972773658639356 -0.05536559531827186 19051.0 53781.0 105371.0 165773.0 226685.0 282240.0 329320.0 366891.0 395215.0 415225.0 428121.0 435134.0 437404.0 435930.0 431558.0 424986.0
11 1.0 305.61967991265055 29.00115207145791 -0.10205704211545572 0.8943071349885663 0.3279093116487752 0.18000784555306606 0.007972773658639356 -0.05536559531827186 11882.0 33243.0 65222.0 103261.0 142432.0 179055.0 210997.0 237369.0 258104.0 273603.0 284487.0 291445.0 295149.0 296208.0 295155.0 292442.0
12 1.0 222.43560909030856 -10.75252449069147 -0.10205704211545572 0.8943071349885663 0.3279093116487752 0.18000784555306606 0.007972773658639356 -0.05536559531827186 41103.0 100223.0 177521.0 259593.00000000003 335974.0 400853.0 452167.0 490166.0 516275.00000000006 532350.0 540278.0 541777.0 538319.0 531124.0 521178.00000000006 509264.00000000006
13 1.0 4.765268793203816 -76.23238157454863 -0.10205704211545572 0.8943071349885663 0.3279093116487752 0.18000784555306606 0.007972773658639356 -0.05536559531827186 12196.0 34792.0 69056.0 110121.0 152593.0 192399.0 227154.0 255848.00000000003 278391.0 295212.0 306990.0 314479.0 318416.0 319471.0 318227.0 315181.0
14 1.0 125.00406645559904 35.363366037450106 -0.10205704211545572 0.8943071349885663 0.3279093116487752 0.18000784555306606 0.007972773658639356 -0.05536559531827186 5399.0 14388.0 27546.0 43119.0 59246.0 74519.0 88091.0 99571.0 108879.0 116121.0 121500.0 125259.00000000001 127641.0 128879.0 129178.99999999999 128722.0
15 1.0 53.330709941339414 -45.46822400295233 -0.10205704211545572 0.8943071349885663 0.3279093116487752 0.18000784555306606 0.007972773658639356 -0.05536559531827186 21440.0 59810.0 116067.0 181167.0 246106.0 304710.0 353834.0 392568.0 421348.0 441279.0 453714.0 460003.0 461380.0 458915.0 453503.0 445877.0
16 1.0 353.45858033457114 -82.86920593568681 -0.10205704211545572 0.8943071349885663 0.3279093116487752 0.18000784555306606 0.007972773658639356 -0.05536559531827186 13551.0 38213.0 75186.0 119078.0 164092.0 205952.0 242222.0 271933.0 295068.0 312144.0 323917.0 331209.0 334813.0 335439.0 333704.0 330129.0
17 1.0 172.2133105343957 -79.21002631507682 -0.10205704211545572 0.8943071349885663 0.3279093116487752 0.18000784555306606 0.007972773658639356 -0.05536559531827186 17751.0 49605.0 96676.0 151706.0 207253.0 258054.0 301284.0 335979.0 362338.0 381166.0 393519.0 400492.0 403103.0 402253.0 398705.0 393093.0
18 1.0 179.06089157951857 -79.00586332797828 -0.10205704211545572 0.8943071349885663 0.3279093116487752 0.18000784555306606 0.007972773658639356 -0.05536559531827186 17843.0 49722.0 96727.0 151600.0 206936.0 257507.0 300521.0 335030.0 361238.0 379951.0 392223.0 399141.0 401722.0 400859.0 397312.0 391714.0
19 1.0 230.2101059035405 73.39193234730709 -0.10205704211545572 0.8943071349885663 0.3279093116487752 0.18000784555306606 0.007972773658639356 -0.05536559531827186 12788.0 37644.0 76151.0 122890.0 171582.0 217384.0 257421.0 290455.0 316347.0 335588.0 348970.0 357377.0 361674.0 362644.0 360971.0 357234.0
20 1.0 132.6904582066623 43.17910520923817 -0.10205704211545572 0.8943071349885663 0.3279093116487752 0.18000784555306606 0.007972773658639356 -0.05536559531827186 4543.0 12917.0 25850.0 41764.0 58735.0 75187.0 90093.0 102921.0 113500.0 121884.0 128256.00000000001 132851.0 135923.0 137716.0 138450.0 138321.0
21 1.0 49.284097806815616 71.6512242984723 -0.10205704211545572 0.8943071349885663 0.3279093116487752 0.18000784555306606 0.007972773658639356 -0.05536559531827186 16389.0 44799.0 86283.0 134546.0 183236.0 227867.0 266013.0 296824.0 320435.0 337508.0 348927.0 355617.0 358450.0 358198.0 355523.0 350978.0
22 1.0 295.9623839499284 31.064816033373845 -0.10205704211545572 0.8943071349885663 0.3279093116487752 0.18000784555306606 0.007972773658639356 -0.05536559531827186 14595.0 39729.0 76444.0 119274.0 162660.0 202631.0 237004.0 264974.0 286611.0 302460.0 313276.0 319857.0 322964.0 323275.0 321376.0 317758.0
23 1.0 68.34524828499286 5.2091872255589635 -0.10205704211545572 0.8943071349885663 0.3279093116487752 0.18000784555306606 0.007972773658639356 -0.05536559531827186 45075.0 100472.0 167981.0 236348.0 297899.0 348910.0 388452.0 417180.0 436473.0 447920.0 453057.0 453244.0 449633.0 443168.0 434610.0 424559.0
24 1.0 184.07483371672416 -35.19965441747191 -0.10205704211545572 0.8943071349885663 0.3279093116487752 0.18000784555306606 0.007972773658639356 -0.05536559531827186 19365.0 54729.0 107278.0 168787.0 230773.0 287250.0 335045.0 373120.0 401758.0 421925.0 434853.0 441803.0 443942.0 442290.0 437708.0 430906.0
25 1.0 80.75413043090613 89.63320523916121 -0.10205704211545572 0.8943071349885663 0.3279093116487752 0.18000784555306606 0.007972773658639356 -0.05536559531827186 13003.0 37494.0 74851.0 119729.0 166150.0 209596.0 247431.0 278556.0 302890.0 320926.0 333428.0 341241.0 345183.0 345994.0 344320.0 340704.0
26 1.0 35.22401441785226 -24.805969390909922 -0.10205704211545572 0.8943071349885663 0.3279093116487752 0.18000784555306606 0.007972773658639356 -0.05536559531827186 22420.0 62267.0 120384.0 187317.0 253790.00000000003 313522.0 363375.0 402497.0 431395.0 451248.0 463466.0 469447.0 470460.0 467599.0 461778.0 453742.0
27 1.0 310.388946271806 -5.28318914149628 -0.10205704211545572 0.8943071349885663 0.3279093116487752 0.18000784555306606 0.007972773658639356 -0.05536559531827186 5135.0 14271.0 28114.0 44909.0 62623.0 79637.0 94923.0 107973.0 118647.0 127033.0 133343.0 137839.0 140795.0 142466.0 143087.0 142857.0
28 1.0 350.2510160483269 -21.915868513776886 -0.10205704211545572 0.8943071349885663 0.3279093116487752 0.18000784555306606 0.007972773658639356 -0.05536559531827186 3771.0 12291.0 26998.0 46633.0 68936.0 91691.0 113225.0 132499.0 149001.0 162596.0 173387.0 181608.0 187555.0 191539.0 193862.0 194799.0
29 1.0 345.90047690268005 86.31484728038254 -0.10205704211545572 0.8943071349885663 0.3279093116487752 0.18000784555306606 0.007972773658639356 -0.05536559531827186 13813.0 39799.0 79347.0 126726.0 175583.0 221154.0 260691.99999999997 293077.0 318264.0 336806.0 349531.0 357345.0 361119.0 361638.0 359583.0 355526.0
