idx D_km lam beta x1 y1 z1 x2 y2 z2 flux5 flux6 flux7 flux8 flux9 flux10 flux11 flux12 flux13 flux14 flux15 flux16 flux17 flux18 flux19 flux20
0 1.0 197.5728614138369 73.17998985981222 -0.7876754211021366 0.13218001541094967 -0.09179950235099829 0.20549266061903443 0.15592925800736845 -0.08256798781694152 12628.0 32935.0 61143.0 92571.0 123057.0 149977.0 172131.0 189297.0 201810.0 210259.0 215306.0 217592.0 217689.0 216087.0 213190.0 209330.0
1 1.0 257.468171894071 49.328519885754986 -0.7876754211021366 0.13218001541094967 -0.09179950235099829 0.20549266061903443 0.15592925800736845 -0.08256798781694152 15134.0 39124.0 72057.0 108316.0 143062.0 173343.0 197901.0 216601.0 229920.0 238604.0 243457.0 245239.0 244616.0 242151.0 238305.0 233447.0
2 1.0 216.99481538579178 -30.033872634844457 -0.7876754211021366 0.13218001541094967 -0.09179950235099829 0.20549266061903443 0.15592925800736845 -0.08256798781694152 6169.0 15792.0 29211.0 44385.0 59426.0 73064.0 84650.0 93985.0 101142.0 106338.0 109845.0 111942.0 112889.0 112916.0 112218.0 110958.0
3 1.0 196.15794587888288 -75.40174980216058 -0.7876754211021366 0.13218001541094967 -0.09179950235099829 0.20549266061903443 0.15592925800736845 -0.08256798781694152 20056.0 49103.0 87036.0 127188.0 164412.0 195896.0 220676.0 238923.0 251363.99999999997 258928.0 262547.0 263065.0 261202.0 257550.0 252587.0 246692.0
4 1.0 152.5157277620057 -16.69658914551468 -0.7876754211021366 0.13218001541094967 -0.09179950235099829 0.20549266061903443 0.15592925800736845 -0.08256798781694152 13222.0 28101.0 45640.0 63058.0 78570.0 91355.0 101245.0 108434.0 113276.0 116169.0 117495.0 117592.0 116744.0 115187.0 113109.0 110660.0
5 1.0 232.5218807039962 -48.19785440923031 -0.7876754211021366 0.13218001541094967 -0.09179950235099829 0.20549266061903443 0.15592925800736845 -0.08256798781694152 13855.0 34569.0 62330.0 92482.0 121173.0 146116.0 166362.0 181839.0 192946.0 200283.0 204497.0 206194.0 205911.0 204098.0 201130.0 197307.0
6 1.0 157.5313960545693 -66.15222574356306 -0.7876754211021366 0.13218001541094967 -0.09179950235099829 0.20549266061903443 0.15592925800736845 -0.08256798781694152 21524.0 50978.0 88483.0 127512.99999999999 163259.0 193205.0 216580.0 233644.0 245150.0 252017.0 255148.0 255353.0 253318.0 249606.0 244670.0 238867.0
7 1.0 321.03828028154874 -80.38310727837145 -0.7876754211021366 0.13218001541094967 -0.09179950235099829 0.20549266061903443 0.15592925800736845 -0.08256798781694152 17611.0 44420.0 80357.0 119159.0 155713.0 187072.0 212099.0 230814.0 243837.0 252025.99999999997 256267.00000000003 257378.0 256065.0 252915.99999999997 248408.0 242921.0
8 1.0 346.91859378037054 40.60698555790418 -0.7876754211021366 0.13218001541094967 -0.09179950235099829 0.20549266061903443 0.15592925800736845 -0.08256798781694152 13019.0 29422.0 49909.0 71186.0 90839.0 107571.0 120935.0 131003.00000000001 138113.0 142704.0 145223.0 146085.0 145647.0 144211.0 142023.0 139282.0
9 1.0 138.03894677727996 -87.94305744749441 -0.7876754211021366 0.13218001541094967 -0.09179950235099829 0.20549266061903443 0.15592925800736845 -0.08256798781694152 19578.0 48944.0 87908.0 129579.0 168478.0 201530.0 227631.0 246899.0 260070.00000000003 268107.0 271987.0 272598.0 270698.0 266915.0 261751.99999999997 255608.99999999997
10 1.0 285.02101370975925 48.70453473049972 -0.7876754211021366 0.13218001541094967 -0.09179950235099829 0.20549266061903443 0.15592925800736845 -0.08256798781694152 22922.0 55786.0 98291.0 142825.0 183667.0 217802.0 244304.0 263481.0 276233.0 283647.0 286790.0 286612.0 283910.0 279339.0 273417.0 266554.0
11 1.0 190.40217111104562 -63.549603827932486 -0.7876754211021366 0.13218001541094967 -0.09179950235099829 0.20549266061903443 0.15592925800736845 -0.08256798781694152 18033.0 43144.0 75541.0 109684.0 141350.0 168232.0 189531.0 205368.0 216326.0 223163.0 226642.0 227463.0 226224.0 223423.0 219465.0 214672.0
12 1.0 204.49604199381562 -75.68602513438397 -0.7876754211021366 0.13218001541094967 -0.09179950235099829 0.20549266061903443 0.15592925800736845 -0.08256798781694152 19887.0 48862.0 86808.0 127055.0 164422.0 196063.0 220994.0 239371.0 251917.0 259562.00000000003 263240.0 263798.0 261959.0 258320.0 253359.0 247459.0
13 1.0 333.214789785358 -73.87145383705104 -0.7876754211021366 0.13218001541094967 -0.09179950235099829 0.20549266061903443 0.15592925800736845 -0.08256798781694152 15798.0 39955.0 72521.0 107915.0 141506.0 170562.0 193976.0 211695.0 224229.0 232320.0 236754.0 238264.0 237491.0 234972.0 231147.0 226368.0
14 1.0 25.5729809512393 30.968605323704594 -0.7876754211021366 0.13218001541094967 -0.09179950235099829 0.20549266061903443 0.15592925800736845 -0.08256798781694152 4709.0 12173.0 22709.0 34766.0 46858.0 57960.0 67520.0 75339.0 81445.0 85982.0 89151.0 91162.0 92216.0 92495.0 92156.0 91329.0
15 1.0 31.366547892554657 -45.83390222648794 -0.7876754211021366 0.13218001541094967 -0.09179950235099829 0.20549266061903443 0.15592925800736845 -0.08256798781694152 4964.0 13630.0 26474.0 41692.0 57360.0 72043.0 84906.0 95594.0 104072.0 110488.0 115076.0 118101.0 119821.0 120473.0 120265.0 119375.0
16 1.0 7.278623078517259 -14.302895997582283 -0.7876754211021366 0.13218001541094967 -0.09179950235099829 0.20549266061903443 0.15592925800736845 -0.08256798781694152 962.0 2693.0 5346.0 8606.0 12093.0 15500.0 18623.0 21355.0 23655.0 25529.0 27009.0 28137.0 28960.0 29524.0 29873.0 30044.0
17 1.0 299.74314439725765 10.326382438305046 -0.7876754211021366 0.13218001541094967 -0.09179950235099829 0.20549266061903443 0.15592925800736845 -0.08256798781694152 25490.0 57440.0 96537.0 136082.0 171502.0 200613.0 222913.0 238845.0 249271.0 255161.00000000003 257440.99999999997 256921.0 254280.0 250069.0 244725.0 238592.0
18 1.0 280.13643034194615 64.89921128918289 -0.7876754211021366 0.13218001541094967 -0.09179950235099829 0.20549266061903443 0.15592925800736845 -0.08256798781694152 19699.0 49382.0 88802.0 130956.99999999999 170279.0 203655.0 229975.0 249368.0 262589.0 270620.0 274456.0 274994.0 273006.0 269124.0 263858.0 257610.0
19 1.0 313.2043733688549 40.8679672880391 -0.7876754211021366 0.13218001541094967 -0.09179950235099829 0.20549266061903443 0.15592925800736845 -0.08256798781694152 23619.0 53237.0 89603.0 126544.99999999999 159801.0 187291.0 208495.0 223778.0 233911.0 239779.0 242234.0 242030.0 239798.0 236056.0 231217.0 225607.0
20 1.0 352.30260320379506 -41.34097705703137 -0.7876754211021366 0.13218001541094967 -0.09179950235099829 0.20549266061903443 0.15592925800736845 -0.08256798781694152 5312.0 13723.0 25567.0 39083.0 52592.0 64940.0 75514.0 84102.0 90746.0 95623.0 98965.0 101019.0 102014.0 102158.0 101627.0 100571.0
21 1.0 287.6970831180205 -66.33309612759703 -0.7876754211021366 0.13218001541094967 -0.09179950235099829 0.20549266061903443 0.15592925800736845 -0.08256798781694152 18272.0 45913.0 82816.0 122515.0 159787.0 191650.0 216982.0 235837.0 248875.0 256986.0 261088.0 262019.0 260502.0 257137.99999999997 252411.0 246707.0
22 1.0 166.13257041105547 -80.03262232418437 -0.7876754211021366 0.13218001541094967 -0.09179950235099829 0.20549266061903443 0.15592925800736845 -0.08256798781694152 20756.0 51067.0 90733.0 132726.0 171613.0 204431.0 230183.0 249063.0 261851.0 269538.0 273110.0 273456.0 271335.0 267367.0 262052.99999999997 255787.0
23 1.0 280.99050346312396 -35.712245793430355 -0.7876754211021366 0.13218001541094967 -0.09179950235099829 0.20549266061903443 0.15592925800736845 -0.08256798781694152 19934.0 49496.0 88497.0 130037.99999999999 168696.0 201465.0 227288.0 246310.0 259278.0 267159.0 270924.0 271456.0 269508.0 265699.0 260529.0 254392.0
24 1.0 42.57879331281596 -42.818733136857915 -0.7876754211021366 0.13218001541094967 -0.09179950235099829 0.20549266061903443 0.15592925800736845 -0.08256798781694152 5429.0 15000.0 29235.0 46129.0 63535.99999999999 79849.0 94132.0 105983.0 115360.0 122427.0 127446.0 130714.0 132521.0 133135.0 132790.0 131687.0
25 1.0 230.3715676779086 -7.894697975913658 -0.7876754211021366 0.13218001541094967 -0.09179950235099829 0.20549266061903443 0.15592925800736845 -0.08256798781694152 4205.0 11585.0 22587.0 35711.0 49317.0 62157.0 73483.0 82959.0 90529.0 96304.0 100479.0 103276.0 104920.0 105617.0 105550.0 104874.0
26 1.0 51.607183467256704 32.990640398582485 -0.7876754211021366 0.13218001541094967 -0.09179950235099829 0.20549266061903443 0.15592925800736845 -0.08256798781694152 8094.000000000001 21245.0 39819.0 60922.0 81835.0 100731.0 116687.0 129430.99999999999 139084.0 145968.0 150484.0 153034.0 153992.0 153684.0 152387.0 150332.0
27 1.0 340.0808101378502 35.21258021499429 -0.7876754211021366 0.13218001541094967 -0.09179950235099829 0.20549266061903443 0.15592925800736845 -0.08256798781694152 13983.0 30812.0 51354.0 72321.0 91422.0 107495.0 120195.0 129658.0 136250.0 140417.0 142604.0 143215.0 142595.0 141034.0 138768.0 135986.0
28 1.0 187.8653958300258 -38.96660761521 -0.7876754211021366 0.13218001541094967 -0.09179950235099829 0.20549266061903443 0.15592925800736845 -0.08256798781694152 9216.0 21529.0 37403.0 54320.0 70304.0 84205.0 95555.0 104327.0 110732.0 115084.0 117724.0 118973.0 119117.0 118399.0 117021.0 115147.0
29 1.0 149.2782983965885 -21.61314793797831 -0.7876754211021366 0.13218001541094967 -0.09179950235099829 0.20549266061903443 0.15592925800736845 -0.08256798781694152 15862.000000000002 33823.0 55049.0 76149.0 94934.0 110398.0 122345.0 131016.0 136850.0 140332.0 141927.0 142043.0 141023.0 139147.0 136642.0 133687.0
0 1.0 95.24002035766571 -57.39282688735745 -0.7876754211021366 0.13218001541094967 -0.09179950235099829 0.20549266061903443 0.15592925800736845 -0.08256798781694152 21102.0 52321.0 93357.0 136878.0 177180.0 211154.0 237754.0 257188.00000000003 270282.0 278077.0 281608.0 281806.0 279462.0 275223.0 269607.0 263024.0
1 1.0 278.724128196318 51.93819221517336 -0.7876754211021366 0.13218001541094967 -0.09179950235099829 0.20549266061903443 0.15592925800736845 -0.08256798781694152 21109.0 52345.0 93397.0 136922.0 177219.0 211182.0 237767.0 257188.00000000003 270270.0 278055.0 281578.0 281771.0 279423.0 275182.0 269565.0 262981.0
2 1.0 164.21411959795748 -79.76734624201674 -0.7876754211021366 0.13218001541094967 -0.09179950235099829 0.20549266061903443 0.15592925800736845 -0.08256798781694152 20824.0 51200.0 90930.0 132974.0 171894.0 204732.0 230493.0 249372.0 262156.0 269834.0 273395.0 273730.0 271597.0 267617.0 262291.0 256013.0
3 1.0 204.63622159271347 35.459503510497726 -0.7876754211021366 0.13218001541094967 -0.09179950235099829 0.20549266061903443 0.15592925800736845 -0.08256798781694152 1970.0 5879.0 12155.0 20100.0 28766.0 37328.0 45221.0 52131.0 57930.0 62618.99999999999 66270.0 68990.0 70903.0 72128.0 72779.0 72956.0
4 1.0 6.764328157087851 50.1651712693986 -0.7876754211021366 0.13218001541094967 -0.09179950235099829 0.20549266061903443 0.15592925800736845 -0.08256798781694152 12018.0 28802.0 50764.0 74331.0 96645.0 116030.0 131804.0 143920.0 152682.0 158540.0 161982.0 163467.0 163403.0 162136.0 159953.0 157088.0
5 1.0 222.34877894731574 49.93336113277556 -0.7876754211021366 0.13218001541094967 -0.09179950235099829 0.20549266061903443 0.15592925800736845 -0.08256798781694152 6664.0 18274.0 35344.0 55368.0 75750.0 94611.0 110896.0 124201.0 134536.0 142144.0 147370.0 150589.0 152155.0 152389.0 151568.0 149925.0
6 1.0 220.3544601800717 -43.303938417836115 -0.7876754211021366 0.13218001541094967 -0.09179950235099829 0.20549266061903443 0.15592925800736845 -0.08256798781694152 10786.0 26825.0 48427.0 72086.0 94838.0 114867.0 131363.0 144199.0 153626.0 160072.0 164016.0 165918.0 166192.0 165192.0 163216.0 160504.0
7 1.0 222.0962388749125 -22.713635172138936 -0.7876754211021366 0.13218001541094967 -0.09179950235099829 0.20549266061903443 0.15592925800736845 -0.08256798781694152 5094.0 13396.0 25261.0 38946.0 52745.0 65458.0 76432.0 85428.0 92466.0 97709.0 101386.0 103735.0 104989.0 105353.0 105007.0 104102.0
8 1.0 339.7493082652647 15.76793433535002 -0.7876754211021366 0.13218001541094967 -0.09179950235099829 0.20549266061903443 0.15592925800736845 -0.08256798781694152 9988.0 21264.0 34535.0 47684.0 59367.0 68985.0 76431.0 81863.0 85553.0 87801.0 88887.0 89062.0 88535.0 87477.0 86026.0 84294.0
9 1.0 245.45530767725404 -40.892057563595934 -0.7876754211021366 0.13218001541094967 -0.09179950235099829 0.20549266061903443 0.15592925800736845 -0.08256798781694152 14318.0 36156.0 65653.0 97827.0 128503.0 155182.0 176819.0 193327.0 205134.0 212891.0 217296.0 219009.0 218606.0 216577.0 213321.0 209162.0
10 1.0 129.42284420656296 -23.246496140780025 -0.7876754211021366 0.13218001541094967 -0.09179950235099829 0.20549266061903443 0.15592925800736845 -0.08256798781694152 24113.0 53118.0 88099.0 123205.0 154536.0 180260.0 199988.0 214126.0 223429.0 228745.0 230878.0 230536.0 228310.0 224682.0 220037.0 214677.0
11 1.0 157.33150336776293 -54.530229566584865 -0.7876754211021366 0.13218001541094967 -0.09179950235099829 0.20549266061903443 0.15592925800736845 -0.08256798781694152 20381.0 46627.0 79318.0 112929.0 143519.0 169080.0 189031.0 203625.0 213509.0 219460.0 222237.0 222521.0 220890.0 217819.0 213690.0 208806.0
12 1.0 251.14723053381536 -7.225940923918671 -0.7876754211021366 0.13218001541094967 -0.09179950235099829 0.20549266061903443 0.15592925800736845 -0.08256798781694152 11214.0 29263.0 54470.0 82757.0 110427.0 135091.0 155608.0 171712.0 183648.0 191904.0 197050.0 199648.0 200206.0 199163.0 196888.0 193682.0
13 1.0 21.68116978653714 -81.96978577425946 -0.7876754211021366 0.13218001541094967 -0.09179950235099829 0.20549266061903443 0.15592925800736845 -0.08256798781694152 17337.0 43820.0 79399.0 117890.0 154221.0 185445.0 210415.0 229130.0 242195.0 250450.0 254772.0 255971.99999999997 254749.99999999997 251690.00000000003 247268.0 241861.0
14 1.0 240.03601756044037 53.96325922271123 -0.7876754211021366 0.13218001541094967 -0.09179950235099829 0.20549266061903443 0.15592925800736845 -0.08256798781694152 11082.0 29352.0 55160.0 84339.0 113027.0 138682.0 160068.0 176875.0 189338.0 197958.0 203326.0 206030.0 206602.0 205503.0 203119.0 199767.0
15 1.0 241.4296330625374 -76.1478395424061 -0.7876754211021366 0.13218001541094967 -0.09179950235099829 0.20549266061903443 0.15592925800736845 -0.08256798781694152 19409.0 48358.0 86686.0 127637.0 165853.0 198335.0 224007.0 242985.0 255985.00000000003 263951.0 267834.0 268504.0 266704.0 263045.0 258023.99999999997 252031.99999999997
16 1.0 75.73772198658273 3.3903267896746883 -0.7876754211021366 0.13218001541094967 -0.09179950235099829 0.20549266061903443 0.15592925800736845 -0.08256798781694152 11887.0 31302.000000000004 58543.0 89152.0 119064.0 145653.0 167676.0 184857.0 197480.0 206096.0 211342.0 213840.0 214150.0 212756.0 210057.0 206383.0
17 1.0 46.41346715574719 -34.7741820818647 -0.7876754211021366 0.13218001541094967 -0.09179950235099829 0.20549266061903443 0.15592925800736845 -0.08256798781694152 4301.0 12232.0 24353.0 39055.0 54484.0 69186.0 82262.0 93288.0 102170.0 109009.0 114010.0 117418.0 119482.0 120433.0 120480.0 119804.0
18 1.0 113.55420633270619 13.957730789647584 -0.7876754211021366 0.13218001541094967 -0.09179950235099829 0.20549266061903443 0.15592925800736845 -0.08256798781694152 20639.0 49422.0 86435.0 125239.99999999999 160996.0 191111.0 214743.0 232098.0 243896.0 251037.0 254413.0 254832.0 252981.0 249423.0 244616.0 238918.0
19 1.0 130.93587753934415 82.69800135001651 -0.7876754211021366 0.13218001541094967 -0.09179950235099829 0.20549266061903443 0.15592925800736845 -0.08256798781694152 16076.0 41364.0 75856.0 113593.0 149528.0 180648.0 205713.0 224647.0 237992.0 246554.0 251184.00000000003 252678.0 251732.0 248925.0 244733.0 239534.0
20 1.0 205.27083735043666 26.20264400208069 -0.7876754211021366 0.13218001541094967 -0.09179950235099829 0.20549266061903443 0.15592925800736845 -0.08256798781694152 1047.0 3303.0 7125.0 12184.0 17913.0 23757.0 29298.0 34273.0 38553.0 42103.0 44949.0 47151.0 48782.0 49922.0 50646.0 51024.0
21 1.0 157.89654484643532 -83.63476156401164 -0.7876754211021366 0.13218001541094967 -0.09179950235099829 0.20549266061903443 0.15592925800736845 -0.08256798781694152 20353.0 50478.0 90159.0 132356.0 171559.0 204729.0 230812.0 249976.0 262992.0 270850.0 274544.0 274970.0 272894.0 268946.0 263630.0 257347.0
22 1.0 355.8145817013214 -12.527560888548976 -0.7876754211021366 0.13218001541094967 -0.09179950235099829 0.20549266061903443 0.15592925800736845 -0.08256798781694152 2037.9999999999998 5065.0 9246.0 13991.0 18746.0 23126.0 26920.0 30047.0 32512.0 34368.0 35692.0 36566.0 37067.0 37269.0 37233.0 37011.0
23 1.0 36.736131869290105 1.803033417285036 -0.7876754211021366 0.13218001541094967 -0.09179950235099829 0.20549266061903443 0.15592925800736845 -0.08256798781694152 1276.0 3898.0 8214.0 13800.0 20013.0 26258.0 32102.0 37286.0 41690.0 45293.0 48133.0 50282.0 51826.0 52851.0 53441.0 53670.0
24 1.0 75.19563219414049 6.511949046621353 -0.7876754211021366 0.13218001541094967 -0.09179950235099829 0.20549266061903443 0.15592925800736845 -0.08256798781694152 11733.0 30902.0 57810.0 88063.0 117649.0 143972.0 165797.0 182847.0 195395.0 203982.0 209234.0 211763.0 212123.0 210789.0 208159.0 204557.0
25 1.0 58.07142643859865 32.65065190869082 -0.7876754211021366 0.13218001541094967 -0.09179950235099829 0.20549266061903443 0.15592925800736845 -0.08256798781694152 9360.0 24526.0 45845.0 69928.0 93651.0 114955.0 132825.0 146990.0 157620.0 165103.0 169907.0 172500.0 173309.0 172708.0 171012.0 168480.0
26 1.0 235.11899716754343 -40.032702408282105 -0.7876754211021366 0.13218001541094967 -0.09179950235099829 0.20549266061903443 0.15592925800736845 -0.08256798781694152 11996.0 30268.0 55066.0 82303.0 108495.0 131504.0 150391.0 165015.0 175686.0 182911.0 187255.0 189258.0 189403.0 188100.0 185691.0 182456.0
27 1.0 91.18497691432157 -66.80509821606236 -0.7876754211021366 0.13218001541094967 -0.09179950235099829 0.20549266061903443 0.15592925800736845 -0.08256798781694152 19951.0 49842.0 89445.0 131731.0 171132.0 204544.0 230868.0 250245.0 263437.0 271432.0 275226.0 275723.0 273692.0 269769.0 264464.0 258179.0
28 1.0 167.87187822827028 -19.31837822152302 -0.7876754211021366 0.13218001541094967 -0.09179950235099829 0.20549266061903443 0.15592925800736845 -0.08256798781694152 7941.999999999999 17128.0 28078.0 39038.0 48863.0 57021.0 63396.99999999999 68104.0 71359.0 73405.0 74475.0 74776.0 74482.0 73738.0 72658.0 71334.0
29 1.0 87.99321312057698 82.1530301032708 -0.7876754211021366 0.13218001541094967 -0.09179950235099829 0.20549266061903443 0.15592925800736845 -0.08256798781694152 16875.0 43228.0 78999.0 117961.0 154908.0 186766.0 212306.0 231491.0 244912.0 253419.99999999997 257905.0 259193.99999999997 258002.0 254929.00000000003 250460.00000000003 244984.0
0 1.0 57.2290501123871 -56.31643948484795 -0.7876754211021366 0.13218001541094967 -0.09179950235099829 0.20549266061903443 0.15592925800736845 -0.08256798781694152 12019.0 31308.999999999996 58166.0 88198.0 117460.0 143427.0 164917.0 181678.0 193997.0 202412.0 207544.0 209998.0 210317.0 208971.0 206351.0 202774.0
1 1.0 39.73505081914985 72.71711188708267 -0.7876754211021366 0.13218001541094967 -0.09179950235099829 0.20549266061903443 0.15592925800736845 -0.08256798781694152 16951.0 42733.0 77320.0 114718.0 150021.0 180381.0 204684.0 222928.0 235692.0 243788.0 248064.0 249301.0 248179.0 245265.0 241019.0 235810.0
2 1.0 236.27865220749842 7.885071013918747 -0.7876754211021366 0.13218001541094967 -0.09179950235099829 0.20549266061903443 0.15592925800736845 -0.08256798781694152 4585.0 12923.0 25561.0 40793.0 56692.0 71771.0 85124.0 96336.0 105326.0 112213.0 117215.0 120591.0 122599.0 123481.0 123449.0 122689.0
3 1.0 49.74586248550097 -7.755944103762147 -0.7876754211021366 0.13218001541094967 -0.09179950235099829 0.20549266061903443 0.15592925800736845 -0.08256798781694152 2691.0 8014.0 16513.0 27194.0 38744.0 50038.0 60323.0 69196.0 76515.0 82306.0 86690.0 89831.0 91907.0 93091.0 93538.0 93388.0
4 1.0 70.76965020481926 68.76745384138013 -0.7876754211021366 0.13218001541094967 -0.09179950235099829 0.20549266061903443 0.15592925800736845 -0.08256798781694152 16596.0 42417.0 77428.0 115558.0 151736.0 182964.0 208040.0 226919.0 240170.0 248616.0 253123.0 254493.00000000003 253425.99999999997 250504.99999999997 246206.0 240909.0
5 1.0 132.74106143794708 -7.451286881654539 -0.7876754211021366 0.13218001541094967 -0.09179950235099829 0.20549266061903443 0.15592925800736845 -0.08256798781694152 19937.0 43804.0 72679.0 101820.0 128018.0 149720.0 166544.0 178776.0 187002.0 191899.0 194118.0 194237.0 192746.0 190044.0 186453.0 182228.0
6 1.0 295.55756274525663 40.350174590077785 -0.7876754211021366 0.13218001541094967 -0.09179950235099829 0.20549266061903443 0.15592925800736845 -0.08256798781694152 25468.0 59507.0 102198.0 146014.0 185607.0 218318.0 243453.0 261440.99999999997 273225.0 279891.0 282483.0 281920.0 278969.0 274256.0 268275.0 261417.0
7 1.0 34.956459285502056 -18.17544209344163 -0.7876754211021366 0.13218001541094967 -0.09179950235099829 0.20549266061903443 0.15592925800736845 -0.08256798781694152 1074.0 3463.0 7572.0 13057.0 19300.0 25693.0 31773.999999999996 37256.0 41992.0 45940.0 49125.0 51605.0 53459.0 54769.0 55614.0 56069.0
8 1.0 301.6601666995694 72.7279907221724 -0.7876754211021366 0.13218001541094967 -0.09179950235099829 0.20549266061903443 0.15592925800736845 -0.08256798781694152 19854.0 49411.0 88461.0 130091.00000000001 168853.0 201722.0 227631.0 246722.0 259741.0 267656.0 271443.0 271986.0 270040.0 266226.0 261046.99999999997 254899.0
9 1.0 34.59542684182671 34.20450363442093 -0.7876754211021366 0.13218001541094967 -0.09179950235099829 0.20549266061903443 0.15592925800736845 -0.08256798781694152 6070.0 15774.0 29468.0 45081.0 60652.0 74839.0 86939.0 96720.0 104243.0 109721.0 113434.0 115667.0 116692.0 116746.0 116035.0 114730.0
10 1.0 351.5254074048225 35.931969765093015 -0.7876754211021366 0.13218001541094967 -0.09179950235099829 0.20549266061903443 0.15592925800736845 -0.08256798781694152 10462.0 23599.0 40033.0 57160.0 73064.0 86698.0 97689.0 106072.0 112097.0 116099.0 118424.0 119396.0 119297.0 118366.0 116802.0 114766.0
11 1.0 168.71443259317257 -31.010327719718596 -0.7876754211021366 0.13218001541094967 -0.09179950235099829 0.20549266061903443 0.15592925800736845 -0.08256798781694152 10860.0 23763.0 39443.0 55413.0 69953.0 82191.0 91875.0 99111.0 104181.0 107424.0 109178.0 109747.0 109392.0 108331.0 106738.0 104757.0
12 1.0 351.6339917485214 46.22015569264005 -0.7876754211021366 0.13218001541094967 -0.09179950235099829 0.20549266061903443 0.15592925800736845 -0.08256798781694152 13423.0 30979.0 53257.0 76633.0 98380.0 116996.0 131936.0 143251.0 151298.0 156552.0 159503.0 160607.0 160258.0 158789.0 156473.0 153530.0
13 1.0 217.74438710821656 24.490989980485438 -0.7876754211021366 0.13218001541094967 -0.09179950235099829 0.20549266061903443 0.15592925800736845 -0.08256798781694152 1542.0 4868.0 10465.0 17804.0 26037.0 34361.0 42189.0 49162.0 55112.0 60001.0 63873.0 66820.0 68950.0 70377.0 71211.0 71552.0
14 1.0 266.1348885833886 -46.79635079165228 -0.7876754211021366 0.13218001541094967 -0.09179950235099829 0.20549266061903443 0.15592925800736845 -0.08256798781694152 18377.0 46225.0 83424.0 123452.0 161033.0 193156.0 218690.0 237690.0 250822.0 258986.0 263106.0 264031.0 262489.0 259085.99999999997 254311.0 248553.0
15 1.0 14.107605211555443 -61.103011952653844 -0.7876754211021366 0.13218001541094967 -0.09179950235099829 0.20549266061903443 0.15592925800736845 -0.08256798781694152 9574.0 24852.0 46180.0 70171.0 93738.0 114861.0 132551.0 146552.0 157039.0 164403.0 169109.0 171622.0 172367.0 171716.0 169982.0 167422.0
16 1.0 101.81050652750744 53.35046541311971 -0.7876754211021366 0.13218001541094967 -0.09179950235099829 0.20549266061903443 0.15592925800736845 -0.08256798781694152 16521.0 42330.0 77391.0 115625.0 151930.0 183288.0 208476.0 227444.0 240761.0 249250.0 253780.99999999997 255161.00000000003 254091.99999999997 251160.0 246844.0 241525.0
17 1.0 43.270762036740805 82.64998854634004 -0.7876754211021366 0.13218001541094967 -0.09179950235099829 0.20549266061903443 0.15592925800736845 -0.08256798781694152 17552.0 44626.0 81119.0 120652.0 157968.0 190012.0 215597.0 234728.0 248035.0 256392.0 260709.00000000003 261824.99999999997 260463.0 257226.0 252603.00000000003 246982.0
18 1.0 106.61047110797217 -7.535011093192281 -0.7876754211021366 0.13218001541094967 -0.09179950235099829 0.20549266061903443 0.15592925800736845 -0.08256798781694152 24167.0 57541.0 100008.0 144027.0 184095.0 217395.0 243123.0 261648.0 273886.0 280920.0 283797.0 283448.0 280651.0 276044.0 270130.0 263308.0
19 1.0 42.74197882352786 16.377149758263286 -0.7876754211021366 0.13218001541094967 -0.09179950235099829 0.20549266061903443 0.15592925800736845 -0.08256798781694152 3331.0 9289.0 18269.0 29070.0 40349.0 51068.0 60595.0 68637.0 75134.0 80162.0 83871.0 86436.0 88035.0 88833.0 88978.0 88599.0
20 1.0 114.47394458183138 64.39007595483983 -0.7876754211021366 0.13218001541094967 -0.09179950235099829 0.20549266061903443 0.15592925800736845 -0.08256798781694152 15603.0 40094.0 73497.0 110070.0 144944.0 175200.0 199627.0 218135.0 231236.0 239699.0 244342.0 245932.0 245139.0 242525.0 238550.0 233584.0
21 1.0 149.13467802528118 -7.699778396305732 -0.7876754211021366 0.13218001541094967 -0.09179950235099829 0.20549266061903443 0.15592925800736845 -0.08256798781694152 12576.0 26954.0 44055.0 61169.0 76510.0 89234.0 99140.0 106397.0 111338.0 114347.0 115797.0 116019.0 115295.0 113857.0 111892.0 109549.0
22 1.0 23.09309868556237 81.3374058298925 -0.7876754211021366 0.13218001541094967 -0.09179950235099829 0.20549266061903443 0.15592925800736845 -0.08256798781694152 17841.0 45117.0 81718.0 121237.0 158447.0 190336.0 215750.0 234718.0 247880.0 256116.0 260336.0 261376.0 259958.00000000003 256681.0 252029.99999999997 246394.0
23 1.0 249.28996297320714 13.63520916807704 -0.7876754211021366 0.13218001541094967 -0.09179950235099829 0.20549266061903443 0.15592925800736845 -0.08256798781694152 9544.0 25488.0 48268.0 74317.0 100217.0 123652.0 143436.0 159211.0 171121.0 179568.0 185051.0 188080.0 189122.0 188590.0 186832.0 184138.0
24 1.0 203.97652351436705 57.738081726236686 -0.7876754211021366 0.13218001541094967 -0.09179950235099829 0.20549266061903443 0.15592925800736845 -0.08256798781694152 7423.0 19984.0 38131.0 59117.0 80226.0 99559.0 116095.0 129477.00000000001 139765.0 147240.0 152281.0 155280.0 156609.0 156601.0 155538.0 153658.0
25 1.0 95.54021673820034 73.5918693142929 -0.7876754211021366 0.13218001541094967 -0.09179950235099829 0.20549266061903443 0.15592925800736845 -0.08256798781694152 16514.0 42419.0 77679.0 116174.0 152757.0 184367.0 209765.0 228893.0 242321.0 250881.00000000003 255446.99999999997 256834.99999999997 255753.0 252794.00000000003 248440.0 243076.0
26 1.0 188.36929924801188 56.7942873783424 -0.7876754211021366 0.13218001541094967 -0.09179950235099829 0.20549266061903443 0.15592925800736845 -0.08256798781694152 7041.0 18849.0 35841.0 55444.0 75130.0 93143.0 108549.0 121024.0 130633.0 137638.0 142390.0 145253.0 146570.0 146646.0 145742.0 144077.0
27 1.0 33.818583873039 -61.30539657918793 -0.7876754211021366 0.13218001541094967 -0.09179950235099829 0.20549266061903443 0.15592925800736845 -0.08256798781694152 10379.0 27059.0 50382.0 76606.0 102320.0 125304.0 144485.0 159602.0 170866.0 178720.0 183685.0 186275.0 186960.0 186144.0 184169.0 181313.0
28 1.0 207.34073840022455 23.201719031106066 -0.7876754211021366 0.13218001541094967 -0.09179950235099829 0.20549266061903443 0.15592925800736845 -0.08256798781694152 889.0 2870.0 6295.0 10901.0 16183.0 21629.0 26841.0 31562.0 35657.0 39083.0 41855.0 44023.0 45654.0 46818.0 47585.0 48019.0
29 1.0 334.5466311274371 -18.28183344845813 -0.7876754211021366 0.13218001541094967 -0.09179950235099829 0.20549266061903443 0.15592925800736845 -0.08256798781694152 7449.0 17232.0 29776.0 43124.0 55754.0 66781.0 75841.0 82905.0 88125.0 91737.0 93997.0 95150.0 95416.0 94983.0 94011.0 92628.0
0 1.0 114.68482288247652 -78.71166863579778 -0.7876754211021366 0.13218001541094967 -0.09179950235099829 0.20549266061903443 0.15592925800736845 -0.08256798781694152 20678.0 51273.0 91539.0 134313.0 174004.0 207540.0 233867.0 253170.0 266240.0 274089.0 277727.0 278067.0 275885.0 271817.0 266377.0 259967.0
1 1.0 240.2677367869254 -13.674194659828444 -0.7876754211021366 0.13218001541094967 -0.09179950235099829 0.20549266061903443 0.15592925800736845 -0.08256798781694152 7795.0 20612.0 38867.0 59769.0 80639.0 99642.0 115819.0 128855.0 138835.0 146051.0 150882.0 153719.0 154929.0 154837.0 153721.0 151814.0
2 1.0 47.447230465581185 -43.436867959906614 -0.7876754211021366 0.13218001541094967 -0.09179950235099829 0.20549266061903443 0.15592925800736845 -0.08256798781694152 6445.0 17624.0 34055.0 53347.0 73017.0 91258.0 107048.0 119984.0 130066.99999999999 137520.0 142669.0 145869.0 147462.0 147755.0 147016.0 145470.0
3 1.0 257.8777934826836 62.82689551713193 -0.7876754211021366 0.13218001541094967 -0.09179950235099829 0.20549266061903443 0.15592925800736845 -0.08256798781694152 16148.0 41518.0 76116.0 113968.0 150019.0 181244.0 206396.0 225397.0 238790.0 247381.0 252025.99999999997 253524.00000000003 252571.0 249750.0 245538.0 240317.0
4 1.0 104.1861934609924 -84.00516722159469 -0.7876754211021366 0.13218001541094967 -0.09179950235099829 0.20549266061903443 0.15592925800736845 -0.08256798781694152 19733.0 49300.0 88501.0 130396.00000000001 169475.0 202656.0 228837.0 248146.0 261326.0 269350.0 273201.0 273773.0 271829.0 267997.0 262784.0 256592.0
5 1.0 65.94889032256206 82.61688993542523 -0.7876754211021366 0.13218001541094967 -0.09179950235099829 0.20549266061903443 0.15592925800736845 -0.08256798781694152 17218.0 43955.0 80127.0 119421.0 156597.0 188586.0 214175.0 233351.0 246723.0 255158.0 259556.0 260751.99999999997 259465.99999999997 256301.0 251743.0 246184.0
6 1.0 211.14465653162995 -26.033607275052667 -0.7876754211021366 0.13218001541094967 -0.09179950235099829 0.20549266061903443 0.15592925800736845 -0.08256798781694152 4574.0 11794.0 21974.0 33621.0 45310.0 56052.0 65311.99999999999 72898.0 78828.0 83243.0 86333.0 88301.0 89343.0 89633.0 89325.0 88546.0
7 1.0 7.238716627497679 -25.792759727542276 -0.7876754211021366 0.13218001541094967 -0.09179950235099829 0.20549266061903443 0.15592925800736845 -0.08256798781694152 1542.0 4309.0 8535.0 13700.0 19189.0 24499.0 29307.0 33447.0 36868.0 39592.0 41677.0 43203.0 44251.0 44898.0 45215.0 45263.0
8 1.0 298.4184105182507 -87.06086951693258 -0.7876754211021366 0.13218001541094967 -0.09179950235099829 0.20549266061903443 0.15592925800736845 -0.08256798781694152 18926.0 47512.0 85607.0 126504.0 164813.0 197478.0 223370.0 242569.0 255772.99999999997 263914.0 267944.0 268731.0 267021.0 263433.0 258463.0 252508.0
9 1.0 1.6903714293169436 -56.65818145748689 -0.7876754211021366 0.13218001541094967 -0.09179950235099829 0.20549266061903443 0.15592925800736845 -0.08256798781694152 8455.0 21887.0 40650.0 61801.0 82638.0 101383.0 117154.0 129711.0 139194.0 145935.0 150334.0 152794.0 153685.0 153329.0 152000.0 149924.0
10 1.0 244.01395324664284 -17.773289855350427 -0.7876754211021366 0.13218001541094967 -0.09179950235099829 0.20549266061903443 0.15592925800736845 -0.08256798781694152 9676.0 25223.0 46998.0 71545.0 95690.0 117344.0 135484.0 149839.0 160587.0 168129.0 172946.0 175516.0 176278.0 175614.0 173844.0 171233.0
11 1.0 97.20287034917935 77.27245511448851 -0.7876754211021366 0.13218001541094967 -0.09179950235099829 0.20549266061903443 0.15592925800736845 -0.08256798781694152 16545.0 42487.0 77786.0 116316.0 152923.0 184549.0 209954.0 229083.0 242507.0 251060.0 255616.99999999997 256996.0 255904.00000000003 252936.0 248572.0 243198.0
12 1.0 264.66984796413414 -72.06931256017117 -0.7876754211021366 0.13218001541094967 -0.09179950235099829 0.20549266061903443 0.15592925800736845 -0.08256798781694152 19004.0 47651.0 85789.0 126703.00000000001 165007.0 197652.0 223518.0 242690.0 255869.0 263988.0 268000.0 268772.0 267051.0 263454.0 258477.0 252517.0
13 1.0 346.38787624227774 80.15427602623433 -0.7876754211021366 0.13218001541094967 -0.09179950235099829 0.20549266061903443 0.15592925800736845 -0.08256798781694152 18542.0 46542.0 83861.0 123948.0 161533.0 193620.0 219095.0 238028.0 251091.99999999997 259193.0 263258.0 264135.0 262553.0 259117.0 254313.99999999997 248533.0
14 1.0 89.55113166718489 66.5079354983938 -0.7876754211021366 0.13218001541094967 -0.09179950235099829 0.20549266061903443 0.15592925800736845 -0.08256798781694152 16502.0 42392.0 77630.0 116102.0 152662.0 184252.0 209633.0 228747.0 242164.0 250715.00000000003 255276.0 256660.99999999997 255578.00000000003 252618.99999999997 248265.0 242903.0
15 1.0 207.4166403904213 -8.25076855664068 -0.7876754211021366 0.13218001541094967 -0.09179950235099829 0.20549266061903443 0.15592925800736845 -0.08256798781694152 1466.0 4125.0 8210.0 13229.0 18585.0 23788.0 28518.0 32609.0 36010.0 38737.0 40847.0 42414.0 43516.0 44228.0 44618.0 44745.0
16 1.0 213.13509525786205 -31.19384128171319 -0.7876754211021366 0.13218001541094967 -0.09179950235099829 0.20549266061903443 0.15592925800736845 -0.08256798781694152 6105.0 15497.0 28513.0 43173.0 57669.0 70793.0 81927.0 90885.0 97740.0 102701.0 106032.0 108003.0 108866.0 108842.0 108122.0 106863.0
17 1.0 206.01068608471442 -48.10605672976977 -0.7876754211021366 0.13218001541094967 -0.09179950235099829 0.20549266061903443 0.15592925800736845 -0.08256798781694152 11803.0 28604.0 50753.0 74627.0 97295.0 117028.0 133111.0 145490.0 154466.0 160497.0 164077.0 165672.0 165695.0 164495.0 162364.0 159536.0
18 1.0 80.30938775062259 20.603647165837387 -0.7876754211021366 0.13218001541094967 -0.09179950235099829 0.20549266061903443 0.15592925800736845 -0.08256798781694152 14198.0 36848.0 68078.0 102607.0 135831.0 164915.0 188618.0 206774.0 219811.0 228418.0 233350.0 235323.0 234969.0 232825.0 229330.0 224842.0
19 1.0 342.9896441461146 -84.04657353440899 -0.7876754211021366 0.13218001541094967 -0.09179950235099829 0.20549266061903443 0.15592925800736845 -0.08256798781694152 17931.0 45205.0 81732.0 121130.0 158205.0 189970.0 215284.0 234179.0 247293.0 255500.99999999997 259710.0 260751.99999999997 259344.00000000003 256083.0 251452.0 245838.0
20 1.0 160.96513630234585 -87.19090839957092 -0.7876754211021366 0.13218001541094967 -0.09179950235099829 0.20549266061903443 0.15592925800736845 -0.08256798781694152 19769.0 49341.0 88517.0 130364.00000000001 169384.0 202507.0 228638.0 247907.0 261058.0 269062.0 272903.0 273470.0 271525.0 267697.0 262491.0 256305.99999999997
21 1.0 304.707122089606 -12.816769950317195 -0.7876754211021366 0.13218001541094967 -0.09179950235099829 0.20549266061903443 0.15592925800736845 -0.08256798781694152 20344.0 46610.0 79361.0 113057.0 143740.0 169389.0 189415.0 204069.0 213998.0 219979.0 222775.0 223069.0 221440.0 218364.0 214225.0 209327.0
22 1.0 251.81253911430156 -77.74666668455036 -0.7876754211021366 0.13218001541094967 -0.09179950235099829 0.20549266061903443 0.15592925800736845 -0.08256798781694152 19338.0 48336.0 86824.0 128013.99999999999 166497.0 199231.0 225118.0 244263.0 257384.0 265427.0 269354.0 270040.0 268234.0 264554.0 259500.0 253467.0
23 1.0 107.07730230784811 -44.65062211570328 -0.7876754211021366 0.13218001541094967 -0.09179950235099829 0.20549266061903443 0.15592925800736845 -0.08256798781694152 24826.0 59373.0 103387.0 148981.0 190408.0 224744.0 251176.99999999997 270115.0 282531.0 289563.0 292310.0 291741.0 288666.0 283744.0 277498.0 270336.0
24 1.0 292.9672150928918 -50.19103523770491 -0.7876754211021366 0.13218001541094967 -0.09179950235099829 0.20549266061903443 0.15592925800736845 -0.08256798781694152 18291.0 45466.0 81457.0 119981.0 156036.0 186800.0 211232.0 229409.0 241977.0 249799.0 253760.0 254666.0 253214.0 249978.0 245425.0 239928.0
25 1.0 142.74206670491446 -44.425585129886656 -0.7876754211021366 0.13218001541094967 -0.09179950235099829 0.20549266061903443 0.15592925800736845 -0.08256798781694152 22512.0 50234.0 84049.0 118280.0 149052.0 174489.0 194131.0 208322.0 217769.0 223283.0 225644.0 225543.0 223560.0 220171.0 215757.0 210619.0
26 1.0 317.1971509600182 -66.4100583812536 -0.7876754211021366 0.13218001541094967 -0.09179950235099829 0.20549266061903443 0.15592925800736845 -0.08256798781694152 15778.0 39693.0 71805.0 106610.0 139579.0 168055.0 190975.0 208302.0 220547.0 228442.0 232759.0 234218.0 233446.0 230969.0 227215.0 222530.0
27 1.0 209.25823414890914 -87.83347987842222 -0.7876754211021366 0.13218001541094967 -0.09179950235099829 0.20549266061903443 0.15592925800736845 -0.08256798781694152 19579.0 48941.0 87900.0 129569.99999999999 168470.0 201529.0 227639.0 246919.0 260102.99999999997 268152.0 272045.0 272667.0 270777.0 267002.0 261846.00000000003 255709.00000000003
28 1.0 317.424730267747 -69.21282651502534 -0.7876754211021366 0.13218001541094967 -0.09179950235099829 0.20549266061903443 0.15592925800736845 -0.08256798781694152 16126.999999999998 40629.0 73540.0 109201.0 142958.0 172087.0 195503.0 213176.0 225635.0 233635.0 237974.0 239390.0 238527.0 235924.0 232022.0 227173.0
29 1.0 249.3113724279957 21.32644671229461 -0.7876754211021366 0.13218001541094967 -0.09179950235099829 0.20549266061903443 0.15592925800736845 -0.08256798781694152 9778.0 26143.0 49529.0 76259.0 102813.0 126810.0 147035.0 163128.0 175244.0 183802.0 189321.0 192325.0 193299.0 192668.0 190789.0 187959.0
0 1.0 261.09154073507057 85.36611830724905 -0.7876754211021366 0.13218001541094967 -0.09179950235099829 0.20549266061903443 0.15592925800736845 -0.08256798781694152 17121.0 43790.0 79932.0 119244.0 156474.0 188535.0 214203.0 233451.0 246887.0 255374.0 259812.0 261038.0 259774.99999999997 256624.00000000003 252075.0 246519.0
1 1.0 180.47677749361281 88.26210028096091 -0.7876754211021366 0.13218001541094967 -0.09179950235099829 0.20549266061903443 0.15592925800736845 -0.08256798781694152 16768.0 42987.0 78603.0 117424.0 154262.0 186047.0 211545.0 230714.0 244139.0 252662.0 257172.0 258490.0 257330.99999999997 254291.0 249856.0 244412.0
2 1.0 344.1901085003606 -16.37026283284891 -0.7876754211021366 0.13218001541094967 -0.09179950235099829 0.20549266061903443 0.15592925800736845 -0.08256798781694152 4433.0 10468.0 18388.0 26988.0 35272.0 42627.0 48773.0 53654.0 57348.0 59993.0 61747.0 62766.0 63192.0 63146.99999999999 62734.0 62039.0
3 1.0 231.83647172266947 -60.66820331161104 -0.7876754211021366 0.13218001541094967 -0.09179950235099829 0.20549266061903443 0.15592925800736845 -0.08256798781694152 17057.0 42236.0 75575.0 111327.0 144898.0 173669.0 196648.0 213870.0 225903.0 233524.0 237534.0 238674.0 237585.0 234802.0 230757.0 225800.0
4 1.0 152.5878174809447 24.977116325975274 -0.7876754211021366 0.13218001541094967 -0.09179950235099829 0.20549266061903443 0.15592925800736845 -0.08256798781694152 6992.0 16976.0 30322.0 44960.0 59133.0 71735.0 82251.0 90571.0 96821.0 101239.0 104103.0 105686.0 106237.0 105970.0 105067.0 103678.0
5 1.0 218.30155708605275 -1.7450376212273113 -0.7876754211021366 0.13218001541094967 -0.09179950235099829 0.20549266061903443 0.15592925800736845 -0.08256798781694152 1630.0 4807.0 9882.0 16302.0 23309.0 30242.0 36639.0 42242.0 46947.0 50752.0 53718.0 55932.0 57496.0 58509.0 59063.0 59239.0
6 1.0 6.909551391360069 88.09375991119765 -0.7876754211021366 0.13218001541094967 -0.09179950235099829 0.20549266061903443 0.15592925800736845 -0.08256798781694152 17409.0 44412.0 80911.0 120526.0 157970.0 190158.0 215878.0 235124.0 248521.0 256944.99999999997 261307.0 262450.0 261101.00000000003 257865.99999999997 253236.00000000003 247603.0
7 1.0 108.56693400283775 -78.24524271267956 -0.7876754211021366 0.13218001541094967 -0.09179950235099829 0.20549266061903443 0.15592925800736845 -0.08256798781694152 20487.0 50898.0 90991.0 133639.0 173255.0 206758.0 233085.0 252407.0 265508.0 273394.0 277072.0 277452.0 275309.0 271279.0 265873.0 259494.99999999997
8 1.0 237.66247349736662 50.98219889648635 -0.7876754211021366 0.13218001541094967 -0.09179950235099829 0.20549266061903443 0.15592925800736845 -0.08256798781694152 9871.0 26375.0 49926.0 76803.0 103464.0 127523.0 147772.0 163861.0 175954.0 184479.0 189959.0 192923.0 193859.0 193190.0 191276.0 188414.0
9 1.0 104.42793859575987 -38.0882704803311 -0.7876754211021366 0.13218001541094967 -0.09179950235099829 0.20549266061903443 0.15592925800736845 -0.08256798781694152 24752.0 59348.0 103500.0 149284.0 190910.0 225424.0 251998.99999999997 271040.0 283523.0 290594.0 293356.0 292784.0 289693.0 284747.0 278470.0 271274.0
10 1.0 222.48555443958296 -46.54464838621668 -0.7876754211021366 0.13218001541094967 -0.09179950235099829 0.20549266061903443 0.15592925800736845 -0.08256798781694152 12125.0 30078.0 54133.0 80332.0 105375.0 127272.0 145169.0 158968.0 168981.0 175709.0 179696.0 181463.0 181471.0 180115.0 177719.0 174548.0
11 1.0 154.35673234047582 29.250822875881667 -0.7876754211021366 0.13218001541094967 -0.09179950235099829 0.20549266061903443 0.15592925800736845 -0.08256798781694152 6568.0 16278.0 29475.0 44125.0 58444.0 71284.0 82088.0 90715.0 97267.0 101970.0 105093.0 106903.0 107649.0 107546.0 106777.0 105494.0
12 1.0 48.770663120082084 -45.70862670162639 -0.7876754211021366 0.13218001541094967 -0.09179950235099829 0.20549266061903443 0.15592925800736845 -0.08256798781694152 7309.0 19778.0 37903.0 58971.0 80254.0 99814.0 116594.0 130213.0 140715.0 148376.0 153571.0 156696.0 158127.0 158196.0 157192.0 155355.0
13 1.0 107.38163734417108 29.854641160653784 -0.7876754211021366 0.13218001541094967 -0.09179950235099829 0.20549266061903443 0.15592925800736845 -0.08256798781694152 18385.0 45867.0 82355.0 121471.0 158114.0 189396.0 214247.0 232739.0 245524.0 253481.0 257506.0 258423.0 256938.99999999997 253641.0 249003.0 243406.0
14 1.0 205.18736785245537 3.11553309641198 -0.7876754211021366 0.13218001541094967 -0.09179950235099829 0.20549266061903443 0.15592925800736845 -0.08256798781694152 709.0 2171.0 4597.0 7764.0 11316.0 14918.0 18323.0 21381.0 24021.0 26227.0 28020.0 29435.0 30518.0 31315.000000000004 31870.000000000004 32224.000000000004
15 1.0 212.71419404934235 -13.663982081547132 -0.7876754211021366 0.13218001541094967 -0.09179950235099829 0.20549266061903443 0.15592925800736845 -0.08256798781694152 2355.0 6465.0 12618.0 20014.0 27764.0 35175.0 41818.0 47483.0 52116.0 55759.0 58503.0 60462.0 61752.0 62485.0 62759.99999999999 62664.0
16 1.0 206.75708958584838 9.843805559055411 -0.7876754211021366 0.13218001541094967 -0.09179950235099829 0.20549266061903443 0.15592925800736845 -0.08256798781694152 630.0 2003.0 4361.0 7526.0 11165.0 14941.0 18593.0 21949.0 24913.0 27451.0 29563.0 31276.0 32627.000000000004 33657.0 34410.0 34926.0
17 1.0 235.1522951485681 -38.330726414466646 -0.7876754211021366 0.13218001541094967 -0.09179950235099829 0.20549266061903443 0.15592925800736845 -0.08256798781694152 11567.0 29255.0 53330.0 79843.0 105403.0 127915.0 146443.0 160836.0 171379.0 178560.0 182923.0 184993.0 185236.0 184056.0 181784.0 178693.0
18 1.0 234.757177200608 37.1834471291362 -0.7876754211021366 0.13218001541094967 -0.09179950235099829 0.20549266061903443 0.15592925800736845 -0.08256798781694152 6348.0 17622.0 34383.0 54208.0 74519.0 93417.0 109816.0 123282.0 133804.0 141607.0 147028.0 150431.0 152170.0 152563.0 151885.0 150368.0
19 1.0 155.31063675623062 -15.325763519958471 -0.7876754211021366 0.13218001541094967 -0.09179950235099829 0.20549266061903443 0.15592925800736845 -0.08256798781694152 11732.0 24920.0 40435.0 55820.0 69509.0 80793.0 89536.0 95912.0 100233.0 102847.0 104085.0 104242.0 103566.0 102262.0 100495.0 98395.0
20 1.0 322.75677450638267 -25.101799112539396 -0.7876754211021366 0.13218001541094967 -0.09179950235099829 0.20549266061903443 0.15592925800736845 -0.08256798781694152 11893.0 27762.0 48100.0 69618.0 89783.0 107171.0 121234.0 131983.0 139718.0 144860.0 147851.0 149105.0 148986.0 147801.0 145805.0 143203.0
21 1.0 132.32227321724275 59.158244620032804 -0.7876754211021366 0.13218001541094967 -0.09179950235099829 0.20549266061903443 0.15592925800736845 -0.08256798781694152 13645.0 34957.0 64089.99999999999 96144.0 126913.0 153826.0 175767.0 192597.0 204710.0 212739.0 217377.0 219280.0 219030.0 217118.0 213950.0 209855.0
22 1.0 156.91137309562566 76.4940441515746 -0.7876754211021366 0.13218001541094967 -0.09179950235099829 0.20549266061903443 0.15592925800736845 -0.08256798781694152 14283.0 36957.0 68135.0 102533.0 135577.0 164462.0 187972.0 205956.0 218846.0 227334.0 232171.0 234071.0 233666.0 231486.0 227970.0 223472.0
23 1.0 321.092407805642 -81.71868404028655 -0.7876754211021366 0.13218001541094967 -0.09179950235099829 0.20549266061903443 0.15592925800736845 -0.08256798781694152 17832.0 44956.0 81286.0 120479.0 157370.0 188987.0 214193.0 233017.0 246091.0 254286.0 258500.0 259561.0 258182.00000000003 254958.00000000003 250367.99999999997 244796.0
24 1.0 290.22983605659084 -48.12714129064221 -0.7876754211021366 0.13218001541094967 -0.09179950235099829 0.20549266061903443 0.15592925800736845 -0.08256798781694152 18685.0 46432.0 83146.0 122400.0 159091.0 190351.0 215135.0 233533.0 246216.0 254069.0 257998.0 258828.0 257267.00000000003 253903.0 249210.0 243565.0
25 1.0 253.39989007453187 -27.266513491338614 -0.7876754211021366 0.13218001541094967 -0.09179950235099829 0.20549266061903443 0.15592925800736845 -0.08256798781694152 14196.0 36200.0 66158.0 99018.0 130485.99999999999 157956.0 180313.0 197432.0 209730.0 217860.0 222532.0 224416.0 224107.0 222107.0 218829.0 214608.0
26 1.0 36.0816794324284 56.693966286644525 -0.7876754211021366 0.13218001541094967 -0.09179950235099829 0.20549266061903443 0.15592925800736845 -0.08256798781694152 13164.0 33023.0 59796.0 89020.0 116952.0 141333.0 161200.0 176451.0 187450.0 194768.0 199028.0 200817.0 200658.0 198991.0 196182.0 192525.0
27 1.0 331.0137409480825 87.38845697579356 -0.7876754211021366 0.13218001541094967 -0.09179950235099829 0.20549266061903443 0.15592925800736845 -0.08256798781694152 17569.0 44767.0 81485.0 121298.0 158897.0 191190.0 216971.0 236244.0 249640.0 258046.0 262377.0 263481.0 262089.00000000003 258809.0 254133.0 248455.0
28 1.0 257.1268678376801 84.41490684066332 -0.7876754211021366 0.13218001541094967 -0.09179950235099829 0.20549266061903443 0.15592925800736845 -0.08256798781694152 17027.0 43576.0 79577.0 118759.0 155885.0 187874.0 213497.0 232725.0 246159.0 254656.0 259114.99999999997 260366.0 259130.00000000003 256009.0 251491.00000000003 245965.0
29 1.0 359.5849223644319 72.89070219898684 -0.7876754211021366 0.13218001541094967 -0.09179950235099829 0.20549266061903443 0.15592925800736845 -0.08256798781694152 18216.0 45027.0 80411.0 118218.0 153580.0 183754.0 207733.0 225596.0 237972.0 245703.0 249649.0 250598.0 249229.0 246106.0 241684.0 236327.0
0 1.0 53.80138967687775 -36.619872288474625 -0.7876754211021366 0.13218001541094967 -0.09179950235099829 0.20549266061903443 0.15592925800736845 -0.08256798781694152 6322.0 17447.0 33923.0 53368.0 73267.0 91768.0 107818.0 120993.0 131282.0 138907.0 144197.0 147509.0 149189.0 149549.0 148859.0 147347.0
1 1.0 312.52538065255715 88.56202381460534 -0.7876754211021366 0.13218001541094967 -0.09179950235099829 0.20549266061903443 0.15592925800736845 -0.08256798781694152 17339.0 44275.0 80717.0 120299.0 157736.0 189935.0 215680.0 234957.0 248387.0 256842.00000000003 261234.00000000003 262403.0 261075.99999999997 257861.0 253247.99999999997 247629.0
2 1.0 58.497456483494936 -45.10439260983878 -0.7876754211021366 0.13218001541094967 -0.09179950235099829 0.20549266061903443 0.15592925800736845 -0.08256798781694152 9440.0 25148.0 47554.0 73149.0 98585.0 121598.0 141030.0 156532.0 168247.0 176568.0 181983.0 184990.0 186046.0 185555.0 183858.0 181238.0
3 1.0 221.6014431421839 -70.9368921211982 -0.7876754211021366 0.13218001541094967 -0.09179950235099829 0.20549266061903443 0.15592925800736845 -0.08256798781694152 18973.0 46769.0 83316.0 122227.0 158489.0 189314.0 213707.0 231783.0 244215.0 251886.0 255691.0 256444.0 254846.00000000003 251473.99999999997 246796.0 241183.0
4 1.0 44.57519382579895 81.17146998997094 -0.7876754211021366 0.13218001541094967 -0.09179950235099829 0.20549266061903443 0.15592925800736845 -0.08256798781694152 17519.0 44504.0 80856.0 120224.0 157378.0 189284.0 214760.0 233814.0 247071.0 255402.00000000003 259711.00000000003 260832.99999999997 259487.00000000003 256274.0 251679.0 246090.0
5 1.0 305.2829625560044 -47.98435401574267 -0.7876754211021366 0.13218001541094967 -0.09179950235099829 0.20549266061903443 0.15592925800736845 -0.08256798781694152 16591.0 40891.0 72985.0 107372.0 139666.0 167366.0 189526.0 206174.0 217849.0 225289.0 229259.0 230465.0 229519.0 226932.0 223122.0 218421.0
6 1.0 290.63482514100383 34.15828771399508 -0.7876754211021366 0.13218001541094967 -0.09179950235099829 0.20549266061903443 0.15592925800736845 -0.08256798781694152 25792.0 60589.0 104353.0 149314.0 189938.0 223471.0 249198.0 267567.0 279556.0 286288.0 288843.0 288168.0 285055.0 280145.0 273947.0 266860.0
7 1.0 204.8762659012536 -79.49585538349405 -0.7876754211021366 0.13218001541094967 -0.09179950235099829 0.20549266061903443 0.15592925800736845 -0.08256798781694152 20083.0 49621.0 88444.0 129695.0 168020.0 200469.0 226017.0 244824.0 257635.99999999997 265413.0 269118.0 269625.0 267679.0 263892.0 258758.0 252668.99999999997
8 1.0 146.58598700135988 41.52763784294572 -0.7876754211021366 0.13218001541094967 -0.09179950235099829 0.20549266061903443 0.15592925800736845 -0.08256798781694152 9509.0 23950.0 43653.0 65464.99999999999 86641.0 105447.0 121078.0 133366.0 142509.0 148879.0 152906.0 155008.0 155565.0 154906.0 153305.0 150989.0
9 1.0 24.900118363849696 68.70963822009114 -0.7876754211021366 0.13218001541094967 -0.09179950235099829 0.20549266061903443 0.15592925800736845 -0.08256798781694152 16514.0 41124.0 73886.0 109173.0 142433.0 171036.0 193963.0 211219.0 223342.0 231089.0 235246.0 236543.0 235611.0 232981.0 229083.0 224263.0
10 1.0 251.07435833204292 -40.96135881612675 -0.7876754211021366 0.13218001541094967 -0.09179950235099829 0.20549266061903443 0.15592925800736845 -0.08256798781694152 15478.0 39088.0 70899.0 105475.0 138306.0 166727.0 189656.0 207037.0 219361.0 227350.0 231766.0 233323.0 232644.0 230253.0 226579.0 221966.0
11 1.0 163.27536576410478 -21.76975870606286 -0.7876754211021366 0.13218001541094967 -0.09179950235099829 0.20549266061903443 0.15592925800736845 -0.08256798781694152 10182.0 21784.0 35540.0 49272.0 61567.0 71769.0 79733.0 85597.0 89626.0 92123.0 93380.0 93658.0 93178.0 92123.0 90640.0 88849.0
12 1.0 259.94001580932525 -22.6266870022351 -0.7876754211021366 0.13218001541094967 -0.09179950235099829 0.20549266061903443 0.15592925800736845 -0.08256798781694152 15886.999999999998 40393.0 73562.0 109705.0 144063.0 173811.0 197793.0 215945.0 228783.0 237067.0 241602.0 243143.0 242345.0 239761.0 235842.0 230948.0
13 1.0 311.8976373343065 44.781886357223954 -0.7876754211021366 0.13218001541094967 -0.09179950235099829 0.20549266061903443 0.15592925800736845 -0.08256798781694152 23756.0 54170.0 91810.0 130226.00000000001 164908.0 193626.0 215800.0 231796.0 242412.0 248570.0 251162.0 250975.0 248670.0 244789.0 239762.0 233931.0
14 1.0 351.1877418010389 -47.19469634297301 -0.7876754211021366 0.13218001541094967 -0.09179950235099829 0.20549266061903443 0.15592925800736845 -0.08256798781694152 6790.0 17452.0 32333.0 49153.0 65808.0 80893.0 93692.0 103990.0 111870.0 117575.0 121406.0 123670.0 124656.0 124618.0 123772.0 122301.0
15 1.0 308.08920326133995 -59.06644217142426 -0.7876754211021366 0.13218001541094967 -0.09179950235099829 0.20549266061903443 0.15592925800736845 -0.08256798781694152 16310.000000000002 40751.0 73371.0 108566.0 141778.0 170366.0 193295.0 210560.0 222696.0 230454.0 234621.0 235927.0 235005.0 232383.0 228495.0 223686.0
16 1.0 4.21707030660071 -9.127503236207147 -0.7876754211021366 0.13218001541094967 -0.09179950235099829 0.20549266061903443 0.15592925800736845 -0.08256798781694152 1037.0 2806.0 5438.0 8601.0 11921.0 15102.0 17956.0 20393.0 22387.0 23959.0 25149.0 26009.0 26590.0 26943.0 27110.0 27131.0
17 1.0 129.592103212211 -35.19568667208249 -0.7876754211021366 0.13218001541094967 -0.09179950235099829 0.20549266061903443 0.15592925800736845 -0.08256798781694152 25166.0 56128.0 93757.0 131669.0 165556.0 193378.0 214685.0 229909.0 239875.0 245511.0 247698.0 247207.0 244687.0 240661.0 235549.0 229679.0
18 1.0 262.7966024726609 61.05404200655744 -0.7876754211021366 0.13218001541094967 -0.09179950235099829 0.20549266061903443 0.15592925800736845 -0.08256798781694152 17058.0 43628.0 79648.0 118843.0 155979.0 187976.0 213605.0 232838.0 246274.0 254773.00000000003 259232.00000000003 260483.00000000003 259245.99999999997 256123.0 251602.0 246074.0
19 1.0 61.78668381411859 -47.20647131718502 -0.7876754211021366 0.13218001541094967 -0.09179950235099829 0.20549266061903443 0.15592925800736845 -0.08256798781694152 10827.0 28541.0 53510.0 81729.0 109491.0 134354.0 155122.0 171489.0 183671.0 192142.0 197466.0 200205.0 200870.0 199905.0 197681.0 194505.0
20 1.0 187.57317823348654 0.4301023480670665 -0.7876754211021366 0.13218001541094967 -0.09179950235099829 0.20549266061903443 0.15592925800736845 -0.08256798781694152 1032.0 2742.0 5250.0 8237.0 11357.0 14340.0 17020.0 19313.0 21198.0 22692.0 23834.0 24670.0 25249.0 25615.0 25811.0 25871.0
21 1.0 19.561675802131305 79.66504794562746 -0.7876754211021366 0.13218001541094967 -0.09179950235099829 0.20549266061903443 0.15592925800736845 -0.08256798781694152 17900.0 45118.0 81551.0 120828.0 157774.0 189415.0 214621.0 233428.0 246474.0 254635.0 258814.0 259840.00000000003 258427.00000000003 255170.99999999997 250553.00000000003 244956.0
22 1.0 71.99874896270403 24.119585594038938 -0.7876754211021366 0.13218001541094967 -0.09179950235099829 0.20549266061903443 0.15592925800736845 -0.08256798781694152 11795.0 30878.0 57519.0 87344.0 116418.0 142220.0 163573.0 180229.0 192474.0 200845.0 205958.0 208415.0 208756.0 207446.0 204870.0 201345.0
23 1.0 6.66784600582103 66.11209298324366 -0.7876754211021366 0.13218001541094967 -0.09179950235099829 0.20549266061903443 0.15592925800736845 -0.08256798781694152 16789.0 41088.0 73037.0 107176.0 139183.0 166604.0 188518.0 204965.0 216482.0 223804.0 227691.0 228844.0 227868.0 225272.0 221468.0 216786.0
24 1.0 285.7311732086714 79.23774408385813 -0.7876754211021366 0.13218001541094967 -0.09179950235099829 0.20549266061903443 0.15592925800736845 -0.08256798781694152 18250.0 46267.0 83897.0 124518.0 162728.0 195419.0 221414.0 240755.0 254114.99999999997 262412.0 266588.0 267510.0 265923.0 262442.0 257568.00000000003 251697.99999999997
25 1.0 80.61288770173685 45.13767513954335 -0.7876754211021366 0.13218001541094967 -0.09179950235099829 0.20549266061903443 0.15592925800736845 -0.08256798781694152 15440.0 39782.0 73059.0 109555.0 144399.0 174658.0 199108.0 217646.0 230780.0 239274.0 243945.0 245559.0 244787.0 242192.0 238234.0 233283.0
26 1.0 124.32660505088496 35.92351084045525 -0.7876754211021366 0.13218001541094967 -0.09179950235099829 0.20549266061903443 0.15592925800736845 -0.08256798781694152 15268.0 37702.0 67475.0 99548.0 129843.99999999999 155991.0 177050.0 193000.0 204306.0 211633.0 215684.0 217110.0 216484.0 214285.0 210904.0 206659.0
27 1.0 334.1092656476127 84.23380198876086 -0.7876754211021366 0.13218001541094967 -0.09179950235099829 0.20549266061903443 0.15592925800736845 -0.08256798781694152 18086.0 45816.0 83052.0 123256.0 161091.0 193484.0 219267.0 238475.0 251768.0 260048.0 264247.0 265218.0 263698.0 260297.0 255510.00000000003 249729.0
28 1.0 253.5891846924718 88.99214213658229 -0.7876754211021366 0.13218001541094967 -0.09179950235099829 0.20549266061903443 0.15592925800736845 -0.08256798781694152 17087.0 43710.0 79795.0 119049.0 156229.0 188250.0 213888.0 233118.0 246543.0 255025.99999999997 259465.0 260695.99999999997 259438.99999999997 256297.0 251759.0 246214.0
29 1.0 11.462014631270826 -8.672097119443265 -0.7876754211021366 0.13218001541094967 -0.09179950235099829 0.20549266061903443 0.15592925800736845 -0.08256798781694152 739.0 2117.0 4275.0 6972.0 9897.0 12790.0 15471.0 17841.0 19861.0 21529.0 22868.0 23910.0 24695.0 25258.0 25637.0 25861.0
0 1.0 59.289896339248585 -77.2434399268425 -0.7876754211021366 0.13218001541094967 -0.09179950235099829 0.20549266061903443 0.15592925800736845 -0.08256798781694152 17438.0 44103.0 79943.0 118722.0 155324.0 186777.0 211921.0 230758.0 243896.0 252185.0 256512.00000000003 257691.99999999997 256433.00000000003 253326.0 248847.0 243380.0
1 1.0 223.73222453991488 -37.29707434070661 -0.7876754211021366 0.13218001541094967 -0.09179950235099829 0.20549266061903443 0.15592925800736845 -0.08256798781694152 9228.0 23281.0 42485.0 63783.00000000001 84499.0 102932.0 118284.0 130375.99999999999 139393.0 145690.0 149683.0 151782.0 152356.0 151730.0 150173.0 147910.0
2 1.0 207.80229189750034 -62.57615297620852 -0.7876754211021366 0.13218001541094967 -0.09179950235099829 0.20549266061903443 0.15592925800736845 -0.08256798781694152 17055.0 41410.0 73212.0 107021.0 138593.0 165550.0 187027.0 203093.0 214300.0 221383.0 225098.0 226135.0 225093.0 222469.0 218669.0 214015.0
3 1.0 85.64141569482311 -14.852452536717877 -0.7876754211021366 0.13218001541094967 -0.09179950235099829 0.20549266061903443 0.15592925800736845 -0.08256798781694152 16887.0 43190.0 78868.0 117719.0 154561.0 186334.0 211812.0 230957.0 244356.0 252855.0 257342.00000000003 258639.99999999997 257463.0 254407.0 249957.0 244501.0
4 1.0 336.3170392529258 -66.36792087481392 -0.7876754211021366 0.13218001541094967 -0.09179950235099829 0.20549266061903443 0.15592925800736845 -0.08256798781694152 13745.0 34774.0 63256.99999999999 94408.0 124188.0 150160.0 171288.0 187463.0 199083.0 206768.0 211189.0 212980.0 212700.0 210824.0 207741.0 203767.0
5 1.0 221.02774414772256 18.741204723758756 -0.7876754211021366 0.13218001541094967 -0.09179950235099829 0.20549266061903443 0.15592925800736845 -0.08256798781694152 1620.0 5080.0 10867.0 18427.0 26879.0 35403.0 43398.0 50504.0 56552.0 61508.0 65421.00000000001 68385.0 70515.0 71929.0 72738.0 73047.0
6 1.0 192.827809088985 -21.094549351586267 -0.7876754211021366 0.13218001541094967 -0.09179950235099829 0.20549266061903443 0.15592925800736845 -0.08256798781694152 3282.0 8095.0 14664.0 22019.0 29293.0 35910.0 41577.0 46203.0 49818.0 52519.0 54428.0 55670.0 56365.0 56616.0 56514.0 56135.0
7 1.0 212.36759148764554 71.1694591718778 -0.7876754211021366 0.13218001541094967 -0.09179950235099829 0.20549266061903443 0.15592925800736845 -0.08256798781694152 12432.0 32501.000000000004 60448.0 91652.0 121981.0 148808.0 170924.0 188094.0 200637.0 209132.0 214235.0 216580.0 216738.0 215194.0 212353.0 208545.0
8 1.0 262.8439306260371 84.20304092373033 -0.7876754211021366 0.13218001541094967 -0.09179950235099829 0.20549266061903443 0.15592925800736845 -0.08256798781694152 17177.0 43920.0 80151.0 119549.0 156851.0 188966.0 214669.0 233939.0 247384.0 255871.00000000003 260303.0 261517.99999999997 260240.00000000003 257073.0 252506.99999999997 246933.0
9 1.0 112.30019837265667 8.43928230049599 -0.7876754211021366 0.13218001541094967 -0.09179950235099829 0.20549266061903443 0.15592925800736845 -0.08256798781694152 21805.0 51892.0 90339.0 130431.99999999999 167194.0 198008.0 222064.0 239619.0 251448.0 258496.99999999997 261698.0 261886.0 259769.00000000003 255928.0 250829.00000000003 244841.0
10 1.0 143.35958239779308 -40.531757423832616 -0.7876754211021366 0.13218001541094967 -0.09179950235099829 0.20549266061903443 0.15592925800736845 -0.08256798781694152 21933.0 48439.0 80540.0 112902.0 141923.0 165881.0 184374.0 197740.0 206649.0 211866.0 214123.0 214065.0 212237.0 209084.0 204963.0 200155.0
11 1.0 75.54374963104397 16.601475377130626 -0.7876754211021366 0.13218001541094967 -0.09179950235099829 0.20549266061903443 0.15592925800736845 -0.08256798781694152 12366.0 32377.999999999996 60290.0 91493.0 121852.0 148730.0 170904.0 188132.0 200727.0 209265.0 214401.0 216771.0 216944.0 215409.0 212572.0 208762.0
12 1.0 67.02948211692102 71.41700848039378 -0.7876754211021366 0.13218001541094967 -0.09179950235099829 0.20549266061903443 0.15592925800736845 -0.08256798781694152 16793.0 42849.0 78123.0 116490.0 152849.0 184202.0 209350.0 228259.0 241510.0 249934.0 254405.0 255730.0 254612.0 251639.0 247286.0 241936.0
13 1.0 339.9740603942161 -16.787997749565307 -0.7876754211021366 0.13218001541094967 -0.09179950235099829 0.20549266061903443 0.15592925800736845 -0.08256798781694152 5667.0 13189.0 22916.0 33348.0 43288.0 52028.0 59263.0 64956.0 69217.0 72222.0 74169.0 75244.0 75619.0 75440.0 74829.0 73888.0
14 1.0 266.2382862177435 9.374089804554757 -0.7876754211021366 0.13218001541094967 -0.09179950235099829 0.20549266061903443 0.15592925800736845 -0.08256798781694152 17775.0 45059.0 81764.0 121479.0 158934.0 191074.0 216715.0 235872.0 249178.0 257517.0 261801.99999999997 262877.0 261469.99999999997 258184.00000000003 253511.0 247840.0
15 1.0 176.56517110232414 -41.10250183089374 -0.7876754211021366 0.13218001541094967 -0.09179950235099829 0.20549266061903443 0.15592925800736845 -0.08256798781694152 12006.0 27238.0 46328.0 66215.0 84634.0 100360.0 112959.0 122487.0 129253.0 133662.0 136129.0 137041.0 136731.0 135481.0 133521.0 131037.99999999999
16 1.0 81.86926607039636 -8.020053098995149 -0.7876754211021366 0.13218001541094967 -0.09179950235099829 0.20549266061903443 0.15592925800736845 -0.08256798781694152 14780.0 38288.0 70637.0 106332.0 140611.0 170550.0 194888.0 213470.0 226754.0 235462.0 240382.0 242260.0 241751.0 239409.0 235690.0 230961.0
17 1.0 91.56833343734147 -17.69156363167224 -0.7876754211021366 0.13218001541094967 -0.09179950235099829 0.20549266061903443 0.15592925800736845 -0.08256798781694152 19855.0 49790.0 89542.0 132038.0 171656.0 205259.0 231733.0 251218.0 264478.0 272510.0 276317.0 276808.0 274759.0 270809.0 265470.0 259149.00000000003
18 1.0 20.89049771659522 -45.28557628506522 -0.7876754211021366 0.13218001541094967 -0.09179950235099829 0.20549266061903443 0.15592925800736845 -0.08256798781694152 4354.0 11906.0 23089.0 36358.0 50055.0 62934.00000000001 74258.0 83701.0 91219.0 96929.0 101029.0 103746.0 105307.0 105920.0 105767.0 105009.0
19 1.0 156.3899852009235 1.0559490885555078 -0.7876754211021366 0.13218001541094967 -0.09179950235099829 0.20549266061903443 0.15592925800736845 -0.08256798781694152 7818.0 17090.0 28330.0 39762.0 50176.0 58964.0 65952.0 71213.0 74941.0 77370.0 78735.0 79250.0 79099.0 78435.0 77385.0 76050.0
20 1.0 112.24651751787692 -34.13145132363395 -0.7876754211021366 0.13218001541094967 -0.09179950235099829 0.20549266061903443 0.15592925800736845 -0.08256798781694152 26338.0 61412.0 105269.0 150144.0 190568.0 223855.0 249335.0 267481.0 279281.0 285861.0 288299.0 287535.0 284359.0 279406.0 273181.0 266080.0
21 1.0 250.6836559735654 -22.85372450146545 -0.7876754211021366 0.13218001541094967 -0.09179950235099829 0.20549266061903443 0.15592925800736845 -0.08256798781694152 12740.0 32703.000000000004 60111.0 90420.0 119677.0 145428.0 166577.0 182944.0 194867.0 202916.0 207726.0 209908.0 210005.0 208482.0 205725.0 202046.0
22 1.0 135.99066214529313 4.494679605767573 -0.7876754211021366 0.13218001541094967 -0.09179950235099829 0.20549266061903443 0.15592925800736845 -0.08256798781694152 15928.000000000002 35582.0 59803.0 84650.0 107333.0 126413.0 141455.0 152614.0 160334.0 165158.0 167625.0 168223.0 167372.0 165418.0 162642.0 159270.0
23 1.0 64.65732392146853 45.10710412721775 -0.7876754211021366 0.13218001541094967 -0.09179950235099829 0.20549266061903443 0.15592925800736845 -0.08256798781694152 13041.0 33623.0 61931.0 93229.0 123401.0 149893.0 171576.0 188280.0 200371.0 208453.0 213196.0 215239.0 215150.0 213412.0 210422.0 206505.0
24 1.0 8.884342220879242 -29.968656157570443 -0.7876754211021366 0.13218001541094967 -0.09179950235099829 0.20549266061903443 0.15592925800736845 -0.08256798781694152 1852.0 5174.0 10234.0 16405.0 22952.0 29287.0 35030.0 39986.0 44093.0 47372.0 49890.0 51734.0 52999.0 53776.0 54148.0 54189.0
25 1.0 24.20986732676949 76.34857799173744 -0.7876754211021366 0.13218001541094967 -0.09179950235099829 0.20549266061903443 0.15592925800736845 -0.08256798781694152 17642.0 44319.0 79964.0 118367.0 154497.0 185462.0 210159.0 228618.0 241457.0 249523.0 253693.99999999997 254776.0 253467.0 250346.0 245884.0 240455.0
26 1.0 244.58139845948423 65.21733843046243 -0.7876754211021366 0.13218001541094967 -0.09179950235099829 0.20549266061903443 0.15592925800736845 -0.08256798781694152 14163.0 36803.0 68064.0 102666.0 135998.0 165204.0 189030.0 207301.0 220437.0 229125.0 234120.0 236139.0 235817.0 233691.0 230206.0 225717.0
27 1.0 163.33086404017632 -81.23574672440486 -0.7876754211021366 0.13218001541094967 -0.09179950235099829 0.20549266061903443 0.15592925800736845 -0.08256798781694152 20682.0 51023.0 90812.0 132993.0 172091.0 205110.0 231032.0 250046.0 262932.0 270683.0 274293.0 274656.0 272534.0 268554.0 263218.0 256923.0
28 1.0 193.16851599914 -44.3443456337719 -0.7876754211021366 0.13218001541094967 -0.09179950235099829 0.20549266061903443 0.15592925800736845 -0.08256798781694152 10770.0 25490.0 44599.0 65020.99999999999 84328.0 101110.0 114794.0 125346.99999999999 133027.0 138217.0 141330.0 142757.0 142843.0 141884.0 140125.0 137765.0
29 1.0 322.80166549452315 -9.695607721343649 -0.7876754211021366 0.13218001541094967 -0.09179950235099829 0.20549266061903443 0.15592925800736845 -0.08256798781694152 13090.0 29102.0 48805.0 69042.0 87576.0 103245.0 115682.0 124993.0 131518.0 135682.0 137910.0 138593.0 138069.0 136619.0 134474.0 131820.0
0 1.0 356.52202106281356 -71.16698002635466 -0.7876754211021366 0.13218001541094967 -0.09179950235099829 0.20549266061903443 0.15592925800736845 -0.08256798781694152 13832.0 35207.0 64285.99999999999 96180.0 126732.00000000001 153421.0 175166.0 191842.0 203849.0 211817.0 216430.0 218337.0 218112.0 216239.0 213120.0 209077.0
1 1.0 78.08291438345061 -27.274321973970522 -0.7876754211021366 0.13218001541094967 -0.09179950235099829 0.20549266061903443 0.15592925800736845 -0.08256798781694152 14026.0 36450.0 67451.0 101817.0 134973.0 164074.0 187856.0 206129.0 219299.0 228041.0 233101.0 235189.0 234937.0 232879.0 229457.0 225028.0
2 1.0 238.70815311603627 43.21755461118286 -0.7876754211021366 0.13218001541094967 -0.09179950235099829 0.20549266061903443 0.15592925800736845 -0.08256798781694152 8525.0 23076.0 44135.0 68468.0 92882.0 115158.0 134121.0 149379.0 161025.0 169406.0 174973.0 178193.0 179504.0 179289.0 177880.0 175551.0
3 1.0 94.79605562537424 32.49260660570866 -0.7876754211021366 0.13218001541094967 -0.09179950235099829 0.20549266061903443 0.15592925800736845 -0.08256798781694152 17391.0 44368.0 80837.0 120422.0 157843.0 190013.0 215723.0 234965.0 248362.0 256789.0 261156.0 262305.0 260963.0 257735.0 253112.99999999997 247487.0
4 1.0 7.434359807662325 22.02919714188087 -0.7876754211021366 0.13218001541094967 -0.09179950235099829 0.20549266061903443 0.15592925800736845 -0.08256798781694152 3521.0 8517.0 15232.0 22670.0 29960.0 36531.0 42102.0 46593.0 50047.0 52571.0 54296.0 55355.0 55873.0 55957.0 55701.0 55182.0
5 1.0 273.01631538101094 37.895112490022214 -0.7876754211021366 0.13218001541094967 -0.09179950235099829 0.20549266061903443 0.15592925800736845 -0.08256798781694152 20598.0 51361.0 91985.0 135214.0 175354.0 209270.0 235885.0 255382.0 268566.0 276463.0 280102.0 280406.0 278164.0 274020.0 268493.0 261992.0
6 1.0 115.20617429608842 -53.113736347253685 -0.7876754211021366 0.13218001541094967 -0.09179950235099829 0.20549266061903443 0.15592925800736845 -0.08256798781694152 24814.0 58908.0 102140.0 146812.0 187355.0 220948.0 246818.0 265369.0 277553.0 284477.0 287211.0 286701.0 283735.0 278956.0 272875.0 265892.0
7 1.0 138.04700190188328 -28.494339324348218 -0.7876754211021366 0.13218001541094967 -0.09179950235099829 0.20549266061903443 0.15592925800736845 -0.08256798781694152 21978.0 47806.0 78720.0 109635.0 137195.0 159835.0 177229.0 189735.0 198012.0 202797.0 204790.0 204608.0 202766.0 199685.0 195702.0 191082.0
8 1.0 211.79416087929806 31.723646809943318 -0.7876754211021366 0.13218001541094967 -0.09179950235099829 0.20549266061903443 0.15592925800736845 -0.08256798781694152 1822.0 5569.0 11708.0 19602.0 28321.0 37028.0 45127.0 52272.0 58313.0 63228.99999999999 67083.0 69978.0 72033.0 73371.0 74107.0 74344.0
9 1.0 299.17744388502854 68.26225734563889 -0.7876754211021366 0.13218001541094967 -0.09179950235099829 0.20549266061903443 0.15592925800736845 -0.08256798781694152 20630.0 50925.0 90665.0 132801.0 171860.0 204850.0 230752.0 249752.0 262632.0 270382.0 273994.0 274362.0 272247.0 268275.0 262948.0 256662.0
10 1.0 226.43346369281355 7.86204968905713 -0.7876754211021366 0.13218001541094967 -0.09179950235099829 0.20549266061903443 0.15592925800736845 -0.08256798781694152 2285.0 6815.0 14082.0 23278.0 33298.0 43179.0 52261.0 60173.0 66769.0 72052.0 76111.0 79079.0 81103.0 82330.0 82895.0 82919.0
11 1.0 314.1542359610623 -39.11406282980341 -0.7876754211021366 0.13218001541094967 -0.09179950235099829 0.20549266061903443 0.15592925800736845 -0.08256798781694152 14586.0 35301.0 62422.0 91412.0 118678.0 142168.0 161084.0 175428.0 185624.0 192262.0 195968.0 197319.0 196824.0 194908.0 191922.0 188148.0
12 1.0 98.47513253362888 -84.55765355892314 -0.7876754211021366 0.13218001541094967 -0.09179950235099829 0.20549266061903443 0.15592925800736845 -0.08256798781694152 19566.0 48943.0 87940.0 129662.0 168617.0 201723.0 227870.0 247176.0 260375.00000000003 268432.0 272325.0 272942.0 271045.0 267260.0 262093.00000000003 255942.99999999997
13 1.0 287.29686020852296 37.8606292153584 -0.7876754211021366 0.13218001541094967 -0.09179950235099829 0.20549266061903443 0.15592925800736845 -0.08256798781694152 24863.0 59277.0 103037.0 148324.0 189452.0 223538.0 249780.0 268588.0 280926.0 287921.0 290664.0 290114.0 287075.0 282200.0 276007.0 268904.0
14 1.0 66.8289399501428 -88.58086136848073 -0.7876754211021366 0.13218001541094967 -0.09179950235099829 0.20549266061903443 0.15592925800736845 -0.08256798781694152 19142.0 47996.0 86398.0 127576.0 166106.0 198920.0 224897.0 244130.0 257328.99999999997 265438.0 269417.0 270143.0 268366.0 264708.0 259668.0 253643.99999999997
15 1.0 343.0049965099 -22.9177674322208 -0.7876754211021366 0.13218001541094967 -0.09179950235099829 0.20549266061903443 0.15592925800736845 -0.08256798781694152 4844.0 11729.0 20951.0 31122.0 41048.0 49965.0 57502.0 63558.0 68196.0 71562.0 73834.0 75191.0 75802.0 75815.0 75355.0 74530.0
16 1.0 247.4957794996135 5.496698621300723 -0.7876754211021366 0.13218001541094967 -0.09179950235099829 0.20549266061903443 0.15592925800736845 -0.08256798781694152 8836.0 23624.0 44811.0 69117.0 93369.0 115398.0 134078.0 149054.0 160440.0 168596.0 173976.0 177048.0 178245.0 177948.0 176483.0 174119.0
17 1.0 77.58276376088104 75.98006311809476 -0.7876754211021366 0.13218001541094967 -0.09179950235099829 0.20549266061903443 0.15592925800736845 -0.08256798781694152 16907.0 43264.0 79011.0 117926.0 154816.0 186618.0 212112.0 231261.0 244659.0 253152.0 257631.0 258919.99999999997 257733.0 254668.0 250210.0 244745.0
18 1.0 341.0534125760127 -73.89098189407798 -0.7876754211021366 0.13218001541094967 -0.09179950235099829 0.20549266061903443 0.15592925800736845 -0.08256798781694152 15394.0 38992.0 70867.0 105579.0 138590.0 167204.0 190317.0 207859.0 220315.0 228405.0 232893.0 234497.0 233844.0 231462.0 227781.0 223151.0
19 1.0 263.1080904372568 -16.930382045708924 -0.7876754211021366 0.13218001541094967 -0.09179950235099829 0.20549266061903443 0.15592925800736845 -0.08256798781694152 16710.0 42410.0 77097.0 114776.0 150477.0 181275.0 206003.0 224624.0 237703.0 246049.0 250512.0 251883.00000000003 250849.0 247984.0 243757.0 238541.0
20 1.0 91.4189913342093 -85.6236240521716 -0.7876754211021366 0.13218001541094967 -0.09179950235099829 0.20549266061903443 0.15592925800736845 -0.08256798781694152 19376.0 48523.0 87263.0 128754.00000000001 167532.0 200520.0 226602.0 245884.0 259089.0 267172.0 271106.0 271773.0 269929.0 266200.0 261088.0 254993.00000000003
21 1.0 76.79231185229351 -28.33002281851374 -0.7876754211021366 0.13218001541094967 -0.09179950235099829 0.20549266061903443 0.15592925800736845 -0.08256798781694152 13516.0 35231.0 65356.0 98859.0 131284.0 159831.0 183240.0 201296.0 214376.0 223124.0 228260.0 230472.0 230376.0 228494.0 225258.0 221020.0
22 1.0 186.55225701503878 22.00159059116308 -0.7876754211021366 0.13218001541094967 -0.09179950235099829 0.20549266061903443 0.15592925800736845 -0.08256798781694152 1117.0 3218.0 6517.0 10645.0 15123.0 19535.0 23599.0 27155.0 30139.0 32554.0 34439.0 35853.0 36860.0 37524.0 37904.0 38052.0
23 1.0 9.238578499631366 -39.767769318852295 -0.7876754211021366 0.13218001541094967 -0.09179950235099829 0.20549266061903443 0.15592925800736845 -0.08256798781694152 3307.0 9015.0 17477.0 27542.0 37967.0 47810.0 56507.0 63806.0 69666.0 74171.0 77466.0 79717.0 81092.0 81745.0 81812.0 81411.0
24 1.0 74.68922715879938 -52.245009061985684 -0.7876754211021366 0.13218001541094967 -0.09179950235099829 0.20549266061903443 0.15592925800736845 -0.08256798781694152 15537.0 39831.0 72962.0 109271.0 143948.0 174090.0 198481.0 217012.0 230177.0 238729.0 243474.0 245169.0 244479.0 241962.0 238078.0 233193.0
25 1.0 152.88676875054225 -69.17341800112314 -0.7876754211021366 0.13218001541094967 -0.09179950235099829 0.20549266061903443 0.15592925800736845 -0.08256798781694152 21888.0 52315.0 91274.0 131928.0 169197.0 200417.0 224764.0 242508.0 254439.00000000003 261523.99999999997 264712.0 264853.0 262664.0 258736.00000000003 253540.0 247450.0
26 1.0 134.7011929203212 13.88524392366152 -0.7876754211021366 0.13218001541094967 -0.09179950235099829 0.20549266061903443 0.15592925800736845 -0.08256798781694152 14748.0 33904.0 58085.0 83335.0 106712.0 126623.99999999999 142520.0 154482.0 162916.0 168348.0 171316.0 172314.0 171769.0 170040.0 167421.0 164146.0
27 1.0 166.88715277133184 35.14860106284348 -0.7876754211021366 0.13218001541094967 -0.09179950235099829 0.20549266061903443 0.15592925800736845 -0.08256798781694152 4326.0 11325.0 21318.0 32854.0 44512.0 55287.0 64624.0 72312.0 78358.0 82893.0 86101.0 88182.0 89329.0 89715.0 89493.0 88790.0
28 1.0 99.94633426610349 30.95228530724802 -0.7876754211021366 0.13218001541094967 -0.09179950235099829 0.20549266061903443 0.15592925800736845 -0.08256798781694152 18044.0 45653.0 82697.0 122679.0 160300.0 192512.0 218157.0 237269.0 250504.0 258758.0 262953.0 263940.0 262448.0 259083.0 254338.0 248603.0
29 1.0 211.24236472494076 80.79498372969132 -0.7876754211021366 0.13218001541094967 -0.09179950235099829 0.20549266061903443 0.15592925800736845 -0.08256798781694152 15252.0 39387.0 72460.0 108808.0 143578.0 173832.0 198328.0 216947.0 230182.0 238784.0 243564.0 245282.0 244605.0 242097.0 238215.0 233330.0
0 1.0 310.9880181323633 -89.51342149916951 -0.7876754211021366 0.13218001541094967 -0.09179950235099829 0.20549266061903443 0.15592925800736845 -0.08256798781694152 19170.0 48057.0 86496.0 127707.99999999999 166264.0 199097.0 225087.0 244327.0 257527.99999999997 265637.0 269613.0 270335.0 268553.0 264889.0 259843.0 253813.0
1 1.0 42.31146814633191 26.49539770092649 -0.7876754211021366 0.13218001541094967 -0.09179950235099829 0.20549266061903443 0.15592925800736845 -0.08256798781694152 5075.0 13593.0 25936.0 40306.0 54890.0 68394.0 80095.0 89714.0 97259.0 102892.0 106848.0 109381.0 110734.0 111129.0 110758.0 109782.0
2 1.0 186.2564785754811 18.070602677575124 -0.7876754211021366 0.13218001541094967 -0.09179950235099829 0.20549266061903443 0.15592925800736845 -0.08256798781694152 977.9999999999999 2799.0 5647.0 9201.0 13054.0 16858.0 20377.0 23475.0 26101.0 28250.0 29955.0 31260.000000000004 32217.999999999996 32881.0 33297.0 33511.0
3 1.0 47.54451828425519 15.973129794651868 -0.7876754211021366 0.13218001541094967 -0.09179950235099829 0.20549266061903443 0.15592925800736845 -0.08256798781694152 4061.9999999999995 11253.0 22007.0 34852.0 48181.0 60770.0 71885.0 81194.0 88641.0 94331.0 98451.0 101216.0 102843.0 103535.0 103469.0 102799.0
4 1.0 258.06948522933374 83.29865757124364 -0.7876754211021366 0.13218001541094967 -0.09179950235099829 0.20549266061903443 0.15592925800736845 -0.08256798781694152 17029.0 43579.0 79584.0 118768.0 155897.0 187888.0 213513.0 232743.0 246178.0 254676.0 259135.0 260386.0 259151.00000000003 256029.99999999997 251510.99999999997 245984.0
5 1.0 142.58149301062573 -86.96309879339286 -0.7876754211021366 0.13218001541094967 -0.09179950235099829 0.20549266061903443 0.15592925800736845 -0.08256798781694152 19761.0 49326.0 88497.0 130340.00000000001 169355.0 202473.0 228598.0 247859.0 261002.99999999997 269001.0 272836.0 273398.0 271449.0 267617.0 262408.0 256220.99999999997
6 1.0 203.55167226906323 35.36683752626102 -0.7876754211021366 0.13218001541094967 -0.09179950235099829 0.20549266061903443 0.15592925800736845 -0.08256798781694152 1934.0 5765.0 11913.0 19692.0 28173.0 36549.0 44269.0 51024.0 56693.0 61278.0 64848.0 67511.0 69386.0 70592.0 71237.0 71420.0
7 1.0 65.9807410370683 56.462156946335426 -0.7876754211021366 0.13218001541094967 -0.09179950235099829 0.20549266061903443 0.15592925800736845 -0.08256798781694152 15013.0 38436.0 70338.0 105269.0 138613.0 167594.0 191051.0 208886.0 221576.0 229840.0 234452.0 236137.0 235531.0 233168.0 229488.0 224843.0
8 1.0 52.1451933636158 1.7652953918851466 -0.7876754211021366 0.13218001541094967 -0.09179950235099829 0.20549266061903443 0.15592925800736845 -0.08256798781694152 3536.0 10153.0 20372.0 32879.0 46109.0 58801.0 70159.0 79794.0 87604.0 93665.0 98143.0 101245.0 103183.0 104155.0 104340.0 103892.0
9 1.0 175.70026103362363 -29.886323472574354 -0.7876754211021366 0.13218001541094967 -0.09179950235099829 0.20549266061903443 0.15592925800736845 -0.08256798781694152 8443.0 18829.0 31702.0 45036.0 57358.0 67882.0 76336.0 82764.0 87372.0 90427.0 92204.0 92953.0 92894.0 92211.0 91055.0 89548.0
10 1.0 128.020585625984 52.35122938093289 -0.7876754211021366 0.13218001541094967 -0.09179950235099829 0.20549266061903443 0.15592925800736845 -0.08256798781694152 13993.0 35557.0 64836.00000000001 96897.0 127562.00000000001 154307.0 176057.0 192700.0 204647.0 212536.0 217060.0 218875.0 218556.0 216594.0 213391.0 209272.0
11 1.0 338.5555002910127 -72.49627338616357 -0.7876754211021366 0.13218001541094967 -0.09179950235099829 0.20549266061903443 0.15592925800736845 -0.08256798781694152 15143.0 38345.0 69694.0 103848.0 136351.0 164548.0 187348.0 204676.0 217005.0 225038.0 229523.0 231166.0 230581.0 228287.0 224710.0 220191.0
12 1.0 275.5170913705075 -10.43358520861345 -0.7876754211021366 0.13218001541094967 -0.09179950235099829 0.20549266061903443 0.15592925800736845 -0.08256798781694152 21070.0 52175.0 93038.0 136365.0 176493.0 210330.0 236834.0 256212.0 269282.0 277076.0 280623.0 280851.0 278543.0 274344.0 268772.0 262232.0
13 1.0 269.51890314619703 3.5914274227508827 -0.7876754211021366 0.13218001541094967 -0.09179950235099829 0.20549266061903443 0.15592925800736845 -0.08256798781694152 19305.0 48482.0 87341.0 129008.00000000001 167977.0 201139.0 227364.0 246751.0 260027.0 268153.0 272106.0 272775.0 270920.0 267169.0 262031.0 255904.00000000003
14 1.0 325.33910630853603 34.91215396821855 -0.7876754211021366 0.13218001541094967 -0.09179950235099829 0.20549266061903443 0.15592925800736845 -0.08256798781694152 19424.0 42638.0 70717.0 99065.0 124565.0 145706.0 162112.0 174055.0 182101.0 186905.0 189098.0 189243.0 187814.0 185202.0 181720.0 177617.0
15 1.0 30.032076759126678 -73.6405682341663 -0.7876754211021366 0.13218001541094967 -0.09179950235099829 0.20549266061903443 0.15592925800736845 -0.08256798781694152 14781.0 37709.0 68903.0 103073.0 135733.0 164176.0 187254.0 204855.0 217428.0 225666.0 230316.0 232083.0 231587.0 229354.0 225813.0 221311.0
16 1.0 198.78928917206636 -49.00328972318503 -0.7876754211021366 0.13218001541094967 -0.09179950235099829 0.20549266061903443 0.15592925800736845 -0.08256798781694152 12273.0 29373.0 51687.0 75566.0 98110.0 117637.0 133476.0 145601.0 154331.0 160135.0 163512.0 164929.0 164801.0 163475.0 161240.0 158330.0
17 1.0 210.4113848240768 -16.14571871577739 -0.7876754211021366 0.13218001541094967 -0.09179950235099829 0.20549266061903443 0.15592925800736845 -0.08256798781694152 2534.0 6852.0 13228.0 20808.0 28674.0 36131.0 42760.0 48370.0 52924.0 56476.0 59128.0 61000.0 62210.0 62873.0 63087.00000000001 62941.0
18 1.0 346.2970962770024 22.193041143623518 -0.7876754211021366 0.13218001541094967 -0.09179950235099829 0.20549266061903443 0.15592925800736845 -0.08256798781694152 8763.0 18981.0 31253.000000000004 43639.0 54841.0 64229.99999999999 71640.0 77168.0 81035.0 83504.0 84832.0 85251.0 84961.0 84128.0 82887.0 81347.0
19 1.0 105.17310964531758 69.65294061913514 -0.7876754211021366 0.13218001541094967 -0.09179950235099829 0.20549266061903443 0.15592925800736845 -0.08256798781694152 16140.000000000002 41516.0 76113.0 113948.0 149963.0 181138.0 206236.0 225183.0 238528.0 247079.0 251693.0 253166.99999999997 252199.0 249369.0 245154.0 239932.0
20 1.0 86.69836076956085 21.388710283447764 -0.7876754211021366 0.13218001541094967 -0.09179950235099829 0.20549266061903443 0.15592925800736845 -0.08256798781694152 16148.0 41526.0 76129.0 113978.0 150017.0 181223.0 206355.0 225334.0 238709.0 247284.0 251915.99999999997 253404.00000000003 252444.0 249619.0 245404.0 240182.0
21 1.0 36.10581921557922 -65.9769352317118 -0.7876754211021366 0.13218001541094967 -0.09179950235099829 0.20549266061903443 0.15592925800736845 -0.08256798781694152 12295.0 31735.0 58574.0 88393.0 117299.0 142841.0 163902.0 180271.0 192258.0 200409.0 205342.0 207657.0 207888.0 206496.0 203862.0 200299.0
22 1.0 5.9146666529307135 86.50442390171082 -0.7876754211021366 0.13218001541094967 -0.09179950235099829 0.20549266061903443 0.15592925800736845 -0.08256798781694152 17638.0 44883.0 81625.0 121428.0 158993.0 191239.0 216970.0 236194.0 249549.0 257919.0 262222.0 263305.0 261897.0 258604.99999999997 253923.0 248241.0
23 1.0 334.6305540451886 66.92143225598872 -0.7876754211021366 0.13218001541094967 -0.09179950235099829 0.20549266061903443 0.15592925800736845 -0.08256798781694152 19641.0 47466.0 83534.0 121581.0 156818.0 186635.0 210144.0 227504.0 239394.0 246682.0 250241.0 250859.0 249213.0 245862.0 241254.0 235749.0
24 1.0 241.16995677272763 0.4897370061583217 -0.7876754211021366 0.13218001541094967 -0.09179950235099829 0.20549266061903443 0.15592925800736845 -0.08256798781694152 6593.0 17916.0 34470.0 53829.0 73507.0 91710.0 107436.0 120297.0 130305.0 137689.0 142779.0 145930.0 147485.0 147749.0 146991.0 145433.0
25 1.0 282.6550483283296 76.02263672339393 -0.7876754211021366 0.13218001541094967 -0.09179950235099829 0.20549266061903443 0.15592925800736845 -0.08256798781694152 18505.0 46827.0 84793.0 125710.99999999999 164143.0 196978.0 223048.0 242411.0 255755.0 264010.0 268128.0 268982.0 267322.0 263768.0 258821.00000000003 252879.00000000003
26 1.0 101.42283807142167 7.448542876284435 -0.7876754211021366 0.13218001541094967 -0.09179950235099829 0.20549266061903443 0.15592925800736845 -0.08256798781694152 21109.0 51986.0 92386.0 135124.0 174657.0 207974.0 234072.0 253160.0 266046.0 273744.0 277266.0 277518.0 275272.0 271162.0 265695.0 259270.0
27 1.0 211.1076598270776 76.19509222004936 -0.7876754211021366 0.13218001541094967 -0.09179950235099829 0.20549266061903443 0.15592925800736845 -0.08256798781694152 13960.0 36245.0 66999.0 101031.0 133811.0 162534.0 185971.0 203948.0 216879.0 225439.0 230369.0 232373.0 232076.0 230006.0 226598.0 222202.0
28 1.0 23.023895803553206 59.38152634860177 -0.7876754211021366 0.13218001541094967 -0.09179950235099829 0.20549266061903443 0.15592925800736845 -0.08256798781694152 14068.0 34754.0 62289.0 92063.0 120311.0 144814.0 164665.0 179807.0 190644.0 197771.0 201826.0 203409.0 203049.0 201190.0 198199.0 194372.0
29 1.0 174.82593453646425 84.29155385297352 -0.7876754211021366 0.13218001541094967 -0.09179950235099829 0.20549266061903443 0.15592925800736845 -0.08256798781694152 15889.0 40919.0 75101.0 112542.0 148239.0 179190.0 204155.0 223043.0 236387.0 244977.0 249657.0 251215.00000000003 250338.99999999997 247606.0 243487.0 238362.0
0 1.0 351.89825030800085 75.5609059400685 -0.7876754211021366 0.13218001541094967 -0.09179950235099829 0.20549266061903443 0.15592925800736845 -0.08256798781694152 18615.0 46217.0 82723.0 121752.0 158242.0 189344.0 214017.0 232350.0 245004.0 252856.00000000003 256803.0 257664.0 256143.0 252824.0 248177.0 242579.0
1 1.0 315.54188831397266 -83.5139128628575 -0.7876754211021366 0.13218001541094967 -0.09179950235099829 0.20549266061903443 0.15592925800736845 -0.08256798781694152 18248.0 45946.0 82982.0 122870.0 160351.0 192414.0 217922.0 236921.0 250070.0 258261.00000000003 262416.0 263378.0 261874.0 258509.0 253769.00000000003 248045.0
2 1.0 121.73722266126443 -58.54103925103081 -0.7876754211021366 0.13218001541094967 -0.09179950235099829 0.20549266061903443 0.15592925800736845 -0.08256798781694152 24293.0 57660.0 100004.0 143815.0 183638.0 216697.0 242215.0 260571.0 272682.0 279627.0 282449.0 282070.0 279266.0 274667.0 268774.0 261981.00000000003
3 1.0 346.16525563493946 -19.95575812178656 -0.7876754211021366 0.13218001541094967 -0.09179950235099829 0.20549266061903443 0.15592925800736845 -0.08256798781694152 3946.0 9580.0 17156.0 25542.0 33755.0 41162.0 47451.0 52537.0 56468.0 59361.0 61359.0 62606.99999999999 63240.00000000001 63377.0 63122.0 62559.0
4 1.0 83.41258552963363 81.38568551317573 -0.7876754211021366 0.13218001541094967 -0.09179950235099829 0.20549266061903443 0.15592925800736845 -0.08256798781694152 16917.0 43312.0 79121.0 118109.0 155067.0 186925.0 212456.0 231627.0 245032.0 253523.0 257992.0 259265.00000000003 258058.99999999997 254973.99999999997 250494.0 245008.0
5 1.0 341.75477606964535 -35.99479449433267 -0.7876754211021366 0.13218001541094967 -0.09179950235099829 0.20549266061903443 0.15592925800736845 -0.08256798781694152 6410.0 15983.0 29053.0 43616.0 57898.0 70747.0 81593.0 90279.0 96897.0 101659.0 104830.0 106672.0 107434.0 107332.0 106551.0 105244.0
6 1.0 338.8959736943395 -61.11582410023181 -0.7876754211021366 0.13218001541094967 -0.09179950235099829 0.20549266061903443 0.15592925800736845 -0.08256798781694152 12144.0 30726.0 55991.0 83768.0 110496.0 133981.0 153258.0 168179.0 179057.0 186412.0 190819.0 192832.0 192943.0 191576.0 189078.0 185735.0
7 1.0 287.71293144686103 69.53483989558077 -0.7876754211021366 0.13218001541094967 -0.09179950235099829 0.20549266061903443 0.15592925800736845 -0.08256798781694152 19769.0 49443.0 88786.0 130816.99999999999 170002.0 203252.0 229471.0 248790.0 261963.99999999997 269970.0 273796.0 274339.0 272364.0 268502.0 263259.0 257038.0
8 1.0 226.9612572720448 -9.649005213023472 -0.7876754211021366 0.13218001541094967 -0.09179950235099829 0.20549266061903443 0.15592925800736845 -0.08256798781694152 3702.0 10213.0 19948.0 31600.000000000004 43733.0 55244.0 65460.00000000001 74072.0 81015.0 86374.0 90309.0 93011.0 94671.0 95469.0 95567.0 95104.0
9 1.0 314.7436679849809 73.41760698377868 -0.7876754211021366 0.13218001541094967 -0.09179950235099829 0.20549266061903443 0.15592925800736845 -0.08256798781694152 19848.0 49143.0 87713.0 128752.0 166926.0 199285.0 224793.0 243598.0 256434.0 264251.0 268007.0 268569.0 266680.0 262950.0 257871.00000000003 251832.99999999997
10 1.0 105.48730242280682 -61.15851606237421 -0.7876754211021366 0.13218001541094967 -0.09179950235099829 0.20549266061903443 0.15592925800736845 -0.08256798781694152 22516.0 55062.0 97321.0 141724.0 182534.0 216705.0 243280.0 262548.0 275394.0 282898.0 286125.0 286020.0 283384.0 278870.0 272998.0 266178.0
11 1.0 305.61967991265055 29.00115207145791 -0.7876754211021366 0.13218001541094967 -0.09179950235099829 0.20549266061903443 0.15592925800736845 -0.08256798781694152 25417.0 56844.0 95113.0 133712.0 168232.0 196579.0 218285.0 233790.0 243934.0 249663.0 251875.00000000003 251359.99999999997 248778.0 244663.0 239444.0 233454.0
12 1.0 222.43560909030856 -10.75252449069147 -0.7876754211021366 0.13218001541094967 -0.09179950235099829 0.20549266061903443 0.15592925800736845 -0.08256798781694152 3072.0 8507.0 16676.0 26504.0 36783.0 46577.0 55312.0 62715.99999999999 68730.0 73418.0 76912.0 79369.0 80945.0 81792.0 82040.0 81807.0
13 1.0 4.765268793203816 -76.23238157454863 -0.7876754211021366 0.13218001541094967 -0.09179950235099829 0.20549266061903443 0.15592925800736845 -0.08256798781694152 15407.0 39129.0 71243.0 106265.0 139603.0 168520.0 191887.0 209623.0 222216.0 230390.0 234921.0 236532.0 235859.0 233438.0 229705.0 225012.0
14 1.0 125.00406645559904 35.363366037450106 -0.7876754211021366 0.13218001541094967 -0.09179950235099829 0.20549266061903443 0.15592925800736845 -0.08256798781694152 15161.0 37374.0 66825.0 98540.0 128496.0 154355.0 175189.0 190978.0 202178.0 209446.0 213473.0 214905.0 214304.0 212145.0 208815.0 204628.0
15 1.0 53.330709941339414 -45.46822400295233 -0.7876754211021366 0.13218001541094967 -0.09179950235099829 0.20549266061903443 0.15592925800736845 -0.08256798781694152 8218.0 22087.0 42076.0 65129.00000000001 88243.0 109334.0 127301.0 141778.0 152849.0 160843.0 166181.0 169303.0 170618.0 170488.0 169224.0 167084.0
16 1.0 353.45858033457114 -82.86920593568681 -0.7876754211021366 0.13218001541094967 -0.09179950235099829 0.20549266061903443 0.15592925800736845 -0.08256798781694152 17555.0 44318.0 80226.0 119025.0 155602.0 186999.0 212074.0 230840.0 243911.0 252143.0 256419.99999999997 257562.0 256274.0 253143.99999999997 248650.0 243172.0
17 1.0 172.2133105343957 -79.21002631507682 -0.7876754211021366 0.13218001541094967 -0.09179950235099829 0.20549266061903443 0.15592925800736845 -0.08256798781694152 20744.0 50948.0 90429.0 132200.0 170871.0 203507.0 229119.0 247902.0 260631.99999999997 268291.0 271860.0 272221.0 270127.0 266195.0 260922.0 254699.99999999997
18 1.0 179.06089157951857 -79.00586332797828 -0.7876754211021366 0.13218001541094967 -0.09179950235099829 0.20549266061903443 0.15592925800736845 -0.08256798781694152 20620.0 50653.0 89926.0 131495.0 169998.0 202509.0 228039.0 246777.0 259491.00000000003 267156.0 270746.0 271139.0 269083.0 265193.0 259963.99999999997 253786.99999999997
19 1.0 230.2101059035405 73.39193234730709 -0.7876754211021366 0.13218001541094967 -0.09179950235099829 0.20549266061903443 0.15592925800736845 -0.08256798781694152 14249.0 36978.0 68316.0 102960.0 136291.0 165465.0 189237.0 207444.0 220514.0 229140.0 234078.0 236048.0 235685.0 233526.0 230013.0 225504.0
20 1.0 132.6904582066623 43.17910520923817 -0.7876754211021366 0.13218001541094967 -0.09179950235099829 0.20549266061903443 0.15592925800736845 -0.08256798781694152 12975.0 32491.0 58781.0 87475.0 114909.0 138868.0 158409.0 173425.0 184270.0 191503.0 195730.0 197528.0 197409.0 195805.0 193076.0 189510.0
21 1.0 49.284097806815616 71.6512242984723 -0.7876754211021366 0.13218001541094967 -0.09179950235099829 0.20549266061903443 0.15592925800736845 -0.08256798781694152 16747.0 42407.0 76951.0 114395.0 149808.0 180307.0 204753.0 223130.0 236007.0 244196.0 248545.0 249838.0 248757.0 245871.0 241644.0 236445.0
22 1.0 295.9623839499284 31.064816033373845 -0.7876754211021366 0.13218001541094967 -0.09179950235099829 0.20549266061903443 0.15592925800736845 -0.08256798781694152 26377.0 60725.0 103325.0 146716.0 185710.0 217786.0 242335.0 259828.99999999997 271222.0 277595.0 279981.0 279282.0 276254.0 271508.0 265530.0 258699.0
23 1.0 68.34524828499286 5.2091872255589635 -0.7876754211021366 0.13218001541094967 -0.09179950235099829 0.20549266061903443 0.15592925800736845 -0.08256798781694152 8896.0 23878.0 45383.0 70065.0 94686.0 117034.0 135962.0 151113.0 162609.0 170821.0 176214.0 179266.0 180419.0 180061.0 178523.0 176080.0
24 1.0 184.07483371672416 -35.19965441747191 -0.7876754211021366 0.13218001541094967 -0.09179950235099829 0.20549266061903443 0.15592925800736845 -0.08256798781694152 8419.0 19416.0 33465.0 48360.0 62400.0 74607.0 84585.0 92315.0 97978.0 101847.0 104213.0 105355.0 105521.0 104923.0 103739.0 102114.0
25 1.0 80.75413043090613 89.63320523916121 -0.7876754211021366 0.13218001541094967 -0.09179950235099829 0.20549266061903443 0.15592925800736845 -0.08256798781694152 17079.0 43683.0 79739.0 118956.0 156098.0 188083.0 213690.0 232894.0 246300.0 254768.0 259197.99999999997 260423.00000000003 259162.99999999997 256021.0 251485.0 245943.0
26 1.0 35.22401441785226 -24.805969390909922 -0.7876754211021366 0.13218001541094967 -0.09179950235099829 0.20549266061903443 0.15592925800736845 -0.08256798781694152 1439.0 4515.0 9674.0 16433.0 24012.0 31681.0 38904.0 45352.0 50871.0 55423.0 59047.0 61822.0 63846.0 65220.0 66043.0 66406.0
27 1.0 310.388946271806 -5.28318914149628 -0.7876754211021366 0.13218001541094967 -0.09179950235099829 0.20549266061903443 0.15592925800736845 -0.08256798781694152 19613.0 43745.0 73277.0 103318.0 130482.99999999999 153099.0 170719.0 183601.0 192330.0 197595.0 200063.0 200330.0 198903.0 196199.0 192553.0 188231.0
28 1.0 350.2510160483269 -21.915868513776886 -0.7876754211021366 0.13218001541094967 -0.09179950235099829 0.20549266061903443 0.15592925800736845 -0.08256798781694152 3171.0 7934.999999999999 14520.0 21972.0 29409.0 36234.0 42126.0 46973.0 50791.0 53664.0 55710.0 57054.0 57815.0 58102.0 58009.0 57615.0
29 1.0 345.90047690268005 86.31484728038254 -0.7876754211021366 0.13218001541094967 -0.09179950235099829 0.20549266061903443 0.15592925800736845 -0.08256798781694152 17755.0 45147.0 82056.0 122016.0 159705.0 192039.0 217824.0 237075.0 250436.0 258797.0 263081.0 264137.0 262699.0 259374.0 254658.0 248942.0
