idx D_km lam beta x1 y1 z1 x2 y2 z2 flux5 flux6 flux7 flux8 flux9 flux10 flux11 flux12 flux13 flux14 flux15 flux16 flux17 flux18 flux19 flux20
0 1.0 197.5728614138369 73.17998985981222 0.7288930644285694 0.44868061872349796 0.14451927236285547 -0.002842223935125832 -0.17417772483119906 -0.12492139897883654 19503.0 52716.0 100096.0 153793.0 206461.0 253297.0 292017.0 322105.0 344076.0 358930.0 367819.0 371865.0 372075.0 369310.0 364286.0 357583.0
1 1.0 257.468171894071 49.328519885754986 0.7288930644285694 0.44868061872349796 0.14451927236285547 -0.002842223935125832 -0.17417772483119906 -0.12492139897883654 18481.0 49230.0 92709.0 141788.0 189886.0 232717.0 268237.0 295977.0 316381.0 330333.0 338855.0 342948.0 343516.0 341335.0 337052.0 331196.0
2 1.0 216.99481538579178 -30.033872634844457 0.7288930644285694 0.44868061872349796 0.14451927236285547 -0.002842223935125832 -0.17417772483119906 -0.12492139897883654 3077.0 7899.0 14749.0 22685.0 30771.0 38324.0 44951.0 50487.0 54918.0 58320.0 60814.0 62532.00000000001 63607.0 64157.00000000001 64287.0 64085.0
3 1.0 196.15794587888288 -75.40174980216058 0.7288930644285694 0.44868061872349796 0.14451927236285547 -0.002842223935125832 -0.17417772483119906 -0.12492139897883654 11352.0 30686.0 58716.0 91215.0 123969.0 154019.0 179769.0 200655.0 216761.0 228517.0 236502.0 241322.0 243549.0 243694.0 242194.0 239417.0
4 1.0 152.5157277620057 -16.69658914551468 0.7288930644285694 0.44868061872349796 0.14451927236285547 -0.002842223935125832 -0.17417772483119906 -0.12492139897883654 28118.0 68741.0 122101.0 179067.0 232420.0 278076.0 314511.0 341806.0 360872.0 372942.0 379289.0 381084.0 379343.0 374911.0 368475.0 360587.0
5 1.0 232.5218807039962 -48.19785440923031 0.7288930644285694 0.44868061872349796 0.14451927236285547 -0.002842223935125832 -0.17417772483119906 -0.12492139897883654 2405.0 7031.0 14366.0 23597.0 33646.0 43582.0 52767.0 60839.0 67651.0 73194.0 77549.0 80835.0 83189.0 84750.0 85645.0 85990.0
6 1.0 157.5313960545693 -66.15222574356306 0.7288930644285694 0.44868061872349796 0.14451927236285547 -0.002842223935125832 -0.17417772483119906 -0.12492139897883654 15533.0 40973.0 76882.0 117534.0 157608.0 193587.0 223739.0 247600.0 265463.0 277995.0 285995.0 290261.0 291521.0 290410.0 287462.0 283118.0
7 1.0 321.03828028154874 -80.38310727837145 0.7288930644285694 0.44868061872349796 0.14451927236285547 -0.002842223935125832 -0.17417772483119906 -0.12492139897883654 15521.0 42120.0 80498.0 124602.0 168542.0 208301.0 241817.0 268469.0 288507.0 302629.0 311701.0 316601.0 318138.0 317019.0 313841.0 309097.0
8 1.0 346.91859378037054 40.60698555790418 0.7288930644285694 0.44868061872349796 0.14451927236285547 -0.002842223935125832 -0.17417772483119906 -0.12492139897883654 15197.0 38612.0 70840.0 106774.0 141864.0 173181.0 199322.0 219956.0 235373.0 246170.0 253046.0 256695.99999999997 257749.0 256753.0 254168.0 250374.0
9 1.0 138.03894677727996 -87.94305744749441 0.7288930644285694 0.44868061872349796 0.14451927236285547 -0.002842223935125832 -0.17417772483119906 -0.12492139897883654 15751.000000000002 42439.0 80698.0 124448.0 167865.0 207025.0 239949.0 266066.0 285658.0 299428.0 308241.0 312964.0 314394.0 313225.0 310043.0 305332.0
10 1.0 285.02101370975925 48.70453473049972 0.7288930644285694 0.44868061872349796 0.14451927236285547 -0.002842223935125832 -0.17417772483119906 -0.12492139897883654 18634.0 50588.0 96382.0 148492.0 199798.0 245597.0 283610.0 313286.0 335082.0 349943.0 358970.0 363246.0 363746.0 361309.0 356632.0 350283.0
11 1.0 190.40217111104562 -63.549603827932486 0.7288930644285694 0.44868061872349796 0.14451927236285547 -0.002842223935125832 -0.17417772483119906 -0.12492139897883654 9898.0 26357.0 50026.0 77383.0 104952.0 130290.99999999999 152075.0 169824.0 183593.0 193726.0 200693.0 204992.0 207097.0 207431.0 206362.0 204197.0
12 1.0 204.49604199381562 -75.68602513438397 0.7288930644285694 0.44868061872349796 0.14451927236285547 -0.002842223935125832 -0.17417772483119906 -0.12492139897883654 10781.0 29270.0 56200.0 87550.0 119264.0 148463.0 173574.0 194019.0 209857.0 221487.0 229454.0 234338.0 236692.0 237005.0 235703.0 233143.0
13 1.0 333.214789785358 -73.87145383705104 0.7288930644285694 0.44868061872349796 0.14451927236285547 -0.002842223935125832 -0.17417772483119906 -0.12492139897883654 17436.0 47091.0 89572.0 138023.0 185920.0 228904.0 264817.0 293083.0 314069.0 328603.0 337673.0 342266.0 343276.0 341478.0 337522.0 331940.0
14 1.0 25.5729809512393 30.968605323704594 0.7288930644285694 0.44868061872349796 0.14451927236285547 -0.002842223935125832 -0.17417772483119906 -0.12492139897883654 5113.0 12631.0 22934.0 34529.0 46049.0 56567.0 65594.0 72963.0 78710.0 82980.0 85966.0 87871.0 88887.0 89186.0 88915.0 88199.0
15 1.0 31.366547892554657 -45.83390222648794 0.7288930644285694 0.44868061872349796 0.14451927236285547 -0.002842223935125832 -0.17417772483119906 -0.12492139897883654 27156.0 65992.0 116863.0 171132.0 221988.0 265573.0 300436.0 326641.0 345034.0 356773.0 363057.0 364992.0 363536.0 359493.0 353516.0 346131.0
16 1.0 7.278623078517259 -14.302895997582283 0.7288930644285694 0.44868061872349796 0.14451927236285547 -0.002842223935125832 -0.17417772483119906 -0.12492139897883654 29123.0 64675.0 108141.0 152418.0 192575.0 226142.0 252425.99999999997 271767.0 284992.0 293091.0 297034.0 297695.0 295817.0 292016.0 286792.0 280540.0
17 1.0 299.74314439725765 10.326382438305046 0.7288930644285694 0.44868061872349796 0.14451927236285547 -0.002842223935125832 -0.17417772483119906 -0.12492139897883654 16621.0 45531.0 87412.0 135556.0 183427.0 226586.0 262789.0 291392.0 312717.0 327567.0 336919.0 341754.0 342968.0 341338.0 337520.0 332048.0
18 1.0 280.13643034194615 64.89921128918289 0.7288930644285694 0.44868061872349796 0.14451927236285547 -0.002842223935125832 -0.17417772483119906 -0.12492139897883654 18579.0 50475.0 96212.0 148280.0 199560.0 245347.0 283360.0 313043.0 334851.0 349726.0 358768.0 363059.0 363573.0 361149.0 356484.0 350146.0
19 1.0 313.2043733688549 40.8679672880391 0.7288930644285694 0.44868061872349796 0.14451927236285547 -0.002842223935125832 -0.17417772483119906 -0.12492139897883654 19715.0 52657.0 99223.0 151678.0 202920.0 248367.0 285869.0 314975.0 336211.0 350557.0 359133.0 363026.0 363210.0 360516.0 355634.0 349127.0
20 1.0 352.30260320379506 -41.34097705703137 0.7288930644285694 0.44868061872349796 0.14451927236285547 -0.002842223935125832 -0.17417772483119906 -0.12492139897883654 31771.0 78223.0 139225.0 204076.0 264405.0 315577.0 355961.0 385776.0 406173.0 418642.0 424687.0 425675.0 422774.0 416950.0 408982.0 399484.0
21 1.0 287.6970831180205 -66.33309612759703 0.7288930644285694 0.44868061872349796 0.14451927236285547 -0.002842223935125832 -0.17417772483119906 -0.12492139897883654 9534.0 26882.0 53013.0 84228.0 116468.0 146676.0 173067.0 194884.0 212060.0 224919.0 233968.0 239775.0 242892.0 243823.0 243005.0 240812.0
22 1.0 166.13257041105547 -80.03262232418437 0.7288930644285694 0.44868061872349796 0.14451927236285547 -0.002842223935125832 -0.17417772483119906 -0.12492139897883654 14488.0 38912.0 73923.0 114023.0 153917.0 190013.0 220471.0 244739.0 263043.0 276010.0 284415.0 289045.0 290627.0 289795.0 287087.0 282948.0
23 1.0 280.99050346312396 -35.712245793430355 0.7288930644285694 0.44868061872349796 0.14451927236285547 -0.002842223935125832 -0.17417772483119906 -0.12492139897883654 4059.0 12624.0 26771.0 44996.0 65083.0 85044.0 103486.0 119616.0 133109.0 143949.0 152304.0 158436.0 162638.0 165204.0 166408.0 166494.0
24 1.0 42.57879331281596 -42.818733136857915 0.7288930644285694 0.44868061872349796 0.14451927236285547 -0.002842223935125832 -0.17417772483119906 -0.12492139897883654 23879.0 58220.0 103488.0 152116.0 198022.0 237682.0 269695.0 294027.0 311366.0 322703.0 329080.0 331475.0 330744.0 327605.0 322651.0 316359.0
25 1.0 230.3715676779086 -7.894697975913658 0.7288930644285694 0.44868061872349796 0.14451927236285547 -0.002842223935125832 -0.17417772483119906 -0.12492139897883654 2973.0 7591.0 14118.0 21656.0 29325.0 36493.0 42792.0 48069.0 52309.0 55579.0 57989.0 59662.0 60719.0 61274.0 61425.0 61255.0
26 1.0 51.607183467256704 32.990640398582485 0.7288930644285694 0.44868061872349796 0.14451927236285547 -0.002842223935125832 -0.17417772483119906 -0.12492139897883654 1296.0 3852.0 7979.999999999999 13263.0 19108.0 24978.0 30488.0 35404.0 39619.0 43108.0 45904.0 48067.0 49670.0 50792.0 51507.0 51882.0
27 1.0 340.0808101378502 35.21258021499429 0.7288930644285694 0.44868061872349796 0.14451927236285547 -0.002842223935125832 -0.17417772483119906 -0.12492139897883654 18459.0 46560.0 84833.0 127056.0 167853.0 203870.0 233587.0 256734.00000000003 273745.0 285381.0 292503.0 295941.0 296441.0 294645.0 291086.0 286201.0
28 1.0 187.8653958300258 -38.96660761521 0.7288930644285694 0.44868061872349796 0.14451927236285547 -0.002842223935125832 -0.17417772483119906 -0.12492139897883654 10547.0 25903.0 46650.0 69611.0 92019.0 112093.0 128973.0 142438.0 152654.0 159971.0 164813.0 167602.0 168727.0 168526.0 167288.0 165251.0
29 1.0 149.2782983965885 -21.61314793797831 0.7288930644285694 0.44868061872349796 0.14451927236285547 -0.002842223935125832 -0.17417772483119906 -0.12492139897883654 26713.0 66310.0 118951.0 175629.0 229053.0 275013.0 311868.0 339618.0 359124.0 371595.0 378295.0 380392.0 378904.0 374682.0 368420.0 360674.0
0 1.0 95.24002035766571 -57.39282688735745 0.7288930644285694 0.44868061872349796 0.14451927236285547 -0.002842223935125832 -0.17417772483119906 -0.12492139897883654 21766.0 57600.0 107772.0 163818.0 218142.0 265950.0 305080.0 335165.0 356852.0 371243.0 379566.0 382995.0 382574.0 379185.0 373557.0 366281.0
1 1.0 278.724128196318 51.93819221517336 0.7288930644285694 0.44868061872349796 0.14451927236285547 -0.002842223935125832 -0.17417772483119906 -0.12492139897883654 18723.0 50742.0 96564.0 148653.0 199899.0 245615.0 283540.0 313132.0 334854.0 349653.0 358630.0 362868.0 363340.0 360882.0 356192.0 349835.0
2 1.0 164.21411959795748 -79.76734624201674 0.7288930644285694 0.44868061872349796 0.14451927236285547 -0.002842223935125832 -0.17417772483119906 -0.12492139897883654 14605.0 39207.0 74450.0 114789.0 154899.0 191169.0 221754.0 246107.0 264461.0 277448.0 285852.0 290464.0 292017.0 291148.0 288397.0 284212.0
3 1.0 204.63622159271347 35.459503510497726 0.7288930644285694 0.44868061872349796 0.14451927236285547 -0.002842223935125832 -0.17417772483119906 -0.12492139897883654 25432.0 60140.0 104889.0 152265.0 196538.0 234493.0 264931.0 287915.0 304164.0 314660.0 320421.0 322390.0 321392.0 318114.0 313124.0 306876.0
4 1.0 6.764328157087851 50.1651712693986 0.7288930644285694 0.44868061872349796 0.14451927236285547 -0.002842223935125832 -0.17417772483119906 -0.12492139897883654 8465.0 22397.0 42414.0 65591.0 89027.0 110660.0 129348.99999999999 144660.0 156615.0 165483.0 171649.0 175527.0 177513.0 177968.0 177202.0 175479.0
5 1.0 222.34877894731574 49.93336113277556 0.7288930644285694 0.44868061872349796 0.14451927236285547 -0.002842223935125832 -0.17417772483119906 -0.12492139897883654 22535.0 57186.0 104265.0 155880.0 205318.0 248498.0 283668.0 310623.0 330010.0 342849.0 350249.0 353265.0 352828.0 349727.0 344611.0 338007.0
6 1.0 220.3544601800717 -43.303938417836115 0.7288930644285694 0.44868061872349796 0.14451927236285547 -0.002842223935125832 -0.17417772483119906 -0.12492139897883654 2871.0 7967.0 15697.0 25099.0 35049.0 44644.0 53303.0 60731.0 66840.0 71674.0 75345.0 78000.0 79789.0 80856.0 81333.0 81331.0
7 1.0 222.0962388749125 -22.713635172138936 0.7288930644285694 0.44868061872349796 0.14451927236285547 -0.002842223935125832 -0.17417772483119906 -0.12492139897883654 2671.0 6764.0 12499.0 19077.0 25738.0 31945.0 37395.0 41964.0 45647.0 48503.0 50627.0 52125.0 53101.0 53647.0 53850.0 53778.0
8 1.0 339.7493082652647 15.76793433535002 0.7288930644285694 0.44868061872349796 0.14451927236285547 -0.002842223935125832 -0.17417772483119906 -0.12492139897883654 25511.0 61647.0 108949.0 159498.0 207011.0 247891.0 280750.0 305600.0 323193.0 334575.0 340845.0 343022.0 341996.0 338513.0 333183.0 326499.0
9 1.0 245.45530767725404 -40.892057563595934 0.7288930644285694 0.44868061872349796 0.14451927236285547 -0.002842223935125832 -0.17417772483119906 -0.12492139897883654 1330.0 4195.0 9061.0 15536.0 22925.0 30538.0 37842.0 44492.0 50303.0 55210.0 59226.0 62411.0 64850.00000000001 66636.0 67860.0 68610.0
10 1.0 129.42284420656296 -23.246496140780025 0.7288930644285694 0.44868061872349796 0.14451927236285547 -0.002842223935125832 -0.17417772483119906 -0.12492139897883654 23267.0 61110.0 113678.0 171996.0 228162.0 277284.0 317226.0 347705.0 369464.0 383695.0 391698.0 394703.0 393795.0 389888.0 383731.0 375929.0
11 1.0 157.33150336776293 -54.530229566584865 0.7288930644285694 0.44868061872349796 0.14451927236285547 -0.002842223935125832 -0.17417772483119906 -0.12492139897883654 16948.0 43825.0 81127.0 122824.0 163511.0 199715.0 229794.0 253381.00000000003 270849.0 282924.0 290446.0 294240.0 295054.0 293529.0 290205.0 285523.0
12 1.0 251.14723053381536 -7.225940923918671 0.7288930644285694 0.44868061872349796 0.14451927236285547 -0.002842223935125832 -0.17417772483119906 -0.12492139897883654 2116.0 6277.0 12953.0 21421.0 30687.0 39882.0 48402.0 55908.0 62259.0 67447.0 71545.0 74664.0 76928.0 78463.0 79388.0 79805.0
13 1.0 21.68116978653714 -81.96978577425946 0.7288930644285694 0.44868061872349796 0.14451927236285547 -0.002842223935125832 -0.17417772483119906 -0.12492139897883654 18577.0 49808.0 94194.0 144469.0 193852.0 237898.0 274468.0 303052.0 324095.0 338496.0 347305.0 351552.0 352166.0 349947.0 345563.0 339556.0
14 1.0 240.03601756044037 53.96325922271123 0.7288930644285694 0.44868061872349796 0.14451927236285547 -0.002842223935125832 -0.17417772483119906 -0.12492139897883654 20519.0 53780.0 100117.0 151807.0 201958.0 246214.0 282590.0 310725.0 331179.0 344934.0 353091.0 356711.0 356743.0 353992.0 349128.0 342695.0
15 1.0 241.4296330625374 -76.1478395424061 0.7288930644285694 0.44868061872349796 0.14451927236285547 -0.002842223935125832 -0.17417772483119906 -0.12492139897883654 9645.0 26623.0 51750.0 81392.0 111729.0 139962.0 164493.0 184682.0 200507.0 212295.0 220537.0 225767.0 228504.0 229218.0 228317.0 226150.0
16 1.0 75.73772198658273 3.3903267896746883 0.7288930644285694 0.44868061872349796 0.14451927236285547 -0.002842223935125832 -0.17417772483119906 -0.12492139897883654 3344.0 9523.0 19073.0 30837.0 43403.0 55610.0 66697.0 76262.0 84168.0 90447.0 95226.0 98678.0 100989.0 102340.0 102897.0 102808.0
17 1.0 46.41346715574719 -34.7741820818647 0.7288930644285694 0.44868061872349796 0.14451927236285547 -0.002842223935125832 -0.17417772483119906 -0.12492139897883654 20226.0 48764.0 86266.0 126617.00000000001 164885.0 198166.0 225263.0 246086.0 261146.0 271218.0 277136.0 279690.0 279582.0 277407.0 273656.0 268731.0
18 1.0 113.55420633270619 13.957730789647584 0.7288930644285694 0.44868061872349796 0.14451927236285547 -0.002842223935125832 -0.17417772483119906 -0.12492139897883654 10685.0 30076.0 59165.0 93756.0 129311.00000000001 162459.0 191263.0 214931.0 233427.0 247139.0 256650.0 262601.0 265612.0 266242.0 264980.0 262237.0
19 1.0 130.93587753934415 82.69800135001651 0.7288930644285694 0.44868061872349796 0.14451927236285547 -0.002842223935125832 -0.17417772483119906 -0.12492139897883654 13191.0 36631.0 71179.0 111566.0 152398.0 189843.0 221827.0 247620.0 267335.0 281537.0 290978.0 296445.0 298676.0 298326.0 295955.0 292029.0
20 1.0 205.27083735043666 26.20264400208069 0.7288930644285694 0.44868061872349796 0.14451927236285547 -0.002842223935125832 -0.17417772483119906 -0.12492139897883654 23103.0 53009.0 90775.0 130272.0 166923.0 198222.0 223278.0 242195.0 255585.99999999997 264265.0 269065.0 270760.0 270020.0 267407.0 263382.0 258318.0
21 1.0 157.89654484643532 -83.63476156401164 0.7288930644285694 0.44868061872349796 0.14451927236285547 -0.002842223935125832 -0.17417772483119906 -0.12492139897883654 15203.0 40893.0 77706.0 119817.0 161640.0 199404.0 231196.0 256461.0 275459.0 288861.0 297491.0 302180.0 303692.0 302693.0 299745.0 295313.0
22 1.0 355.8145817013214 -12.527560888548976 0.7288930644285694 0.44868061872349796 0.14451927236285547 -0.002842223935125832 -0.17417772483119906 -0.12492139897883654 32637.0 74078.0 125510.00000000001 178339.0 226453.0 266729.0 298254.0 321407.0 337183.0 346781.0 351381.0 352040.0 349660.0 344986.0 338618.0 331033.0
23 1.0 36.736131869290105 1.803033417285036 0.7288930644285694 0.44868061872349796 0.14451927236285547 -0.002842223935125832 -0.17417772483119906 -0.12492139897883654 8588.0 19328.0 32641.999999999996 46376.0 58986.0 69661.0 78144.0 84508.0 88988.0 91879.0 93476.0 94049.0 93827.0 93001.0 91727.0 90128.0
24 1.0 75.19563219414049 6.511949046621353 0.7288930644285694 0.44868061872349796 0.14451927236285547 -0.002842223935125832 -0.17417772483119906 -0.12492139897883654 2784.0 8052.0 16312.0 26609.0 37727.0 48636.0 58640.0 67358.0 74643.0 80503.0 85035.0 88380.0 90695.0 92138.0 92852.0 92968.0
25 1.0 58.07142643859865 32.65065190869082 0.7288930644285694 0.44868061872349796 0.14451927236285547 -0.002842223935125832 -0.17417772483119906 -0.12492139897883654 1096.0 3368.0 7156.0 12125.0 17728.0 23437.0 28855.0 33730.0 37937.0 41441.0 44263.0 46461.0 48105.0 49272.0 50034.0 50459.0
26 1.0 235.11899716754343 -40.032702408282105 0.7288930644285694 0.44868061872349796 0.14451927236285547 -0.002842223935125832 -0.17417772483119906 -0.12492139897883654 1573.0 4694.0 9750.0 16226.999999999998 23383.0 30546.0 37239.0 43185.0 48261.0 52452.0 55807.0 58407.0 60347.0 61721.0 62619.99999999999 63122.0
27 1.0 91.18497691432157 -66.80509821606236 0.7288930644285694 0.44868061872349796 0.14451927236285547 -0.002842223935125832 -0.17417772483119906 -0.12492139897883654 21495.0 57013.0 106846.0 162605.0 216724.0 264411.0 303488.0 333572.0 355292.0 369740.0 378132.0 381638.0 381295.0 377984.0 372431.0 365226.0
28 1.0 167.87187822827028 -19.31837822152302 0.7288930644285694 0.44868061872349796 0.14451927236285547 -0.002842223935125832 -0.17417772483119906 -0.12492139897883654 24435.0 57132.0 98934.0 142955.0 183959.0 219044.0 247154.0 268378.0 283394.0 293110.0 298464.0 300326.0 299449.0 296467.0 291901.0 286168.0
29 1.0 87.99321312057698 82.1530301032708 0.7288930644285694 0.44868061872349796 0.14451927236285547 -0.002842223935125832 -0.17417772483119906 -0.12492139897883654 11086.0 31035.0 60754.0 95858.0 131710.0 164925.0 193603.0 217011.0 235167.0 248503.0 257637.0 263230.0 265914.0 266256.0 264744.0 261791.0
0 1.0 57.2290501123871 -56.31643948484795 0.7288930644285694 0.44868061872349796 0.14451927236285547 -0.002842223935125832 -0.17417772483119906 -0.12492139897883654 23783.0 61097.0 112080.0 168049.0 221593.0 268222.0 306035.0 334844.0 355391.0 368821.0 376365.0 379187.0 378309.0 374591.0 368740.0 361324.0
1 1.0 39.73505081914985 72.71711188708267 0.7288930644285694 0.44868061872349796 0.14451927236285547 -0.002842223935125832 -0.17417772483119906 -0.12492139897883654 7567.0 21394.0 42326.0 67476.0 93615.0 118274.0 139977.0 158072.0 172464.0 183380.0 191204.0 196379.0 199341.0 200489.0 200178.0 198708.0
2 1.0 236.27865220749842 7.885071013918747 0.7288930644285694 0.44868061872349796 0.14451927236285547 -0.002842223935125832 -0.17417772483119906 -0.12492139897883654 5642.0 14439.0 26851.0 41112.0 55517.0 68859.0 80469.0 90082.0 97700.0 103470.0 107613.0 110366.0 111962.0 112613.0 112504.0 111793.0
3 1.0 49.74586248550097 -7.755944103762147 0.7288930644285694 0.44868061872349796 0.14451927236285547 -0.002842223935125832 -0.17417772483119906 -0.12492139897883654 7637.0 18344.0 32592.000000000004 48226.0 63414.0 76999.0 88433.0 97584.0 104570.0 109624.0 113028.0 115059.0 115973.0 115994.0 115313.0 114086.0
4 1.0 70.76965020481926 68.76745384138013 0.7288930644285694 0.44868061872349796 0.14451927236285547 -0.002842223935125832 -0.17417772483119906 -0.12492139897883654 5961.0 17340.0 35052.0 56829.0 79924.0 102116.0 122001.0 138888.0 152592.0 163239.0 171117.0 176582.0 180003.0 181725.0 182059.0 181278.0
5 1.0 132.74106143794708 -7.451286881654539 0.7288930644285694 0.44868061872349796 0.14451927236285547 -0.002842223935125832 -0.17417772483119906 -0.12492139897883654 23888.0 62633.99999999999 116323.0 175738.0 232819.0 282610.0 322981.0 353685.0 375508.0 389686.0 397552.0 400367.0 399234.0 395085.0 388678.0 380626.0
6 1.0 295.55756274525663 40.350174590077785 0.7288930644285694 0.44868061872349796 0.14451927236285547 -0.002842223935125832 -0.17417772483119906 -0.12492139897883654 18796.0 51033.0 97223.0 149769.0 201483.0 247625.0 285902.0 315763.0 337676.0 352596.0 361638.0 365894.0 366350.0 363850.0 359098.0 352667.0
7 1.0 34.956459285502056 -18.17544209344163 0.7288930644285694 0.44868061872349796 0.14451927236285547 -0.002842223935125832 -0.17417772483119906 -0.12492139897883654 17144.0 38818.0 65968.0 94275.0 120556.0 143078.0 161225.0 175062.0 185006.0 191613.0 195456.0 197070.0 196919.0 195399.0 192835.0 189490.0
8 1.0 301.6601666995694 72.7279907221724 0.7288930644285694 0.44868061872349796 0.14451927236285547 -0.002842223935125832 -0.17417772483119906 -0.12492139897883654 16292.999999999998 44430.0 85052.0 131653.0 177934.0 219639.0 254622.00000000003 282275.0 302910.0 317303.0 326394.0 331125.0 332358.0 330843.0 327208.0 321971.0
9 1.0 34.59542684182671 34.20450363442093 0.7288930644285694 0.44868061872349796 0.14451927236285547 -0.002842223935125832 -0.17417772483119906 -0.12492139897883654 2958.0 7846.000000000001 14990.0 23441.0 32192.0 40481.0 47849.0 54089.0 59162.0 63129.00000000001 66105.0 68221.0 69611.0 70398.0 70694.0 70594.0
10 1.0 351.5254074048225 35.931969765093015 0.7288930644285694 0.44868061872349796 0.14451927236285547 -0.002842223935125832 -0.17417772483119906 -0.12492139897883654 15065.0 37473.0 67857.0 101421.0 134004.0 162976.0 187101.0 206112.0 220296.0 230212.0 236508.0 239823.0 240739.0 239761.0 237313.0 233748.0
11 1.0 168.71443259317257 -31.010327719718596 0.7288930644285694 0.44868061872349796 0.14451927236285547 -0.002842223935125832 -0.17417772483119906 -0.12492139897883654 19815.0 47604.0 84044.0 123214.0 160354.0 192664.0 218990.0 239246.0 253925.99999999997 263775.0 269598.0 272160.0 272136.0 270102.0 266535.0 261824.0
12 1.0 351.6339917485214 46.22015569264005 0.7288930644285694 0.44868061872349796 0.14451927236285547 -0.002842223935125832 -0.17417772483119906 -0.12492139897883654 12705.0 32842.0 61028.0 92899.0 124408.0 152856.0 176882.0 196086.0 210653.0 221066.0 227920.0 231816.0 233313.0 232901.0 230995.0 227939.0
13 1.0 217.74438710821656 24.490989980485438 0.7288930644285694 0.44868061872349796 0.14451927236285547 -0.002842223935125832 -0.17417772483119906 -0.12492139897883654 16943.0 39750.0 69254.0 100773.0 130601.0 156573.0 177794.0 194197.0 206166.0 214284.0 219184.0 221467.0 221669.0 220247.0 217580.0 213978.0
14 1.0 266.1348885833886 -46.79635079165228 0.7288930644285694 0.44868061872349796 0.14451927236285547 -0.002842223935125832 -0.17417772483119906 -0.12492139897883654 2633.0 8324.0 17934.0 30582.0 44807.0 59214.0 72771.0 84843.0 95131.0 103568.0 110232.0 115283.0 118913.0 121325.0 122709.0 123241.0
15 1.0 14.107605211555443 -61.103011952653844 0.7288930644285694 0.44868061872349796 0.14451927236285547 -0.002842223935125832 -0.17417772483119906 -0.12492139897883654 26176.0 67363.0 123491.0 184821.0 243135.0 293545.0 334063.0 364591.0 386033.0 399711.0 407021.0 409261.0 407562.0 402866.0 395943.0 387409.0
16 1.0 101.81050652750744 53.35046541311971 0.7288930644285694 0.44868061872349796 0.14451927236285547 -0.002842223935125832 -0.17417772483119906 -0.12492139897883654 5445.0 16396.0 33955.0 56036.0 79876.0 103127.0 124224.0 142340.0 157194.0 168852.0 177577.0 183719.0 187654.0 189744.0 190319.0 189670.0
17 1.0 43.270762036740805 82.64998854634004 0.7288930644285694 0.44868061872349796 0.14451927236285547 -0.002842223935125832 -0.17417772483119906 -0.12492139897883654 10867.0 30317.0 59226.0 93331.0 128140.0 160376.0 188201.0 210904.0 228502.0 241415.0 250242.00000000003 255628.00000000003 258189.0 258475.0 256964.00000000003 254054.99999999997
18 1.0 106.61047110797217 -7.535011093192281 0.7288930644285694 0.44868061872349796 0.14451927236285547 -0.002842223935125832 -0.17417772483119906 -0.12492139897883654 12725.0 34789.0 66976.0 104384.0 142085.0 176611.0 206102.0 229912.0 248156.0 261353.99999999997 270192.0 275385.0 277607.0 277451.0 275429.0 271964.0
19 1.0 42.74197882352786 16.377149758263286 0.7288930644285694 0.44868061872349796 0.14451927236285547 -0.002842223935125832 -0.17417772483119906 -0.12492139897883654 3233.0 7927.0 14277.0 21333.0 28270.0 34554.0 39923.0 44304.0 47734.0 50310.0 52146.0 53364.0 54072.0 54370.0 54342.0 54057.0
20 1.0 114.47394458183138 64.39007595483983 0.7288930644285694 0.44868061872349796 0.14451927236285547 -0.002842223935125832 -0.17417772483119906 -0.12492139897883654 9439.0 27029.0 53823.0 86069.0 119544.0 151027.0 178612.0 201472.0 219508.0 233040.0 242585.0 248731.0 252051.00000000003 253071.0 252249.99999999997 249979.0
21 1.0 149.13467802528118 -7.699778396305732 0.7288930644285694 0.44868061872349796 0.14451927236285547 -0.002842223935125832 -0.17417772483119906 -0.12492139897883654 29724.0 73363.0 130921.00000000001 192402.0 249891.0 298927.0 337875.0 366862.0 386917.0 399412.0 405750.0 407216.0 404916.0 399768.0 392514.0 383748.0
22 1.0 23.09309868556237 81.3374058298925 0.7288930644285694 0.44868061872349796 0.14451927236285547 -0.002842223935125832 -0.17417772483119906 -0.12492139897883654 10929.0 30399.0 59263.0 93254.0 127900.99999999999 159958.0 187606.0 210149.0 227610.0 240410.0 249146.0 254459.0 256961.0 257203.00000000003 255657.00000000003 252722.99999999997
23 1.0 249.28996297320714 13.63520916807704 0.7288930644285694 0.44868061872349796 0.14451927236285547 -0.002842223935125832 -0.17417772483119906 -0.12492139897883654 6509.0 17566.0 33775.0 52867.0 72471.0 90833.0 106931.0 120330.0 130982.99999999999 139072.0 144884.0 148746.0 150979.0 151877.0 151700.0 150671.0
24 1.0 203.97652351436705 57.738081726236686 0.7288930644285694 0.44868061872349796 0.14451927236285547 -0.002842223935125832 -0.17417772483119906 -0.12492139897883654 24523.0 63214.00000000001 116154.0 174271.0 229819.0 278115.0 317191.0 346870.0 367945.0 381622.0 389199.0 391891.0 390765.0 386718.0 380484.0 372653.0
25 1.0 95.54021673820034 73.5918693142929 0.7288930644285694 0.44868061872349796 0.14451927236285547 -0.002842223935125832 -0.17417772483119906 -0.12492139897883654 8847.0 25238.0 50166.0 80159.0 111312.0 140638.0 166358.0 187696.0 204551.0 217214.0 226165.0 231947.0 235096.0 236099.0 235386.0 233320.0
26 1.0 188.36929924801188 56.7942873783424 0.7288930644285694 0.44868061872349796 0.14451927236285547 -0.002842223935125832 -0.17417772483119906 -0.12492139897883654 25431.0 65607.0 120521.0 180689.0 238053.0 287778.0 327866.0 358177.0 379569.0 393318.0 400784.0 403234.0 401779.0 397345.0 390691.0 382424.0
27 1.0 33.818583873039 -61.30539657918793 0.7288930644285694 0.44868061872349796 0.14451927236285547 -0.002842223935125832 -0.17417772483119906 -0.12492139897883654 25546.0 65620.0 120220.0 179923.0 236769.0 286002.0 325671.0 355651.0 376801.0 390388.0 397759.0 400169.0 398714.0 394313.0 387714.0 379518.0
28 1.0 207.34073840022455 23.201719031106066 0.7288930644285694 0.44868061872349796 0.14451927236285547 -0.002842223935125832 -0.17417772483119906 -0.12492139897883654 21249.0 48447.0 82666.0 118403.0 151573.0 179940.0 202704.0 219951.0 232220.0 240233.0 244733.0 246412.0 245871.0 243618.0 240071.0 235567.0
29 1.0 334.5466311274371 -18.28183344845813 0.7288930644285694 0.44868061872349796 0.14451927236285547 -0.002842223935125832 -0.17417772483119906 -0.12492139897883654 31450.0 77783.0 138839.0 203898.0 264519.0 315999.0 356664.0 386715.0 407295.0 419896.0 426030.0 427071.0 424196.0 418375.0 410393.0 400870.0
0 1.0 114.68482288247652 -78.71166863579778 0.7288930644285694 0.44868061872349796 0.14451927236285547 -0.002842223935125832 -0.17417772483119906 -0.12492139897883654 18062.0 48253.0 91074.0 139537.0 187145.0 229639.0 264967.0 292633.0 313053.0 327084.0 335727.0 339966.0 340694.0 338678.0 334559.0 328861.0
1 1.0 240.2677367869254 -13.674194659828444 0.7288930644285694 0.44868061872349796 0.14451927236285547 -0.002842223935125832 -0.17417772483119906 -0.12492139897883654 1515.0 4406.0 8981.0 14743.0 21031.0 27272.0 33072.0 38204.0 42573.0 46172.0 49046.0 51267.0 52917.0 54080.0 54834.0 55248.0
2 1.0 47.447230465581185 -43.436867959906614 0.7288930644285694 0.44868061872349796 0.14451927236285547 -0.002842223935125832 -0.17417772483119906 -0.12492139897883654 23030.0 56687.0 101402.0 149712.0 195530.0 235271.0 267474.0 292052.0 309658.0 321258.0 327881.0 330499.0 329963.0 326994.0 322186.0 316017.0
3 1.0 257.8777934826836 62.82689551713193 0.7288930644285694 0.44868061872349796 0.14451927236285547 -0.002842223935125832 -0.17417772483119906 -0.12492139897883654 19716.0 53111.0 100612.0 154330.0 206932.0 253650.0 292229.0 322178.0 344024.0 358773.0 367577.0 371558.0 371721.0 368923.0 363877.0 357162.0
4 1.0 104.1861934609924 -84.00516722159469 0.7288930644285694 0.44868061872349796 0.14451927236285547 -0.002842223935125832 -0.17417772483119906 -0.12492139897883654 17279.0 46335.0 87721.0 134743.0 181107.0 222645.0 257311.99999999997 284578.0 304813.0 318822.0 327562.0 331985.0 332953.0 331212.0 327389.0 321996.0
5 1.0 65.94889032256206 82.61688993542523 0.7288930644285694 0.44868061872349796 0.14451927236285547 -0.002842223935125832 -0.17417772483119906 -0.12492139897883654 10817.0 30256.0 59213.0 93430.0 128396.00000000001 160812.0 188819.0 211692.0 229445.0 242493.0 251438.0 256923.0 259565.0 259917.99999999997 258460.00000000003 255593.00000000003
6 1.0 211.14465653162995 -26.033607275052667 0.7288930644285694 0.44868061872349796 0.14451927236285547 -0.002842223935125832 -0.17417772483119906 -0.12492139897883654 4806.0 11543.0 20508.0 30362.0 39974.0 48628.0 55976.0 61925.0 66535.0 69943.0 72315.0 73822.0 74622.0 74853.0 74637.0 74072.0
7 1.0 7.238716627497679 -25.792759727542276 0.7288930644285694 0.44868061872349796 0.14451927236285547 -0.002842223935125832 -0.17417772483119906 -0.12492139897883654 32047.0 72978.0 123918.0 176350.0 224183.0 264287.0 295727.0 318860.0 334663.0 344318.0 348994.0 349740.0 347454.0 342875.0 336601.0 329108.0
8 1.0 298.4184105182507 -87.06086951693258 0.7288930644285694 0.44868061872349796 0.14451927236285547 -0.002842223935125832 -0.17417772483119906 -0.12492139897883654 15047.0 40737.0 77760.0 120292.0 162682.0 201075.0 233490.0 259323.00000000003 278808.0 292607.0 301543.0 306455.0 308116.0 307202.0 304287.0 299846.0
9 1.0 1.6903714293169436 -56.65818145748689 0.7288930644285694 0.44868061872349796 0.14451927236285547 -0.002842223935125832 -0.17417772483119906 -0.12492139897883654 27246.0 69702.0 127231.00000000001 189795.0 249036.0 300049.0 340887.0 371513.0 392894.0 406403.0 413474.0 415434.0 413434.0 408431.0 401204.0 392373.0
10 1.0 244.01395324664284 -17.773289855350427 0.7288930644285694 0.44868061872349796 0.14451927236285547 -0.002842223935125832 -0.17417772483119906 -0.12492139897883654 1256.0 3790.0 7939.999999999999 13314.0 19310.0 25371.0 31084.0 36197.0 40591.0 44237.0 47169.0 49450.0 51158.0 52375.0 53179.0 53640.0
11 1.0 97.20287034917935 77.27245511448851 0.7288930644285694 0.44868061872349796 0.14451927236285547 -0.002842223935125832 -0.17417772483119906 -0.12492139897883654 10033.0 28343.0 55888.0 88708.0 122493.0 154027.0 181455.0 204016.0 221670.0 234783.0 243907.0 249651.0 252602.0 253293.0 252184.00000000003 249667.0
12 1.0 264.66984796413414 -72.06931256017117 0.7288930644285694 0.44868061872349796 0.14451927236285547 -0.002842223935125832 -0.17417772483119906 -0.12492139897883654 8699.0 24383.0 47945.0 76086.0 105193.0 132539.0 156512.0 176417.0 192167.0 204033.0 212456.0 217935.0 220961.0 221985.0 221404.0 219554.0
13 1.0 346.38787624227774 80.15427602623433 0.7288930644285694 0.44868061872349796 0.14451927236285547 -0.002842223935125832 -0.17417772483119906 -0.12492139897883654 12557.0 34608.0 66947.0 104645.0 142699.0 177568.0 207344.0 231359.0 249725.0 262970.0 271793.0 276926.0 279054.0 278784.0 276635.0 273039.0
14 1.0 89.55113166718489 66.5079354983938 0.7288930644285694 0.44868061872349796 0.14451927236285547 -0.002842223935125832 -0.17417772483119906 -0.12492139897883654 6387.0 18687.0 37907.0 61593.0 86751.0 110947.0 132634.0 151045.0 165968.0 177535.0 186058.0 191929.0 195553.0 197311.0 197547.0 196562.0
15 1.0 207.4166403904213 -8.25076855664068 0.7288930644285694 0.44868061872349796 0.14451927236285547 -0.002842223935125832 -0.17417772483119906 -0.12492139897883654 10379.0 22963.0 38283.0 53846.0 67938.0 79704.0 88908.0 95674.0 100299.0 103134.0 104526.0 104787.0 104183.0 102932.0 101209.0 99155.0
16 1.0 213.13509525786205 -31.19384128171319 0.7288930644285694 0.44868061872349796 0.14451927236285547 -0.002842223935125832 -0.17417772483119906 -0.12492139897883654 3724.0 9430.0 17426.0 26583.0 35818.0 44365.0 51795.0 57944.0 62817.0 66514.0 69179.0 70972.0 72042.0 72528.0 72547.0 72200.0
17 1.0 206.01068608471442 -48.10605672976977 0.7288930644285694 0.44868061872349796 0.14451927236285547 -0.002842223935125832 -0.17417772483119906 -0.12492139897883654 5392.0 14327.0 27297.0 42494.0 58057.0 72621.0 85399.0 96060.0 104574.0 111086.0 115823.0 119038.0 120981.0 121880.0 121934.0 121315.0
18 1.0 80.30938775062259 20.603647165837387 0.7288930644285694 0.44868061872349796 0.14451927236285547 -0.002842223935125832 -0.17417772483119906 -0.12492139897883654 1626.0 5139.0 11115.0 19057.0 28090.0 37345.0 46160.0 54114.0 60990.0 66723.0 71343.0 74937.0 77615.0 79499.0 80706.0 81344.0
19 1.0 342.9896441461146 -84.04657353440899 0.7288930644285694 0.44868061872349796 0.14451927236285547 -0.002842223935125832 -0.17417772483119906 -0.12492139897883654 16530.0 44623.0 84912.0 130953.99999999999 176583.0 217655.0 252089.0 279304.0 299615.0 313787.0 322742.0 327409.0 328633.0 327150.0 323579.0 318429.0
20 1.0 160.96513630234585 -87.19090839957092 0.7288930644285694 0.44868061872349796 0.14451927236285547 -0.002842223935125832 -0.17417772483119906 -0.12492139897883654 15341.0 41357.0 78697.0 121453.0 163943.0 202327.0 234652.0 260347.0 279672.0 293305.0 302084.0 306851.0 308385.0 307362.0 304354.0 299836.0
21 1.0 304.707122089606 -12.816769950317195 0.7288930644285694 0.44868061872349796 0.14451927236285547 -0.002842223935125832 -0.17417772483119906 -0.12492139897883654 15573.0 42964.0 82964.0 129279.0 175638.0 217702.0 253215.00000000003 281471.0 302716.0 317679.0 327278.0 332447.0 334048.0 332833.0 329438.0 324388.0
22 1.0 251.81253911430156 -77.74666668455036 0.7288930644285694 0.44868061872349796 0.14451927236285547 -0.002842223935125832 -0.17417772483119906 -0.12492139897883654 10426.0 28743.0 55781.0 87582.0 120019.0 150092.0 176108.0 197407.0 213992.0 226240.0 234693.0 239939.0 242541.0 243008.0 241782.0 239232.0
23 1.0 107.07730230784811 -44.65062211570328 0.7288930644285694 0.44868061872349796 0.14451927236285547 -0.002842223935125832 -0.17417772483119906 -0.12492139897883654 21105.0 55997.0 104988.0 159854.0 213162.0 260189.0 298777.0 328533.0 350064.0 364433.0 372833.0 376410.0 376183.0 373019.0 367634.0 360608.0
24 1.0 292.9672150928918 -50.19103523770491 0.7288930644285694 0.44868061872349796 0.14451927236285547 -0.002842223935125832 -0.17417772483119906 -0.12492139897883654 8271.0 23932.0 48078.0 77453.0 108253.0 137497.0 163361.0 185009.0 202281.0 215420.0 224869.0 231143.0 234761.0 236199.0 235881.0 234168.0
25 1.0 142.74206670491446 -44.425585129886656 0.7288930644285694 0.44868061872349796 0.14451927236285547 -0.002842223935125832 -0.17417772483119906 -0.12492139897883654 21459.0 55382.0 102050.0 153642.0 203353.0 246975.0 282651.0 310107.0 329952.0 343189.0 350922.0 354210.0 353988.0 351053.0 346063.0 339549.0
26 1.0 317.1971509600182 -66.4100583812536 0.7288930644285694 0.44868061872349796 0.14451927236285547 -0.002842223935125832 -0.17417772483119906 -0.12492139897883654 15478.0 42284.0 81173.0 126033.0 170846.0 211471.0 245768.0 273073.0 293629.0 308139.0 317484.0 322560.0 324193.0 323105.0 319908.0 315105.0
27 1.0 209.25823414890914 -87.83347987842222 0.7288930644285694 0.44868061872349796 0.14451927236285547 -0.002842223935125832 -0.17417772483119906 -0.12492139897883654 14786.0 39967.0 76220.0 117852.0 159339.0 196919.0 228659.0 253969.99999999997 273080.0 286635.0 295438.0 300307.0 301995.0 301164.0 298371.0 294081.0
28 1.0 317.424730267747 -69.21282651502534 0.7288930644285694 0.44868061872349796 0.14451927236285547 -0.002842223935125832 -0.17417772483119906 -0.12492139897883654 15371.0 41959.0 80518.0 124992.0 169421.0 209706.0 243723.0 270815.0 291219.0 305631.0 314923.0 319981.0 321624.0 320568.0 317419.0 312675.0
29 1.0 249.3113724279957 21.32644671229461 0.7288930644285694 0.44868061872349796 0.14451927236285547 -0.002842223935125832 -0.17417772483119906 -0.12492139897883654 9094.0 24147.0 45798.0 70857.0 96157.0 119458.0 139529.0 155918.0 168662.0 178072.0 184573.0 188622.0 190653.0 191055.0 190165.0 188265.0
0 1.0 261.09154073507057 85.36611830724905 0.7288930644285694 0.44868061872349796 0.14451927236285547 -0.002842223935125832 -0.17417772483119906 -0.12492139897883654 15248.0 41885.0 80640.0 125402.99999999999 170137.0 210689.0 244908.0 272133.0 292606.0 307033.0 316298.0 321299.0 322863.0 321713.0 318461.0 313612.0
1 1.0 180.47677749361281 88.26210028096091 0.7288930644285694 0.44868061872349796 0.14451927236285547 -0.002842223935125832 -0.17417772483119906 -0.12492139897883654 14136.0 39021.0 75451.0 117777.0 160321.0 199117.0 232062.0 258461.0 278487.0 292769.0 302118.0 307368.0 309298.0 308592.0 305830.0 301497.0
2 1.0 344.1901085003606 -16.37026283284891 0.7288930644285694 0.44868061872349796 0.14451927236285547 -0.002842223935125832 -0.17417772483119906 -0.12492139897883654 34032.0 80666.0 140269.0 202547.0 259817.00000000003 307996.0 345773.0 373498.0 392333.0 403718.0 409084.0 409720.0 406722.0 400995.0 393266.0 384111.0
3 1.0 231.83647172266947 -60.66820331161104 0.7288930644285694 0.44868061872349796 0.14451927236285547 -0.002842223935125832 -0.17417772483119906 -0.12492139897883654 4645.0 13212.0 26375.0 42466.0 59508.0 75915.0 90681.0 103303.0 113639.0 121768.0 127887.0 132246.0 135104.0 136707.0 137278.0 137013.0
4 1.0 152.5878174809447 24.977116325975274 0.7288930644285694 0.44868061872349796 0.14451927236285547 -0.002842223935125832 -0.17417772483119906 -0.12492139897883654 30023.0 75559.0 136339.0 201652.0 262869.0 315086.0 356488.0 387196.0 408323.0 421356.0 427816.0 429092.0 426377.0 420656.0 412728.0 403223.0
5 1.0 218.30155708605275 -1.7450376212273113 0.7288930644285694 0.44868061872349796 0.14451927236285547 -0.002842223935125832 -0.17417772483119906 -0.12492139897883654 7588.0 17325.0 29574.0 42369.0 54255.0 64438.99999999999 72643.0 78905.0 83421.0 86454.0 88268.0 89109.0 89190.0 88686.0 87743.0 86475.0
6 1.0 6.909551391360069 88.09375991119765 0.7288930644285694 0.44868061872349796 0.14451927236285547 -0.002842223935125832 -0.17417772483119906 -0.12492139897883654 13197.0 36498.0 70717.0 110609.0 150853.0 187692.0 219113.0 244419.0 263741.0 277645.0 286877.0 292213.0 294379.0 294017.0 291676.0 287812.0
7 1.0 108.56693400283775 -78.24524271267956 0.7288930644285694 0.44868061872349796 0.14451927236285547 -0.002842223935125832 -0.17417772483119906 -0.12492139897883654 18509.0 49429.0 93236.0 142754.0 191329.0 234619.0 270540.0 298607.0 319263.0 333395.0 342034.0 346192.0 346783.0 344591.0 340272.0 334359.0
8 1.0 237.66247349736662 50.98219889648635 0.7288930644285694 0.44868061872349796 0.14451927236285547 -0.002842223935125832 -0.17417772483119906 -0.12492139897883654 20358.0 52897.0 97974.0 148103.0 196659.0 239479.0 274674.0 301911.0 321734.0 335090.0 343042.0 346610.0 346707.0 344110.0 339464.0 333293.0
9 1.0 104.42793859575987 -38.0882704803311 0.7288930644285694 0.44868061872349796 0.14451927236285547 -0.002842223935125832 -0.17417772483119906 -0.12492139897883654 19938.0 52945.0 99400.0 151583.0 202463.0 247528.0 284678.0 313489.0 334491.0 348664.0 357120.0 360937.0 361080.0 358372.0 353499.0 347014.0
10 1.0 222.48555443958296 -46.54464838621668 0.7288930644285694 0.44868061872349796 0.14451927236285547 -0.002842223935125832 -0.17417772483119906 -0.12492139897883654 2935.0 8258.0 16416.0 26405.0 37026.0 47307.0 56620.0 64645.99999999999 71285.0 76578.0 80639.0 83616.0 85667.0 86940.0 87571.0 87679.0
11 1.0 154.35673234047582 29.250822875881667 0.7288930644285694 0.44868061872349796 0.14451927236285547 -0.002842223935125832 -0.17417772483119906 -0.12492139897883654 29693.0 74921.0 135420.0 200537.0 261646.0 313830.0 355250.0 386009.0 407204.0 420313.0 426851.0 428203.0 425560.0 419907.0 412040.0 402591.0
12 1.0 48.770663120082084 -45.70862670162639 0.7288930644285694 0.44868061872349796 0.14451927236285547 -0.002842223935125832 -0.17417772483119906 -0.12492139897883654 23391.0 58022.0 104253.0 154332.0 201891.0 243161.0 276597.0 302097.0 320336.0 332320.0 339127.0 341768.0 341133.0 337975.0 332912.0 326444.0
13 1.0 107.38163734417108 29.854641160653784 0.7288930644285694 0.44868061872349796 0.14451927236285547 -0.002842223935125832 -0.17417772483119906 -0.12492139897883654 6169.0 18371.0 37730.0 61860.0 87702.0 112709.0 135225.0 154405.0 169995.0 182108.0 191060.0 197252.0 201103.0 203011.0 203335.0 202386.0
14 1.0 205.18736785245537 3.11553309641198 0.7288930644285694 0.44868061872349796 0.14451927236285547 -0.002842223935125832 -0.17417772483119906 -0.12492139897883654 15216.0 33318.0 55174.0 77263.0 97218.0 113894.0 127001.0 136731.0 143499.0 147783.0 150053.0 150726.0 150158.0 148645.0 146425.0 143688.0
15 1.0 212.71419404934235 -13.663982081547132 0.7288930644285694 0.44868061872349796 0.14451927236285547 -0.002842223935125832 -0.17417772483119906 -0.12492139897883654 6716.0 15300.0 26074.0 37307.0 47719.0 56610.0 63732.0 69114.0 72932.0 75421.0 76823.0 77361.0 77230.0 76592.0 75581.0 74302.0
16 1.0 206.75708958584838 9.843805559055411 0.7288930644285694 0.44868061872349796 0.14451927236285547 -0.002842223935125832 -0.17417772483119906 -0.12492139897883654 16733.0 36996.0 61796.0 87187.0 110411.0 130047.0 145653.0 157367.0 165614.0 170921.0 173817.0 174790.0 174257.0 172570.0 170016.0 166826.0
17 1.0 235.1522951485681 -38.330726414466646 0.7288930644285694 0.44868061872349796 0.14451927236285547 -0.002842223935125832 -0.17417772483119906 -0.12492139897883654 1479.0 4418.0 9189.0 15311.0 22086.0 28878.0 35230.0 40874.0 45691.0 49665.0 52842.0 55299.0 57127.0 58419.0 59261.0 59729.0
18 1.0 234.757177200608 37.1834471291362 0.7288930644285694 0.44868061872349796 0.14451927236285547 -0.002842223935125832 -0.17417772483119906 -0.12492139897883654 16930.0 42775.0 78103.0 117239.0 155218.0 188902.0 216837.0 238726.0 254935.00000000003 266148.0 273145.0 276690.0 277472.0 276084.0 273023.0 268697.0
19 1.0 155.31063675623062 -15.325763519958471 0.7288930644285694 0.44868061872349796 0.14451927236285547 -0.002842223935125832 -0.17417772483119906 -0.12492139897883654 28521.0 68940.0 121603.0 177534.0 229736.0 274298.0 309794.0 336344.0 354859.0 366553.0 372673.0 374361.0 372608.0 368234.0 361911.0 354174.0
20 1.0 322.75677450638267 -25.101799112539396 0.7288930644285694 0.44868061872349796 0.14451927236285547 -0.002842223935125832 -0.17417772483119906 -0.12492139897883654 24356.0 63880.99999999999 118583.0 179013.0 236952.0 287381.0 328166.0 359093.0 380990.0 395129.0 402879.0 405525.0 404193.0 399825.0 393193.0 384915.0
21 1.0 132.32227321724275 59.158244620032804 0.7288930644285694 0.44868061872349796 0.14451927236285547 -0.002842223935125832 -0.17417772483119906 -0.12492139897883654 13524.0 37747.0 73587.0 115579.0 158081.0 197063.0 230341.0 257146.0 277598.0 292290.0 302017.0 307603.0 309825.0 309369.0 306818.0 302661.0
22 1.0 156.91137309562566 76.4940441515746 0.7288930644285694 0.44868061872349796 0.14451927236285547 -0.002842223935125832 -0.17417772483119906 -0.12492139897883654 15609.0 42963.0 82812.0 128862.0 174880.0 216577.0 251737.0 279680.0 300663.0 315422.0 324870.0 329936.0 331475.0 330232.0 326837.0 321808.0
23 1.0 321.092407805642 -81.71868404028655 0.7288930644285694 0.44868061872349796 0.14451927236285547 -0.002842223935125832 -0.17417772483119906 -0.12492139897883654 15514.0 42073.0 80372.0 124370.0 168195.0 207844.0 241266.0 267843.0 287827.0 301913.0 310964.0 315856.0 317394.0 316283.0 313118.0 308391.0
24 1.0 290.22983605659084 -48.12714129064221 0.7288930644285694 0.44868061872349796 0.14451927236285547 -0.002842223935125832 -0.17417772483119906 -0.12492139897883654 7281.0 21326.0 43248.0 70195.0 98707.0 125998.0 150321.0 170838.0 187345.0 200028.0 209271.0 215538.0 219299.0 220994.0 221015.0 219701.0
25 1.0 253.39989007453187 -27.266513491338614 0.7288930644285694 0.44868061872349796 0.14451927236285547 -0.002842223935125832 -0.17417772483119906 -0.12492139897883654 1023.0 3352.0 7447.0 13044.0 19573.0 26427.0 33112.0 39291.0 44770.0 49464.0 53368.0 56521.0 58990.0 60853.0 62190.0 63077.99999999999
26 1.0 36.0816794324284 56.693966286644525 0.7288930644285694 0.44868061872349796 0.14451927236285547 -0.002842223935125832 -0.17417772483119906 -0.12492139897883654 4251.0 12120.0 24243.0 39096.0 54853.0 70036.0 83694.0 95352.0 104868.0 112314.0 117875.0 121789.0 124299.0 125642.0 126028.0 125642.0
27 1.0 331.0137409480825 87.38845697579356 0.7288930644285694 0.44868061872349796 0.14451927236285547 -0.002842223935125832 -0.17417772483119906 -0.12492139897883654 13590.0 37509.0 72551.0 113313.0 154346.0 191828.0 223726.0 249353.0 268862.0 282845.0 292072.0 297340.0 299394.0 298889.0 296385.0 292346.0
28 1.0 257.1268678376801 84.41490684066332 0.7288930644285694 0.44868061872349796 0.14451927236285547 -0.002842223935125832 -0.17417772483119906 -0.12492139897883654 15612.0 42835.0 82379.0 127979.00000000001 173473.0 214640.0 249310.0 276830.0 297467.0 311952.0 321194.0 326112.0 327552.0 326252.0 322831.0 317805.0
29 1.0 359.5849223644319 72.89070219898684 0.7288930644285694 0.44868061872349796 0.14451927236285547 -0.002842223935125832 -0.17417772483119906 -0.12492139897883654 10779.0 29670.0 57457.0 90006.0 123062.0 153570.0 179843.0 201250.0 217832.0 230000.0 238324.0 243410.0 245837.0 246123.0 244714.0 241985.0
0 1.0 53.80138967687775 -36.619872288474625 0.7288930644285694 0.44868061872349796 0.14451927236285547 -0.002842223935125832 -0.17417772483119906 -0.12492139897883654 19259.0 47420.0 85039.0 125979.00000000001 165132.0 199410.0 227484.0 249189.0 265002.0 275692.0 282100.0 285032.0 285203.0 283224.0 279601.0 274747.0
1 1.0 312.52538065255715 88.56202381460534 0.7288930644285694 0.44868061872349796 0.14451927236285547 -0.002842223935125832 -0.17417772483119906 -0.12492139897883654 13816.0 38128.0 73730.0 115117.0 156751.0 194753.0 227064.0 252995.00000000003 272708.0 286808.0 296083.0 301344.0 303349.0 302765.0 300159.0 296004.0
2 1.0 58.497456483494936 -45.10439260983878 0.7288930644285694 0.44868061872349796 0.14451927236285547 -0.002842223935125832 -0.17417772483119906 -0.12492139897883654 21507.0 54173.0 98361.0 146709.0 192998.0 233456.0 266460.0 291818.0 310122.0 322314.0 329420.0 332416.0 332169.0 329411.0 324749.0 318676.0
3 1.0 221.6014431421839 -70.9368921211982 0.7288930644285694 0.44868061872349796 0.14451927236285547 -0.002842223935125832 -0.17417772483119906 -0.12492139897883654 8185.0 22552.0 43858.0 69081.0 95005.0 119240.0 140403.0 157916.0 171736.0 182123.0 189481.0 194258.0 196892.0 197780.0 197270.0 195657.0
4 1.0 44.57519382579895 81.17146998997094 0.7288930644285694 0.44868061872349796 0.14451927236285547 -0.002842223935125832 -0.17417772483119906 -0.12492139897883654 10291.0 28781.0 56352.0 88986.0 122403.0 153458.0 180361.0 202398.0 219558.0 232223.0 240952.0 246354.0 249014.0 249461.0 248152.0 245475.0
5 1.0 305.2829625560044 -47.98435401574267 0.7288930644285694 0.44868061872349796 0.14451927236285547 -0.002842223935125832 -0.17417772483119906 -0.12492139897883654 12460.0 34900.0 68297.0 107672.0 147777.0 184800.0 216623.0 242448.0 262327.0 276775.0 286507.0 292286.0 294834.0 294795.0 292721.0 289077.0
6 1.0 290.63482514100383 34.15828771399508 0.7288930644285694 0.44868061872349796 0.14451927236285547 -0.002842223935125832 -0.17417772483119906 -0.12492139897883654 17643.0 48045.0 91785.0 141748.0 191128.0 235383.0 272274.0 301218.0 322612.0 337334.0 346421.0 350903.0 351711.0 349651.0 345393.0 339488.0
7 1.0 204.8762659012536 -79.49585538349405 0.7288930644285694 0.44868061872349796 0.14451927236285547 -0.002842223935125832 -0.17417772483119906 -0.12492139897883654 11933.0 32375.0 62060.0 96495.0 131190.0 162991.0 190200.0 212218.0 229140.0 241431.0 249711.0 254630.00000000003 256803.0 256774.0 255013.0 251910.00000000003
8 1.0 146.58598700135988 41.52763784294572 0.7288930644285694 0.44868061872349796 0.14451927236285547 -0.002842223935125832 -0.17417772483119906 -0.12492139897883654 22291.0 59228.0 111008.0 168821.0 224769.0 273890.0 313971.0 344665.0 366671.0 381155.0 389400.0 392631.0 391927.0 388202.0 382209.0 374550.0
9 1.0 24.900118363849696 68.70963822009114 0.7288930644285694 0.44868061872349796 0.14451927236285547 -0.002842223935125832 -0.17417772483119906 -0.12492139897883654 7557.0 21145.0 41555.0 65950.0 91212.0 114978.0 135846.0 153202.0 166965.0 177360.0 184766.0 189613.0 192325.0 193292.0 192858.0 191315.0
10 1.0 251.07435833204292 -40.96135881612675 0.7288930644285694 0.44868061872349796 0.14451927236285547 -0.002842223935125832 -0.17417772483119906 -0.12492139897883654 1367.0 4390.0 9613.0 16648.0 24743.0 33127.0 41190.0 48534.0 54944.0 60344.0 64750.0 68229.0 70878.0 72802.0 74106.0 74887.0
11 1.0 163.27536576410478 -21.76975870606286 0.7288930644285694 0.44868061872349796 0.14451927236285547 -0.002842223935125832 -0.17417772483119906 -0.12492139897883654 24808.0 59026.0 103318.0 150324.0 194321.0 232081.0 262386.0 285287.0 301492.0 311974.0 317746.0 319747.0 318795.0 315576.0 310654.0 304480.0
12 1.0 259.94001580932525 -22.6266870022351 0.7288930644285694 0.44868061872349796 0.14451927236285547 -0.002842223935125832 -0.17417772483119906 -0.12492139897883654 1338.0 4382.0 9715.0 16962.0 25347.0 34061.0 42464.0 50131.0 56835.0 62492.0 67117.0 70779.0 73577.0 75620.0 77015.0 77863.0
13 1.0 311.8976373343065 44.781886357223954 0.7288930644285694 0.44868061872349796 0.14451927236285547 -0.002842223935125832 -0.17417772483119906 -0.12492139897883654 19261.0 51622.0 97517.0 149359.0 200123.0 245247.0 282567.0 311605.0 332857.0 347278.0 355969.0 360001.0 360337.0 357800.0 353075.0 346721.0
14 1.0 351.1877418010389 -47.19469634297301 0.7288930644285694 0.44868061872349796 0.14451927236285547 -0.002842223935125832 -0.17417772483119906 -0.12492139897883654 29552.0 74379.0 134261.0 198679.0 259133.0 310776.0 351793.0 382282.0 403321.0 416366.0 422910.0 424319.0 421768.0 416231.0 408495.0 399186.0
15 1.0 308.08920326133995 -59.06644217142426 0.7288930644285694 0.44868061872349796 0.14451927236285547 -0.002842223935125832 -0.17417772483119906 -0.12492139897883654 13281.0 36818.0 71512.0 112101.0 153175.0 190874.0 223099.0 249102.0 268989.0 283324.0 292861.0 298393.0 300663.0 300333.0 297965.0 294030.0
16 1.0 4.21707030660071 -9.127503236207147 0.7288930644285694 0.44868061872349796 0.14451927236285547 -0.002842223935125832 -0.17417772483119906 -0.12492139897883654 28596.0 63419.0 105962.0 149288.0 188588.0 221452.0 247205.0 266175.0 279168.0 287148.0 291061.0 291758.0 289966.0 286286.0 281207.0 275116.0
17 1.0 129.592103212211 -35.19568667208249 0.7288930644285694 0.44868061872349796 0.14451927236285547 -0.002842223935125832 -0.17417772483119906 -0.12492139897883654 22915.0 60088.0 111693.0 168952.0 224136.0 272451.0 311796.0 341880.0 363418.0 377567.0 385594.0 388702.0 387951.0 384236.0 378295.0 370721.0
18 1.0 262.7966024726609 61.05404200655744 0.7288930644285694 0.44868061872349796 0.14451927236285547 -0.002842223935125832 -0.17417772483119906 -0.12492139897883654 19490.0 52568.0 99679.0 153015.0 205296.0 251774.0 290192.0 320051.0 341861.0 356616.0 365456.0 369493.0 369724.0 367004.0 362039.0 355407.0
19 1.0 61.78668381411859 -47.20647131718502 0.7288930644285694 0.44868061872349796 0.14451927236285547 -0.002842223935125832 -0.17417772483119906 -0.12492139897883654 21698.0 55122.0 100583.0 150478.0 198323.0 240167.0 274303.0 300519.0 319427.0 332003.0 339316.0 342379.0 342089.0 339209.0 334366.0 328070.0
20 1.0 187.57317823348654 0.4301023480670665 0.7288930644285694 0.44868061872349796 0.14451927236285547 -0.002842223935125832 -0.17417772483119906 -0.12492139897883654 23932.0 52401.0 86840.0 121699.0 153206.0 179510.0 200123.0 215337.0 225809.0 232308.0 235586.0 236317.0 235073.0 232328.0 228466.0 223791.0
21 1.0 19.561675802131305 79.66504794562746 0.7288930644285694 0.44868061872349796 0.14451927236285547 -0.002842223935125832 -0.17417772483119906 -0.12492139897883654 10625.0 29543.0 57601.0 90670.0 124415.0 155681.0 182695.0 204768.0 221912.0 234524.0 243178.0 248491.0 251056.0 251404.00000000003 249996.0 247219.0
22 1.0 71.99874896270403 24.119585594038938 0.7288930644285694 0.44868061872349796 0.14451927236285547 -0.002842223935125832 -0.17417772483119906 -0.12492139897883654 1106.0 3529.0 7690.0 13270.0 19680.0 26324.0 32738.000000000004 38615.0 43787.0 48187.0 51820.0 54728.0 56980.0 58651.0 59820.0 60559.0
23 1.0 6.66784600582103 66.11209298324366 0.7288930644285694 0.44868061872349796 0.14451927236285547 -0.002842223935125832 -0.17417772483119906 -0.12492139897883654 9192.0 25228.0 48860.0 76656.0 105037.0 131393.0 154243.0 173000.0 187655.0 198526.0 206077.0 210816.0 213231.0 213764.0 212800.0 210664.0
24 1.0 285.7311732086714 79.23774408385813 0.7288930644285694 0.44868061872349796 0.14451927236285547 -0.002842223935125832 -0.17417772483119906 -0.12492139897883654 16125.0 44109.0 84624.0 131200.0 177539.0 219356.0 254477.99999999997 282274.0 303042.0 317550.0 326734.0 331538.0 332826.0 331348.0 327737.0 322513.0
25 1.0 80.61288770173685 45.13767513954335 0.7288930644285694 0.44868061872349796 0.14451927236285547 -0.002842223935125832 -0.17417772483119906 -0.12492139897883654 1832.0 6007.0 13287.0 23112.0 34403.0 46064.0 57244.0 67389.0 76206.0 83592.0 89569.0 94235.0 97723.0 100180.0 101753.0 102580.0
26 1.0 124.32660505088496 35.92351084045525 0.7288930644285694 0.44868061872349796 0.14451927236285547 -0.002842223935125832 -0.17417772483119906 -0.12492139897883654 12679.0 35579.0 69683.0 109881.0 150793.0 188521.0 220904.0 247138.0 267289.0 281894.0 291690.0 297461.0 299947.0 299806.0 297605.0 293813.0
27 1.0 334.1092656476127 84.23380198876086 0.7288930644285694 0.44868061872349796 0.14451927236285547 -0.002842223935125832 -0.17417772483119906 -0.12492139897883654 13385.0 36901.0 71332.0 111374.0 151682.0 188507.0 219852.0 245045.0 264236.0 278003.0 287103.0 292317.0 294375.0 293920.0 291500.0 287571.0
28 1.0 253.5891846924718 88.99214213658229 0.7288930644285694 0.44868061872349796 0.14451927236285547 -0.002842223935125832 -0.17417772483119906 -0.12492139897883654 14083.0 38853.0 75099.0 117200.0 159513.0 198096.0 230863.0 257123.0 277050.0 291268.0 300582.0 305823.0 307761.0 307078.0 304350.0 300058.0
29 1.0 11.462014631270826 -8.672097119443265 0.7288930644285694 0.44868061872349796 0.14451927236285547 -0.002842223935125832 -0.17417772483119906 -0.12492139897883654 25056.0 54920.0 91069.0 127669.0 160751.0 188366.0 210001.0 225961.0 236934.0 243729.0 247136.0 247859.0 246503.0 243565.0 239448.0 234476.0
0 1.0 59.289896339248585 -77.2434399268425 0.7288930644285694 0.44868061872349796 0.14451927236285547 -0.002842223935125832 -0.17417772483119906 -0.12492139897883654 20557.0 54730.0 102883.0 156980.0 209693.0 256325.00000000003 294701.0 324391.0 345965.0 360450.0 369013.0 372780.0 372755.0 369797.0 364614.0 357782.0
1 1.0 223.73222453991488 -37.29707434070661 0.7288930644285694 0.44868061872349796 0.14451927236285547 -0.002842223935125832 -0.17417772483119906 -0.12492139897883654 2153.0 6018.0 11927.0 19172.0 26908.0 34442.0 41320.0 47299.0 52294.0 56322.0 59456.0 61797.0 63454.0 64534.99999999999 65139.0 65351.00000000001
2 1.0 207.80229189750034 -62.57615297620852 0.7288930644285694 0.44868061872349796 0.14451927236285547 -0.002842223935125832 -0.17417772483119906 -0.12492139897883654 7169.0 19503.0 37655.0 59065.0 81043.0 101604.0 119601.0 134553.0 146419.0 155410.0 161855.0 166124.0 168577.0 169545.0 169316.0 168138.0
3 1.0 85.64141569482311 -14.852452536717877 0.7288930644285694 0.44868061872349796 0.14451927236285547 -0.002842223935125832 -0.17417772483119906 -0.12492139897883654 9532.0 25679.0 49127.0 76427.0 104093.0 129637.0 151677.0 169690.0 183704.0 194045.0 201178.0 205601.0 207789.0 208173.0 207123.0 204953.0
4 1.0 336.3170392529258 -66.36792087481392 0.7288930644285694 0.44868061872349796 0.14451927236285547 -0.002842223935125832 -0.17417772483119906 -0.12492139897883654 19491.0 52272.0 98816.0 151443.0 203017.0 248887.0 286836.0 316368.0 337978.0 352636.0 361460.0 365539.0 365855.0 363246.0 358412.0 351921.0
5 1.0 221.02774414772256 18.741204723758756 0.7288930644285694 0.44868061872349796 0.14451927236285547 -0.002842223935125832 -0.17417772483119906 -0.12492139897883654 13433.0 31529.0 55018.0 80234.0 104246.0 125315.00000000001 142695.0 156294.0 166383.0 173398.0 177821.0 180118.0 180710.0 179957.0 178162.0 175574.0
6 1.0 192.827809088985 -21.094549351586267 0.7288930644285694 0.44868061872349796 0.14451927236285547 -0.002842223935125832 -0.17417772483119906 -0.12492139897883654 12831.0 28998.0 49256.0 70417.0 90122.0 107068.0 120775.0 131273.0 138859.0 143943.0 146951.0 148284.0 148293.0 147276.0 145479.0 143100.0
7 1.0 212.36759148764554 71.1694591718778 0.7288930644285694 0.44868061872349796 0.14451927236285547 -0.002842223935125832 -0.17417772483119906 -0.12492139897883654 20381.0 54805.0 103648.0 158745.0 212557.0 260216.0 299450.0 329796.0 351827.0 366597.0 375302.0 379098.0 379019.0 375945.0 370603.0 363584.0
8 1.0 262.8439306260371 84.20304092373033 0.7288930644285694 0.44868061872349796 0.14451927236285547 -0.002842223935125832 -0.17417772483119906 -0.12492139897883654 15588.0 42767.0 82247.0 127774.0 173199.0 214307.0 248933.0 276424.0 297042.0 311520.0 320764.0 325689.0 327141.0 325855.0 322451.0 317442.0
9 1.0 112.30019837265667 8.43928230049599 0.7288930644285694 0.44868061872349796 0.14451927236285547 -0.002842223935125832 -0.17417772483119906 -0.12492139897883654 11189.0 31253.999999999996 61136.0 96463.0 132595.0 166134.0 195157.0 218906.0 237380.0 251000.0 260373.00000000003 266159.0 268990.0 269438.0 267993.0 265074.0
10 1.0 143.35958239779308 -40.531757423832616 0.7288930644285694 0.44868061872349796 0.14451927236285547 -0.002842223935125832 -0.17417772483119906 -0.12492139897883654 22239.0 57110.0 104858.0 157442.0 207944.0 252125.0 288147.0 315774.0 335657.0 348834.0 356442.0 359560.0 359141.0 355995.0 350786.0 344055.0
11 1.0 75.54374963104397 16.601475377130626 0.7288930644285694 0.44868061872349796 0.14451927236285547 -0.002842223935125832 -0.17417772483119906 -0.12492139897883654 1635.0 5018.0 10625.0 17943.0 26157.0 34501.0 42404.0 49509.0 55638.0 60739.0 64844.0 68030.0 70396.0 72051.0 73098.0 73637.0
12 1.0 67.02948211692102 71.41700848039378 0.7288930644285694 0.44868061872349796 0.14451927236285547 -0.002842223935125832 -0.17417772483119906 -0.12492139897883654 6745.0 19415.0 38923.0 62687.00000000001 87685.0 111529.0 132742.0 150628.0 165029.0 176113.0 184214.0 189732.0 193071.0 194610.0 194687.0 193593.0
13 1.0 339.9740603942161 -16.787997749565307 0.7288930644285694 0.44868061872349796 0.14451927236285547 -0.002842223935125832 -0.17417772483119906 -0.12492139897883654 33273.0 80252.0 141039.0 205045.0 264201.0 314137.0 353391.0 382263.0 401923.0 413850.0 419524.0 420281.0 417262.0 411405.0 403468.0 394052.0
14 1.0 266.2382862177435 9.374089804554757 0.7288930644285694 0.44868061872349796 0.14451927236285547 -0.002842223935125832 -0.17417772483119906 -0.12492139897883654 6646.0 18740.0 37062.0 59132.0 82157.0 103979.0 123288.0 139482.0 152448.0 162362.0 169546.0 174377.0 177233.0 178464.0 178382.0 177256.0
15 1.0 176.56517110232414 -41.10250183089374 0.7288930644285694 0.44868061872349796 0.14451927236285547 -0.002842223935125832 -0.17417772483119906 -0.12492139897883654 14161.0 34976.0 63056.0 93980.0 123955.0 150594.0 172786.0 190294.0 203385.0 212570.0 218442.0 221584.0 222527.0 221731.0 219584.0 216407.0
16 1.0 81.86926607039636 -8.020053098995149 0.7288930644285694 0.44868061872349796 0.14451927236285547 -0.002842223935125832 -0.17417772483119906 -0.12492139897883654 6768.0 18516.0 35900.0 56498.0 77727.0 97661.0 115170.0 129768.0 141397.0 150246.0 156623.0 160880.0 163360.0 164381.0 164224.0 163129.0
17 1.0 91.56833343734147 -17.69156363167224 0.7288930644285694 0.44868061872349796 0.14451927236285547 -0.002842223935125832 -0.17417772483119906 -0.12492139897883654 11638.0 31302.999999999996 59684.0 92474.0 125421.0 155564.0 181322.0 202152.0 218161.0 229795.0 237644.0 242323.0 244411.0 244422.0 242793.0 239894.0
18 1.0 20.89049771659522 -45.28557628506522 0.7288930644285694 0.44868061872349796 0.14451927236285547 -0.002842223935125832 -0.17417772483119906 -0.12492139897883654 29355.0 70930.0 125031.0 182397.0 235843.0 281374.0 317555.0 344536.0 363271.0 375021.0 381074.0 382605.0 380632.0 375998.0 369388.0 361351.0
19 1.0 156.3899852009235 1.0559490885555078 0.7288930644285694 0.44868061872349796 0.14451927236285547 -0.002842223935125832 -0.17417772483119906 -0.12492139897883654 32439.999999999996 77812.0 136347.0 197925.0 254850.00000000003 302960.0 340852.0 368804.0 387925.0 399617.0 405292.0 406225.0 403506.0 398036.0 390541.0 381600.0
20 1.0 112.24651751787692 -34.13145132363395 0.7288930644285694 0.44868061872349796 0.14451927236285547 -0.002842223935125832 -0.17417772483119906 -0.12492139897883654 20432.0 54344.0 102094.0 155709.0 207934.0 254124.00000000003 292132.0 321536.0 342903.0 357254.0 365742.0 369483.0 369470.0 366554.0 361434.0 354682.0
21 1.0 250.6836559735654 -22.85372450146545 0.7288930644285694 0.44868061872349796 0.14451927236285547 -0.002842223935125832 -0.17417772483119906 -0.12492139897883654 1024.0 3295.0 7217.0 12494.0 18564.0 24862.0 30944.0 36521.0 41438.0 45637.0 49124.0 51942.0 54157.0 55839.0 57061.0 57889.0
22 1.0 135.99066214529313 4.494679605767573 0.7288930644285694 0.44868061872349796 0.14451927236285547 -0.002842223935125832 -0.17417772483119906 -0.12492139897883654 24449.0 63973.0 118601.0 178910.0 236717.0 287030.0 327726.0 358592.0 380452.0 394576.0 402326.0 404983.0 403669.0 399324.0 392718.0 384467.0
23 1.0 64.65732392146853 45.10710412721775 0.7288930644285694 0.44868061872349796 0.14451927236285547 -0.002842223935125832 -0.17417772483119906 -0.12492139897883654 1445.0 4614.0 10044.0 17301.0 25596.0 34138.0 42311.0 49718.0 56149.0 61530.0 65881.0 69276.0 71815.0 73608.0 74764.0 75383.0
24 1.0 8.884342220879242 -29.968656157570443 0.7288930644285694 0.44868061872349796 0.14451927236285547 -0.002842223935125832 -0.17417772483119906 -0.12492139897883654 32037.999999999996 73720.0 125997.0 180077.0 229581.0 271186.0 303861.0 327938.0 344410.0 354495.0 359402.0 360221.0 357886.0 353165.0 346682.0 338933.0
25 1.0 24.20986732676949 76.34857799173744 0.7288930644285694 0.44868061872349796 0.14451927236285547 -0.002842223935125832 -0.17417772483119906 -0.12492139897883654 9468.0 26416.0 51685.0 81626.0 112350.0 140982.0 165879.0 186374.0 202438.0 214400.0 222758.0 228055.0 230818.0 231525.0 230592.0 228371.0
26 1.0 244.58139845948423 65.21733843046243 0.7288930644285694 0.44868061872349796 0.14451927236285547 -0.002842223935125832 -0.17417772483119906 -0.12492139897883654 20318.0 54500.0 102918.0 157484.0 210754.0 257932.0 296779.0 326842.0 348686.0 363350.0 372016.0 375823.0 375793.0 372795.0 367547.0 360633.0
27 1.0 163.33086404017632 -81.23574672440486 0.7288930644285694 0.44868061872349796 0.14451927236285547 -0.002842223935125832 -0.17417772483119906 -0.12492139897883654 14759.0 39660.0 75348.0 116200.0 156812.0 193523.0 224470.0 249098.0 267650.0 280768.0 289248.0 293894.0 295446.0 294550.0 291753.0 287505.0
28 1.0 193.16851599914 -44.3443456337719 0.7288930644285694 0.44868061872349796 0.14451927236285547 -0.002842223935125832 -0.17417772483119906 -0.12492139897883654 8364.0 21213.0 39078.0 59297.0 79400.0 97713.0 113367.0 126078.0 135922.0 143169.0 148167.0 151277.0 152836.0 153146.0 152466.0 151011.0
29 1.0 322.80166549452315 -9.695607721343649 0.7288930644285694 0.44868061872349796 0.14451927236285547 -0.002842223935125832 -0.17417772483119906 -0.12492139897883654 26252.0 67836.0 124638.0 186764.0 245848.0 296906.0 337915.0 368776.0 390415.0 404179.0 411491.0 413670.0 411866.0 407036.0 399961.0 391263.0
0 1.0 356.52202106281356 -71.16698002635466 0.7288930644285694 0.44868061872349796 0.14451927236285547 -0.002842223935125832 -0.17417772483119906 -0.12492139897883654 21022.0 55949.0 105124.0 160309.0 214010.0 261440.99999999997 300400.0 330468.0 352245.0 366795.0 375318.0 378968.0 378773.0 375610.0 370201.0 363133.0
1 1.0 78.08291438345061 -27.274321973970522 0.7288930644285694 0.44868061872349796 0.14451927236285547 -0.002842223935125832 -0.17417772483119906 -0.12492139897883654 13496.0 35186.0 65662.0 100162.0 134264.0 165020.0 190949.0 211623.0 227250.0 238358.0 245601.0 249638.0 251077.0 250452.99999999997 248220.0 244753.0
2 1.0 238.70815311603627 43.21755461118286 0.7288930644285694 0.44868061872349796 0.14451927236285547 -0.002842223935125832 -0.17417772483119906 -0.12492139897883654 18331.0 47125.0 86864.0 131075.0 174030.0 212095.0 243585.0 268160.0 286247.0 298638.0 306236.0 309922.0 310488.0 308615.0 304872.0 299724.0
3 1.0 94.79605562537424 32.49260660570866 0.7288930644285694 0.44868061872349796 0.14451927236285547 -0.002842223935125832 -0.17417772483119906 -0.12492139897883654 2831.0 9058.0 19635.0 33583.0 49263.0 65115.00000000001 79992.0 93203.0 104426.0 113599.0 120816.0 126260.00000000001 130144.00000000001 132693.0 134116.0 134606.0
4 1.0 7.434359807662325 22.02919714188087 0.7288930644285694 0.44868061872349796 0.14451927236285547 -0.002842223935125832 -0.17417772483119906 -0.12492139897883654 13687.0 31551.000000000004 54361.0 78537.0 101315.0 121112.0 137296.0 149841.0 159047.0 165356.0 169242.0 171152.0 171486.0 170583.0 168727.0 166149.0
5 1.0 273.01631538101094 37.895112490022214 0.7288930644285694 0.44868061872349796 0.14451927236285547 -0.002842223935125832 -0.17417772483119906 -0.12492139897883654 16145.0 43681.0 83222.0 128435.0 173251.0 213589.0 247403.0 274125.0 294067.0 307982.0 316779.0 321369.0 322584.0 321145.0 317660.0 312627.0
6 1.0 115.20617429608842 -53.113736347253685 0.7288930644285694 0.44868061872349796 0.14451927236285547 -0.002842223935125832 -0.17417772483119906 -0.12492139897883654 21498.0 56975.0 106718.0 162355.0 216342.0 263906.0 302877.0 332878.0 354538.0 368946.0 377316.0 380813.0 380471.0 377170.0 371634.0 364450.0
7 1.0 138.04700190188328 -28.494339324348218 0.7288930644285694 0.44868061872349796 0.14451927236285547 -0.002842223935125832 -0.17417772483119906 -0.12492139897883654 24515.0 63155.0 115997.0 173986.0 229395.0 277560.0 316525.0 346116.0 367125.0 380759.0 388308.0 390988.0 389861.0 385822.0 379602.0 371790.0
8 1.0 211.79416087929806 31.723646809943318 0.7288930644285694 0.44868061872349796 0.14451927236285547 -0.002842223935125832 -0.17417772483119906 -0.12492139897883654 21884.0 51571.0 89897.0 130619.00000000001 168872.0 201881.0 228567.0 248931.0 263542.0 273206.0 278770.0 281028.0 280679.0 278311.0 274411.0 269372.0
9 1.0 299.17744388502854 68.26225734563889 0.7288930644285694 0.44868061872349796 0.14451927236285547 -0.002842223935125832 -0.17417772483119906 -0.12492139897883654 17105.0 46542.0 88909.0 137355.0 185311.0 228374.0 264358.0 292674.0 313686.0 328224.0 337283.0 341852.0 342832.0 341000.0 337010.0 331394.0
10 1.0 226.43346369281355 7.86204968905713 0.7288930644285694 0.44868061872349796 0.14451927236285547 -0.002842223935125832 -0.17417772483119906 -0.12492139897883654 7640.0 18279.0 32398.000000000004 47866.0 62878.0 76294.0 87569.0 96577.0 103433.0 108376.0 111685.0 113641.0 114501.0 114489.0 113795.0 112576.0
11 1.0 314.1542359610623 -39.11406282980341 0.7288930644285694 0.44868061872349796 0.14451927236285547 -0.002842223935125832 -0.17417772483119906 -0.12492139897883654 17149.0 46797.0 89625.0 138756.0 187522.0 231415.0 268166.0 297142.0 318686.0 333628.0 342975.0 347730.0 348810.0 347011.0 342997.0 337317.0
12 1.0 98.47513253362888 -84.55765355892314 0.7288930644285694 0.44868061872349796 0.14451927236285547 -0.002842223935125832 -0.17417772483119906 -0.12492139897883654 17290.0 46384.0 87838.0 134949.0 181409.0 223038.0 257782.0 285111.0 305393.0 319433.0 328193.0 332624.0 333593.0 331846.0 328012.0 322605.0
13 1.0 287.29686020852296 37.8606292153584 0.7288930644285694 0.44868061872349796 0.14451927236285547 -0.002842223935125832 -0.17417772483119906 -0.12492139897883654 17669.0 48074.0 91785.0 141691.0 190997.0 235175.0 271992.0 300872.0 322214.0 336893.0 345948.0 350405.0 351196.0 349125.0 344861.0 338953.0
14 1.0 66.8289399501428 -88.58086136848073 0.7288930644285694 0.44868061872349796 0.14451927236285547 -0.002842223935125832 -0.17417772483119906 -0.12492139897883654 16222.0 43703.0 83064.0 128022.0 172579.0 212705.0 246377.0 273027.0 292958.0 306906.0 315767.0 320439.0 321745.0 320399.0 317003.0 312054.0
15 1.0 343.0049965099 -22.9177674322208 0.7288930644285694 0.44868061872349796 0.14451927236285547 -0.002842223935125832 -0.17417772483119906 -0.12492139897883654 33769.0 81340.0 142798.0 207419.0 267064.0 317344.0 356810.0 385784.0 405465.0 417352.0 422944.0 423592.0 420446.0 414455.0 406379.0 396824.0
16 1.0 247.4957794996135 5.496698621300723 0.7288930644285694 0.44868061872349796 0.14451927236285547 -0.002842223935125832 -0.17417772483119906 -0.12492139897883654 4256.0 11739.0 22966.0 36463.0 50577.0 64027.0 76024.0 86198.0 94465.0 100916.0 105731.0 109124.0 111315.0 112508.0 112886.0 112606.0
17 1.0 77.58276376088104 75.98006311809476 0.7288930644285694 0.44868061872349796 0.14451927236285547 -0.002842223935125832 -0.17417772483119906 -0.12492139897883654 8593.0 24430.0 48462.0 77347.0 107346.0 135602.0 160410.0 181022.0 197334.0 209617.0 218325.0 223973.0 227074.0 228094.0 227447.0 225484.0
18 1.0 341.0534125760127 -73.89098189407798 0.7288930644285694 0.44868061872349796 0.14451927236285547 -0.002842223935125832 -0.17417772483119906 -0.12492139897883654 18408.0 49514.0 93858.0 144206.0 193757.0 238029.0 274842.0 303662.0 324913.0 339490.0 348438.0 352791.0 353482.0 351314.0 346958.0 340963.0
19 1.0 263.1080904372568 -16.930382045708924 0.7288930644285694 0.44868061872349796 0.14451927236285547 -0.002842223935125832 -0.17417772483119906 -0.12492139897883654 1832.0 5839.0 12671.0 21744.0 32037.999999999996 42557.0 52551.0 61550.0 69323.0 75803.0 81033.0 85111.0 88167.0 90336.0 91748.0 92526.0
20 1.0 91.4189913342093 -85.6236240521716 0.7288930644285694 0.44868061872349796 0.14451927236285547 -0.002842223935125832 -0.17417772483119906 -0.12492139897883654 17105.0 45927.0 87035.0 133795.0 179950.0 221342.0 255919.99999999997 283147.0 303377.0 317406.0 326186.0 330657.0 331680.0 329998.0 326233.0 320899.0
21 1.0 76.79231185229351 -28.33002281851374 0.7288930644285694 0.44868061872349796 0.14451927236285547 -0.002842223935125832 -0.17417772483119906 -0.12492139897883654 13887.0 36075.0 67144.0 102220.0 136810.0 167941.0 194132.0 214970.0 230682.0 241815.0 249036.0 253017.0 254379.00000000003 253661.00000000003 251324.0 247747.0
22 1.0 186.55225701503878 22.00159059116308 0.7288930644285694 0.44868061872349796 0.14451927236285547 -0.002842223935125832 -0.17417772483119906 -0.12492139897883654 30727.0 69639.0 117959.0 167669.0 213043.0 251132.00000000003 281050.0 303125.0 318269.0 327594.0 332198.0 333071.0 331059.0 326861.0 321042.0 314054.0
23 1.0 9.238578499631366 -39.767769318852295 0.7288930644285694 0.44868061872349796 0.14451927236285547 -0.002842223935125832 -0.17417772483119906 -0.12492139897883654 31916.0 75913.0 132392.0 191659.0 246399.0 292666.0 329139.0 356089.0 374576.0 385938.0 391521.0 392544.0 390048.0 384895.0 377784.0 369266.0
24 1.0 74.68922715879938 -52.245009061985684 0.7288930644285694 0.44868061872349796 0.14451927236285547 -0.002842223935125832 -0.17417772483119906 -0.12492139897883654 21893.0 56913.0 105306.0 158921.0 210621.0 255977.99999999997 293034.0 321501.0 342016.0 355634.0 363518.0 366776.0 366390.0 363193.0 357873.0 350984.0
25 1.0 152.88676875054225 -69.17341800112314 0.7288930644285694 0.44868061872349796 0.14451927236285547 -0.002842223935125832 -0.17417772483119906 -0.12492139897883654 15942.999999999998 42235.0 79433.0 121585.0 163145.0 200440.0 231661.0 256327.00000000003 274747.0 287619.0 295780.0 300064.0 301234.0 299951.0 296772.0 292156.0
26 1.0 134.7011929203212 13.88524392366152 0.7288930644285694 0.44868061872349796 0.14451927236285547 -0.002842223935125832 -0.17417772483119906 -0.12492139897883654 22281.0 59074.0 110602.0 168116.0 223779.0 272667.0 312576.0 343160.0 365108.0 379573.0 387830.0 391093.0 390436.0 386768.0 380836.0 373241.0
27 1.0 166.88715277133184 35.14860106284348 0.7288930644285694 0.44868061872349796 0.14451927236285547 -0.002842223935125832 -0.17417772483119906 -0.12492139897883654 31686.0 77968.0 138744.0 203369.0 263509.0 314542.0 354835.0 384601.0 404981.0 417456.0 423524.0 424546.0 421687.0 415908.0 407986.0 398535.0
28 1.0 99.94633426610349 30.95228530724802 0.7288930644285694 0.44868061872349796 0.14451927236285547 -0.002842223935125832 -0.17417772483119906 -0.12492139897883654 3934.0 12202.0 25843.0 43412.0 62782.00000000001 82040.0 99848.0 115441.0 128503.0 139016.0 147136.0 153111.0 157221.0 159747.0 160950.0 161066.0
29 1.0 211.24236472494076 80.79498372969132 0.7288930644285694 0.44868061872349796 0.14451927236285547 -0.002842223935125832 -0.17417772483119906 -0.12492139897883654 17064.0 46630.0 89334.0 138292.0 186847.0 230511.0 267041.0 295818.0 317197.0 332010.0 341262.0 345955.0 347001.0 345189.0 341182.0 335523.0
0 1.0 310.9880181323633 -89.51342149916951 0.7288930644285694 0.44868061872349796 0.14451927236285547 -0.002842223935125832 -0.17417772483119906 -0.12492139897883654 15563.0 42018.0 80019.0 123545.0 166805.0 205877.0 238771.0 264901.0 284533.0 298362.0 307241.0 312034.0 313533.0 312430.0 309310.0 304655.0
1 1.0 42.31146814633191 26.49539770092649 0.7288930644285694 0.44868061872349796 0.14451927236285547 -0.002842223935125832 -0.17417772483119906 -0.12492139897883654 2225.0 5861.0 11158.0 17428.0 23940.0 30133.0 35659.0 40354.0 44179.0 47172.0 49415.0 51006.0 52048.0 52635.0 52853.0 52777.0
2 1.0 186.2564785754811 18.070602677575124 0.7288930644285694 0.44868061872349796 0.14451927236285547 -0.002842223935125832 -0.17417772483119906 -0.12492139897883654 30075.0 67537.0 113740.0 161068.0 204147.0 240240.0 268549.0 289408.0 303695.0 312471.0 316779.0 317558.0 315609.0 311595.0 306051.0 299403.0
3 1.0 47.54451828425519 15.973129794651868 0.7288930644285694 0.44868061872349796 0.14451927236285547 -0.002842223935125832 -0.17417772483119906 -0.12492139897883654 2518.0 6417.0 11919.0 18265.0 24722.0 30765.0 36090.0 40567.0 44182.0 46988.0 49072.0 50533.0 51471.0 51978.0 52136.0 52016.0
4 1.0 258.06948522933374 83.29865757124364 0.7288930644285694 0.44868061872349796 0.14451927236285547 -0.002842223935125832 -0.17417772483119906 -0.12492139897883654 15958.0 43733.0 84018.0 130398.99999999999 176599.0 218335.0 253419.99999999997 281212.0 301997.0 316533.0 325753.0 330596.0 331922.0 330483.0 326909.0 321720.0
5 1.0 142.58149301062573 -86.96309879339286 0.7288930644285694 0.44868061872349796 0.14451927236285547 -0.002842223935125832 -0.17417772483119906 -0.12492139897883654 15725.0 42344.0 80488.0 124095.0 167362.0 206382.0 239186.0 265207.0 284727.0 298448.0 307231.0 311941.0 313371.0 312212.0 309048.0 304360.0
6 1.0 203.55167226906323 35.36683752626102 0.7288930644285694 0.44868061872349796 0.14451927236285547 -0.002842223935125832 -0.17417772483119906 -0.12492139897883654 25823.0 60987.0 106262.0 154137.0 198826.0 237095.0 267748.0 290862.0 307172.0 317677.0 323407.0 325319.0 324243.0 320875.0 315787.0 309438.0
7 1.0 65.9807410370683 56.462156946335426 0.7288930644285694 0.44868061872349796 0.14451927236285547 -0.002842223935125832 -0.17417772483119906 -0.12492139897883654 2911.0 8875.0 18628.0 31152.0 44970.0 58755.0 71572.0 82875.0 92428.0 100204.0 106298.0 110873.0 114117.0 116221.0 117367.0 117718.0
8 1.0 52.1451933636158 1.7652953918851466 0.7288930644285694 0.44868061872349796 0.14451927236285547 -0.002842223935125832 -0.17417772483119906 -0.12492139897883654 4265.0 10655.0 19498.0 29526.0 39553.0 48762.0 56709.0 63234.0 68356.0 72193.0 74909.0 76677.0 77663.0 78016.0 77866.0 77321.0
9 1.0 175.70026103362363 -29.886323472574354 0.7288930644285694 0.44868061872349796 0.14451927236285547 -0.002842223935125832 -0.17417772483119906 -0.12492139897883654 17537.0 41544.0 72781.0 106244.0 137947.0 165556.0 188110.0 205539.0 218256.0 226885.0 232101.0 234543.0 234778.0 233292.0 230485.0 226685.0
10 1.0 128.020585625984 52.35122938093289 0.7288930644285694 0.44868061872349796 0.14451927236285547 -0.002842223935125832 -0.17417772483119906 -0.12492139897883654 12651.0 35535.0 69630.0 109825.0 150736.0 188458.0 220830.0 247048.0 267179.0 281760.0 291532.0 297279.0 299741.0 299579.0 297358.0 293550.0
11 1.0 338.5555002910127 -72.49627338616357 0.7288930644285694 0.44868061872349796 0.14451927236285547 -0.002842223935125832 -0.17417772483119906 -0.12492139897883654 18421.0 49569.0 93985.0 144425.0 194074.0 238438.0 275332.0 304214.0 325513.0 340122.0 349090.0 353452.0 354143.0 351969.0 347603.0 341594.0
12 1.0 275.5170913705075 -10.43358520861345 0.7288930644285694 0.44868061872349796 0.14451927236285547 -0.002842223935125832 -0.17417772483119906 -0.12492139897883654 4360.0 13116.0 27197.0 44989.0 64302.0 83254.0 100571.0 115564.0 127983.99999999999 137863.0 145395.0 150848.0 154514.0 156676.0 157595.0 157499.0
13 1.0 269.51890314619703 3.5914274227508827 0.7288930644285694 0.44868061872349796 0.14451927236285547 -0.002842223935125832 -0.17417772483119906 -0.12492139897883654 5773.0 16586.0 33263.0 53645.0 75170.0 95794.0 114226.0 129839.00000000001 142473.0 152254.0 159457.0 164419.0 167489.0 168992.0 169220.0 168426.0
14 1.0 325.33910630853603 34.91215396821855 0.7288930644285694 0.44868061872349796 0.14451927236285547 -0.002842223935125832 -0.17417772483119906 -0.12492139897883654 20654.0 53682.0 99423.0 150263.0 199473.0 242832.0 278434.0 305952.0 325946.0 339384.0 347347.0 350874.0 350891.0 348186.0 343414.0 337104.0
15 1.0 30.032076759126678 -73.6405682341663 0.7288930644285694 0.44868061872349796 0.14451927236285547 -0.002842223935125832 -0.17417772483119906 -0.12492139897883654 21906.0 58025.0 108623.0 165154.0 219943.0 268144.0 307574.0 337867.0 359679.0 374127.0 382454.0 385849.0 385364.0 381893.0 376170.0 368791.0
16 1.0 198.78928917206636 -49.00328972318503 0.7288930644285694 0.44868061872349796 0.14451927236285547 -0.002842223935125832 -0.17417772483119906 -0.12492139897883654 7012.0 18285.0 34350.0 52884.0 71611.0 88925.0 103937.0 116308.0 126051.0 133373.0 138570.0 141961.0 143853.0 144524.0 144216.0 143134.0
17 1.0 210.4113848240768 -16.14571871577739 0.7288930644285694 0.44868061872349796 0.14451927236285547 -0.002842223935125832 -0.17417772483119906 -0.12492139897883654 6933.0 15774.0 26855.0 38394.0 49077.0 58187.0 65475.00000000001 70975.0 74871.0 77406.0 78829.0 79371.0 79230.0 78573.0 77536.0 76226.0
18 1.0 346.2970962770024 22.193041143623518 0.7288930644285694 0.44868061872349796 0.14451927236285547 -0.002842223935125832 -0.17417772483119906 -0.12492139897883654 21564.0 51772.0 91332.0 133777.0 173928.0 208759.0 237042.0 258708.0 274315.0 284688.0 290712.0 293221.0 292953.0 290531.0 286474.0 281200.0
19 1.0 105.17310964531758 69.65294061913514 0.7288930644285694 0.44868061872349796 0.14451927236285547 -0.002842223935125832 -0.17417772483119906 -0.12492139897883654 8858.0 25373.0 50571.0 80957.0 112569.0 142364.0 168527.0 190259.0 207453.0 220398.0 229577.0 235538.0 238823.0 239924.0 239276.0 237248.0
20 1.0 86.69836076956085 21.388710283447764 0.7288930644285694 0.44868061872349796 0.14451927236285547 -0.002842223935125832 -0.17417772483119906 -0.12492139897883654 2146.0 6769.0 14587.0 24910.0 36577.0 48469.0 59746.0 69883.0 78619.0 85878.0 91703.0 96205.0 99530.0 101831.0 103258.0 103951.0
21 1.0 36.10581921557922 -65.9769352317118 0.7288930644285694 0.44868061872349796 0.14451927236285547 -0.002842223935125832 -0.17417772483119906 -0.12492139897883654 24326.0 63365.00000000001 117176.0 176513.0 233373.0 282878.0 322955.0 353392.0 374991.0 388991.0 396724.0 399443.0 398247.0 394058.0 387633.0 379577.0
22 1.0 5.9146666529307135 86.50442390171082 0.7288930644285694 0.44868061872349796 0.14451927236285547 -0.002842223935125832 -0.17417772483119906 -0.12492139897883654 12819.0 35473.0 68782.0 107665.0 146945.0 182954.0 213714.0 238532.0 257523.99999999997 271233.0 280379.0 285715.0 287948.0 287704.0 285515.0 281830.0
23 1.0 334.6305540451886 66.92143225598872 0.7288930644285694 0.44868061872349796 0.14451927236285547 -0.002842223935125832 -0.17417772483119906 -0.12492139897883654 13693.0 37132.0 71011.0 110058.0 149111.0 184611.0 214703.0 238796.0 257071.0 270112.0 278660.0 283476.0 285267.0 284653.0 282162.0 278233.0
24 1.0 241.16995677272763 0.4897370061583217 0.7288930644285694 0.44868061872349796 0.14451927236285547 -0.002842223935125832 -0.17417772483119906 -0.12492139897883654 3341.0 9090.0 17656.0 27934.0 38698.0 48990.0 58216.0 66083.0 72515.0 77570.0 81376.0 84091.0 85879.0 86897.0 87283.0 87160.0
25 1.0 282.6550483283296 76.02263672339393 0.7288930644285694 0.44868061872349796 0.14451927236285547 -0.002842223935125832 -0.17417772483119906 -0.12492139897883654 16910.0 46157.0 88366.0 136736.0 184697.0 227823.0 263902.0 292325.0 313439.0 328069.0 337205.0 341837.0 342866.0 341072.0 337109.0 331513.0
26 1.0 101.42283807142167 7.448542876284435 0.7288930644285694 0.44868061872349796 0.14451927236285547 -0.002842223935125832 -0.17417772483119906 -0.12492139897883654 7205.0 20592.0 41099.0 66003.0 92147.0 117049.0 139175.0 157804.0 172776.0 184266.0 192627.0 198280.0 201650.0 203137.0 203095.0 201832.0
27 1.0 211.1076598270776 76.19509222004936 0.7288930644285694 0.44868061872349796 0.14451927236285547 -0.002842223935125832 -0.17417772483119906 -0.12492139897883654 18685.0 50718.0 96624.0 148866.0 200306.0 246229.0 284347.0 314105.0 335962.0 350863.0 359913.0 364197.0 364694.0 362244.0 357547.0 351175.0
28 1.0 23.023895803553206 59.38152634860177 0.7288930644285694 0.44868061872349796 0.14451927236285547 -0.002842223935125832 -0.17417772483119906 -0.12492139897883654 6104.0 16970.0 33277.0 52807.0 73104.0 92290.0 109235.0 123432.0 134795.0 143487.0 149794.0 154048.0 156581.0 157696.0 157665.0 156720.0
29 1.0 174.82593453646425 84.29155385297352 0.7288930644285694 0.44868061872349796 0.14451927236285547 -0.002842223935125832 -0.17417772483119906 -0.12492139897883654 15009.0 41347.0 79782.0 124285.0 168854.0 209330.0 243546.0 270814.0 291358.0 305870.0 315225.0 320313.0 321960.0 320888.0 317706.0 312920.0
0 1.0 351.89825030800085 75.5609059400685 0.7288930644285694 0.44868061872349796 0.14451927236285547 -0.002842223935125832 -0.17417772483119906 -0.12492139897883654 11762.0 32356.999999999996 62569.0 97843.0 133537.0 166348.0 194475.0 217268.0 234805.0 247553.0 256149.00000000003 261262.0 263528.0 263511.0 261695.0 258488.0
1 1.0 315.54188831397266 -83.5139128628575 0.7288930644285694 0.44868061872349796 0.14451927236285547 -0.002842223935125832 -0.17417772483119906 -0.12492139897883654 15187.0 41189.0 78708.0 121843.0 164850.0 203805.0 236688.0 262882.0 282623.0 296583.0 305602.0 310532.0 312162.0 311180.0 308169.0 303613.0
2 1.0 121.73722266126443 -58.54103925103081 0.7288930644285694 0.44868061872349796 0.14451927236285547 -0.002842223935125832 -0.17417772483119906 -0.12492139897883654 20781.0 55001.0 102984.0 156699.0 208900.0 254984.0 292842.0 322084.0 343292.0 357498.0 365859.0 369492.0 369390.0 366400.0 361221.0 354421.0
3 1.0 346.16525563493946 -19.95575812178656 0.7288930644285694 0.44868061872349796 0.14451927236285547 -0.002842223935125832 -0.17417772483119906 -0.12492139897883654 34373.0 81367.0 141350.0 203957.0 261471.0 309808.0 347670.0 375423.0 394245.0 405588.0 410893.0 411457.0 408381.0 402573.0 394763.0 385530.0
4 1.0 83.41258552963363 81.38568551317573 0.7288930644285694 0.44868061872349796 0.14451927236285547 -0.002842223935125832 -0.17417772483119906 -0.12492139897883654 10692.0 29990.0 58808.0 92928.0 127853.0 160280.0 188338.0 211290.0 229138.0 242290.0 251338.99999999997 256926.0 259662.99999999997 260104.0 258724.0 255925.0
5 1.0 341.75477606964535 -35.99479449433267 0.7288930644285694 0.44868061872349796 0.14451927236285547 -0.002842223935125832 -0.17417772483119906 -0.12492139897883654 30916.0 77134.0 138405.0 203934.0 265135.0 317188.0 358350.0 388794.0 409662.0 422458.0 428709.0 429805.0 426938.0 421090.0 413055.0 403462.0
6 1.0 338.8959736943395 -61.11582410023181 0.7288930644285694 0.44868061872349796 0.14451927236285547 -0.002842223935125832 -0.17417772483119906 -0.12492139897883654 21550.0 57292.0 107523.0 163781.0 218411.0 266552.0 305993.0 336342.0 358236.0 372780.0 381206.0 384698.0 384306.0 380920.0 375277.0 367970.0
7 1.0 287.71293144686103 69.53483989558077 0.7288930644285694 0.44868061872349796 0.14451927236285547 -0.002842223935125832 -0.17417772483119906 -0.12492139897883654 17652.0 48052.0 91777.0 141712.0 191055.0 235268.0 272116.0 301018.0 322373.0 337057.0 346111.0 350562.0 351345.0 349261.0 344985.0 339064.0
8 1.0 226.9612572720448 -9.649005213023472 0.7288930644285694 0.44868061872349796 0.14451927236285547 -0.002842223935125832 -0.17417772483119906 -0.12492139897883654 3317.0 8222.0 14941.0 22497.0 30014.0 36907.0 42867.0 47791.0 51698.0 54677.0 56844.0 58326.0 59239.0 59691.0 59774.0 59566.0
9 1.0 314.7436679849809 73.41760698377868 0.7288930644285694 0.44868061872349796 0.14451927236285547 -0.002842223935125832 -0.17417772483119906 -0.12492139897883654 15186.0 41438.0 79440.0 123178.0 166778.0 206229.0 239477.0 265904.0 285767.0 299762.0 308751.0 313609.0 315137.0 314036.0 310898.0 306211.0
10 1.0 105.48730242280682 -61.15851606237421 0.7288930644285694 0.44868061872349796 0.14451927236285547 -0.002842223935125832 -0.17417772483119906 -0.12492139897883654 21323.0 56585.0 106083.0 161497.0 215309.0 262752.0 301653.0 331622.0 353281.0 367709.0 376113.0 379654.0 379362.0 376112.0 370628.0 363495.0
11 1.0 305.61967991265055 29.00115207145791 0.7288930644285694 0.44868061872349796 0.14451927236285547 -0.002842223935125832 -0.17417772483119906 -0.12492139897883654 19865.0 53563.0 101517.0 155750.0 208844.0 255977.0 294873.0 325041.0 347018.0 361826.0 370633.0 374576.0 374669.0 371783.0 366635.0 359810.0
12 1.0 222.43560909030856 -10.75252449069147 0.7288930644285694 0.44868061872349796 0.14451927236285547 -0.002842223935125832 -0.17417772483119906 -0.12492139897883654 4170.0 9956.0 17576.0 25846.0 33796.0 40836.0 46704.0 51362.0 54893.0 57441.0 59161.0 60207.0 60714.0 60799.0 60557.0 60067.0
13 1.0 4.765268793203816 -76.23238157454863 0.7288930644285694 0.44868061872349796 0.14451927236285547 -0.002842223935125832 -0.17417772483119906 -0.12492139897883654 19931.0 53251.0 100383.0 153512.0 205445.0 251526.00000000003 289567.0 319100.0 340653.0 355214.0 363919.0 367870.0 368055.0 365317.0 360359.0 353749.0
14 1.0 125.00406645559904 35.363366037450106 0.7288930644285694 0.44868061872349796 0.14451927236285547 -0.002842223935125832 -0.17417772483119906 -0.12492139897883654 13068.0 36571.0 71467.0 112491.0 154144.0 192468.0 225290.0 251819.00000000003 272143.0 286823.0 296621.0 302338.0 304729.0 304467.0 302124.0 298180.0
15 1.0 53.330709941339414 -45.46822400295233 0.7288930644285694 0.44868061872349796 0.14451927236285547 -0.002842223935125832 -0.17417772483119906 -0.12492139897883654 22505.0 56217.0 101497.0 150776.0 197755.0 238663.0 271915.0 297368.0 315655.0 327752.0 334711.0 337529.0 337083.0 334118.0 329246.0 322965.0
16 1.0 353.45858033457114 -82.86920593568681 0.7288930644285694 0.44868061872349796 0.14451927236285547 -0.002842223935125832 -0.17417772483119906 -0.12492139897883654 17261.0 46504.0 88319.0 135964.0 183038.0 225273.0 260560.0 288338.0 308970.0 323267.0 332202.0 336740.0 337759.0 336021.0 332161.0 326703.0
17 1.0 172.2133105343957 -79.21002631507682 0.7288930644285694 0.44868061872349796 0.14451927236285547 -0.002842223935125832 -0.17417772483119906 -0.12492139897883654 13978.0 37562.0 71418.0 110262.0 148985.0 184098.0 213799.0 237528.0 255487.00000000003 268266.0 276607.0 281267.0 282948.0 282265.0 279740.0 275807.0
18 1.0 179.06089157951857 -79.00586332797828 0.7288930644285694 0.44868061872349796 0.14451927236285547 -0.002842223935125832 -0.17417772483119906 -0.12492139897883654 13436.0 36160.0 68854.0 106453.0 144026.0 178183.0 207157.0 230380.0 248024.0 260644.0 268950.0 273667.0 275473.0 274963.0 272643.0 268934.0
19 1.0 230.2101059035405 73.39193234730709 0.7288930644285694 0.44868061872349796 0.14451927236285547 -0.002842223935125832 -0.17417772483119906 -0.12492139897883654 19415.0 52505.0 99734.0 153282.0 205824.0 252566.0 291221.0 321273.0 343230.0 358087.0 366990.0 371059.0 371296.0 368563.0 363571.0 356901.0
20 1.0 132.6904582066623 43.17910520923817 0.7288930644285694 0.44868061872349796 0.14451927236285547 -0.002842223935125832 -0.17417772483119906 -0.12492139897883654 15541.0 42866.0 82777.0 129003.0 175288.0 217300.0 252782.0 281025.0 302268.0 317239.0 326851.0 332037.0 333655.0 332458.0 329081.0 324048.0
21 1.0 49.284097806815616 71.6512242984723 0.7288930644285694 0.44868061872349796 0.14451927236285547 -0.002842223935125832 -0.17417772483119906 -0.12492139897883654 6946.0 19793.0 39403.0 63131.99999999999 87951.0 111502.0 132350.0 149836.0 163834.0 174534.0 182287.0 187499.0 190579.0 191907.0 191816.0 190595.0
22 1.0 295.9623839499284 31.064816033373845 0.7288930644285694 0.44868061872349796 0.14451927236285547 -0.002842223935125832 -0.17417772483119906 -0.12492139897883654 18196.0 49499.0 94460.0 145727.0 196302.0 241538.0 279163.0 308608.0 330302.0 345158.0 354254.0 358648.0 359300.0 357035.0 352541.0 346379.0
23 1.0 68.34524828499286 5.2091872255589635 0.7288930644285694 0.44868061872349796 0.14451927236285547 -0.002842223935125832 -0.17417772483119906 -0.12492139897883654 2740.0 7719.0 15365.0 24745.0 34736.0 44420.0 53199.0 60765.0 67017.0 71990.0 75791.0 78560.0 80445.0 81587.0 82117.0 82149.0
24 1.0 184.07483371672416 -35.19965441747191 0.7288930644285694 0.44868061872349796 0.14451927236285547 -0.002842223935125832 -0.17417772483119906 -0.12492139897883654 12679.0 30530.0 54204.0 80012.0 104872.0 126878.99999999999 145166.0 159570.0 170329.0 177878.0 182708.0 185302.0 186099.0 185476.0 183752.0 181187.0
25 1.0 80.75413043090613 89.63320523916121 0.7288930644285694 0.44868061872349796 0.14451927236285547 -0.002842223935125832 -0.17417772483119906 -0.12492139897883654 13557.0 37476.0 72564.0 113422.0 154586.0 192216.0 224260.0 250020.00000000003 269641.0 283714.0 293008.0 298323.0 300406.0 299915.0 297412.0 293365.0
26 1.0 35.22401441785226 -24.805969390909922 0.7288930644285694 0.44868061872349796 0.14451927236285547 -0.002842223935125832 -0.17417772483119906 -0.12492139897883654 19954.0 45821.0 78572.0 112943.0 144973.0 172461.0 194596.0 211429.0 223460.0 231373.0 235881.0 237647.0 237251.0 235185.0 231853.0 227581.0
27 1.0 310.388946271806 -5.28318914149628 0.7288930644285694 0.44868061872349796 0.14451927236285547 -0.002842223935125832 -0.17417772483119906 -0.12492139897883654 19683.0 53137.0 100809.0 154790.0 207696.0 254710.0 293546.0 323699.0 345694.0 360542.0 369402.0 373404.0 373560.0 370736.0 365650.0 358884.0
28 1.0 350.2510160483269 -21.915868513776886 0.7288930644285694 0.44868061872349796 0.14451927236285547 -0.002842223935125832 -0.17417772483119906 -0.12492139897883654 34592.0 81094.0 140044.0 201313.0 257448.99999999997 304544.0 341387.0 368367.0 386645.0 397643.0 402765.0 403274.0 400242.0 394551.0 386911.0 377885.0
29 1.0 345.90047690268005 86.31484728038254 0.7288930644285694 0.44868061872349796 0.14451927236285547 -0.002842223935125832 -0.17417772483119906 -0.12492139897883654 13212.0 36493.0 70649.0 110437.0 150550.0 187249.0 218534.0 243717.0 262936.0 276757.0 285926.0 291216.0 293354.0 292977.0 290633.0 286776.0
