idx D_km lam beta x1 y1 z1 x2 y2 z2 flux5 flux6 flux7 flux8 flux9 flux10 flux11 flux12 flux13 flux14 flux15 flux16 flux17 flux18 flux19 flux20
0 1.0 197.5728614138369 73.17998985981222 -0.8754476548321826 -0.2845545527026041 -0.05359199876530021 -0.039327353661178115 0.1915612383204012 0.15296508406096468 12962.0 35891.0 69273.0 107683.0 145812.0 180072.0 208668.0 231114.0 247702.0 259104.0 266129.0 269577.0 270174.0 268548.0 265221.0 260622.00000000003
1 1.0 257.468171894071 49.328519885754986 -0.8754476548321826 -0.2845545527026041 -0.05359199876530021 -0.039327353661178115 0.1915612383204012 0.15296508406096468 11130.0 30945.0 60038.0 93843.0 127762.99999999999 158598.0 184671.0 205449.0 221098.0 232146.0 239261.0 243126.0 244370.0 243544.0 241116.0 237470.0
2 1.0 216.99481538579178 -30.033872634844457 -0.8754476548321826 -0.2845545527026041 -0.05359199876530021 -0.039327353661178115 0.1915612383204012 0.15296508406096468 3861.0 10098.0 19059.0 29498.0 40159.0 50125.0 58865.0 66157.0 71977.0 76422.0 79644.0 81818.0 83113.0 83688.0 83682.0 83213.0
3 1.0 196.15794587888288 -75.40174980216058 -0.8754476548321826 -0.2845545527026041 -0.05359199876530021 -0.039327353661178115 0.1915612383204012 0.15296508406096468 7707.0 21578.0 42277.0 66790.0 91902.0 115247.0 135478.0 152058.0 164977.0 174520.0 181109.0 185199.0 187230.0 187599.0 186650.0 184671.0
4 1.0 152.5157277620057 -16.69658914551468 -0.8754476548321826 -0.2845545527026041 -0.05359199876530021 -0.039327353661178115 0.1915612383204012 0.15296508406096468 22689.0 53450.0 92768.0 133994.0 172125.0 204449.0 230041.0 249065.0 262229.0 270440.0 274616.0 275595.0 274094.0 270712.0 265934.0 260146.0
5 1.0 232.5218807039962 -48.19785440923031 -0.8754476548321826 -0.2845545527026041 -0.05359199876530021 -0.039327353661178115 0.1915612383204012 0.15296508406096468 3069.0 8933.0 18129.0 29552.0 41809.0 53743.0 64593.0 73959.0 81704.0 87861.0 92556.0 95958.0 98249.0 99604.0 100186.0 100136.0
6 1.0 157.5313960545693 -66.15222574356306 -0.8754476548321826 -0.2845545527026041 -0.05359199876530021 -0.039327353661178115 0.1915612383204012 0.15296508406096468 9695.0 26488.0 50936.0 79284.0 107784.0 133816.0 155987.0 173827.0 187440.0 197229.0 203725.0 207474.0 208989.0 208723.0 207062.0 204329.0
7 1.0 321.03828028154874 -80.38310727837145 -0.8754476548321826 -0.2845545527026041 -0.05359199876530021 -0.039327353661178115 0.1915612383204012 0.15296508406096468 10809.0 30200.0 58842.0 92302.0 126040.99999999999 156852.0 183024.0 203979.0 219849.0 231132.0 238480.0 242563.0 244005.0 243354.0 241077.0 237560.0
8 1.0 346.91859378037054 40.60698555790418 -0.8754476548321826 -0.2845545527026041 -0.05359199876530021 -0.039327353661178115 0.1915612383204012 0.15296508406096468 10736.0 27327.0 50272.0 75992.0 101248.0 123921.0 142967.0 158105.0 169510.0 177587.0 182823.0 185706.0 186687.0 186159.0 184455.0 181852.0
9 1.0 138.03894677727996 -87.94305744749441 -0.8754476548321826 -0.2845545527026041 -0.05359199876530021 -0.039327353661178115 0.1915612383204012 0.15296508406096468 10167.0 28396.0 55350.0 86896.0 118785.0 147996.0 172897.0 192922.0 208172.0 219099.0 226304.0 230410.0 232001.0 231591.0 229621.0 226454.0
10 1.0 285.02101370975925 48.70453473049972 -0.8754476548321826 -0.2845545527026041 -0.05359199876530021 -0.039327353661178115 0.1915612383204012 0.15296508406096468 10801.0 30606.0 60117.0 94748.0 129733.99999999999 161693.0 188814.0 210488.0 226853.0 238439.0 245930.0 250031.99999999997 251398.99999999997 250606.0 248138.0 244398.0
11 1.0 190.40217111104562 -63.549603827932486 -0.8754476548321826 -0.2845545527026041 -0.05359199876530021 -0.039327353661178115 0.1915612383204012 0.15296508406096468 7015.0 19268.0 37336.0 58594.0 80303.0 100463.0 117943.0 132292.0 143506.0 151828.0 157615.0 161255.0 163122.0 163554.0 162846.0 161243.0
12 1.0 204.49604199381562 -75.68602513438397 -0.8754476548321826 -0.2845545527026041 -0.05359199876530021 -0.039327353661178115 0.1915612383204012 0.15296508406096468 7470.0 20987.0 41234.0 65286.0 89994.0 113023.0 133030.0 149470.0 162318.0 171846.0 178459.0 182603.0 184709.0 185167.0 184313.0 182436.0
13 1.0 333.214789785358 -73.87145383705104 -0.8754476548321826 -0.2845545527026041 -0.05359199876530021 -0.039327353661178115 0.1915612383204012 0.15296508406096468 12648.0 34911.0 67321.0 104668.0 141829.0 175313.0 203356.0 225455.0 241868.0 253230.99999999997 260315.00000000003 263892.0 264665.0 263245.0 260141.0 255772.0
14 1.0 25.5729809512393 30.968605323704594 -0.8754476548321826 -0.2845545527026041 -0.05359199876530021 -0.039327353661178115 0.1915612383204012 0.15296508406096468 5366.0 13399.0 24466.0 36944.0 49345.0 60665.0 70380.0 78313.0 84504.0 89107.0 92328.0 94380.0 95467.0 95772.0 95452.0 94640.0
15 1.0 31.366547892554657 -45.83390222648794 -0.8754476548321826 -0.2845545527026041 -0.05359199876530021 -0.039327353661178115 0.1915612383204012 0.15296508406096468 20393.0 49279.0 87002.0 127193.0 164843.0 197115.0 222941.0 242368.0 256019.0 264748.0 269438.0 270906.0 269861.0 266898.0 262499.0 257052.99999999997
16 1.0 7.278623078517259 -14.302895997582283 -0.8754476548321826 -0.2845545527026041 -0.05359199876530021 -0.039327353661178115 0.1915612383204012 0.15296508406096468 27604.0 58693.0 94908.0 130301.0 161224.0 186153.0 204935.0 218122.0 226551.0 231105.0 232597.0 231728.0 229079.0 225119.0 220219.0 214670.0
17 1.0 299.74314439725765 10.326382438305046 -0.8754476548321826 -0.2845545527026041 -0.05359199876530021 -0.039327353661178115 0.1915612383204012 0.15296508406096468 12606.0 35064.0 67897.0 105803.0 143540.0 177534.0 205979.0 228365.0 244960.0 256417.0 263527.0 267079.0 267791.0 266283.0 263075.0 258593.00000000003
18 1.0 280.13643034194615 64.89921128918289 -0.8754476548321826 -0.2845545527026041 -0.05359199876530021 -0.039327353661178115 0.1915612383204012 0.15296508406096468 10627.0 30139.0 59244.0 93435.0 128012.99999999999 159635.0 186502.0 208003.0 224266.0 235807.0 243298.0 247432.0 248856.0 248135.0 245751.0 242101.0
19 1.0 313.2043733688549 40.8679672880391 -0.8754476548321826 -0.2845545527026041 -0.05359199876530021 -0.039327353661178115 0.1915612383204012 0.15296508406096468 12171.0 33256.0 63748.0 98770.0 133583.0 164971.0 191312.0 212139.0 227684.0 238529.0 245379.0 248946.0 249879.0 248741.0 246007.0 242067.0
20 1.0 352.30260320379506 -41.34097705703137 -0.8754476548321826 -0.2845545527026041 -0.05359199876530021 -0.039327353661178115 0.1915612383204012 0.15296508406096468 28260.0 66391.0 114636.0 164587.0 210123.0 248088.0 277559.0 298919.0 313171.0 321511.0 325111.0 325012.0 322094.0 317076.0 310534.0 302921.0
21 1.0 287.6970831180205 -66.33309612759703 -0.8754476548321826 -0.2845545527026041 -0.05359199876530021 -0.039327353661178115 0.1915612383204012 0.15296508406096468 7963.0 22905.0 45688.0 73066.0 101398.0 127922.00000000001 151023.0 170025.0 184874.0 195873.0 203487.0 208235.0 210618.0 211089.0 210044.0 207815.0
22 1.0 166.13257041105547 -80.03262232418437 -0.8754476548321826 -0.2845545527026041 -0.05359199876530021 -0.039327353661178115 0.1915612383204012 0.15296508406096468 9267.0 25834.0 50350.0 79109.0 108279.0 135113.0 158109.0 176723.0 191019.0 201383.0 208345.0 212458.0 214245.0 214172.0 212638.0 209974.0
23 1.0 280.99050346312396 -35.712245793430355 -0.8754476548321826 -0.2845545527026041 -0.05359199876530021 -0.039327353661178115 0.1915612383204012 0.15296508406096468 5185.0 15737.999999999998 32672.0 53902.0 76693.0 98756.0 118600.0 135468.0 149135.0 159707.0 167469.0 172783.0 176026.0 177554.0 177688.0 176707.0
24 1.0 42.57879331281596 -42.818733136857915 -0.8754476548321826 -0.2845545527026041 -0.05359199876530021 -0.039327353661178115 0.1915612383204012 0.15296508406096468 17431.0 42824.0 76544.0 112982.0 147556.0 177559.0 201885.0 220461.0 233775.0 242555.0 247576.0 249572.0 249186.0 246962.0 243347.0 238704.0
25 1.0 230.3715676779086 -7.894697975913658 -0.8754476548321826 -0.2845545527026041 -0.05359199876530021 -0.039327353661178115 0.1915612383204012 0.15296508406096468 3970.9999999999995 10420.0 19714.0 30566.0 41667.0 52057.0 61177.0 68790.0 74870.0 79514.0 82881.0 85152.0 86505.0 87105.0 87096.0 86603.0
26 1.0 51.607183467256704 32.990640398582485 -0.8754476548321826 -0.2845545527026041 -0.05359199876530021 -0.039327353661178115 0.1915612383204012 0.15296508406096468 2421.0 6991.0 14138.0 23017.0 32564.000000000004 41890.0 50402.0 57783.0 63916.0 68819.0 72583.0 75335.0 77213.0 78354.0 78882.0 78910.0
27 1.0 340.0808101378502 35.21258021499429 -0.8754476548321826 -0.2845545527026041 -0.05359199876530021 -0.039327353661178115 0.1915612383204012 0.15296508406096468 13124.0 32876.0 59738.0 89414.0 118172.0 143660.0 164789.0 181339.0 193586.0 202048.0 207313.0 209960.0 210511.0 209415.0 207051.0 203727.0
28 1.0 187.8653958300258 -38.96660761521 -0.8754476548321826 -0.2845545527026041 -0.05359199876530021 -0.039327353661178115 0.1915612383204012 0.15296508406096468 8641.0 21321.0 38499.0 57533.0 76115.0 92761.0 106750.0 117900.0 126346.99999999999 132385.0 136364.0 138636.0 139523.0 139309.0 138232.0 136492.0
29 1.0 149.2782983965885 -21.61314793797831 -0.8754476548321826 -0.2845545527026041 -0.05359199876530021 -0.039327353661178115 0.1915612383204012 0.15296508406096468 20576.0 49702.0 87721.0 128204.00000000001 166105.0 198573.0 224538.0 244053.0 257751.0 266493.0 271173.0 272612.0 271527.0 268515.0 264061.0 258558.0
0 1.0 95.24002035766571 -57.39282688735745 -0.8754476548321826 -0.2845545527026041 -0.05359199876530021 -0.039327353661178115 0.1915612383204012 0.15296508406096468 12877.0 35415.0 68104.0 105662.0 142942.0 176463.0 204484.0 226523.0 242857.0 254133.0 261129.99999999997 264624.0 265322.0 263832.0 260666.99999999997 256243.0
1 1.0 278.724128196318 51.93819221517336 -0.8754476548321826 -0.2845545527026041 -0.05359199876530021 -0.039327353661178115 0.1915612383204012 0.15296508406096468 10804.0 30598.0 60079.0 94665.0 129600.0 161507.0 188582.0 210217.0 226553.0 238117.0 245593.0 249687.0 251050.0 250257.0 247793.0 244059.0
2 1.0 164.21411959795748 -79.76734624201674 -0.8754476548321826 -0.2845545527026041 -0.05359199876530021 -0.039327353661178115 0.1915612383204012 0.15296508406096468 9318.0 25962.0 50579.0 79443.0 108706.0 135613.0 158661.0 177308.0 191620.0 201989.0 208945.0 213045.0 214816.0 214723.0 213167.0 210481.0
3 1.0 204.63622159271347 35.459503510497726 -0.8754476548321826 -0.2845545527026041 -0.05359199876530021 -0.039327353661178115 0.1915612383204012 0.15296508406096468 20836.0 48217.0 82878.0 119084.0 152568.0 181018.0 203642.0 220573.0 232410.0 239926.0 243907.0 245070.0 244038.0 241328.0 237363.0 232481.0
4 1.0 6.764328157087851 50.1651712693986 -0.8754476548321826 -0.2845545527026041 -0.05359199876530021 -0.039327353661178115 0.1915612383204012 0.15296508406096468 6368.0 17160.0 32901.0 51325.0 70104.0 87547.0 102693.0 115161.0 124942.0 132241.0 137357.0 140619.0 142348.0 142830.0 142317.0 141022.0
5 1.0 222.34877894731574 49.93336113277556 -0.8754476548321826 -0.2845545527026041 -0.05359199876530021 -0.039327353661178115 0.1915612383204012 0.15296508406096468 15477.0 39728.0 73089.0 110051.0 145791.0 177287.0 203176.0 223220.0 237821.0 247671.0 253548.0 256199.0 256292.00000000003 254399.0 250992.0 246457.0
6 1.0 220.3544601800717 -43.303938417836115 -0.8754476548321826 -0.2845545527026041 -0.05359199876530021 -0.039327353661178115 0.1915612383204012 0.15296508406096468 3410.0 9526.0 18793.0 30011.0 41809.0 53105.0 63218.0 71820.0 78821.0 84287.0 88361.0 91220.0 93047.0 94016.0 94283.0 93985.0
7 1.0 222.0962388749125 -22.713635172138936 -0.8754476548321826 -0.2845545527026041 -0.05359199876530021 -0.039327353661178115 0.1915612383204012 0.15296508406096468 3623.0 9457.0 17832.0 27588.0 37557.0 46887.0 55086.0 61944.0 67438.0 71656.0 74737.0 76840.0 78123.0 78730.0 78791.0 78414.0
8 1.0 339.7493082652647 15.76793433535002 -0.8754476548321826 -0.2845545527026041 -0.05359199876530021 -0.039327353661178115 0.1915612383204012 0.15296508406096468 21293.0 49239.0 84573.0 121439.0 155488.0 184379.0 207317.0 224450.0 236395.0 243946.0 247906.0 249008.0 247884.0 245063.0 240973.0 235959.0
9 1.0 245.45530767725404 -40.892057563595934 -0.8754476548321826 -0.2845545527026041 -0.05359199876530021 -0.039327353661178115 0.1915612383204012 0.15296508406096468 2418.0 7308.0 15252.0 25409.0 36581.0 47697.0 58006.0 67074.0 74715.0 80911.0 85745.0 89350.0 91885.0 93505.0 94359.0 94581.0
10 1.0 129.42284420656296 -23.246496140780025 -0.8754476548321826 -0.2845545527026041 -0.05359199876530021 -0.039327353661178115 0.1915612383204012 0.15296508406096468 16528.0 43539.0 81199.0 123133.0 163675.0 199277.0 228358.0 250672.0 266718.0 277329.0 283427.0 285889.0 285492.0 282896.0 278643.0 273169.0
11 1.0 157.33150336776293 -54.530229566584865 -0.8754476548321826 -0.2845545527026041 -0.05359199876530021 -0.039327353661178115 0.1915612383204012 0.15296508406096468 10798.0 28655.0 54041.0 82968.0 111656.0 137561.0 159395.0 176779.0 189886.0 199168.0 205182.0 208492.0 209618.0 209014.0 207065.0 204087.0
12 1.0 251.14723053381536 -7.225940923918671 -0.8754476548321826 -0.2845545527026041 -0.05359199876530021 -0.039327353661178115 0.1915612383204012 0.15296508406096468 3137.0 9199.0 18752.0 30648.0 43428.0 55872.0 67177.0 76922.0 84967.0 91345.0 96193.0 99690.0 102027.0 103390.0 103950.0 103854.0
13 1.0 21.68116978653714 -81.96978577425946 -0.8754476548321826 -0.2845545527026041 -0.05359199876530021 -0.039327353661178115 0.1915612383204012 0.15296508406096468 12168.0 33654.0 65022.0 101275.0 137459.0 170172.0 197668.0 219428.0 235675.0 247007.0 254160.0 257877.00000000003 258838.0 257635.0 254766.0 250639.0
14 1.0 240.03601756044037 53.96325922271123 -0.8754476548321826 -0.2845545527026041 -0.05359199876530021 -0.039327353661178115 0.1915612383204012 0.15296508406096468 12837.0 34735.0 66138.0 101975.0 137411.0 169216.0 195789.0 216705.0 232234.0 242989.0 249703.0 253104.0 253855.0 252529.0 249607.0 245483.0
15 1.0 241.4296330625374 -76.1478395424061 -0.8754476548321826 -0.2845545527026041 -0.05359199876530021 -0.039327353661178115 0.1915612383204012 0.15296508406096468 7094.0 20205.0 40087.0 63935.00000000001 88629.0 111806.0 132075.0 148845.0 162054.0 171945.0 178908.0 183376.0 185775.0 186490.0 185860.0 184171.0
16 1.0 75.73772198658273 3.3903267896746883 -0.8754476548321826 -0.2845545527026041 -0.05359199876530021 -0.039327353661178115 0.1915612383204012 0.15296508406096468 4232.0 12071.0 24101.0 38766.0 54235.0 69054.0 82308.0 93550.0 102664.0 109737.0 114961.0 118576.0 120826.0 121944.0 122138.0 121589.0
17 1.0 46.41346715574719 -34.7741820818647 -0.8754476548321826 -0.2845545527026041 -0.05359199876530021 -0.039327353661178115 0.1915612383204012 0.15296508406096468 15189.0 37069.0 66103.0 97559.0 127545.99999999999 153733.0 175133.0 191638.0 203627.0 211695.0 216488.0 218626.0 218656.0 217048.0 214189.0 210396.0
18 1.0 113.55420633270619 13.957730789647584 -0.8754476548321826 -0.2845545527026041 -0.05359199876530021 -0.039327353661178115 0.1915612383204012 0.15296508406096468 10317.0 29135.0 57204.0 90245.0 123766.0 154535.0 180792.0 201910.0 217981.0 229479.0 237036.0 241315.0 242934.0 242442.0 240304.0 236907.0
19 1.0 130.93587753934415 82.69800135001651 -0.8754476548321826 -0.2845545527026041 -0.05359199876530021 -0.039327353661178115 0.1915612383204012 0.15296508406096468 8882.0 25556.0 50852.0 81044.0 112043.0 140818.0 165648.0 185860.0 201460.0 212830.0 220519.0 225115.0 227181.0 227220.0 225665.0 222877.0
20 1.0 205.27083735043666 26.20264400208069 -0.8754476548321826 -0.2845545527026041 -0.05359199876530021 -0.039327353661178115 0.1915612383204012 0.15296508406096468 20010.0 44894.0 75599.0 107113.0 135895.0 160126.0 179254.0 193474.0 203342.0 209539.0 212744.0 213570.0 212545.0 210107.0 206613.0 202350.0
21 1.0 157.89654484643532 -83.63476156401164 -0.8754476548321826 -0.2845545527026041 -0.05359199876530021 -0.039327353661178115 0.1915612383204012 0.15296508406096468 9704.0 27085.0 52801.0 82942.0 113469.0 141501.0 165469.0 184816.0 199618.0 210293.0 217403.0 221534.0 223240.0 223012.0 221267.0 218356.0
22 1.0 355.8145817013214 -12.527560888548976 -0.8754476548321826 -0.2845545527026041 -0.05359199876530021 -0.039327353661178115 0.1915612383204012 0.15296508406096468 30839.0 66263.0 107925.0 148920.0 184917.0 214049.0 236071.0 251589.99999999997 261562.00000000003 267008.0 268871.0 267970.0 264982.0 260453.0 254816.0 248410.0
23 1.0 36.736131869290105 1.803033417285036 -0.8754476548321826 -0.2845545527026041 -0.05359199876530021 -0.039327353661178115 0.1915612383204012 0.15296508406096468 8822.0 20196.0 34577.0 49693.0 63840.99999999999 76069.0 86014.0 93682.0 99270.0 103062.0 105355.0 106430.0 106538.0 105890.0 104664.0 103004.0
24 1.0 75.19563219414049 6.511949046621353 -0.8754476548321826 -0.2845545527026041 -0.05359199876530021 -0.039327353661178115 0.1915612383204012 0.15296508406096468 3843.0 11045.0 22187.0 35862.0 50378.0 64365.00000000001 76948.0 87687.0 96452.0 103308.0 108426.0 112020.0 114318.0 115532.0 115860.0 115471.0
25 1.0 58.07142643859865 32.65065190869082 -0.8754476548321826 -0.2845545527026041 -0.05359199876530021 -0.039327353661178115 0.1915612383204012 0.15296508406096468 2222.0 6578.0 13538.0 22325.0 31891.999999999996 41328.0 50008.0 57583.0 63914.0 69005.0 72937.0 75837.0 77842.0 79091.0 79710.0 79814.0
26 1.0 235.11899716754343 -40.032702408282105 -0.8754476548321826 -0.2845545527026041 -0.05359199876530021 -0.039327353661178115 0.1915612383204012 0.15296508406096468 2535.0 7431.0 15175.0 24871.0 35348.0 45613.0 54998.0 63142.00000000001 69913.0 75330.0 79493.0 82544.0 84638.0 85925.0 86542.0 86612.0
27 1.0 91.18497691432157 -66.80509821606236 -0.8754476548321826 -0.2845545527026041 -0.05359199876530021 -0.039327353661178115 0.1915612383204012 0.15296508406096468 12794.0 35216.0 67767.0 105195.0 142370.0 175820.0 203799.0 225822.0 242158.0 253448.99999999997 260469.99999999997 263993.0 264722.0 263266.0 260133.0 255742.00000000003
28 1.0 167.87187822827028 -19.31837822152302 -0.8754476548321826 -0.2845545527026041 -0.05359199876530021 -0.039327353661178115 0.1915612383204012 0.15296508406096468 20587.0 46428.0 78420.0 111312.0 141371.0 166670.0 186622.0 201425.0 211665.0 218058.0 221319.0 222095.0 220939.0 218314.0 214594.0 210079.0
29 1.0 87.99321312057698 82.1530301032708 -0.8754476548321826 -0.2845545527026041 -0.05359199876530021 -0.039327353661178115 0.1915612383204012 0.15296508406096468 7582.0 22024.0 44195.0 70956.0 98741.0 124821.0 147585.0 166349.0 181043.0 191952.0 199529.0 204277.0 206689.0 207210.0 206229.0 204075.0
0 1.0 57.2290501123871 -56.31643948484795 -0.8754476548321826 -0.2845545527026041 -0.05359199876530021 -0.039327353661178115 0.1915612383204012 0.15296508406096468 15312.0 40382.0 75469.0 114725.0 152885.0 186599.0 214331.0 235790.0 251394.99999999997 261888.99999999997 268112.0 270874.0 270897.0 268800.0 265091.0 260185.99999999997
1 1.0 39.73505081914985 72.71711188708267 -0.8754476548321826 -0.2845545527026041 -0.05359199876530021 -0.039327353661178115 0.1915612383204012 0.15296508406096468 5521.0 16135.0 32629.0 52816.0 74089.0 94379.0 112398.0 127540.99999999999 139672.0 148940.0 155641.0 160125.0 162748.0 163841.0 163697.0 162569.0
2 1.0 236.27865220749842 7.885071013918747 -0.8754476548321826 -0.2845545527026041 -0.05359199876530021 -0.039327353661178115 0.1915612383204012 0.15296508406096468 5614.0 14783.0 27962.0 43260.0 58787.0 73186.0 85697.0 96021.0 104157.0 110274.0 114613.0 117440.0 119011.0 119558.0 119285.0 118362.0
3 1.0 49.74586248550097 -7.755944103762147 -0.8754476548321826 -0.2845545527026041 -0.05359199876530021 -0.039327353661178115 0.1915612383204012 0.15296508406096468 7593.0 18683.0 33707.0 50382.0 66707.0 81385.0 93775.0 103702.0 111269.0 116721.0 120356.0 122478.0 123367.0 123270.0 122399.0 120929.0
4 1.0 70.76965020481926 68.76745384138013 -0.8754476548321826 -0.2845545527026041 -0.05359199876530021 -0.039327353661178115 0.1915612383204012 0.15296508406096468 4928.0 14698.0 30175.0 49412.0 69943.0 89741.0 107501.0 122571.0 134770.0 144205.0 151138.0 155894.0 158809.0 160202.0 160357.0 159520.0
5 1.0 132.74106143794708 -7.451286881654539 -0.8754476548321826 -0.2845545527026041 -0.05359199876530021 -0.039327353661178115 0.1915612383204012 0.15296508406096468 19677.0 50472.0 92350.0 138050.0 181470.0 218985.0 249128.0 271831.0 287772.0 297935.0 303360.0 305013.0 303735.0 300228.0 295063.0 288700.0
6 1.0 295.55756274525663 40.350174590077785 -0.8754476548321826 -0.2845545527026041 -0.05359199876530021 -0.039327353661178115 0.1915612383204012 0.15296508406096468 11238.0 31654.0 61904.0 97238.0 132794.0 165155.0 192520.0 214306.0 230683.0 242208.0 249589.0 253550.0 254759.0 253798.00000000003 251161.00000000003 247255.0
7 1.0 34.956459285502056 -18.17544209344163 -0.8754476548321826 -0.2845545527026041 -0.05359199876530021 -0.039327353661178115 0.1915612383204012 0.15296508406096468 15391.0 34701.0 58698.0 83509.0 106344.0 125734.00000000001 141197.0 152842.0 161075.0 166408.0 169361.0 170408.0 169961.0 168362.0 165894.0 162784.0
8 1.0 301.6601666995694 72.7279907221724 -0.8754476548321826 -0.2845545527026041 -0.05359199876530021 -0.039327353661178115 0.1915612383204012 0.15296508406096468 9484.0 26999.0 53287.0 84378.0 116049.0 145237.0 170249.0 190462.0 205935.0 217094.0 224522.0 228833.0 230607.0 230359.0 228529.0 225482.0
9 1.0 34.59542684182671 34.20450363442093 -0.8754476548321826 -0.2845545527026041 -0.05359199876530021 -0.039327353661178115 0.1915612383204012 0.15296508406096468 3649.0 9756.0 18700.0 29268.0 40180.0 50468.0 59557.0 67186.0 73313.0 78022.0 81465.0 83815.0 85247.0 85923.0 85987.0 85561.0
10 1.0 351.5254074048225 35.931969765093015 -0.8754476548321826 -0.2845545527026041 -0.05359199876530021 -0.039327353661178115 0.1915612383204012 0.15296508406096468 11390.0 28060.0 50533.0 75277.0 99259.0 120566.0 138310.0 152302.0 162759.0 170090.0 174771.0 177269.0 178009.0 177357.0 175626.0 173069.0
11 1.0 168.71443259317257 -31.010327719718596 -0.8754476548321826 -0.2845545527026041 -0.05359199876530021 -0.039327353661178115 0.1915612383204012 0.15296508406096468 15314.0 36196.0 63236.0 92051.0 119201.0 142703.0 161773.0 176389.0 186937.0 193976.0 198101.0 199869.0 199773.0 198230.0 195584.0 192116.0
12 1.0 351.6339917485214 46.22015569264005 -0.8754476548321826 -0.2845545527026041 -0.05359199876530021 -0.039327353661178115 0.1915612383204012 0.15296508406096468 8867.0 23215.0 43558.0 66806.0 90004.0 111127.0 129112.0 143612.0 154718.0 162756.0 168145.0 171321.0 172691.0 172615.0 171403.0 169310.0
13 1.0 217.74438710821656 24.490989980485438 -0.8754476548321826 -0.2845545527026041 -0.05359199876530021 -0.039327353661178115 0.1915612383204012 0.15296508406096468 14221.0 33290.0 57856.0 83992.0 108628.0 129994.0 147380.0 160755.0 170456.0 176976.0 180845.0 182563.0 182576.0 181260.0 178929.0 175837.0
14 1.0 266.1348885833886 -46.79635079165228 -0.8754476548321826 -0.2845545527026041 -0.05359199876530021 -0.039327353661178115 0.1915612383204012 0.15296508406096468 3581.0 11017.0 23192.0 38764.0 55816.0 72649.0 88092.0 101495.0 112606.0 121436.0 128149.99999999999 132984.0 136200.0 138054.0 138782.0 138596.0
15 1.0 14.107605211555443 -61.103011952653844 -0.8754476548321826 -0.2845545527026041 -0.05359199876530021 -0.039327353661178115 0.1915612383204012 0.15296508406096468 19292.0 49465.0 90524.0 135385.0 178070.0 215017.0 244767.0 267233.0 283064.0 293216.0 298702.0 300465.0 299331.0 295988.0 291000.0 284817.0
16 1.0 101.81050652750744 53.35046541311971 -0.8754476548321826 -0.2845545527026041 -0.05359199876530021 -0.039327353661178115 0.1915612383204012 0.15296508406096468 5642.0 16997.0 35073.0 57572.0 81565.0 104643.0 125268.99999999999 142684.0 156687.0 167422.0 175208.0 180442.0 183528.0 184845.0 184731.0 183480.0
17 1.0 43.270762036740805 82.64998854634004 -0.8754476548321826 -0.2845545527026041 -0.05359199876530021 -0.039327353661178115 0.1915612383204012 0.15296508406096468 7233.0 20979.0 42073.0 67549.0 94028.0 118926.0 140710.0 158722.0 172885.0 183459.0 190866.0 195577.0 198055.0 198719.0 197936.0 196020.0
18 1.0 106.61047110797217 -7.535011093192281 -0.8754476548321826 -0.2845545527026041 -0.05359199876530021 -0.039327353661178115 0.1915612383204012 0.15296508406096468 10152.0 28465.0 55636.0 87517.0 119807.0 149429.0 174715.0 195074.0 210598.0 221740.0 229102.0 233316.0 234972.0 234593.0 232624.0 229436.0
19 1.0 42.74197882352786 16.377149758263286 -0.8754476548321826 -0.2845545527026041 -0.05359199876530021 -0.039327353661178115 0.1915612383204012 0.15296508406096468 4231.0 10721.0 19791.0 30136.0 40523.0 50095.0 58387.0 65226.99999999999 70630.0 74709.0 77627.0 79556.0 80665.0 81102.0 81001.0 80472.0
20 1.0 114.47394458183138 64.39007595483983 -0.8754476548321826 -0.2845545527026041 -0.05359199876530021 -0.039327353661178115 0.1915612383204012 0.15296508406096468 7885.0 23020.0 46332.0 74516.0 103789.0 131252.0 155198.0 174904.0 190303.0 201702.0 209585.0 214490.0 216937.0 217401.0 216292.0 213957.0
21 1.0 149.13467802528118 -7.699778396305732 -0.8754476548321826 -0.2845545527026041 -0.05359199876530021 -0.039327353661178115 0.1915612383204012 0.15296508406096468 25399.0 59798.0 103572.0 149207.0 191129.0 226389.0 254045.00000000003 274359.0 288179.0 296552.0 300522.0 301029.0 298872.0 294712.0 289080.0 282400.0
22 1.0 23.09309868556237 81.3374058298925 -0.8754476548321826 -0.2845545527026041 -0.05359199876530021 -0.039327353661178115 0.1915612383204012 0.15296508406096468 7144.0 20678.0 41416.0 66436.0 92425.0 116851.0 138216.0 155880.0 169771.0 180147.0 187420.0 192053.0 194499.0 195170.0 194423.0 192565.0
23 1.0 249.28996297320714 13.63520916807704 -0.8754476548321826 -0.2845545527026041 -0.05359199876530021 -0.039327353661178115 0.1915612383204012 0.15296508406096468 5788.0 16091.000000000002 31489.999999999996 49833.0 68778.0 86568.0 102170.0 115138.0 125423.0 133200.0 138753.0 142405.0 144469.0 145237.0 144963.0 143862.0
24 1.0 203.97652351436705 57.738081726236686 -0.8754476548321826 -0.2845545527026041 -0.05359199876530021 -0.039327353661178115 0.1915612383204012 0.15296508406096468 17504.0 45088.0 82932.0 124636.0 164671.0 199649.0 228104.0 249856.0 265433.0 275675.0 281495.0 283758.0 283230.0 280554.0 276263.0 270783.0
25 1.0 95.54021673820034 73.5918693142929 -0.8754476548321826 -0.2845545527026041 -0.05359199876530021 -0.039327353661178115 0.1915612383204012 0.15296508406096468 6712.0 19739.0 39999.0 64737.0 90690.0 115290.0 136974.0 155031.0 169335.0 180107.0 187738.0 192681.0 195385.0 196263.0 195680.0 193945.0
26 1.0 188.36929924801188 56.7942873783424 -0.8754476548321826 -0.2845545527026041 -0.05359199876530021 -0.039327353661178115 0.1915612383204012 0.15296508406096468 19370.0 49268.0 89776.0 133944.0 175942.0 212300.0 241596.0 263746.0 279384.0 289442.0 294910.0 296713.0 295659.0 292424.0 287561.0 281513.0
27 1.0 33.818583873039 -61.30539657918793 -0.8754476548321826 -0.2845545527026041 -0.05359199876530021 -0.039327353661178115 0.1915612383204012 0.15296508406096468 17588.0 45634.0 84250.0 126859.0 167763.0 203469.0 232476.0 254605.00000000003 270407.0 280750.0 286576.0 288777.0 288137.0 285316.0 280857.0 275199.0
28 1.0 207.34073840022455 23.201719031106066 -0.8754476548321826 -0.2845545527026041 -0.05359199876530021 -0.039327353661178115 0.1915612383204012 0.15296508406096468 18547.0 41522.0 69842.0 98906.0 125463.99999999999 147849.0 165551.0 178746.0 187943.0 193765.0 196831.0 197703.0 196866.0 194722.0 191597.0 187755.0
29 1.0 334.5466311274371 -18.28183344845813 -0.8754476548321826 -0.2845545527026041 -0.05359199876530021 -0.039327353661178115 0.1915612383204012 0.15296508406096468 30158.0 69869.0 119526.0 170492.0 216622.0 254838.0 284310.0 305507.0 319495.0 327517.0 330774.0 330327.0 327069.0 321725.0 314876.0 306976.0
0 1.0 114.68482288247652 -78.71166863579778 -0.8754476548321826 -0.2845545527026041 -0.05359199876530021 -0.039327353661178115 0.1915612383204012 0.15296508406096468 11040.0 30622.0 59343.0 92706.0 126190.0 156646.0 182420.0 202980.0 218487.0 229457.0 236544.0 240420.0 241704.0 240939.0 238586.0 235024.0
1 1.0 240.2677367869254 -13.674194659828444 -0.8754476548321826 -0.2845545527026041 -0.05359199876530021 -0.039327353661178115 0.1915612383204012 0.15296508406096468 2727.0 7800.0 15657.999999999998 25341.0 35680.0 45714.0 54816.0 62659.99999999999 69138.0 74280.0 78195.0 81027.0 82929.0 84051.0 84527.0 84478.0
2 1.0 47.447230465581185 -43.436867959906614 -0.8754476548321826 -0.2845545527026041 -0.05359199876530021 -0.039327353661178115 0.1915612383204012 0.15296508406096468 16310.000000000002 40724.0 73580.0 109432.0 143712.0 173659.0 198092.0 216878.0 230456.0 239520.0 244827.0 247097.0 246965.0 244973.0 241568.0 237112.0
3 1.0 257.8777934826836 62.82689551713193 -0.8754476548321826 -0.2845545527026041 -0.05359199876530021 -0.039327353661178115 0.1915612383204012 0.15296508406096468 11548.0 32394.0 63161.99999999999 98989.0 134946.0 167593.0 195136.0 217010.0 233406.0 244900.0 252217.00000000003 256092.0 257199.99999999997 256132.00000000003 253386.0 249370.0
4 1.0 104.1861934609924 -84.00516722159469 -0.8754476548321826 -0.2845545527026041 -0.05359199876530021 -0.039327353661178115 0.1915612383204012 0.15296508406096468 10850.0 30174.0 58592.0 91679.0 124953.0 155275.0 180985.0 201536.0 217074.0 228103.0 235266.0 239227.0 240600.0 239924.0 237657.0 234176.0
5 1.0 65.94889032256206 82.61688993542523 -0.8754476548321826 -0.2845545527026041 -0.05359199876530021 -0.039327353661178115 0.1915612383204012 0.15296508406096468 7314.0 21246.0 42652.0 68523.0 95425.0 120724.0 142858.0 161152.0 175529.0 186252.0 193750.0 198505.0 200987.0 201626.0 200796.0 198814.0
6 1.0 211.14465653162995 -26.033607275052667 -0.8754476548321826 -0.2845545527026041 -0.05359199876530021 -0.039327353661178115 0.1915612383204012 0.15296508406096468 5226.0 12882.0 23306.0 34948.0 46425.0 56827.0 65694.0 72885.0 78459.0 82572.0 85423.0 87215.0 88139.0 88363.0 88031.0 87263.0
7 1.0 7.238716627497679 -25.792759727542276 -0.8754476548321826 -0.2845545527026041 -0.05359199876530021 -0.039327353661178115 0.1915612383204012 0.15296508406096468 29096.0 63428.0 104393.0 145181.0 181368.0 210943.0 233534.0 249658.0 260212.0 266186.0 268511.0 268001.0 265335.0 261067.0 255637.0 249392.0
8 1.0 298.4184105182507 -87.06086951693258 -0.8754476548321826 -0.2845545527026041 -0.05359199876530021 -0.039327353661178115 0.1915612383204012 0.15296508406096468 10033.0 28101.0 54890.0 86315.0 118140.0 147342.0 172275.0 192359.0 207684.0 218693.0 225980.0 230165.0 231828.0 231484.0 229572.0 226456.0
9 1.0 1.6903714293169436 -56.65818145748689 -0.8754476548321826 -0.2845545527026041 -0.05359199876530021 -0.039327353661178115 0.1915612383204012 0.15296508406096468 21546.0 54125.0 97673.0 144599.0 188741.0 226555.0 256688.00000000003 279181.0 294793.0 304565.0 309575.0 310813.0 309133.0 305246.0 299727.0 293035.0
10 1.0 244.01395324664284 -17.773289855350427 -0.8754476548321826 -0.2845545527026041 -0.05359199876530021 -0.039327353661178115 0.1915612383204012 0.15296508406096468 2447.0 7185.0 14691.0 24103.0 34289.0 44284.0 53431.0 61374.0 67980.0 73262.0 77316.0 80280.0 82305.0 83538.0 84116.0 84158.0
11 1.0 97.20287034917935 77.27245511448851 -0.8754476548321826 -0.2845545527026041 -0.05359199876530021 -0.039327353661178115 0.1915612383204012 0.15296508406096468 7238.0 21147.0 42626.0 68684.0 95859.0 121471.0 143916.0 162491.0 177102.0 188009.0 195642.0 200488.0 203024.0 203686.0 202856.0 200856.0
12 1.0 264.66984796413414 -72.06931256017117 -0.8754476548321826 -0.2845545527026041 -0.05359199876530021 -0.039327353661178115 0.1915612383204012 0.15296508406096468 6865.0 19762.0 39506.0 63368.99999999999 88235.0 111701.0 132327.0 149475.0 163050.0 173276.0 180528.0 185237.0 187828.0 188690.0 188167.0 186551.0
13 1.0 346.38787624227774 80.15427602623433 -0.8754476548321826 -0.2845545527026041 -0.05359199876530021 -0.039327353661178115 0.1915612383204012 0.15296508406096468 7830.0 22496.0 44783.0 71472.0 99001.0 124699.0 147024.0 165345.0 179631.0 190189.0 197478.0 202002.0 204249.0 204657.0 203607.0 201420.0
14 1.0 89.55113166718489 66.5079354983938 -0.8754476548321826 -0.2845545527026041 -0.05359199876530021 -0.039327353661178115 0.1915612383204012 0.15296508406096468 5465.0 16343.0 33573.0 54954.0 77720.0 99612.0 119189.0 135745.0 149092.0 159362.0 166854.0 171938.0 174989.0 176363.0 176376.0 175304.0
15 1.0 207.4166403904213 -8.25076855664068 -0.8754476548321826 -0.2845545527026041 -0.05359199876530021 -0.039327353661178115 0.1915612383204012 0.15296508406096468 10376.0 23073.0 38576.0 54344.0 68630.0 80567.0 89925.0 96834.0 101597.0 104568.0 106092.0 106477.0 105985.0 104830.0 103185.0 101186.0
16 1.0 213.13509525786205 -31.19384128171319 -0.8754476548321826 -0.2845545527026041 -0.05359199876530021 -0.039327353661178115 0.1915612383204012 0.15296508406096468 4383.0 11265.0 20997.0 32193.0 43508.0 53992.0 63111.0 70658.0 76632.0 81149.0 84381.0 86517.0 87740.0 88218.0 88097.0 87501.0
17 1.0 206.01068608471442 -48.10605672976977 -0.8754476548321826 -0.2845545527026041 -0.05359199876530021 -0.039327353661178115 0.1915612383204012 0.15296508406096468 4970.0 13408.0 25771.0 40333.0 55285.0 69290.0 81569.0 91789.0 99913.0 106079.0 110506.0 113444.0 115136.0 115809.0 115661.0 114862.0
18 1.0 80.30938775062259 20.603647165837387 -0.8754476548321826 -0.2845545527026041 -0.05359199876530021 -0.039327353661178115 0.1915612383204012 0.15296508406096468 2932.0 8871.0 18503.0 30774.0 44203.0 57484.0 69715.0 80390.0 89308.0 96469.0 101989.0 106046.0 108833.0 110545.0 111362.0 111444.0
19 1.0 342.9896441461146 -84.04657353440899 -0.8754476548321826 -0.2845545527026041 -0.05359199876530021 -0.039327353661178115 0.1915612383204012 0.15296508406096468 11079.0 30866.0 60002.0 93948.0 128094.00000000001 159206.0 185574.0 206636.0 222542.0 233809.0 241105.0 245110.0 246459.0 245707.0 243324.0 239700.0
20 1.0 160.96513630234585 -87.19090839957092 -0.8754476548321826 -0.2845545527026041 -0.05359199876530021 -0.039327353661178115 0.1915612383204012 0.15296508406096468 9918.0 27721.0 54077.0 84970.0 116247.0 144945.0 169454.0 189206.0 204285.0 215127.0 222312.0 226447.0 228103.0 227784.0 225921.0 222872.0
21 1.0 304.707122089606 -12.816769950317195 -0.8754476548321826 -0.2845545527026041 -0.05359199876530021 -0.039327353661178115 0.1915612383204012 0.15296508406096468 14551.0 39648.0 75603.0 116423.0 156468.0 192056.0 221435.0 244221.0 260815.00000000003 271988.0 278625.0 281586.0 281642.0 279450.0 275553.0 270394.0
22 1.0 251.81253911430156 -77.74666668455036 -0.8754476548321826 -0.2845545527026041 -0.05359199876530021 -0.039327353661178115 0.1915612383204012 0.15296508406096468 7592.0 21602.0 42794.0 68145.0 94321.0 118815.0 140167.0 157769.0 171573.0 181850.0 189024.0 193561.0 195915.0 196501.0 195677.0 193748.0
23 1.0 107.07730230784811 -44.65062211570328 -0.8754476548321826 -0.2845545527026041 -0.05359199876530021 -0.039327353661178115 0.1915612383204012 0.15296508406096468 12755.0 35122.0 67604.0 104962.0 142075.0 175474.0 203414.0 225410.0 241729.0 253011.0 260029.99999999997 263556.0 264291.0 262844.0 259722.0 255343.0
24 1.0 292.9672150928918 -50.19103523770491 -0.8754476548321826 -0.2845545527026041 -0.05359199876530021 -0.039327353661178115 0.1915612383204012 0.15296508406096468 8177.999999999999 23698.0 47469.0 76096.0 105743.0 133492.0 157638.0 177467.0 192927.0 204340.0 212201.0 217057.0 219438.0 219823.0 218628.0 216203.0
25 1.0 142.74206670491446 -44.425585129886656 -0.8754476548321826 -0.2845545527026041 -0.05359199876530021 -0.039327353661178115 0.1915612383204012 0.15296508406096468 13672.0 35898.0 67033.0 101994.0 136163.0 166557.0 191763.0 211467.0 225988.0 235949.0 242071.0 245058.0 245545.0 244079.0 241116.0 237029.0
26 1.0 317.1971509600182 -66.4100583812536 -0.8754476548321826 -0.2845545527026041 -0.05359199876530021 -0.039327353661178115 0.1915612383204012 0.15296508406096468 12215.0 33876.0 65558.0 102211.0 138806.0 171886.0 199676.0 221651.0 238037.0 249443.0 256620.00000000003 260321.00000000003 261238.00000000003 259969.99999999997 257023.0 252809.99999999997
27 1.0 209.25823414890914 -87.83347987842222 -0.8754476548321826 -0.2845545527026041 -0.05359199876530021 -0.039327353661178115 0.1915612383204012 0.15296508406096468 9709.0 27191.0 53129.0 83592.0 114492.0 142895.0 167197.0 186819.0 201835.0 212663.0 219872.0 224058.0 225783.0 225545.0 223769.0 220812.0
28 1.0 317.424730267747 -69.21282651502534 -0.8754476548321826 -0.2845545527026041 -0.05359199876530021 -0.039327353661178115 0.1915612383204012 0.15296508406096468 11835.0 32909.0 63834.0 99722.0 135661.0 168245.0 195704.0 217493.0 233809.0 245234.0 252491.00000000003 256316.0 257382.99999999997 256282.0 253508.0 249469.0
29 1.0 249.3113724279957 21.32644671229461 -0.8754476548321826 -0.2845545527026041 -0.05359199876530021 -0.039327353661178115 0.1915612383204012 0.15296508406096468 7177.0 19716.0 38205.0 59954.0 82158.0 102774.0 120645.0 135314.0 146779.0 155288.0 161205.0 164927.0 166836.0 167276.0 166547.0 164902.0
0 1.0 261.09154073507057 85.36611830724905 -0.8754476548321826 -0.2845545527026041 -0.05359199876530021 -0.039327353661178115 0.1915612383204012 0.15296508406096468 9436.0 26982.0 53419.0 84777.0 116792.0 146347.0 171712.0 192239.0 207976.0 219346.0 226935.0 231363.0 233217.0 233017.0 231207.0 228161.0
1 1.0 180.47677749361281 88.26210028096091 -0.8754476548321826 -0.2845545527026041 -0.05359199876530021 -0.039327353661178115 0.1915612383204012 0.15296508406096468 9020.0 25888.0 51411.0 81805.0 112951.0 141810.0 166669.0 186868.0 202427.0 213738.0 221359.0 225885.0 227882.0 227855.0 226238.0 223394.0
2 1.0 344.1901085003606 -16.37026283284891 -0.8754476548321826 -0.2845545527026041 -0.05359199876530021 -0.039327353661178115 0.1915612383204012 0.15296508406096468 32234.0 71735.0 119584.0 167650.0 210493.0 245568.0 272343.0 291397.0 303796.0 310726.0 313308.0 312523.0 309191.0 303973.0 297399.0 289882.0
3 1.0 231.83647172266947 -60.66820331161104 -0.8754476548321826 -0.2845545527026041 -0.05359199876530021 -0.039327353661178115 0.1915612383204012 0.15296508406096468 4365.0 12606.0 25373.0 41032.0 57617.0 73547.0 87818.0 99939.0 109778.0 117427.0 123093.0 127032.0 129508.00000000001 130771.0 131041.99999999999 130517.0
4 1.0 152.5878174809447 24.977116325975274 -0.8754476548321826 -0.2845545527026041 -0.05359199876530021 -0.039327353661178115 0.1915612383204012 0.15296508406096468 28945.0 68433.0 118548.0 170473.0 217770.0 257128.00000000003 287588.0 309568.0 324134.0 332550.0 336047.0 335719.0 332486.0 327098.0 320153.0 312122.0
5 1.0 218.30155708605275 -1.7450376212273113 -0.8754476548321826 -0.2845545527026041 -0.05359199876530021 -0.039327353661178115 0.1915612383204012 0.15296508406096468 7820.000000000001 18207.0 31586.000000000004 45875.0 59439.0 71318.0 81106.0 88758.0 94431.0 98374.0 100859.0 102151.0 102488.0 102073.0 101079.0 99644.0
6 1.0 6.909551391360069 88.09375991119765 -0.8754476548321826 -0.2845545527026041 -0.05359199876530021 -0.039327353661178115 0.1915612383204012 0.15296508406096468 8398.0 24179.0 48166.0 76859.0 106399.0 133900.0 157707.0 177157.0 192235.0 203286.0 210821.0 215394.0 217537.0 217726.0 216375.0 213829.0
7 1.0 108.56693400283775 -78.24524271267956 -0.8754476548321826 -0.2845545527026041 -0.05359199876530021 -0.039327353661178115 0.1915612383204012 0.15296508406096468 11284.0 31281.000000000004 60577.0 94567.0 128635.0 159577.0 185722.0 206541.0 222209.0 233259.0 240365.0 244213.0 245434.0 244582.0 242125.0 238448.0
8 1.0 237.66247349736662 50.98219889648635 -0.8754476548321826 -0.2845545527026041 -0.05359199876530021 -0.039327353661178115 0.1915612383204012 0.15296508406096468 12990.0 34765.0 65750.0 100940.0 135628.0 166697.0 192620.0 213004.0 228126.0 238590.0 245116.0 248412.0 249127.0 247818.0 244954.0 240917.0
9 1.0 104.42793859575987 -38.0882704803311 -0.8754476548321826 -0.2845545527026041 -0.05359199876530021 -0.039327353661178115 0.1915612383204012 0.15296508406096468 12411.0 34228.0 65971.0 102546.0 138950.0 171775.0 199294.0 221013.0 237178.0 248404.0 255442.0 259042.0 259890.99999999997 258581.99999999997 255616.0 251401.0
10 1.0 222.48555443958296 -46.54464838621668 -0.8754476548321826 -0.2845545527026041 -0.05359199876530021 -0.039327353661178115 0.1915612383204012 0.15296508406096468 3432.0 9702.0 19289.0 30971.0 43311.0 55158.0 65784.0 74831.0 82201.0 87957.0 92251.0 95268.0 97203.0 98237.0 98536.0 98241.0
11 1.0 154.35673234047582 29.250822875881667 -0.8754476548321826 -0.2845545527026041 -0.05359199876530021 -0.039327353661178115 0.1915612383204012 0.15296508406096468 28502.0 67672.0 117559.0 169384.0 216686.0 256119.0 286690.0 308796.0 323486.0 332018.0 335620.0 335382.0 332227.0 326905.0 320016.0 312032.0
12 1.0 48.770663120082084 -45.70862670162639 -0.8754476548321826 -0.2845545527026041 -0.05359199876530021 -0.039327353661178115 0.1915612383204012 0.15296508406096468 16240.000000000002 40947.0 74424.0 111110.0 146285.0 177069.0 202218.0 221571.0 235569.0 244922.0 250405.0 252757.0 252635.0 250595.99999999997 247101.0 242525.0
13 1.0 107.38163734417108 29.854641160653784 -0.8754476548321826 -0.2845545527026041 -0.05359199876530021 -0.039327353661178115 0.1915612383204012 0.15296508406096468 6958.0 20502.0 41602.0 67383.0 94430.0 120053.0 142614.0 161374.0 176208.0 187354.0 195225.0 200299.0 203046.0 203899.0 203238.0 201387.0
14 1.0 205.18736785245537 3.11553309641198 -0.8754476548321826 -0.2845545527026041 -0.05359199876530021 -0.039327353661178115 0.1915612383204012 0.15296508406096468 15022.0 32576.0 53437.0 74160.0 92526.0 107536.0 119012.0 127225.0 132632.0 135738.0 137014.0 136874.0 135659.0 133649.0 131064.99999999999 128078.0
15 1.0 212.71419404934235 -13.663982081547132 -0.8754476548321826 -0.2845545527026041 -0.05359199876530021 -0.039327353661178115 0.1915612383204012 0.15296508406096468 7036.0 16351.999999999998 28319.0 41068.0 53147.0 63714.99999999999 72420.0 79232.0 84293.0 87824.0 90066.0 91253.0 91593.0 91266.0 90424.0 89190.0
16 1.0 206.75708958584838 9.843805559055411 -0.8754476548321826 -0.2845545527026041 -0.05359199876530021 -0.039327353661178115 0.1915612383204012 0.15296508406096468 16034.0 35007.0 57771.0 80613.0 101086.0 118040.0 131220.0 140862.0 147423.0 151421.0 153351.0 153654.0 152702.0 150801.0 148198.0 145088.0
17 1.0 235.1522951485681 -38.330726414466646 -0.8754476548321826 -0.2845545527026041 -0.05359199876530021 -0.039327353661178115 0.1915612383204012 0.15296508406096468 2483.0 7268.0 14834.0 24303.0 34538.0 44568.0 53739.0 61697.0 68314.0 73605.0 77668.0 80643.0 82681.0 83929.0 84522.0 84581.0
18 1.0 234.757177200608 37.1834471291362 -0.8754476548321826 -0.2845545527026041 -0.05359199876530021 -0.039327353661178115 0.1915612383204012 0.15296508406096468 11869.0 30740.0 57084.0 86726.0 115848.0 141948.0 163800.0 181088.0 194032.0 203116.0 208921.0 212021.0 212944.0 212148.0 210018.0 206874.0
19 1.0 155.31063675623062 -15.325763519958471 -0.8754476548321826 -0.2845545527026041 -0.05359199876530021 -0.039327353661178115 0.1915612383204012 0.15296508406096468 23414.0 54364.0 93464.0 134128.0 171510.0 203045.0 227904.0 246300.0 258959.0 266786.0 270687.0 271482.0 269874.0 266445.0 261666.0 255915.0
20 1.0 322.75677450638267 -25.101799112539396 -0.8754476548321826 -0.2845545527026041 -0.05359199876530021 -0.039327353661178115 0.1915612383204012 0.15296508406096468 23951.0 59514.0 106482.0 156546.0 203155.0 242664.0 273791.0 296708.0 312315.0 321779.0 326277.0 326875.0 324483.0 319850.0 313580.0 306149.0
21 1.0 132.32227321724275 59.158244620032804 -0.8754476548321826 -0.2845545527026041 -0.05359199876530021 -0.039327353661178115 0.1915612383204012 0.15296508406096468 11467.0 32270.0 63062.99999999999 98996.0 135113.0 167943.0 195665.0 217697.0 234222.0 245816.0 253205.0 257126.00000000003 258261.00000000003 257204.0 254455.0 250427.0
22 1.0 156.91137309562566 76.4940441515746 -0.8754476548321826 -0.2845545527026041 -0.05359199876530021 -0.039327353661178115 0.1915612383204012 0.15296508406096468 10832.0 30670.0 60225.0 94907.0 129948.00000000001 161959.0 189125.0 210836.0 227228.0 238831.0 246331.0 250435.00000000003 251799.0 250998.0 248520.0 244767.0
23 1.0 321.092407805642 -81.71868404028655 -0.8754476548321826 -0.2845545527026041 -0.05359199876530021 -0.039327353661178115 0.1915612383204012 0.15296508406096468 10698.0 29903.0 58284.0 91460.0 124933.0 155524.0 181530.0 202372.0 218175.0 229430.0 236779.0 240884.0 242364.0 241763.0 239543.0 236086.0
24 1.0 290.22983605659084 -48.12714129064221 -0.8754476548321826 -0.2845545527026041 -0.05359199876530021 -0.039327353661178115 0.1915612383204012 0.15296508406096468 7481.0 21877.0 44135.0 71156.0 99342.0 125902.99999999999 149169.0 168413.0 183538.0 194818.0 202702.0 207696.0 210296.0 210957.0 210072.0 207979.0
25 1.0 253.39989007453187 -27.266513491338614 -0.8754476548321826 -0.2845545527026041 -0.05359199876530021 -0.039327353661178115 0.1915612383204012 0.15296508406096468 2243.0 6906.0 14603.0 24565.0 35624.0 46713.0 57062.0 66214.0 73963.0 80277.0 85228.0 88945.0 91581.0 93291.0 94225.0 94516.0
26 1.0 36.0816794324284 56.693966286644525 -0.8754476548321826 -0.2845545527026041 -0.05359199876530021 -0.039327353661178115 0.1915612383204012 0.15296508406096468 3877.0 11235.0 22679.0 36765.0 51736.0 66166.0 79144.0 90213.0 99239.0 106293.0 111552.0 115240.0 117591.0 118829.0 119154.0 118743.0
27 1.0 331.0137409480825 87.38845697579356 -0.8754476548321826 -0.2845545527026041 -0.05359199876530021 -0.039327353661178115 0.1915612383204012 0.15296508406096468 8548.0 24575.0 48892.0 77934.0 107788.0 135541.0 159532.0 179101.0 194244.0 205317.0 212841.0 217380.0 219472.0 219601.0 218181.0 215564.0
28 1.0 257.1268678376801 84.41490684066332 -0.8754476548321826 -0.2845545527026041 -0.05359199876530021 -0.039327353661178115 0.1915612383204012 0.15296508406096468 9611.0 27450.0 54287.0 86073.0 118479.0 148354.0 173955.0 194638.0 210463.0 221867.0 229448.0 233837.0 235630.0 235354.0 233459.0 230322.0
29 1.0 359.5849223644319 72.89070219898684 -0.8754476548321826 -0.2845545527026041 -0.05359199876530021 -0.039327353661178115 0.1915612383204012 0.15296508406096468 6920.0 19815.0 39428.0 62985.0 87389.0 110291.0 130307.0 146847.0 159852.0 169563.0 176368.0 180699.0 182980.0 183597.0 182886.0 181132.0
0 1.0 53.80138967687775 -36.619872288474625 -0.8754476548321826 -0.2845545527026041 -0.05359199876530021 -0.039327353661178115 0.1915612383204012 0.15296508406096468 13843.0 34831.0 63365.00000000001 94813.0 125181.99999999999 151986.0 174098.0 191320.0 203978.0 212637.0 217938.0 220499.0 220877.0 219546.0 216904.0 213275.0
1 1.0 312.52538065255715 88.56202381460534 -0.8754476548321826 -0.2845545527026041 -0.05359199876530021 -0.039327353661178115 0.1915612383204012 0.15296508406096468 8717.0 25048.0 49804.0 79340.0 109667.0 137825.0 162133.0 181932.0 197226.0 208385.0 215945.0 220481.0 222541.0 222616.0 221129.0 218434.0
2 1.0 58.497456483494936 -45.10439260983878 -0.8754476548321826 -0.2845545527026041 -0.05359199876530021 -0.039327353661178115 0.1915612383204012 0.15296508406096468 14453.0 37394.0 69152.0 104511.0 138843.0 169219.0 194286.0 213784.0 228068.0 237786.0 243671.0 246437.0 246723.0 245075.0 241951.0 237721.0
3 1.0 221.6014431421839 -70.9368921211982 -0.8754476548321826 -0.2845545527026041 -0.05359199876530021 -0.039327353661178115 0.1915612383204012 0.15296508406096468 6188.0 17562.0 34813.0 55555.0 77114.0 97449.0 115337.0 130237.99999999999 142071.0 151024.0 157418.0 161616.0 163981.0 164848.0 164509.0 163215.0
4 1.0 44.57519382579895 81.17146998997094 -0.8754476548321826 -0.2845545527026041 -0.05359199876530021 -0.039327353661178115 0.1915612383204012 0.15296508406096468 6941.0 20168.0 40516.0 65148.0 90812.0 114999.0 136215.0 153805.0 167682.0 178087.0 185419.0 190131.0 192667.0 193431.0 192780.0 191016.0
5 1.0 305.2829625560044 -47.98435401574267 -0.8754476548321826 -0.2845545527026041 -0.05359199876530021 -0.039327353661178115 0.1915612383204012 0.15296508406096468 11761.0 32862.0 63931.0 100055.0 136268.0 169115.0 196800.0 218764.0 235205.0 246709.0 254008.99999999997 257845.0 258903.0 257774.99999999997 254963.0 250879.00000000003
6 1.0 290.63482514100383 34.15828771399508 -0.8754476548321826 -0.2845545527026041 -0.05359199876530021 -0.039327353661178115 0.1915612383204012 0.15296508406096468 10912.0 30876.0 60585.0 95412.0 130566.99999999999 162653.0 189861.0 211586.0 227973.0 239559.0 247034.0 251108.0 252440.0 251607.00000000003 249098.0 245315.0
7 1.0 204.8762659012536 -79.49585538349405 -0.8754476548321826 -0.2845545527026041 -0.05359199876530021 -0.039327353661178115 0.1915612383204012 0.15296508406096468 8085.999999999999 22726.0 44612.0 70538.0 97081.0 121726.0 143050.0 160493.0 174055.0 184049.0 190924.0 195167.0 197244.0 197577.0 196525.0 194396.0
8 1.0 146.58598700135988 41.52763784294572 -0.8754476548321826 -0.2845545527026041 -0.05359199876530021 -0.039327353661178115 0.1915612383204012 0.15296508406096468 21086.0 53821.0 98035.0 145962.0 191190.0 229993.0 260929.00000000003 284012.0 300017.0 310016.0 315120.0 316351.0 314591.0 310572.0 304887.0 298007.0
9 1.0 24.900118363849696 68.70963822009114 -0.8754476548321826 -0.2845545527026041 -0.05359199876530021 -0.039327353661178115 0.1915612383204012 0.15296508406096468 5459.0 15781.0 31688.0 51043.0 71351.0 90656.0 107759.0 122106.0 133586.0 142354.0 148694.0 152944.0 155438.0 156490.0 156376.0 155335.0
10 1.0 251.07435833204292 -40.96135881612675 -0.8754476548321826 -0.2845545527026041 -0.05359199876530021 -0.039327353661178115 0.1915612383204012 0.15296508406096468 2440.0 7494.0 15810.999999999998 26544.0 38425.0 50299.0 61340.0 71066.0 79267.0 85917.0 91105.0 94973.0 97692.0 99430.0 100348.0 100590.0
11 1.0 163.27536576410478 -21.76975870606286 -0.8754476548321826 -0.2845545527026041 -0.05359199876530021 -0.039327353661178115 0.1915612383204012 0.15296508406096468 20199.0 46481.0 79583.0 114039.0 145821.0 172773.0 194174.0 210169.0 221336.0 228415.0 232151.0 233226.0 232229.0 229647.0 225882.0 221251.0
12 1.0 259.94001580932525 -22.6266870022351 -0.8754476548321826 -0.2845545527026041 -0.05359199876530021 -0.039327353661178115 0.1915612383204012 0.15296508406096468 2556.0 7927.999999999999 16824.0 28338.0 41096.0 53847.0 65697.0 76128.0 84917.0 92040.0 97592.0 101730.0 104636.0 106492.0 107470.0 107722.0
13 1.0 311.8976373343065 44.781886357223954 -0.8754476548321826 -0.2845545527026041 -0.05359199876530021 -0.039327353661178115 0.1915612383204012 0.15296508406096468 11571.0 31898.000000000004 61526.0 95763.0 129964.0 160939.0 187040.0 207768.0 223318.0 234239.0 241214.0 244935.0 246038.0 245078.0 242523.0 238759.0
14 1.0 351.1877418010389 -47.19469634297301 -0.8754476548321826 -0.2845545527026041 -0.05359199876530021 -0.039327353661178115 0.1915612383204012 0.15296508406096468 25630.0 62023.0 109162.0 158779.0 204571.0 243142.0 273369.0 295508.0 310488.0 319474.0 323626.0 323988.0 321448.0 316738.0 310442.0 303025.0
15 1.0 308.08920326133995 -59.06644217142426 -0.8754476548321826 -0.2845545527026041 -0.05359199876530021 -0.039327353661178115 0.1915612383204012 0.15296508406096468 11444.0 32005.0 62344.0 97703.0 133241.0 165567.0 192894.0 214647.0 230999.0 242507.0 249876.0 253829.00000000003 255031.99999999997 254068.00000000003 251429.0 247520.0
16 1.0 4.21707030660071 -9.127503236207147 -0.8754476548321826 -0.2845545527026041 -0.05359199876530021 -0.039327353661178115 0.1915612383204012 0.15296508406096468 27418.0 58091.0 93673.0 128321.99999999999 158495.0 182744.0 200956.0 213697.0 221799.0 226131.0 227490.0 226560.0 223908.0 219987.0 215159.0 209705.0
17 1.0 129.592103212211 -35.19568667208249 -0.8754476548321826 -0.2845545527026041 -0.05359199876530021 -0.039327353661178115 0.1915612383204012 0.15296508406096468 14888.0 39666.0 74622.0 113948.0 152329.0 186344.0 214397.0 236158.0 252025.0 262735.0 269128.0 272017.0 272131.0 270094.0 266421.0 261532.0
18 1.0 262.7966024726609 61.05404200655744 -0.8754476548321826 -0.2845545527026041 -0.05359199876530021 -0.039327353661178115 0.1915612383204012 0.15296508406096468 11332.0 31870.999999999996 62263.0 97726.0 133382.0 165810.0 193213.0 215015.0 231392.0 242905.0 250267.00000000003 254204.0 255386.0 254396.99999999997 251732.99999999997 247799.0
19 1.0 61.78668381411859 -47.20647131718502 -0.8754476548321826 -0.2845545527026041 -0.05359199876530021 -0.039327353661178115 0.1915612383204012 0.15296508406096468 14277.0 37366.0 69595.0 105670.0 140821.0 171995.0 197768.0 217843.0 232572.0 242612.0 248713.0 251606.0 251946.99999999997 250300.00000000003 247132.0 242826.0
20 1.0 187.57317823348654 0.4301023480670665 -0.8754476548321826 -0.2845545527026041 -0.05359199876530021 -0.039327353661178115 0.1915612383204012 0.15296508406096468 23037.0 48714.0 78392.0 107165.0 132091.0 151997.0 166831.0 177106.0 183542.0 186883.0 187803.0 186874.0 184564.0 181249.0 177222.0 172710.0
21 1.0 19.561675802131305 79.66504794562746 -0.8754476548321826 -0.2845545527026041 -0.05359199876530021 -0.039327353661178115 0.1915612383204012 0.15296508406096468 6968.0 20158.0 40375.0 64782.99999999999 90155.0 114022.0 134918.0 152213.0 165832.0 176022.0 183183.0 187765.0 190209.0 190916.0 190235.0 188465.0
22 1.0 71.99874896270403 24.119585594038938 -0.8754476548321826 -0.2845545527026041 -0.05359199876530021 -0.039327353661178115 0.1915612383204012 0.15296508406096468 2425.0 7306.0 15212.0 25295.0 36365.0 47363.0 57551.0 66504.0 74041.0 80149.0 84909.0 88456.0 90943.0 92527.0 93354.0 93554.0
23 1.0 6.66784600582103 66.11209298324366 -0.8754476548321826 -0.2845545527026041 -0.05359199876530021 -0.039327353661178115 0.1915612383204012 0.15296508406096468 6226.0 17696.0 35092.0 55986.0 77665.0 98061.0 115950.0 130799.0 142542.0 151382.0 157651.0 161726.0 163974.0 164734.0 164300.0 162925.0
24 1.0 285.7311732086714 79.23774408385813 -0.8754476548321826 -0.2845545527026041 -0.05359199876530021 -0.039327353661178115 0.1915612383204012 0.15296508406096468 9587.0 27353.0 54056.0 85661.0 117864.0 147538.0 172956.0 193483.0 209183.0 220491.0 228004.0 232350.0 234120.0 233837.0 231950.0 228831.0
25 1.0 80.61288770173685 45.13767513954335 -0.8754476548321826 -0.2845545527026041 -0.05359199876530021 -0.039327353661178115 0.1915612383204012 0.15296508406096468 2861.0 8966.0 19137.0 32341.0 46996.0 61650.0 75267.0 87243.0 97315.0 105453.0 111765.0 116434.0 119669.0 121682.0 122675.0 122827.0
26 1.0 124.32660505088496 35.92351084045525 -0.8754476548321826 -0.2845545527026041 -0.05359199876530021 -0.039327353661178115 0.1915612383204012 0.15296508406096468 12633.0 35055.0 67801.0 105591.0 143212.0 177106.0 205477.0 227814.0 244383.0 255832.0 262947.0 266512.0 267244.0 265760.0 262578.0 258122.00000000003
27 1.0 334.1092656476127 84.23380198876086 -0.8754476548321826 -0.2845545527026041 -0.05359199876530021 -0.039327353661178115 0.1915612383204012 0.15296508406096468 8330.0 23938.0 47628.0 75942.0 105078.0 132201.0 155685.0 174881.0 189774.0 200703.0 208170.0 212719.0 214870.0 215093.0 213793.0 211311.0
28 1.0 253.5891846924718 88.99214213658229 -0.8754476548321826 -0.2845545527026041 -0.05359199876530021 -0.039327353661178115 0.1915612383204012 0.15296508406096468 8904.0 25562.0 50783.0 80835.0 111651.0 140224.0 164856.0 184888.0 200335.0 211580.0 219173.0 223700.0 225720.0 225733.0 224168.0 221385.0
29 1.0 11.462014631270826 -8.672097119443265 -0.8754476548321826 -0.2845545527026041 -0.05359199876530021 -0.039327353661178115 0.1915612383204012 0.15296508406096468 24201.0 51203.0 82452.0 112796.0 139138.0 160237.0 176027.0 187030.0 193993.0 197688.0 198814.0 197971.0 195650.0 192243.0 188063.0 183349.0
0 1.0 59.289896339248585 -77.2434399268425 -0.8754476548321826 -0.2845545527026041 -0.05359199876530021 -0.039327353661178115 0.1915612383204012 0.15296508406096468 12890.0 35456.0 68197.0 105823.0 143179.0 176773.0 204857.0 226948.0 243319.0 254618.99999999997 261629.99999999997 265130.0 265826.0 264329.0 261153.00000000003 256716.0
1 1.0 223.73222453991488 -37.29707434070661 -0.8754476548321826 -0.2845545527026041 -0.05359199876530021 -0.039327353661178115 0.1915612383204012 0.15296508406096468 3029.0 8466.0 16718.0 26728.0 37280.0 47410.0 56512.0 64284.99999999999 70650.0 75656.0 79428.0 82118.0 83888.0 84889.0 85257.0 85113.0
2 1.0 207.80229189750034 -62.57615297620852 -0.8754476548321826 -0.2845545527026041 -0.05359199876530021 -0.039327353661178115 0.1915612383204012 0.15296508406096468 5644.0 15765.999999999998 30959.0 49117.0 67926.0 85633.0 101195.0 114153.0 124446.0 132239.0 137811.0 141480.0 143562.0 144345.0 144083.0 142995.0
3 1.0 85.64141569482311 -14.852452536717877 -0.8754476548321826 -0.2845545527026041 -0.05359199876530021 -0.039327353661178115 0.1915612383204012 0.15296508406096468 7750.0 21568.0 42090.0 66310.0 91062.0 114031.0 133910.0 150186.0 162859.0 172215.0 178668.0 182668.0 184646.0 184992.0 184041.0 182078.0
4 1.0 336.3170392529258 -66.36792087481392 -0.8754476548321826 -0.2845545527026041 -0.05359199876530021 -0.039327353661178115 0.1915612383204012 0.15296508406096468 15074.0 40744.0 77290.0 118593.0 158974.0 194754.0 224214.0 246997.0 263532.0 274611.0 281135.0 283972.0 283901.0 281582.0 277563.0 272287.0
5 1.0 221.02774414772256 18.741204723758756 -0.8754476548321826 -0.2845545527026041 -0.05359199876530021 -0.039327353661178115 0.1915612383204012 0.15296508406096468 11722.0 27647.0 48357.0 70591.0 91739.0 110254.0 125480.00000000001 137341.0 146084.0 152103.0 155832.0 157687.0 158042.0 157218.0 155485.0 153063.0
6 1.0 192.827809088985 -21.094549351586267 -0.8754476548321826 -0.2845545527026041 -0.05359199876530021 -0.039327353661178115 0.1915612383204012 0.15296508406096468 12134.0 27096.0 45516.0 64433.00000000001 81766.0 96439.0 108117.0 116900.0 123100.0 127109.0 129320.99999999999 130095.99999999999 129743.0 128526.0 126655.99999999999 124306.0
7 1.0 212.36759148764554 71.1694591718778 -0.8754476548321826 -0.2845545527026041 -0.05359199876530021 -0.039327353661178115 0.1915612383204012 0.15296508406096468 13183.0 36352.0 69965.0 108540.0 146757.0 181037.0 209606.0 231997.0 248514.0 259841.0 266790.0 270166.0 270697.0 269011.0 265631.0 260984.0
8 1.0 262.8439306260371 84.20304092373033 -0.8754476548321826 -0.2845545527026041 -0.05359199876530021 -0.039327353661178115 0.1915612383204012 0.15296508406096468 9572.0 27344.0 54087.0 85770.0 118079.0 147873.0 173412.0 194053.0 209852.0 221244.0 228823.0 233220.0 235025.0 234766.0 232892.0 229777.0
9 1.0 112.30019837265667 8.43928230049599 -0.8754476548321826 -0.2845545527026041 -0.05359199876530021 -0.039327353661178115 0.1915612383204012 0.15296508406096468 10337.0 29129.0 57112.0 90016.0 123375.0 153983.0 180095.0 201095.0 217075.0 228509.0 236026.0 240283.0 241896.0 241410.0 239286.0 235911.0
10 1.0 143.35958239779308 -40.531757423832616 -0.8754476548321826 -0.2845545527026041 -0.05359199876530021 -0.039327353661178115 0.1915612383204012 0.15296508406096468 14508.0 37672.0 69814.0 105645.0 140457.0 171262.0 196681.0 216444.0 230915.0 240750.0 246696.0 249479.0 249748.0 248058.0 244873.0 240570.0
11 1.0 75.54374963104397 16.601475377130626 -0.8754476548321826 -0.2845545527026041 -0.05359199876530021 -0.039327353661178115 0.1915612383204012 0.15296508406096468 2923.0 8681.0 17871.0 29448.0 42014.0 54368.0 65692.0 75535.0 83725.0 90270.0 95285.0 98938.0 101413.0 102893.0 103547.0 103525.0
12 1.0 67.02948211692102 71.41700848039378 -0.8754476548321826 -0.2845545527026041 -0.05359199876530021 -0.039327353661178115 0.1915612383204012 0.15296508406096468 5291.0 15678.999999999998 32023.000000000004 52217.0 73656.0 94227.0 112592.0 128102.0 140592.0 150194.0 157194.0 161942.0 164791.0 166076.0 166092.0 165096.0
13 1.0 339.9740603942161 -16.787997749565307 -0.8754476548321826 -0.2845545527026041 -0.05359199876530021 -0.039327353661178115 0.1915612383204012 0.15296508406096468 31690.000000000004 71628.0 120613.0 170235.0 214733.0 251332.0 279383.0 299429.0 312546.0 319953.0 322813.0 322146.0 318806.0 313487.0 306742.0 299004.0
14 1.0 266.2382862177435 9.374089804554757 -0.8754476548321826 -0.2845545527026041 -0.05359199876530021 -0.039327353661178115 0.1915612383204012 0.15296508406096468 5793.0 16798.0 33774.0 54428.0 76083.0 96646.0 114833.0 130058.0 142206.0 151446.0 158089.0 162498.0 165037.0 166041.0 165808.0 164595.0
15 1.0 176.56517110232414 -41.10250183089374 -0.8754476548321826 -0.2845545527026041 -0.05359199876530021 -0.039327353661178115 0.1915612383204012 0.15296508406096468 10604.0 26294.0 47543.0 71019.0 93836.0 114164.0 131139.0 144569.0 154645.0 161749.0 166326.0 168818.0 169627.0 169101.0 167537.0 165177.0
16 1.0 81.86926607039636 -8.020053098995149 -0.8754476548321826 -0.2845545527026041 -0.05359199876530021 -0.039327353661178115 0.1915612383204012 0.15296508406096468 6270.0 17579.0 34560.0 54822.0 75754.0 95393.0 112587.0 126846.99999999999 138122.0 146613.0 152640.0 156564.0 158739.0 159485.0 159085.0 157781.0
17 1.0 91.56833343734147 -17.69156363167224 -0.8754476548321826 -0.2845545527026041 -0.05359199876530021 -0.039327353661178115 0.1915612383204012 0.15296508406096468 8813.0 24555.0 47875.0 75278.0 103127.0 128802.0 150858.0 168760.0 182554.0 192599.0 199391.0 203455.0 205287.0 205330.0 203964.0 201507.0
18 1.0 20.89049771659522 -45.28557628506522 -0.8754476548321826 -0.2845545527026041 -0.05359199876530021 -0.039327353661178115 0.1915612383204012 0.15296508406096468 23124.0 54843.0 95552.0 138323.0 177910.0 211462.0 238002.0 257699.0 271293.0 279734.0 283983.0 284914.0 283277.0 279696.0 274673.0 268613.0
19 1.0 156.3899852009235 1.0559490885555078 -0.8754476548321826 -0.2845545527026041 -0.05359199876530021 -0.039327353661178115 0.1915612383204012 0.15296508406096468 29437.0 66631.0 112396.0 158934.0 200848.0 235497.0 262219.0 281474.0 294233.0 301614.0 304693.0 304418.0 301589.0 296856.0 290742.0 283656.0
20 1.0 112.24651751787692 -34.13145132363395 -0.8754476548321826 -0.2845545527026041 -0.05359199876530021 -0.039327353661178115 0.1915612383204012 0.15296508406096468 12980.0 35671.0 68561.0 106325.0 143786.0 177449.0 205568.0 227668.0 244030.0 255307.99999999997 262290.0 265755.0 266415.0 264883.0 261671.0 257201.0
21 1.0 250.6836559735654 -22.85372450146545 -0.8754476548321826 -0.2845545527026041 -0.05359199876530021 -0.039327353661178115 0.1915612383204012 0.15296508406096468 2269.0 6890.0 14423.0 24075.0 34705.0 45296.0 55131.0 63795.00000000001 71111.0 77061.0 81722.0 85221.0 87703.0 89317.0 90202.0 90483.0
22 1.0 135.99066214529313 4.494679605767573 -0.8754476548321826 -0.2845545527026041 -0.05359199876530021 -0.039327353661178115 0.1915612383204012 0.15296508406096468 22159.0 55739.0 100590.0 148837.0 194111.0 232780.0 263485.0 286300.0 302034.0 311778.0 316653.0 317683.0 315748.0 311579.0 305766.0 298777.0
23 1.0 64.65732392146853 45.10710412721775 -0.8754476548321826 -0.2845545527026041 -0.05359199876530021 -0.039327353661178115 0.1915612383204012 0.15296508406096468 2418.0 7406.0 15592.0 26127.0 37766.0 49381.0 60169.0 69665.0 77664.0 84143.0 89187.0 92938.0 95559.0 97218.0 98071.0 98260.0
24 1.0 8.884342220879242 -29.968656157570443 -0.8754476548321826 -0.2845545527026041 -0.05359199876530021 -0.039327353661178115 0.1915612383204012 0.15296508406096468 28482.0 62903.0 104470.0 146236.0 183562.0 214262.0 237854.0 254805.99999999997 266006.0 272454.0 275102.0 274790.0 272222.0 267971.0 262498.0 256162.99999999997
25 1.0 24.20986732676949 76.34857799173744 -0.8754476548321826 -0.2845545527026041 -0.05359199876530021 -0.039327353661178115 0.1915612383204012 0.15296508406096468 6392.0 18524.0 37187.0 59810.0 83430.0 105748.0 125379.99999999999 141707.0 154635.0 164372.0 171277.0 175760.0 178227.0 179051.0 178558.0 177027.0
26 1.0 244.58139845948423 65.21733843046243 -0.8754476548321826 -0.2845545527026041 -0.05359199876530021 -0.039327353661178115 0.1915612383204012 0.15296508406096468 12230.0 33999.0 65856.0 102696.0 139452.0 172648.0 200509.0 222514.0 238902.0 250291.0 257437.00000000003 261100.0 261975.0 260664.99999999997 257676.00000000003 253421.99999999997
27 1.0 163.33086404017632 -81.23574672440486 -0.8754476548321826 -0.2845545527026041 -0.05359199876530021 -0.039327353661178115 0.1915612383204012 0.15296508406096468 9429.0 26295.0 51253.0 80520.0 110189.0 137465.0 160822.0 179710.0 194197.0 204683.0 211707.0 215834.0 217598.0 217474.0 215868.0 213118.0
28 1.0 193.16851599914 -44.3443456337719 -0.8754476548321826 -0.2845545527026041 -0.05359199876530021 -0.039327353661178115 0.1915612383204012 0.15296508406096468 6915.0 17772.0 33012.0 50366.0 67691.0 83522.0 97084.0 108114.0 116667.0 122968.0 127311.00000000001 130007.00000000001 131347.0 131593.0 130969.0 129666.0
29 1.0 322.80166549452315 -9.695607721343649 -0.8754476548321826 -0.2845545527026041 -0.05359199876530021 -0.039327353661178115 0.1915612383204012 0.15296508406096468 24715.0 60344.0 106856.0 156097.0 201754.0 240364.0 270739.0 293081.0 308284.0 317492.0 321853.0 322406.0 320038.0 315479.0 309317.0 302017.0
0 1.0 356.52202106281356 -71.16698002635466 -0.8754476548321826 -0.2845545527026041 -0.05359199876530021 -0.039327353661178115 0.1915612383204012 0.15296508406096468 15070.0 40699.0 77170.0 118380.0 158667.0 194366.0 223761.0 246498.0 263003.0 274066.0 280584.0 283425.0 283362.0 281056.0 277052.0 271794.0
1 1.0 78.08291438345061 -27.274321973970522 -0.8754476548321826 -0.2845545527026041 -0.05359199876530021 -0.039327353661178115 0.1915612383204012 0.15296508406096468 9677.0 26229.0 50190.0 77872.0 105633.0 130945.0 152477.0 169787.0 182986.0 192474.0 198766.0 202397.0 203863.0 203603.0 201991.0 199338.0
2 1.0 238.70815311603627 43.21755461118286 -0.8754476548321826 -0.2845545527026041 -0.05359199876530021 -0.039327353661178115 0.1915612383204012 0.15296508406096468 12116.0 32095.0 60397.0 92513.0 124217.0 152700.0 176567.0 195440.0 209547.0 219416.0 225683.0 228985.0 229903.0 228943.0 226531.0 223017.0
3 1.0 94.79605562537424 32.49260660570866 -0.8754476548321826 -0.2845545527026041 -0.05359199876530021 -0.039327353661178115 0.1915612383204012 0.15296508406096468 4061.0000000000005 12510.0 26304.0 43866.0 62993.99999999999 81769.0 98893.0 113666.0 125836.0 135440.0 142680.0 147830.0 151192.0 153053.0 153679.0 153304.0
4 1.0 7.434359807662325 22.02919714188087 -0.8754476548321826 -0.2845545527026041 -0.05359199876530021 -0.039327353661178115 0.1915612383204012 0.15296508406096468 12715.0 28634.0 48423.0 68919.0 87836.0 103955.0 116860.0 126624.99999999999 133569.0 138105.0 140659.0 141621.0 141333.0 140080.0 138099.0 135579.0
5 1.0 273.01631538101094 37.895112490022214 -0.8754476548321826 -0.2845545527026041 -0.05359199876530021 -0.039327353661178115 0.1915612383204012 0.15296508406096468 9938.0 28138.0 55304.0 87284.0 119725.0 149504.0 174923.0 195379.0 210963.0 222133.0 229498.0 233696.0 235324.0 234909.0 232900.0 229670.0
6 1.0 115.20617429608842 -53.113736347253685 -0.8754476548321826 -0.2845545527026041 -0.05359199876530021 -0.039327353661178115 0.1915612383204012 0.15296508406096468 12722.0 34935.0 67128.0 104110.0 140825.0 173856.0 201488.0 223247.0 239397.0 250571.0 257531.99999999997 261041.00000000003 261791.0 260382.0 257315.00000000003 253002.0
7 1.0 138.04700190188328 -28.494339324348218 -0.8754476548321826 -0.2845545527026041 -0.05359199876530021 -0.039327353661178115 0.1915612383204012 0.15296508406096468 17151.0 44029.0 80816.0 121306.0 160160.0 194113.0 221756.0 242915.0 258099.00000000003 268117.0 273850.0 276132.0 275701.0 273182.0 269087.0 263831.0
8 1.0 211.79416087929806 31.723646809943318 -0.8754476548321826 -0.2845545527026041 -0.05359199876530021 -0.039327353661178115 0.1915612383204012 0.15296508406096468 17794.0 41447.0 71662.0 103511.0 133234.0 158733.0 179226.0 194760.0 205808.0 213018.0 217060.0 218560.0 218062.0 216025.0 212823.0 208763.0
9 1.0 299.17744388502854 68.26225734563889 -0.8754476548321826 -0.2845545527026041 -0.05359199876530021 -0.039327353661178115 0.1915612383204012 0.15296508406096468 9825.0 27901.0 54953.0 86857.0 119269.0 149056.0 174507.0 195008.0 210640.0 221855.0 229262.0 233495.0 235152.0 234760.0 232768.0 229551.0
10 1.0 226.43346369281355 7.86204968905713 -0.8754476548321826 -0.2845545527026041 -0.05359199876530021 -0.039327353661178115 0.1915612383204012 0.15296508406096468 7517.0 18365.0 32988.0 49171.0 64990.00000000001 79205.0 91210.0 100842.0 108202.0 113526.0 117100.0 119214.0 120136.0 120104.0 119320.0 117952.0
11 1.0 314.1542359610623 -39.11406282980341 -0.8754476548321826 -0.2845545527026041 -0.05359199876530021 -0.039327353661178115 0.1915612383204012 0.15296508406096468 16665.0 44437.0 83431.0 126986.99999999999 169127.0 206104.0 236248.0 259305.99999999997 275812.0 286650.0 292791.0 295161.0 294576.0 291723.0 287170.0 281371.0
12 1.0 98.47513253362888 -84.55765355892314 -0.8754476548321826 -0.2845545527026041 -0.05359199876530021 -0.039327353661178115 0.1915612383204012 0.15296508406096468 10901.0 30320.0 58876.0 92123.0 125554.0 156015.0 181837.0 202474.0 218073.0 229141.0 236325.0 240292.0 241660.0 240971.0 238683.0 235178.0
13 1.0 287.29686020852296 37.8606292153584 -0.8754476548321826 -0.2845545527026041 -0.05359199876530021 -0.039327353661178115 0.1915612383204012 0.15296508406096468 10716.0 30375.0 59681.0 94089.0 128870.00000000001 160660.0 187655.0 209245.0 225563.0 237130.0 244626.0 248749.0 250147.99999999997 249395.0 246973.0 243281.0
14 1.0 66.8289399501428 -88.58086136848073 -0.8754476548321826 -0.2845545527026041 -0.05359199876530021 -0.039327353661178115 0.1915612383204012 0.15296508406096468 10514.0 29334.0 57116.0 89570.0 122311.0 152238.0 177691.0 198108.0 213607.0 224667.0 231912.0 235987.0 237495.0 236966.0 234849.0 231519.0
15 1.0 343.0049965099 -22.9177674322208 -0.8754476548321826 -0.2845545527026041 -0.05359199876530021 -0.039327353661178115 0.1915612383204012 0.15296508406096468 32093.000000000004 72572.0 122206.0 172458.0 217483.0 254477.0 282795.0 302995.0 316178.0 323583.0 326391.0 325638.0 322189.0 316747.0 309870.0 301997.0
16 1.0 247.4957794996135 5.496698621300723 -0.8754476548321826 -0.2845545527026041 -0.05359199876530021 -0.039327353661178115 0.1915612383204012 0.15296508406096468 4573.0 12834.0 25333.0 40394.0 56126.0 71058.0 84296.0 95427.0 104368.0 111236.0 116248.0 119658.0 121720.0 122673.0 122726.0 122061.0
17 1.0 77.58276376088104 75.98006311809476 -0.8754476548321826 -0.2845545527026041 -0.05359199876530021 -0.039327353661178115 0.1915612383204012 0.15296508406096468 6318.0 18570.0 37641.0 60963.0 85481.0 108783.0 129388.0 146615.0 160331.0 170729.0 178168.0 183064.0 185835.0 186867.0 186499.0 185024.0
18 1.0 341.0534125760127 -73.89098189407798 -0.8754476548321826 -0.2845545527026041 -0.05359199876530021 -0.039327353661178115 0.1915612383204012 0.15296508406096468 13229.0 36333.0 69785.0 108146.0 146143.0 180233.0 208656.0 230944.0 247399.0 258695.0 265639.0 269027.0 269583.0 267931.0 264589.0 259984.0
19 1.0 263.1080904372568 -16.930382045708924 -0.8754476548321826 -0.2845545527026041 -0.05359199876530021 -0.039327353661178115 0.1915612383204012 0.15296508406096468 2988.0 9185.0 19340.0 32360.0 46667.0 60855.0 73947.0 85392.0 94967.0 102665.0 108608.0 112981.0 115993.0 117849.0 118744.0 118847.0
20 1.0 91.4189913342093 -85.6236240521716 -0.8754476548321826 -0.2845545527026041 -0.05359199876530021 -0.039327353661178115 0.1915612383204012 0.15296508406096468 10860.0 30221.0 58711.0 91895.0 125280.0 155711.0 181519.0 202155.0 217762.0 228842.0 236043.0 240028.0 241415.0 240744.0 238474.0 234986.0
21 1.0 76.79231185229351 -28.33002281851374 -0.8754476548321826 -0.2845545527026041 -0.05359199876530021 -0.039327353661178115 0.1915612383204012 0.15296508406096468 9875.0 26674.0 50922.0 78868.0 106839.0 132299.0 153918.0 171268.0 184469.0 193933.0 200183.0 203760.0 205166.0 204843.0 203168.0 200453.0
22 1.0 186.55225701503878 22.00159059116308 -0.8754476548321826 -0.2845545527026041 -0.05359199876530021 -0.039327353661178115 0.1915612383204012 0.15296508406096468 28208.0 61122.0 100207.0 139003.0 173352.0 201388.0 222786.0 238052.0 248046.0 253708.0 255921.0 255454.0 252950.0 248930.0 243811.0 237920.0
23 1.0 9.238578499631366 -39.767769318852295 -0.8754476548321826 -0.2845545527026041 -0.05359199876530021 -0.039327353661178115 0.1915612383204012 0.15296508406096468 27096.0 62210.0 105997.0 151001.0 191904.0 226010.0 252550.0 271880.0 284886.0 292619.0 296108.0 296272.0 293887.0 289591.0 283897.0 277211.0
24 1.0 74.68922715879938 -52.245009061985684 -0.8754476548321826 -0.2845545527026041 -0.05359199876530021 -0.039327353661178115 0.1915612383204012 0.15296508406096468 13493.0 36390.0 69082.0 106229.0 142803.0 175485.0 202663.0 223938.0 239627.0 250387.00000000003 256993.00000000003 260208.0 260720.99999999997 259124.00000000003 255915.0 251496.0
25 1.0 152.88676875054225 -69.17341800112314 -0.8754476548321826 -0.2845545527026041 -0.05359199876530021 -0.039327353661178115 0.1915612383204012 0.15296508406096468 9867.0 27109.0 52304.0 81576.0 111030.0 137937.0 160841.0 179251.0 193273.0 203330.0 209974.0 213775.0 215268.0 214924.0 213144.0 210261.0
26 1.0 134.7011929203212 13.88524392366152 -0.8754476548321826 -0.2845545527026041 -0.05359199876530021 -0.039327353661178115 0.1915612383204012 0.15296508406096468 21261.0 54187.0 98603.0 146699.0 192049.0 230930.0 261905.0 285001.0 300998.0 310976.0 316051.0 317248.0 315451.0 311394.0 305672.0 298755.0
27 1.0 166.88715277133184 35.14860106284348 -0.8754476548321826 -0.2845545527026041 -0.05359199876530021 -0.039327353661178115 0.1915612383204012 0.15296508406096468 29162.0 67872.0 116504.0 166618.0 212142.0 249988.0 279288.0 300461.0 314529.0 322700.0 326149.0 325917.0 322884.0 317768.0 311141.0 303456.0
28 1.0 99.94633426610349 30.95228530724802 -0.8754476548321826 -0.2845545527026041 -0.05359199876530021 -0.039327353661178115 0.1915612383204012 0.15296508406096468 5053.0 15303.0 31741.0 52351.0 74490.0 95943.0 115264.0 131715.0 145070.0 155427.0 163058.0 168309.0 171543.0 173104.0 173303.0 172409.0
29 1.0 211.24236472494076 80.79498372969132 -0.8754476548321826 -0.2845545527026041 -0.05359199876530021 -0.039327353661178115 0.1915612383204012 0.15296508406096468 10801.0 30585.0 60059.0 94649.0 129601.0 161537.0 188646.0 210317.0 226687.0 238281.0 245782.0 249895.0 251273.00000000003 250491.00000000003 248033.0 244303.0
0 1.0 310.9880181323633 -89.51342149916951 -0.8754476548321826 -0.2845545527026041 -0.05359199876530021 -0.039327353661178115 0.1915612383204012 0.15296508406096468 10206.0 28531.0 55646.0 87397.0 119501.0 148912.0 173986.0 194151.0 209507.0 220511.0 227766.0 231900.0 233502.0 233090.0 231106.0 227917.0
1 1.0 42.31146814633191 26.49539770092649 -0.8754476548321826 -0.2845545527026041 -0.05359199876530021 -0.039327353661178115 0.1915612383204012 0.15296508406096468 3247.0 8696.0 16693.0 26169.0 35983.0 45269.0 53505.0 60450.0 66057.0 70394.0 73590.0 75799.0 77175.0 77862.0 77989.0 77668.0
2 1.0 186.2564785754811 18.070602677575124 -0.8754476548321826 -0.2845545527026041 -0.05359199876530021 -0.039327353661178115 0.1915612383204012 0.15296508406096468 28065.0 60239.0 98092.0 135389.0 168205.0 194834.0 215034.0 229337.0 238598.0 243734.0 245599.0 244934.0 242354.0 238355.0 233334.0 227601.0
3 1.0 47.54451828425519 15.973129794651868 -0.8754476548321826 -0.2845545527026041 -0.05359199876530021 -0.039327353661178115 0.1915612383204012 0.15296508406096468 3601.0 9464.0 17929.0 27830.0 37977.0 47496.0 55873.0 62887.0 68508.0 72820.0 75965.0 78105.0 79401.0 80001.0 80038.0 79626.0
4 1.0 258.06948522933374 83.29865757124364 -0.8754476548321826 -0.2845545527026041 -0.05359199876530021 -0.039327353661178115 0.1915612383204012 0.15296508406096468 9765.0 27860.0 55046.0 87206.0 119953.0 150106.0 175913.0 196734.0 212637.0 224072.0 231647.0 236004.0 237746.0 237405.0 235438.0 232223.0
5 1.0 142.58149301062573 -86.96309879339286 -0.8754476548321826 -0.2845545527026041 -0.05359199876530021 -0.039327353661178115 0.1915612383204012 0.15296508406096468 10096.0 28192.0 54947.0 86266.0 117932.0 146947.0 171692.0 191599.0 206768.0 217646.0 224825.0 228926.0 230526.0 230137.0 228194.0 225061.0
6 1.0 203.55167226906323 35.36683752626102 -0.8754476548321826 -0.2845545527026041 -0.05359199876530021 -0.039327353661178115 0.1915612383204012 0.15296508406096468 21245.0 49031.0 84112.0 120679.0 154432.0 183060.0 205783.0 222752.0 234581.0 242058.0 245977.0 247066.0 245951.0 243155.0 239103.0 234136.0
7 1.0 65.9807410370683 56.462156946335426 -0.8754476548321826 -0.2845545527026041 -0.05359199876530021 -0.039327353661178115 0.1915612383204012 0.15296508406096468 3243.0 9875.0 20645.0 34349.0 49308.0 64055.0 77588.0 89354.0 99140.0 106956.0 112943.0 117301.0 120251.0 122013.0 122787.0 122754.0
8 1.0 52.1451933636158 1.7652953918851466 -0.8754476548321826 -0.2845545527026041 -0.05359199876530021 -0.039327353661178115 0.1915612383204012 0.15296508406096468 5078.0 13048.0 24293.0 37190.0 50173.0 62145.0 72500.0 81009.0 87685.0 92676.0 96188.0 98446.0 99665.0 100040.0 99742.0 98913.0
9 1.0 175.70026103362363 -29.886323472574354 -0.8754476548321826 -0.2845545527026041 -0.05359199876530021 -0.039327353661178115 0.1915612383204012 0.15296508406096468 14214.0 33101.0 57300.0 82926.0 106986.0 127777.0 144636.0 157558.0 166887.0 173117.0 176771.0 178341.0 178261.0 176899.0 174560.0 171492.0
10 1.0 128.020585625984 52.35122938093289 -0.8754476548321826 -0.2845545527026041 -0.05359199876530021 -0.039327353661178115 0.1915612383204012 0.15296508406096468 11489.0 32308.000000000004 63109.0 99038.0 135143.0 167956.0 195657.0 217670.0 234178.0 245756.0 253132.00000000003 257043.00000000003 258168.99999999997 257106.0 254353.0 250322.0
11 1.0 338.5555002910127 -72.49627338616357 -0.8754476548321826 -0.2845545527026041 -0.05359199876530021 -0.039327353661178115 0.1915612383204012 0.15296508406096468 13438.0 36852.0 70695.0 109445.0 147772.0 182110.0 210699.0 233082.0 249574.0 260866.0 267773.0 271105.0 271591.0 269859.0 266435.0 261747.0
12 1.0 275.5170913705075 -10.43358520861345 -0.8754476548321826 -0.2845545527026041 -0.05359199876530021 -0.039327353661178115 0.1915612383204012 0.15296508406096468 4883.0 14709.0 30401.0 50016.0 71045.0 91397.0 109713.0 125307.0 137976.0 147814.0 155083.0 160109.0 163234.0 164781.0 165042.0 164271.0
13 1.0 269.51890314619703 3.5914274227508827 -0.8754476548321826 -0.2845545527026041 -0.05359199876530021 -0.039327353661178115 0.1915612383204012 0.15296508406096468 5400.0 15857.0 32180.0 52230.0 73422.0 93683.0 111718.0 126904.99999999999 139097.0 148436.0 155211.0 159770.0 162465.0 163627.0 163549.0 162484.0
14 1.0 325.33910630853603 34.91215396821855 -0.8754476548321826 -0.2845545527026041 -0.05359199876530021 -0.039327353661178115 0.1915612383204012 0.15296508406096468 13803.0 35943.0 66813.0 101399.0 135165.0 165194.0 190103.0 209585.0 223956.0 233826.0 239903.0 242881.0 243384.0 241953.0 239036.0 235004.0
15 1.0 30.032076759126678 -73.6405682341663 -0.8754476548321826 -0.2845545527026041 -0.05359199876530021 -0.039327353661178115 0.1915612383204012 0.15296508406096468 14472.0 39261.0 74712.0 114945.0 154435.0 189563.0 218603.0 241164.0 257632.00000000003 268758.0 275408.0 278425.0 278566.0 276477.0 272696.0 267658.0
16 1.0 198.78928917206636 -49.00328972318503 -0.8754476548321826 -0.2845545527026041 -0.05359199876530021 -0.039327353661178115 0.1915612383204012 0.15296508406096468 5819.0 15498.0 29500.0 45812.0 62400.0 77797.0 91174.0 102204.0 110879.0 117378.0 121960.0 124913.0 126513.99999999999 127013.99999999999 126635.0 125562.0
17 1.0 210.4113848240768 -16.14571871577739 -0.8754476548321826 -0.2845545527026041 -0.05359199876530021 -0.039327353661178115 0.1915612383204012 0.15296508406096468 7235.0 16766.0 28971.0 41938.0 54193.0 64890.0 73681.0 80543.0 85626.0 89156.0 91383.0 92544.0 92851.0 92486.0 91603.0 90326.0
18 1.0 346.2970962770024 22.193041143623518 -0.8754476548321826 -0.2845545527026041 -0.05359199876530021 -0.039327353661178115 0.1915612383204012 0.15296508406096468 17702.0 41021.0 70685.0 101865.0 130907.0 155784.0 175753.0 190870.0 201605.0 208594.0 212494.0 213914.0 213388.0 211361.0 208203.0 204208.0
19 1.0 105.17310964531758 69.65294061913514 -0.8754476548321826 -0.2845545527026041 -0.05359199876530021 -0.039327353661178115 0.1915612383204012 0.15296508406096468 7043.0 20704.0 41921.0 67776.0 94835.0 120412.0 142885.0 161529.0 176236.0 187251.0 194996.0 199954.0 202597.0 203361.0 202624.0 200710.0
20 1.0 86.69836076956085 21.388710283447764 -0.8754476548321826 -0.2845545527026041 -0.05359199876530021 -0.039327353661178115 0.1915612383204012 0.15296508406096468 3396.0 10338.0 21621.0 35996.0 51709.0 67223.0 81477.0 93879.0 104197.0 112436.0 118738.0 123314.0 126395.00000000001 128215.0 128987.99999999999 128902.99999999999
21 1.0 36.10581921557922 -65.9769352317118 -0.8754476548321826 -0.2845545527026041 -0.05359199876530021 -0.039327353661178115 0.1915612383204012 0.15296508406096468 16268.000000000002 43098.0 80671.0 122636.0 163296.0 199060.0 228313.0 250788.0 266973.0 277697.0 283883.0 286411.0 286061.0 283496.0 279261.0 273796.0
22 1.0 5.9146666529307135 86.50442390171082 -0.8754476548321826 -0.2845545527026041 -0.05359199876530021 -0.039327353661178115 0.1915612383204012 0.15296508406096468 8151.0 23488.0 46833.0 74804.0 103651.0 130558.00000000001 153903.0 173023.0 187890.0 198830.0 206334.0 210936.0 213151.0 213445.0 212218.0 209810.0
23 1.0 334.6305540451886 66.92143225598872 -0.8754476548321826 -0.2845545527026041 -0.05359199876530021 -0.039327353661178115 0.1915612383204012 0.15296508406096468 8279.0 23361.0 45943.0 72691.0 100049.0 125407.99999999999 147299.0 165153.0 178979.0 189108.0 196014.0 200206.0 202171.0 202346.0 201106.0 198770.0
24 1.0 241.16995677272763 0.4897370061583217 -0.8754476548321826 -0.2845545527026041 -0.05359199876530021 -0.039327353661178115 0.1915612383204012 0.15296508406096468 4085.0 11268.0 22020.0 34903.0 48329.0 61073.0 72390.0 81935.0 89634.0 95582.0 99955.0 102963.0 104820.0 105725.0 105854.0 105363.0
25 1.0 282.6550483283296 76.02263672339393 -0.8754476548321826 -0.2845545527026041 -0.05359199876530021 -0.039327353661178115 0.1915612383204012 0.15296508406096468 9914.0 28229.0 55689.0 88110.0 121063.0 151353.0 177232.0 198071.0 213954.0 225342.0 232854.0 237139.0 238805.0 238389.0 236349.0 233066.0
26 1.0 101.42283807142167 7.448542876284435 -0.8754476548321826 -0.2845545527026041 -0.05359199876530021 -0.039327353661178115 0.1915612383204012 0.15296508406096468 7149.0 20650.0 41364.0 66420.0 92527.0 117144.0 138748.0 156669.0 170810.0 181412.0 188878.0 193668.0 196234.0 196990.0 196299.0 194472.0
27 1.0 211.1076598270776 76.19509222004936 -0.8754476548321826 -0.2845545527026041 -0.05359199876530021 -0.039327353661178115 0.1915612383204012 0.15296508406096468 11935.0 33427.0 65075.99999999999 101838.0 138636.0 171953.0 199973.0 222147.0 238694.0 250222.99999999997 257486.0 261245.0 262195.0 260942.99999999997 257996.99999999997 253774.0
28 1.0 23.023895803553206 59.38152634860177 -0.8754476548321826 -0.2845545527026041 -0.05359199876530021 -0.039327353661178115 0.1915612383204012 0.15296508406096468 4829.0 13756.0 27399.0 43940.0 61284.0 77792.0 92454.0 104797.0 114719.0 122340.0 127894.00000000001 131661.0 133923.0 134942.0 134954.0 134162.0
29 1.0 174.82593453646425 84.29155385297352 -0.8754476548321826 -0.2845545527026041 -0.05359199876530021 -0.039327353661178115 0.1915612383204012 0.15296508406096468 9722.0 27772.0 54934.0 87105.0 119900.0 150127.0 176019.0 196926.0 212909.0 224412.0 232045.0 236446.0 238220.0 237903.0 235950.0 232744.0
0 1.0 351.89825030800085 75.5609059400685 -0.8754476548321826 -0.2845545527026041 -0.05359199876530021 -0.039327353661178115 0.1915612383204012 0.15296508406096468 7390.0 21178.0 42124.0 67228.0 93163.0 117419.0 138538.0 155911.0 169498.0 179575.0 186570.0 190952.0 193177.0 193660.0 192757.0 190772.0
1 1.0 315.54188831397266 -83.5139128628575 -0.8754476548321826 -0.2845545527026041 -0.05359199876530021 -0.039327353661178115 0.1915612383204012 0.15296508406096468 10378.0 29050.0 56700.0 89083.0 121822.0 151805.0 177352.0 197879.0 213494.0 224664.0 232008.0 236169.0 237749.0 237278.0 235207.0 231912.0
2 1.0 121.73722266126443 -58.54103925103081 -0.8754476548321826 -0.2845545527026041 -0.05359199876530021 -0.039327353661178115 0.1915612383204012 0.15296508406096468 12270.0 33649.0 64638.0 100270.0 135700.0 167641.0 194429.0 215591.0 231365.0 242347.0 249261.0 252834.0 253728.0 252520.00000000003 249693.0 245644.0
3 1.0 346.16525563493946 -19.95575812178656 -0.8754476548321826 -0.2845545527026041 -0.05359199876530021 -0.039327353661178115 0.1915612383204012 0.15296508406096468 32522.000000000004 72362.0 120599.0 169026.0 212162.0 247451.0 274365.0 293496.0 305922.0 312843.0 315390.0 314552.0 311154.0 305864.0 299213.0 291618.0
4 1.0 83.41258552963363 81.38568551317573 -0.8754476548321826 -0.2845545527026041 -0.05359199876530021 -0.039327353661178115 0.1915612383204012 0.15296508406096468 7364.0 21427.0 43059.0 69224.0 96443.0 122045.0 144442.0 162947.0 177481.0 188312.0 195874.0 200657.0 203138.0 203754.0 202883.0 200850.0
5 1.0 341.75477606964535 -35.99479449433267 -0.8754476548321826 -0.2845545527026041 -0.05359199876530021 -0.039327353661178115 0.1915612383204012 0.15296508406096468 28893.0 68168.0 117951.0 169504.0 216455.0 255531.0 285787.0 307637.0 322133.0 330528.0 334041.0 333754.0 330580.0 325263.0 318395.0 310445.0
6 1.0 338.8959736943395 -61.11582410023181 -0.8754476548321826 -0.2845545527026041 -0.05359199876530021 -0.039327353661178115 0.1915612383204012 0.15296508406096468 17376.0 45926.0 85715.0 129911.0 172482.0 209692.0 239914.0 262939.0 279339.0 290026.0 295994.0 298180.0 297410.0 294377.0 289652.0 283691.0
7 1.0 287.71293144686103 69.53483989558077 -0.8754476548321826 -0.2845545527026041 -0.05359199876530021 -0.039327353661178115 0.1915612383204012 0.15296508406096468 10172.0 28906.0 56928.0 89940.0 123424.0 154139.0 180322.0 201354.0 217337.0 228751.0 236235.0 240451.0 242022.0 241493.0 239330.0 235918.0
8 1.0 226.9612572720448 -9.649005213023472 -0.8754476548321826 -0.2845545527026041 -0.05359199876530021 -0.039327353661178115 0.1915612383204012 0.15296508406096468 4222.0 10837.0 20186.0 30943.0 41820.0 51905.0 60690.0 67975.0 73757.0 78147.0 81308.0 83420.0 84656.0 85175.0 85117.0 84599.0
9 1.0 314.7436679849809 73.41760698377868 -0.8754476548321826 -0.2845545527026041 -0.05359199876530021 -0.039327353661178115 0.1915612383204012 0.15296508406096468 8958.0 25511.0 50404.0 79920.0 110077.0 137962.0 161950.0 181424.0 196416.0 207313.0 214654.0 219014.0 220938.0 220912.0 219354.0 216613.0
10 1.0 105.48730242280682 -61.15851606237421 -0.8754476548321826 -0.2845545527026041 -0.05359199876530021 -0.039327353661178115 0.1915612383204012 0.15296508406096468 12530.0 34533.0 66522.0 103355.0 139989.0 172999.0 200652.0 222458.0 238669.0 249910.0 256938.99999999997 260513.0 261323.00000000003 259969.0 256950.99999999997 252683.0
11 1.0 305.61967991265055 29.00115207145791 -0.8754476548321826 -0.2845545527026041 -0.05359199876530021 -0.039327353661178115 0.1915612383204012 0.15296508406096468 13026.0 35785.0 68739.0 106536.0 143994.0 177624.0 205693.0 227734.0 244038.0 255263.00000000003 262198.0 265625.0 266254.0 264698.0 261469.0 256985.00000000003
12 1.0 222.43560909030856 -10.75252449069147 -0.8754476548321826 -0.2845545527026041 -0.05359199876530021 -0.039327353661178115 0.1915612383204012 0.15296508406096468 4881.0 12102.0 21994.0 33099.0 44097.0 54107.0 62673.00000000001 69649.0 75080.0 79110.0 81927.0 83722.0 84678.0 84956.0 84695.0 84010.0
13 1.0 4.765268793203816 -76.23238157454863 -0.8754476548321826 -0.2845545527026041 -0.05359199876530021 -0.039327353661178115 0.1915612383204012 0.15296508406096468 13620.0 37273.0 71394.0 110398.0 148927.0 183402.0 212071.0 234488.0 250979.99999999997 262247.0 269115.0 272396.0 272825.0 271035.0 267552.0 262805.0
14 1.0 125.00406645559904 35.363366037450106 -0.8754476548321826 -0.2845545527026041 -0.05359199876530021 -0.039327353661178115 0.1915612383204012 0.15296508406096468 13000.0 35939.0 69309.0 107690.0 145786.0 180015.0 208586.0 231014.0 247589.0 258986.0 266008.0 269456.0 270055.0 268432.0 265110.0 260516.00000000003
15 1.0 53.330709941339414 -45.46822400295233 -0.8754476548321826 -0.2845545527026041 -0.05359199876530021 -0.039327353661178115 0.1915612383204012 0.15296508406096468 15289.0 39027.0 71527.0 107417.0 142040.0 172505.0 197519.0 216872.0 230961.0 240461.0 246124.0 248674.0 248755.0 246917.0 243619.0 239230.0
16 1.0 353.45858033457114 -82.86920593568681 -0.8754476548321826 -0.2845545527026041 -0.05359199876530021 -0.039327353661178115 0.1915612383204012 0.15296508406096468 11544.0 32072.000000000004 62194.0 97174.0 132247.0 164099.0 191000.0 212403.0 228487.0 239806.0 247057.0 250948.0 252134.00000000003 251188.00000000003 248593.0 244747.0
17 1.0 172.2133105343957 -79.21002631507682 -0.8754476548321826 -0.2845545527026041 -0.05359199876530021 -0.039327353661178115 0.1915612383204012 0.15296508406096468 9004.0 25110.0 48970.0 76998.0 105465.0 131691.0 154203.0 172459.0 186511.0 196731.0 203627.0 207737.0 209570.0 209579.0 208152.0 205615.0
18 1.0 179.06089157951857 -79.00586332797828 -0.8754476548321826 -0.2845545527026041 -0.05359199876530021 -0.039327353661178115 0.1915612383204012 0.15296508406096468 8751.0 24432.0 47703.0 75087.0 102950.0 128665.0 150780.0 168751.0 182617.0 192733.0 199592.0 203717.0 205603.0 205693.0 204368.0 201946.0
19 1.0 230.2101059035405 73.39193234730709 -0.8754476548321826 -0.2845545527026041 -0.05359199876530021 -0.039327353661178115 0.1915612383204012 0.15296508406096468 12018.0 33615.0 65376.0 102234.0 139099.0 172456.0 200493.0 222668.0 239204.0 250715.00000000003 257957.0 261691.99999999997 262618.0 261342.00000000003 258372.0 254128.00000000003
20 1.0 132.6904582066623 43.17910520923817 -0.8754476548321826 -0.2845545527026041 -0.05359199876530021 -0.039327353661178115 0.1915612383204012 0.15296508406096468 14847.0 40319.0 76705.0 117917.0 158270.0 194068.0 223570.0 246410.0 263005.0 274142.0 280719.0 283606.0 283577.0 281296.0 277310.0 272063.0
21 1.0 49.284097806815616 71.6512242984723 -0.8754476548321826 -0.2845545527026041 -0.05359199876530021 -0.039327353661178115 0.1915612383204012 0.15296508406096468 5260.0 15464.0 31413.000000000004 51034.0 71803.0 91692.0 109424.0 124383.0 136418.0 145658.0 152381.0 156926.0 159634.0 160830.0 160799.0 159790.0
22 1.0 295.9623839499284 31.064816033373845 -0.8754476548321826 -0.2845545527026041 -0.05359199876530021 -0.039327353661178115 0.1915612383204012 0.15296508406096468 11505.0 32349.999999999996 63173.00000000001 99113.0 135213.0 168009.0 195689.0 217678.0 234163.0 245721.0 253080.00000000003 256977.0 258093.00000000003 257021.99999999997 254264.0 250228.99999999997
23 1.0 68.34524828499286 5.2091872255589635 -0.8754476548321826 -0.2845545527026041 -0.05359199876530021 -0.039327353661178115 0.1915612383204012 0.15296508406096468 3807.0 10727.0 21262.0 34043.0 47483.0 60332.0 71808.0 81538.0 89428.0 95559.0 100103.0 103267.0 105262.0 106288.0 106523.0 106121.0
24 1.0 184.07483371672416 -35.19965441747191 -0.8754476548321826 -0.2845545527026041 -0.05359199876530021 -0.039327353661178115 0.1915612383204012 0.15296508406096468 10344.0 24834.0 43976.0 64774.0 84750.0 102387.0 117003.0 128481.00000000001 137022.0 142979.0 146751.0 148729.0 149265.0 148663.0 147181.0 145027.0
25 1.0 80.75413043090613 89.63320523916121 -0.8754476548321826 -0.2845545527026041 -0.05359199876530021 -0.039327353661178115 0.1915612383204012 0.15296508406096468 8666.0 24922.0 49588.0 79040.0 109300.0 137413.0 161696.0 181488.0 196788.0 207962.0 215544.0 220104.0 222190.0 222292.0 220831.0 218162.0
26 1.0 35.22401441785226 -24.805969390909922 -0.8754476548321826 -0.2845545527026041 -0.05359199876530021 -0.039327353661178115 0.1915612383204012 0.15296508406096468 16899.0 38612.0 65894.0 94318.0 120622.0 143045.0 160974.0 174501.0 184070.0 190266.0 193686.0 194880.0 194329.0 192434.0 189525.0 185869.0
27 1.0 310.388946271806 -5.28318914149628 -0.8754476548321826 -0.2845545527026041 -0.05359199876530021 -0.039327353661178115 0.1915612383204012 0.15296508406096468 17738.0 46659.0 86808.0 131281.0 174025.0 211320.0 241560.0 264558.0 280904.0 291521.0 297411.0 299517.0 298667.0 295558.0 290760.0 284731.0
28 1.0 350.2510160483269 -21.915868513776886 -0.8754476548321826 -0.2845545527026041 -0.05359199876530021 -0.039327353661178115 0.1915612383204012 0.15296508406096468 32537.999999999996 71888.0 119263.0 166642.0 208733.0 243098.0 269264.0 287831.0 299864.0 306537.0 308954.0 308080.0 304718.0 299517.0 292995.0 285556.0
29 1.0 345.90047690268005 86.31484728038254 -0.8754476548321826 -0.2845545527026041 -0.05359199876530021 -0.039327353661178115 0.1915612383204012 0.15296508406096468 8316.0 23930.0 47656.0 76039.0 105265.0 132485.0 156063.0 175341.0 190301.0 201281.0 208783.0 213353.0 215515.0 215740.0 214435.0 211943.0
