idx D_km lam beta x1 y1 z1 x2 y2 z2 flux5 flux6 flux7 flux8 flux9 flux10 flux11 flux12 flux13 flux14 flux15 flux16 flux17 flux18 flux19 flux20
0 1.0 197.5728614138369 73.17998985981222 -0.891375071182644 0.2570763922209481 0.24495196188996493 0.05959442207145257 -0.020438963806999607 0.12354060228843841 60324.0 155875.0 286796.0 430553.0 567860.0 687071.0 783316.0 856192.0 907709.0 940901.0 959010.0 965074.0 961747.0 951256.0 935422.0 915702.0
1 1.0 257.468171894071 49.328519885754986 -0.891375071182644 0.2570763922209481 0.24495196188996493 0.05959442207145257 -0.020438963806999607 0.12354060228843841 30501.0 88543.0 176887.0 282261.0 390131.0 489790.0 575255.0 644282.0 697027.0 734947.0 760054.0 774473.0 780210.0 779045.0 772493.0 761817.0
2 1.0 216.99481538579178 -30.033872634844457 -0.891375071182644 0.2570763922209481 0.24495196188996493 0.05959442207145257 -0.020438963806999607 0.12354060228843841 14395.0 43200.0 89058.0 146282.0 207580.0 266899.0 320315.0 365838.0 402872.0 431689.0 453031.0 467841.0 477102.0 481753.0 482635.0 480486.0
3 1.0 196.15794587888288 -75.40174980216058 -0.891375071182644 0.2570763922209481 0.24495196188996493 0.05959442207145257 -0.020438963806999607 0.12354060228843841 22318.0 66892.0 137118.0 223490.0 314435.0 400750.0 476793.0 539998.0 589912.0 627327.0 653650.0 670504.0 679496.0 682100.0 679608.0 673121.0
4 1.0 152.5157277620057 -16.69658914551468 -0.891375071182644 0.2570763922209481 0.24495196188996493 0.05959442207145257 -0.020438963806999607 0.12354060228843841 7142.0 20108.0 40005.0 64417.0 90438.0 115688.0 138603.0 158364.0 174693.0 187661.0 197534.0 204671.0 209458.0 212269.0 213447.0 213297.0
5 1.0 232.5218807039962 -48.19785440923031 -0.891375071182644 0.2570763922209481 0.24495196188996493 0.05959442207145257 -0.020438963806999607 0.12354060228843841 21198.0 63492.99999999999 130147.00000000001 212204.0 298731.0 381006.0 453657.0 514212.0 562203.0 598348.0 623956.0 640544.0 649626.0 652593.0 650667.0 644892.0
6 1.0 157.5313960545693 -66.15222574356306 -0.891375071182644 0.2570763922209481 0.24495196188996493 0.05959442207145257 -0.020438963806999607 0.12354060228843841 12692.0 40025.0 85435.0 143952.0 208239.0 271753.0 329975.0 380402.0 422078.0 455059.0 479980.0 497758.0 509399.00000000006 515888.0 518131.0 516928.00000000006
7 1.0 321.03828028154874 -80.38310727837145 -0.891375071182644 0.2570763922209481 0.24495196188996493 0.05959442207145257 -0.020438963806999607 0.12354060228843841 53002.0 141042.0 264578.0 402593.0 536215.0 653575.0 749366.0 822751.0 875390.0 910058.0 929822.0 937601.0 935975.0 927129.0 912855.0 894600.0
8 1.0 346.91859378037054 40.60698555790418 -0.891375071182644 0.2570763922209481 0.24495196188996493 0.05959442207145257 -0.020438963806999607 0.12354060228843841 4652.0 15032.0 32941.0 56961.0 84452.0 112774.0 139885.0 164470.0 185838.0 203756.0 218287.0 229670.0 238229.0 244322.0 248300.0 250492.0
9 1.0 138.03894677727996 -87.94305744749441 -0.891375071182644 0.2570763922209481 0.24495196188996493 0.05959442207145257 -0.020438963806999607 0.12354060228843841 36144.0 102505.0 201236.0 316793.0 433153.0 539038.0 628504.0 699637.0 753007.0 790460.0 814336.0 827021.0 830713.0 827331.0 818492.0 805528.0
10 1.0 285.02101370975925 48.70453473049972 -0.891375071182644 0.2570763922209481 0.24495196188996493 0.05959442207145257 -0.020438963806999607 0.12354060228843841 16403.0 50113.0 104421.0 172637.0 245942.0 316935.0 380794.0 435069.0 479033.0 513030.0 537981.0 555055.0 565465.0 570363.0 570780.0 567614.0
11 1.0 190.40217111104562 -63.549603827932486 -0.891375071182644 0.2570763922209481 0.24495196188996493 0.05959442207145257 -0.020438963806999607 0.12354060228843841 12757.0 40239.0 85877.0 144653.0 209182.0 272891.0 331248.0 381755.0 423464.0 456439.0 481328.0 499055.0 510634.99999999994 517055.99999999994 519227.0 517951.99999999994
12 1.0 204.49604199381562 -75.68602513438397 -0.891375071182644 0.2570763922209481 0.24495196188996493 0.05959442207145257 -0.020438963806999607 0.12354060228843841 23816.0 70920.0 144619.0 234714.0 329049.0 418104.0 496142.0 560638.0 611243.0 648872.0 675048.0 691494.0 699896.0 701792.0 698521.0 691217.0
13 1.0 333.214789785358 -73.87145383705104 -0.891375071182644 0.2570763922209481 0.24495196188996493 0.05959442207145257 -0.020438963806999607 0.12354060228843841 64038.0 163167.0 297450.0 443680.0 582444.0 702253.0 798471.0 870911.0 921750.0 954139.0 971397.0 976609.0 972460.0 961193.0 944634.0 924245.0
14 1.0 25.5729809512393 30.968605323704594 -0.891375071182644 0.2570763922209481 0.24495196188996493 0.05959442207145257 -0.020438963806999607 0.12354060228843841 12259.0 36109.0 73710.0 120458.0 170527.0 219077.0 262949.0 300516.0 331265.0 355386.0 373453.0 386211.0 394446.0 398908.0 400276.0 399144.0
15 1.0 31.366547892554657 -45.83390222648794 -0.891375071182644 0.2570763922209481 0.24495196188996493 0.05959442207145257 -0.020438963806999607 0.12354060228843841 65561.0 160265.0 285057.0 418808.0 544615.0 652766.0 739507.0 804873.0 850888.0 880378.0 896297.0 901380.0 898010.0 888182.0 873525.0 855347.0
16 1.0 7.278623078517259 -14.302895997582283 -0.891375071182644 0.2570763922209481 0.24495196188996493 0.05959442207145257 -0.020438963806999607 0.12354060228843841 36906.0 84844.0 145580.0 209428.0 269090.0 320500.0 362125.0 394020.0 417072.0 432516.0 441646.0 445675.0 445669.0 442530.0 437002.0 429690.0
17 1.0 299.74314439725765 10.326382438305046 -0.891375071182644 0.2570763922209481 0.24495196188996493 0.05959442207145257 -0.020438963806999607 0.12354060228843841 14907.0 42359.0 84300.0 135179.0 188577.0 239451.0 284683.0 322809.0 353507.0 377144.0 394440.0 406252.0 413447.0 416833.0 417128.0 414951.0
18 1.0 280.13643034194615 64.89921128918289 -0.891375071182644 0.2570763922209481 0.24495196188996493 0.05959442207145257 -0.020438963806999607 0.12354060228843841 23331.0 69618.0 142183.0 231044.0 324235.0 412345.0 489679.0 553702.0 604036.0 641559.0 667756.0 684315.0 692897.0 695018.0 692000.0 684965.0
19 1.0 313.2043733688549 40.8679672880391 -0.891375071182644 0.2570763922209481 0.24495196188996493 0.05959442207145257 -0.020438963806999607 0.12354060228843841 7045.0 22445.0 48530.0 82875.0 121459.0 160468.0 197092.0 229638.0 257319.00000000003 279977.0 297844.0 311359.0 321051.0 327463.0 331114.0 332473.0
20 1.0 352.30260320379506 -41.34097705703137 -0.891375071182644 0.2570763922209481 0.24495196188996493 0.05959442207145257 -0.020438963806999607 0.12354060228843841 74264.0 165086.0 275699.0 387816.0 488958.0 573036.0 638489.0 686336.0 718782.0 738386.0 747631.0 748727.0 743544.0 733623.0 720203.0 704272.0
21 1.0 287.6970831180205 -66.33309612759703 -0.891375071182644 0.2570763922209481 0.24495196188996493 0.05959442207145257 -0.020438963806999607 0.12354060228843841 54775.0 143935.0 267943.0 405710.0 538590.0 654985.0 749786.0 822271.0 874150.0 908210.0 927508.0 934943.0 933078.0 924075.0 909709.0 891413.0
22 1.0 166.13257041105547 -80.03262232418437 -0.891375071182644 0.2570763922209481 0.24495196188996493 0.05959442207145257 -0.020438963806999607 0.12354060228843841 25206.0 74554.0 151263.0 244525.0 341707.0 433037.0 512715.99999999994 578263.0 629424.0 667218.0 693264.0 709367.0 717281.0 718592.0 714678.0 706703.0
23 1.0 280.99050346312396 -35.712245793430355 -0.891375071182644 0.2570763922209481 0.24495196188996493 0.05959442207145257 -0.020438963806999607 0.12354060228843841 44900.0 118817.0 223050.0 340623.0 455874.0 558590.0 643874.0 710576.0 759735.0 793438.0 814117.0 824161.0 825726.0 820671.0 810545.0 796616.0
24 1.0 42.57879331281596 -42.818733136857915 -0.891375071182644 0.2570763922209481 0.24495196188996493 0.05959442207145257 -0.020438963806999607 0.12354060228843841 57412.0 146105.0 266747.0 398973.0 525458.0 635699.0 725227.0 793573.0 842454.0 874538.0 892711.0 899701.0 897912.0 889371.0 875747.0 858386.0
25 1.0 230.3715676779086 -7.894697975913658 -0.891375071182644 0.2570763922209481 0.24495196188996493 0.05959442207145257 -0.020438963806999607 0.12354060228843841 24045.0 69404.0 138643.0 221860.0 307965.0 388566.0 458766.0 516520.0 561674.0 595143.0 618343.0 632841.0 640156.0 641662.0 638555.0 631847.0
26 1.0 51.607183467256704 32.990640398582485 -0.891375071182644 0.2570763922209481 0.24495196188996493 0.05959442207145257 -0.020438963806999607 0.12354060228843841 23598.0 68368.0 136982.0 219743.0 305662.0 386350.0 456862.0 515085.0 560798.0 594867.0 618670.0 633746.0 641600.0 643598.0 640932.0 634612.0
27 1.0 340.0808101378502 35.21258021499429 -0.891375071182644 0.2570763922209481 0.24495196188996493 0.05959442207145257 -0.020438963806999607 0.12354060228843841 4472.0 14190.0 30715.0 52634.0 77494.0 102903.0 127050.0 148802.0 167593.0 183263.0 195908.0 205768.0 213154.0 218393.0 221803.0 223675.0
28 1.0 187.8653958300258 -38.96660761521 -0.891375071182644 0.2570763922209481 0.24495196188996493 0.05959442207145257 -0.020438963806999607 0.12354060228843841 6190.0 19679.0 42535.0 72687.0 106670.0 141161.0 173685.0 202716.0 227515.0 247898.0 264031.0 276274.0 285079.0 290918.0 294248.0 295488.0
29 1.0 149.2782983965885 -21.61314793797831 -0.891375071182644 0.2570763922209481 0.24495196188996493 0.05959442207145257 -0.020438963806999607 0.12354060228843841 6439.0 18773.0 38255.0 62663.0 89098.0 115086.0 138949.0 159768.0 177190.0 191234.0 202131.0 210218.0 215867.0 219444.0 221292.0 221715.0
0 1.0 95.24002035766571 -57.39282688735745 -0.891375071182644 0.2570763922209481 0.24495196188996493 0.05959442207145257 -0.020438963806999607 0.12354060228843841 25077.0 73506.0 148338.0 239016.0 333352.0 421968.0 499310.0 563006.0 612811.0 649702.0 675232.0 691132.0 699088.0 700626.0 697076.0 689560.0
1 1.0 278.724128196318 51.93819221517336 -0.891375071182644 0.2570763922209481 0.24495196188996493 0.05959442207145257 -0.020438963806999607 0.12354060228843841 19733.0 59570.0 122862.0 201329.0 284590.0 364223.0 434942.0 494235.0 541535.0 577442.0 603155.0 620100.0 629714.0 633328.0 632122.0 627104.0
2 1.0 164.21411959795748 -79.76734624201674 -0.891375071182644 0.2570763922209481 0.24495196188996493 0.05959442207145257 -0.020438963806999607 0.12354060228843841 24902.0 73744.0 149765.0 242296.0 338819.0 429623.0 508924.00000000006 574232.0 625270.0 663031.0 689115.0 705304.0 713337.0 714790.0 711030.0 703214.0
3 1.0 204.63622159271347 35.459503510497726 -0.891375071182644 0.2570763922209481 0.24495196188996493 0.05959442207145257 -0.020438963806999607 0.12354060228843841 57063.0 136831.0 241074.0 352676.0 457999.0 549133.0 622918.0 679242.0 719628.0 746286.0 761563.0 767666.0 766535.0 759811.0 748848.0 734740.0
4 1.0 6.764328157087851 50.1651712693986 -0.891375071182644 0.2570763922209481 0.24495196188996493 0.05959442207145257 -0.020438963806999607 0.12354060228843841 7969.0 25361.0 54779.0 93450.0 136834.0 180642.0 221726.0 258191.99999999997 289162.0 314460.0 334347.0 349317.0 359967.0 366910.0 370734.0 371969.0
5 1.0 222.34877894731574 49.93336113277556 -0.891375071182644 0.2570763922209481 0.24495196188996493 0.05959442207145257 -0.020438963806999607 0.12354060228843841 55205.0 142493.0 262592.0 395284.0 522968.0 634770.0 725926.0 795780.0 845958.0 879096.0 898088.0 905686.0 904322.0 896058.0 882591.0 865292.0
6 1.0 220.3544601800717 -43.303938417836115 -0.891375071182644 0.2570763922209481 0.24495196188996493 0.05959442207145257 -0.020438963806999607 0.12354060228843841 15415.0 46961.0 97725.0 161487.0 230051.0 296537.0 356449.0 407495.0 448979.0 481203.0 505004.0 521455.0 531673.0 536718.0 537547.0 534991.0
7 1.0 222.0962388749125 -22.713635172138936 -0.891375071182644 0.2570763922209481 0.24495196188996493 0.05959442207145257 -0.020438963806999607 0.12354060228843841 17457.0 51525.0 104835.0 170364.0 239608.0 305762.0 364582.0 414054.0 453720.0 484055.0 506016.0 520744.0 529396.0 533050.0 532662.0 529056.0
8 1.0 339.7493082652647 15.76793433535002 -0.891375071182644 0.2570763922209481 0.24495196188996493 0.05959442207145257 -0.020438963806999607 0.12354060228843841 6719.0 18829.0 37364.0 60076.0 84282.0 107791.0 129171.00000000001 147671.0 163035.0 175327.0 184789.0 191748.0 196554.0 199548.0 201043.0 201312.0
9 1.0 245.45530767725404 -40.892057563595934 -0.891375071182644 0.2570763922209481 0.24495196188996493 0.05959442207145257 -0.020438963806999607 0.12354060228843841 26884.0 78980.0 159307.0 256253.99999999997 356598.0 450306.0 531555.0 597964.0 649423.0 687094.0 712721.0 728207.0 735379.0 735881.0 731128.0 722311.0
10 1.0 129.42284420656296 -23.246496140780025 -0.891375071182644 0.2570763922209481 0.24495196188996493 0.05959442207145257 -0.020438963806999607 0.12354060228843841 10245.0 29777.0 60343.0 98219.0 138751.0 178085.0 213702.0 244299.0 269455.0 289306.0 304297.0 315010.0 322061.0 326043.0 327495.0 326890.0
11 1.0 157.33150336776293 -54.530229566584865 -0.891375071182644 0.2570763922209481 0.24495196188996493 0.05959442207145257 -0.020438963806999607 0.12354060228843841 6908.0 22738.0 50255.0 87167.0 129228.00000000001 172231.0 212980.0 249471.0 280711.0 306424.0 326793.0 342258.0 353381.0 360754.0 364952.0 366504.0
12 1.0 251.14723053381536 -7.225940923918671 -0.891375071182644 0.2570763922209481 0.24495196188996493 0.05959442207145257 -0.020438963806999607 0.12354060228843841 28460.0 83222.0 167179.0 267957.0 371720.0 468121.0 551261.0 618826.0 670831.0 708576.0 733929.0 748898.0 755391.0 755113.0 749526.0 739853.0
13 1.0 21.68116978653714 -81.96978577425946 -0.891375071182644 0.2570763922209481 0.24495196188996493 0.05959442207145257 -0.020438963806999607 0.12354060228843841 49330.0 133142.0 252172.99999999997 386373.0 517263.0 632969.0 728001.0 801293.0 854302.0 889642.0 910257.0 918984.0 918345.0 910484.0 897171.0 879838.0
14 1.0 240.03601756044037 53.96325922271123 -0.891375071182644 0.2570763922209481 0.24495196188996493 0.05959442207145257 -0.020438963806999607 0.12354060228843841 42983.0 118394.0 227609.0 352737.0 476493.0 587318.0 679520.0 751641.0 804716.0 840989.0 863115.0 873707.0 875130.0 869417.0 858260.0 843040.0
15 1.0 241.4296330625374 -76.1478395424061 -0.891375071182644 0.2570763922209481 0.24495196188996493 0.05959442207145257 -0.020438963806999607 0.12354060228843841 33351.0 95703.0 189524.0 300357.0 412856.0 515978.00000000006 603732.0 674031.0 727241.0 765022.0 789560.0 803122.0 807818.0 805505.0 797756.0 785872.0
16 1.0 75.73772198658273 3.3903267896746883 -0.891375071182644 0.2570763922209481 0.24495196188996493 0.05959442207145257 -0.020438963806999607 0.12354060228843841 33502.0 95323.0 187821.0 296748.0 407135.0 508260.99999999994 594324.0 663312.0 715590.0 752777.0 777002.0 790472.0 795248.0 793139.0 785685.0 774156.0
17 1.0 46.41346715574719 -34.7741820818647 -0.891375071182644 0.2570763922209481 0.24495196188996493 0.05959442207145257 -0.020438963806999607 0.12354060228843841 51169.0 132612.0 245224.0 370259.0 491188.0 597654.0 684992.0 752415.0 801319.0 834093.0 853406.0 861820.0 861618.0 854743.0 842804.0 827107.0
18 1.0 113.55420633270619 13.957730789647584 -0.891375071182644 0.2570763922209481 0.24495196188996493 0.05959442207145257 -0.020438963806999607 0.12354060228843841 36276.0 92881.0 171354.0 259357.0 345715.0 423127.0 488016.0 539452.0 578069.0 605278.0 622772.0 632243.0 635239.0 633110.0 626999.0 617848.0
19 1.0 130.93587753934415 82.69800135001651 -0.891375071182644 0.2570763922209481 0.24495196188996493 0.05959442207145257 -0.020438963806999607 0.12354060228843841 49068.0 132571.0 251269.00000000003 385187.0 515879.0 631471.0 726457.0 799755.0 852805.0 888207.0 908897.0 917704.0 917146.0 909365.0 896129.0 878869.0
20 1.0 205.27083735043666 26.20264400208069 -0.891375071182644 0.2570763922209481 0.24495196188996493 0.05959442207145257 -0.020438963806999607 0.12354060228843841 47029.0 113991.0 202675.0 298817.0 390663.0 471125.0 537144.0 588333.0 625787.0 651265.0 666711.0 673985.0 674749.0 670424.0 662195.0 651028.0
21 1.0 157.89654484643532 -83.63476156401164 -0.891375071182644 0.2570763922209481 0.24495196188996493 0.05959442207145257 -0.020438963806999607 0.12354060228843841 29732.0 86372.0 172758.0 276044.0 382040.0 480220.0 564644.0 633033.0 685475.0 723349.0 748599.0 763295.0 769397.0 768651.0 762548.0 752333.0
22 1.0 355.8145817013214 -12.527560888548976 -0.891375071182644 0.2570763922209481 0.24495196188996493 0.05959442207145257 -0.020438963806999607 0.12354060228843841 34005.0 76627.0 129308.0 183415.0 232853.0 274511.0 307464.0 332066.0 349284.0 360292.0 366252.0 368210.0 367058.0 363537.0 358244.0 351658.0
23 1.0 36.736131869290105 1.803033417285036 -0.891375071182644 0.2570763922209481 0.24495196188996493 0.05959442207145257 -0.020438963806999607 0.12354060228843841 26536.0 71643.0 137100.0 213118.0 289885.0 360460.0 421065.0 470333.0 508421.0 536310.0 555335.0 566908.0 572368.0 572909.0 569560.0 563185.0
24 1.0 75.19563219414049 6.511949046621353 -0.891375071182644 0.2570763922209481 0.24495196188996493 0.05959442207145257 -0.020438963806999607 0.12354060228843841 33605.0 95599.0 188334.0 297517.0 408140.0 509460.0 595667.0 664753.0 717087.0 754297.0 778519.0 791968.0 796709.0 794556.0 787050.0 775468.0
25 1.0 58.07142643859865 32.65065190869082 -0.891375071182644 0.2570763922209481 0.24495196188996493 0.05959442207145257 -0.020438963806999607 0.12354060228843841 26864.0 77466.0 154464.0 246641.0 341584.0 430010.0 506586.0 569170.0 617706.0 653303.0 677599.0 692374.0 699334.0 700013.0 695735.0 687613.0
26 1.0 235.11899716754343 -40.032702408282105 -0.891375071182644 0.2570763922209481 0.24495196188996493 0.05959442207145257 -0.020438963806999607 0.12354060228843841 21768.0 64860.0 132426.0 215271.0 302332.0 384866.0 457539.0 517935.00000000006 565641.0 601422.0 626622.0 642787.0 651449.0 654011.0 651705.0 645577.0
27 1.0 91.18497691432157 -66.80509821606236 -0.891375071182644 0.2570763922209481 0.24495196188996493 0.05959442207145257 -0.020438963806999607 0.12354060228843841 29752.0 86101.0 171859.0 274295.0 379397.0 476771.0 560549.0 628472.0 680616.0 718334.0 743542.0 758281.0 764488.0 763889.0 757961.0 747938.0
28 1.0 167.87187822827028 -19.31837822152302 -0.891375071182644 0.2570763922209481 0.24495196188996493 0.05959442207145257 -0.020438963806999607 0.12354060228843841 5936.0 17153.0 34769.0 56776.0 80580.0 103967.0 125429.00000000001 144131.0 159751.0 172304.0 181999.0 189146.0 194086.0 197158.0 198677.0 198922.0
29 1.0 87.99321312057698 82.1530301032708 -0.891375071182644 0.2570763922209481 0.24495196188996493 0.05959442207145257 -0.020438963806999607 0.12354060228843841 42201.0 116960.0 225743.0 350769.0 474704.0 585877.0 678499.0 751042.0 804505.0 841113.0 863517.0 874334.0 875932.0 870353.0 859295.0 844146.0
0 1.0 57.2290501123871 -56.31643948484795 -0.891375071182644 0.2570763922209481 0.24495196188996493 0.05959442207145257 -0.020438963806999607 0.12354060228843841 48931.0 131770.0 249330.0 381886.0 511252.99999999994 625721.0 719851.0 792560.0 845257.0 880496.0 901170.0 910069.0 909681.0 902121.0 889138.0 872150.0
1 1.0 39.73505081914985 72.71711188708267 -0.891375071182644 0.2570763922209481 0.24495196188996493 0.05959442207145257 -0.020438963806999607 0.12354060228843841 26410.0 77425.0 156121.0 251238.00000000003 349882.0 442208.0 522452.0 588216.0 639334.0 676904.0 702609.0 718300.0 725764.0 726612.0 722237.0 713812.0
2 1.0 236.27865220749842 7.885071013918747 -0.891375071182644 0.2570763922209481 0.24495196188996493 0.05959442207145257 -0.020438963806999607 0.12354060228843841 30102.0 85750.0 169345.0 268301.0 369196.0 462263.0 542090.0 606670.0 656169.0 691928.0 715794.0 729718.0 735541.0 734901.0 729198.0 719602.0
3 1.0 49.74586248550097 -7.755944103762147 -0.891375071182644 0.2570763922209481 0.24495196188996493 0.05959442207145257 -0.020438963806999607 0.12354060228843841 34712.0 94725.0 181790.0 282300.0 382838.0 474151.0 551421.0 613130.0 659775.0 692897.0 714438.0 726384.0 730573.0 728616.0 721877.0 711487.0
4 1.0 70.76965020481926 68.76745384138013 -0.891375071182644 0.2570763922209481 0.24495196188996493 0.05959442207145257 -0.020438963806999607 0.12354060228843841 37086.0 104606.0 204606.0 321247.0 438377.0 544710.0 634354.0 705466.0 758677.0 795886.0 819470.0 831840.0 835213.0 831518.0 822379.0 809132.0
5 1.0 132.74106143794708 -7.451286881654539 -0.891375071182644 0.2570763922209481 0.24495196188996493 0.05959442207145257 -0.020438963806999607 0.12354060228843841 14797.0 39466.0 75385.0 117551.0 160778.0 201244.0 236725.0 266281.0 289817.0 307731.0 320653.0 329294.0 334353.0 336473.0 336216.0 334068.0
6 1.0 295.55756274525663 40.350174590077785 -0.891375071182644 0.2570763922209481 0.24495196188996493 0.05959442207145257 -0.020438963806999607 0.12354060228843841 11594.0 35855.0 75614.0 126429.00000000001 181990.0 236750.0 286904.0 330359.0 366320.0 394845.0 416479.0 432003.0 442273.0 448127.0 450335.0 449581.0
7 1.0 34.956459285502056 -18.17544209344163 -0.891375071182644 0.2570763922209481 0.24495196188996493 0.05959442207145257 -0.020438963806999607 0.12354060228843841 42029.0 106253.0 194132.0 291581.0 386239.0 470266.0 540001.0 594672.0 635173.0 663190.0 680666.0 689505.0 691428.0 687919.0 680223.0 669362.0
8 1.0 301.6601666995694 72.7279907221724 -0.891375071182644 0.2570763922209481 0.24495196188996493 0.05959442207145257 -0.020438963806999607 0.12354060228843841 21744.0 65344.0 134221.0 219131.0 308725.0 393928.0 469141.0 531788.0 581378.0 618660.0 644997.0 661974.0 671166.0 674023.0 671818.0 665636.0
9 1.0 34.59542684182671 34.20450363442093 -0.891375071182644 0.2570763922209481 0.24495196188996493 0.05959442207145257 -0.020438963806999607 0.12354060228843841 15480.0 45539.0 92649.0 150787.0 212556.0 271953.0 325162.0 370301.0 406862.0 435181.0 456038.0 470402.0 479272.0 483587.0 484194.0 481825.0
10 1.0 351.5254074048225 35.931969765093015 -0.891375071182644 0.2570763922209481 0.24495196188996493 0.05959442207145257 -0.020438963806999607 0.12354060228843841 4865.0 15318.0 32964.0 56233.0 82499.0 109236.0 134560.0 157305.0 176900.0 193196.0 206307.0 216494.0 224087.0 229432.0 232862.0 234687.0
11 1.0 168.71443259317257 -31.010327719718596 -0.891375071182644 0.2570763922209481 0.24495196188996493 0.05959442207145257 -0.020438963806999607 0.12354060228843841 4589.0 14312.0 30598.0 51956.0 75972.0 100346.0 123362.0 143960.0 161620.0 176206.0 187825.0 196725.0 203213.0 207617.0 210253.0 211414.0
12 1.0 351.6339917485214 46.22015569264005 -0.891375071182644 0.2570763922209481 0.24495196188996493 0.05959442207145257 -0.020438963806999607 0.12354060228843841 5433.0 17714.0 39024.0 67674.0 100459.0 134160.0 166293.0 195274.0 220294.0 241101.0 257807.0 270730.0 280284.0 286917.0 291063.0 293124.0
13 1.0 217.74438710821656 24.490989980485438 -0.891375071182644 0.2570763922209481 0.24495196188996493 0.05959442207145257 -0.020438963806999607 0.12354060228843841 42163.0 108443.0 200363.0 303218.0 403754.0 493400.0 568054.0 626748.0 670348.0 700608.0 719577.0 729282.0 731559.0 727998.0 719932.0 708457.0
14 1.0 266.1348885833886 -46.79635079165228 -0.891375071182644 0.2570763922209481 0.24495196188996493 0.05959442207145257 -0.020438963806999607 0.12354060228843841 39956.0 111211.0 215454.0 335887.0 455875.0 564057.0 654671.0 726071.0 779083.0 815766.0 838617.0 850136.0 852602.0 847985.0 837937.0 823810.0
15 1.0 14.107605211555443 -61.103011952653844 -0.891375071182644 0.2570763922209481 0.24495196188996493 0.05959442207145257 -0.020438963806999607 0.12354060228843841 73821.0 179373.0 317263.0 463765.0 600336.0 716623.0 808889.0 877507.0 924944.0 954461.0 969383.0 972752.0 967187.0 954862.0 937537.0 916617.0
16 1.0 101.81050652750744 53.35046541311971 -0.891375071182644 0.2570763922209481 0.24495196188996493 0.05959442207145257 -0.020438963806999607 0.12354060228843841 56408.0 146404.0 270436.0 407421.0 539028.0 653993.0 747438.0 818763.0 869723.0 903099.0 921923.0 929059.0 927034.0 917979.0 903643.0 885437.0
17 1.0 43.270762036740805 82.64998854634004 -0.891375071182644 0.2570763922209481 0.24495196188996493 0.05959442207145257 -0.020438963806999607 0.12354060228843841 33728.0 96438.0 190559.0 301560.0 414099.0 517167.99999999994 604812.0 674976.0 728046.0 765692.0 790108.0 803562.0 808164.0 805771.0 797954.0 786013.0
18 1.0 106.61047110797217 -7.535011093192281 -0.891375071182644 0.2570763922209481 0.24495196188996493 0.05959442207145257 -0.020438963806999607 0.12354060228843841 23942.0 66533.0 129799.0 204526.0 280971.0 351987.0 413516.0 463948.0 503263.0 532329.0 552420.0 564921.0 571163.0 572348.0 569516.0 563548.0
19 1.0 42.74197882352786 16.377149758263286 -0.891375071182644 0.2570763922209481 0.24495196188996493 0.05959442207145257 -0.020438963806999607 0.12354060228843841 22585.0 63881.99999999999 126108.0 200368.0 276940.0 348544.0 410956.0 462422.0 502818.0 532943.0 554028.0 567435.0 574487.0 576384.0 574169.0 568728.0
20 1.0 114.47394458183138 64.39007595483983 -0.891375071182644 0.2570763922209481 0.24495196188996493 0.05959442207145257 -0.020438963806999607 0.12354060228843841 62193.0 158979.0 290516.0 434164.0 570840.0 689156.0 784444.0 856422.0 907161.0 939711.0 957314.0 962991.0 959379.0 948688.0 932721.0 912922.0
21 1.0 149.13467802528118 -7.699778396305732 -0.891375071182644 0.2570763922209481 0.24495196188996493 0.05959442207145257 -0.020438963806999607 0.12354060228843841 11509.0 29792.0 55859.0 86067.0 116800.0 145454.0 170548.0 191473.0 208193.0 220992.0 230313.0 236647.0 240477.0 242246.0 242342.0 241102.0
22 1.0 23.09309868556237 81.3374058298925 -0.891375071182644 0.2570763922209481 0.24495196188996493 0.05959442207145257 -0.020438963806999607 0.12354060228843841 29607.0 85950.0 171876.0 274629.0 380117.0 477870.0 561974.0 630147.0 682464.0 720288.0 745544.0 760288.0 766467.0 765817.0 759822.0 749721.0
23 1.0 249.28996297320714 13.63520916807704 -0.891375071182644 0.2570763922209481 0.24495196188996493 0.05959442207145257 -0.020438963806999607 0.12354060228843841 29880.0 86821.0 173595.0 277236.0 383485.0 481800.0 566257.0 634608.0 686965.0 724729.0 749860.0 764436.0 770424.0 769571.0 763372.0 753071.0
24 1.0 203.97652351436705 57.738081726236686 -0.891375071182644 0.2570763922209481 0.24495196188996493 0.05959442207145257 -0.020438963806999607 0.12354060228843841 67805.0 167123.0 298623.0 439849.0 572716.0 686814.0 778127.0 846708.0 894739.0 925258.0 941427.0 946171.0 942029.0 931122.0 915179.0 895582.0
25 1.0 95.54021673820034 73.5918693142929 -0.891375071182644 0.2570763922209481 0.24495196188996493 0.05959442207145257 -0.020438963806999607 0.12354060228843841 48110.0 130370.99999999999 247644.0 380266.0 509958.0 624883.0 719500.0 792665.0 845755.0 881317.0 902245.0 911335.0 911085.0 903621.0 890700.0 873746.0
26 1.0 188.36929924801188 56.7942873783424 -0.891375071182644 0.2570763922209481 0.24495196188996493 0.05959442207145257 -0.020438963806999607 0.12354060228843841 75187.0 178787.0 312111.0 452487.0 582632.0 693086.0 780559.0 845548.0 890454.0 918385.0 932495.0 935656.0 930342.0 918604.0 902108.0 882181.0
27 1.0 33.818583873039 -61.30539657918793 -0.891375071182644 0.2570763922209481 0.24495196188996493 0.05959442207145257 -0.020438963806999607 0.12354060228843841 63929.0 162108.0 294717.0 438922.0 575699.0 693808.0 788719.0 860249.0 910532.0 942653.0 959867.0 965203.0 961296.0 950353.0 934170.0 914188.0
28 1.0 207.34073840022455 23.201719031106066 -0.891375071182644 0.2570763922209481 0.24495196188996493 0.05959442207145257 -0.020438963806999607 0.12354060228843841 43098.0 106052.0 190576.0 283193.0 372459.0 451288.0 516472.99999999994 567439.0 605109.0 631101.0 647249.0 655334.0 656962.0 653516.0 646155.0 635830.0
29 1.0 334.5466311274371 -18.28183344845813 -0.891375071182644 0.2570763922209481 0.24495196188996493 0.05959442207145257 -0.020438963806999607 0.12354060228843841 40866.0 90891.0 151822.0 213585.0 269309.0 315642.0 351728.0 378136.0 396089.0 407011.0 412277.0 413109.0 410542.0 405423.0 398430.0 390101.0
0 1.0 114.68482288247652 -78.71166863579778 -0.891375071182644 0.2570763922209481 0.24495196188996493 0.05959442207145257 -0.020438963806999607 0.12354060228843841 28693.0 83574.0 167570.0 268337.0 372090.0 468506.0 551693.0 619326.0 671410.0 709234.0 734662.0 749693.0 756238.0 755999.0 750439.0 740783.0
1 1.0 240.2677367869254 -13.674194659828444 -0.891375071182644 0.2570763922209481 0.24495196188996493 0.05959442207145257 -0.020438963806999607 0.12354060228843841 25655.0 75094.0 151174.0 242938.0 337956.0 426796.0 503970.0 567214.0 616395.0 652580.0 677386.0 692587.0 699894.0 700848.0 696781.0 688817.0
2 1.0 47.447230465581185 -43.436867959906614 -0.891375071182644 0.2570763922209481 0.24495196188996493 0.05959442207145257 -0.020438963806999607 0.12354060228843841 54322.0 140952.0 260536.0 392917.0 520463.0 632249.0 723462.0 793414.0 843709.0 876972.0 896088.0 903806.0 902557.0 894401.0 881034.0 863828.0
3 1.0 257.8777934826836 62.82689551713193 -0.891375071182644 0.2570763922209481 0.24495196188996493 0.05959442207145257 -0.020438963806999607 0.12354060228843841 33009.0 94887.0 188128.0 298393.0 410410.0 513165.0 600664.0 670806.0 723938.0 761702.0 786268.0 799889.0 804666.0 802449.0 794804.0 783029.0
4 1.0 104.1861934609924 -84.00516722159469 -0.891375071182644 0.2570763922209481 0.24495196188996493 0.05959442207145257 -0.020438963806999607 0.12354060228843841 34557.0 98544.0 194292.0 306914.0 420820.0 524902.0 613204.0 683722.0 736904.0 774484.0 798709.0 811889.0 816165.0 813418.0 805235.0 792927.0
5 1.0 65.94889032256206 82.61688993542523 -0.891375071182644 0.2570763922209481 0.24495196188996493 0.05959442207145257 -0.020438963806999607 0.12354060228843841 37725.0 106293.0 207677.0 325746.0 444125.0 551427.0 641747.0 713269.0 766676.0 803916.0 827410.0 839605.0 842746.0 838783.0 829357.0 815814.0
6 1.0 211.14465653162995 -26.033607275052667 -0.891375071182644 0.2570763922209481 0.24495196188996493 0.05959442207145257 -0.020438963806999607 0.12354060228843841 12805.0 38208.0 78585.0 128997.0 183091.0 235558.0 282927.0 323413.0 356455.0 382267.0 401484.0 414925.0 423452.0 427887.0 428974.0 427362.0
7 1.0 7.238716627497679 -25.792759727542276 -0.891375071182644 0.2570763922209481 0.24495196188996493 0.05959442207145257 -0.020438963806999607 0.12354060228843841 53587.0 120608.0 203526.0 288851.0 366994.0 432989.0 485287.0 524366.0 551694.0 569093.0 578382.0 581214.0 579011.0 572957.0 564014.0 552957.0
8 1.0 298.4184105182507 -87.06086951693258 -0.891375071182644 0.2570763922209481 0.24495196188996493 0.05959442207145257 -0.020438963806999607 0.12354060228843841 41975.0 116482.0 225004.0 349821.0 473616.0 584715.0 677315.0 749874.0 803376.0 840039.0 862504.0 873384.0 875047.0 869529.0 858529.0 843436.0
9 1.0 1.6903714293169436 -56.65818145748689 -0.891375071182644 0.2570763922209481 0.24495196188996493 0.05959442207145257 -0.020438963806999607 0.12354060228843841 79088.0 185619.0 321136.0 462582.0 592800.0 702643.0 789119.0 852950.0 896682.0 923507.0 936619.0 938906.0 932840.0 920466.0 903437.0 883066.0
10 1.0 244.01395324664284 -17.773289855350427 -0.891375071182644 0.2570763922209481 0.24495196188996493 0.05959442207145257 -0.020438963806999607 0.12354060228843841 26328.0 77243.0 155672.0 250273.00000000003 348167.0 439590.0 518880.0 583719.0 633998.0 670845.0 695954.0 711173.0 718282.0 718879.0 714341.0 705829.0
11 1.0 97.20287034917935 77.27245511448851 -0.891375071182644 0.2570763922209481 0.24495196188996493 0.05959442207145257 -0.020438963806999607 0.12354060228843841 46891.0 127673.00000000001 243315.0 374507.0 503135.0 617380.0 711644.0 784708.0 837878.0 873641.0 894846.0 904259.0 904353.0 897238.0 884663.0 868043.0
12 1.0 264.66984796413414 -72.06931256017117 -0.891375071182644 0.2570763922209481 0.24495196188996493 0.05959442207145257 -0.020438963806999607 0.12354060228843841 41469.0 115261.0 222899.0 346842.0 469893.0 580426.0 672636.0 744960.0 798351.0 834998.0 857517.0 868500.0 870298.0 864937.0 854107.0 839188.0
13 1.0 346.38787624227774 80.15427602623433 -0.891375071182644 0.2570763922209481 0.24495196188996493 0.05959442207145257 -0.020438963806999607 0.12354060228843841 25511.0 75315.0 152604.0 246447.0 344125.0 435829.0 515758.99999999994 581448.0 632664.0 670446.0 696435.0 712448.0 720251.0 721439.0 717397.0 709290.0
14 1.0 89.55113166718489 66.5079354983938 -0.891375071182644 0.2570763922209481 0.24495196188996493 0.05959442207145257 -0.020438963806999607 0.12354060228843841 47197.0 128243.0 244099.0 375421.0 504102.99999999994 618352.0 712593.0 785624.0 838757.0 874484.0 895656.0 905038.0 905104.0 897964.0 885366.0 868724.0
15 1.0 207.4166403904213 -8.25076855664068 -0.891375071182644 0.2570763922209481 0.24495196188996493 0.05959442207145257 -0.020438963806999607 0.12354060228843841 16669.0 46558.0 91554.0 145527.0 201654.0 254699.0 301509.0 340660.0 371911.0 395717.0 412880.0 424329.0 430989.0 433719.0 433275.0 430307.0
16 1.0 213.13509525786205 -31.19384128171319 -0.891375071182644 0.2570763922209481 0.24495196188996493 0.05959442207145257 -0.020438963806999607 0.12354060228843841 12817.0 38693.0 80183.0 132296.0 188462.0 243137.0 292664.0 335139.0 369940.0 397251.0 417707.0 432138.0 441427.0 446419.0 447882.0 446490.0
17 1.0 206.01068608471442 -48.10605672976977 -0.891375071182644 0.2570763922209481 0.24495196188996493 0.05959442207145257 -0.020438963806999607 0.12354060228843841 11034.0 34572.0 73593.0 123905.0 179292.0 234174.0 284656.0 328551.0 364991.0 393980.0 416033.0 431916.0 442480.0 448564.0 450943.0 450307.0
18 1.0 80.30938775062259 20.603647165837387 -0.891375071182644 0.2570763922209481 0.24495196188996493 0.05959442207145257 -0.020438963806999607 0.12354060228843841 35992.0 101354.0 198194.0 311318.0 425162.0 528789.0 616430.0 686217.0 738690.0 775629.0 799301.0 812018.0 815919.0 812871.0 804453.0 791965.0
19 1.0 342.9896441461146 -84.04657353440899 -0.891375071182644 0.2570763922209481 0.24495196188996493 0.05959442207145257 -0.020438963806999607 0.12354060228843841 48478.0 131253.0 249138.0 382334.0 512479.0 627713.0 722505.0 795738.0 848816.0 884310.0 905132.0 914096.0 913708.0 906101.0 893038.0 875945.0
20 1.0 160.96513630234585 -87.19090839957092 -0.891375071182644 0.2570763922209481 0.24495196188996493 0.05959442207145257 -0.020438963806999607 0.12354060228843841 34673.0 98877.0 194929.0 307874.0 422069.0 526378.0 614840.0 685453.0 738680.0 776266.0 800468.0 813604.0 817824.0 815012.0 806760.0 794381.0
21 1.0 304.707122089606 -12.816769950317195 -0.891375071182644 0.2570763922209481 0.24495196188996493 0.05959442207145257 -0.020438963806999607 0.12354060228843841 30427.0 76139.0 138794.0 208796.0 277544.0 339404.0 391581.0 433301.0 465003.0 487738.0 502791.0 511457.00000000006 514931.99999999994 514267.99999999994 510356.99999999994 503941.0
22 1.0 251.81253911430156 -77.74666668455036 -0.891375071182644 0.2570763922209481 0.24495196188996493 0.05959442207145257 -0.020438963806999607 0.12354060228843841 37035.0 104762.0 205222.0 322487.0 440273.0 547203.0 637338.0 708818.0 762284.0 799650.0 823311.0 835697.0 839038.0 835278.0 826051.0 812700.0
23 1.0 107.07730230784811 -44.65062211570328 -0.891375071182644 0.2570763922209481 0.24495196188996493 0.05959442207145257 -0.020438963806999607 0.12354060228843841 17263.0 51464.0 105525.0 172538.0 243864.0 312445.0 373793.0 425700.0 467584.0 499854.0 523444.0 539500.0 549198.0 553642.0 553823.0 550595.0
24 1.0 292.9672150928918 -50.19103523770491 -0.891375071182644 0.2570763922209481 0.24495196188996493 0.05959442207145257 -0.020438963806999607 0.12354060228843841 59154.0 148861.0 269966.0 402074.0 528049.0 637595.0 726394.0 794063.0 842362.0 873968.0 891763.0 898466.0 896464.0 887773.0 874049.0 856627.0
25 1.0 142.74206670491446 -44.425585129886656 -0.891375071182644 0.2570763922209481 0.24495196188996493 0.05959442207145257 -0.020438963806999607 0.12354060228843841 6395.0 20435.0 44345.0 76009.0 111788.0 148161.0 182493.0 213159.0 239373.0 260940.99999999997 278041.0 291057.0 300464.0 306761.0 310426.0 311897.0
26 1.0 317.1971509600182 -66.4100583812536 -0.891375071182644 0.2570763922209481 0.24495196188996493 0.05959442207145257 -0.020438963806999607 0.12354060228843841 68871.0 171008.0 306760.0 452746.0 590070.0 707855.0 801926.0 872366.0 921482.0 952459.0 968607.0 972977.0 968210.0 956509.0 939663.0 919102.0
27 1.0 209.25823414890914 -87.83347987842222 -0.891375071182644 0.2570763922209481 0.24495196188996493 0.05959442207145257 -0.020438963806999607 0.12354060228843841 36503.0 103404.0 202814.0 319040.0 435959.0 542256.0 631988.0 703262.0 756675.0 794100.0 817897.0 830470.0 834029.0 830503.0 821515.0 808401.0
28 1.0 317.424730267747 -69.21282651502534 -0.891375071182644 0.2570763922209481 0.24495196188996493 0.05959442207145257 -0.020438963806999607 0.12354060228843841 66260.0 166690.0 301485.0 447392.0 585277.0 703961.0 799034.0 870437.0 920402.0 952091.0 968813.0 973630.0 969204.0 957755.0 941090.0 920652.0
29 1.0 249.3113724279957 21.32644671229461 -0.891375071182644 0.2570763922209481 0.24495196188996493 0.05959442207145257 -0.020438963806999607 0.12354060228843841 30862.0 89359.0 178186.0 283949.0 392070.0 491848.0 577331.0 646309.0 698967.0 736777.0 761766.0 776068.0 781694.0 780423.0 773774.0 763009.0
0 1.0 261.09154073507057 85.36611830724905 -0.891375071182644 0.2570763922209481 0.24495196188996493 0.05959442207145257 -0.020438963806999607 0.12354060228843841 37823.0 106610.0 208319.0 326742.0 445443.0 553002.0 643503.0 715138.0 768601.0 805852.0 829325.0 841476.0 844557.0 840525.0 831025.0 817406.0
1 1.0 180.47677749361281 88.26210028096091 -0.891375071182644 0.2570763922209481 0.24495196188996493 0.05959442207145257 -0.020438963806999607 0.12354060228843841 41632.0 115670.0 223641.0 347947.0 471345.0 582176.0 674626.0 747130.0 800647.0 837373.0 859933.0 870926.0 872712.0 867320.0 856447.0 841475.0
2 1.0 344.1901085003606 -16.37026283284891 -0.891375071182644 0.2570763922209481 0.24495196188996493 0.05959442207145257 -0.020438963806999607 0.12354060228843841 39308.0 87187.0 145315.0 204067.0 256929.00000000003 300749.0 334746.0 359481.0 376134.0 386070.0 390609.0 390926.0 388017.0 382696.0 375619.0 367302.0
3 1.0 231.83647172266947 -60.66820331161104 -0.891375071182644 0.2570763922209481 0.24495196188996493 0.05959442207145257 -0.020438963806999607 0.12354060228843841 23648.0 70416.0 143579.0 233013.0 326662.0 415086.0 492596.0 556682.0 606996.0 644440.0 670521.0 686943.0 695377.0 697347.0 694181.0 687002.0
4 1.0 152.5878174809447 24.977116325975274 -0.891375071182644 0.2570763922209481 0.24495196188996493 0.05959442207145257 -0.020438963806999607 0.12354060228843841 52309.0 115251.0 191243.0 267766.0 336472.0 393407.0 437658.0 470003.0 491979.0 505331.0 511734.0 512671.0 509395.00000000006 502935.0 494120.0 483608.0
5 1.0 218.30155708605275 -1.7450376212273113 -0.891375071182644 0.2570763922209481 0.24495196188996493 0.05959442207145257 -0.020438963806999607 0.12354060228843841 23079.0 64287.0 125712.99999999999 198514.0 273237.0 342888.0 403452.0 453292.0 492331.0 521370.0 541619.0 554406.0 561018.0 562623.0 560236.0 554719.0
6 1.0 6.909551391360069 88.09375991119765 -0.891375071182644 0.2570763922209481 0.24495196188996493 0.05959442207145257 -0.020438963806999607 0.12354060228843841 36426.0 103178.0 202377.0 318377.0 435092.0 541226.0 630843.0 702045.0 755423.0 792839.0 816650.0 829249.0 832845.0 829362.0 820420.0 807355.0
7 1.0 108.56693400283775 -78.24524271267956 -0.891375071182644 0.2570763922209481 0.24495196188996493 0.05959442207145257 -0.020438963806999607 0.12354060228843841 29619.0 85961.0 171868.0 274590.0 380042.0 477763.0 561839.0 629994.0 682299.0 720117.0 745372.0 760119.0 766303.0 765659.0 759672.0 749581.0
8 1.0 237.66247349736662 50.98219889648635 -0.891375071182644 0.2570763922209481 0.24495196188996493 0.05959442207145257 -0.020438963806999607 0.12354060228843841 44276.0 121048.0 231577.0 357681.0 482012.0 593067.0 685253.0 757198.0 810005.0 845967.0 867766.0 878036.0 879150.0 873147.0 861722.0 846256.0
9 1.0 104.42793859575987 -38.0882704803311 -0.891375071182644 0.2570763922209481 0.24495196188996493 0.05959442207145257 -0.020438963806999607 0.12354060228843841 18378.0 54174.0 110155.0 178946.0 251618.0 321025.0 382714.0 434576.0 476136.0 507903.0 530887.0 546292.0 555335.0 559147.0 558733.0 554957.0
10 1.0 222.48555443958296 -46.54464838621668 -0.891375071182644 0.2570763922209481 0.24495196188996493 0.05959442207145257 -0.020438963806999607 0.12354060228843841 16584.0 50449.0 104801.0 172879.0 245871.0 316437.0 379821.0 433629.0 477169.0 510803.0 535460.0 552305.0 562546.0 567325.0 567666.0 564457.0
11 1.0 154.35673234047582 29.250822875881667 -0.891375071182644 0.2570763922209481 0.24495196188996493 0.05959442207145257 -0.020438963806999607 0.12354060228843841 58782.0 129114.0 213790.0 298882.0 375155.0 438262.0 487222.0 522916.00000000006 547064.0 561610.0 568424.0 569159.0 565211.0 557729.0 547639.0 535675.0
12 1.0 48.770663120082084 -45.70862670162639 -0.891375071182644 0.2570763922209481 0.24495196188996493 0.05959442207145257 -0.020438963806999607 0.12354060228843841 54022.0 140906.0 261255.00000000003 394752.0 523521.0 636442.0 728601.0 799273.0 850071.0 883645.0 902917.0 910668.0 909359.0 901075.0 887534.0 870122.0
13 1.0 107.38163734417108 29.854641160653784 -0.891375071182644 0.2570763922209481 0.24495196188996493 0.05959442207145257 -0.020438963806999607 0.12354060228843841 49270.0 125343.00000000001 229384.0 344288.0 455208.0 552897.0 633203.0 695426.0 740816.0 771514.0 789914.0 798322.0 798799.0 793105.0 782702.0 768782.0
14 1.0 205.18736785245537 3.11553309641198 -0.891375071182644 0.2570763922209481 0.24495196188996493 0.05959442207145257 -0.020438963806999607 0.12354060228843841 23111.0 60666.0 114336.0 176244.0 238653.0 296113.0 345643.0 386139.0 417694.0 441053.0 457249.0 467387.0 472522.0 473604.0 471457.0 466778.0
15 1.0 212.71419404934235 -13.663982081547132 -0.891375071182644 0.2570763922209481 0.24495196188996493 0.05959442207145257 -0.020438963806999607 0.12354060228843841 16236.0 46669.0 93464.0 150399.0 210214.0 267189.0 317796.0 360376.0 394567.0 420783.0 439840.0 452706.0 460361.0 463719.0 463595.0 460691.0
16 1.0 206.75708958584838 9.843805559055411 -0.891375071182644 0.2570763922209481 0.24495196188996493 0.05959442207145257 -0.020438963806999607 0.12354060228843841 29362.0 75127.0 138971.0 211189.0 282771.0 347664.0 402758.0 447089.0 481003.0 505522.99999999994 521946.0 531601.0 535730.0 535432.0 531645.0 525156.0
17 1.0 235.1522951485681 -38.330726414466646 -0.891375071182644 0.2570763922209481 0.24495196188996493 0.05959442207145257 -0.020438963806999607 0.12354060228843841 21744.0 64747.0 132139.0 214743.0 301535.0 383809.0 456255.0 516468.99999999994 564040.0 599729.0 624874.0 641013.0 649670.0 652243.0 649958.0 643860.0
18 1.0 234.757177200608 37.1834471291362 -0.891375071182644 0.2570763922209481 0.24495196188996493 0.05959442207145257 -0.020438963806999607 0.12354060228843841 42326.0 115364.0 220560.0 340839.0 459813.0 566515.0 655516.0 725387.0 777065.0 812650.0 834639.0 845510.0 847510.0 842579.0 832339.0 818117.0
19 1.0 155.31063675623062 -15.325763519958471 -0.891375071182644 0.2570763922209481 0.24495196188996493 0.05959442207145257 -0.020438963806999607 0.12354060228843841 7310.0 20312.0 40053.0 64088.00000000001 89562.0 114178.0 136453.0 155624.0 171443.0 183993.0 193541.0 200435.0 205051.0 207752.0 208868.0 208695.0
20 1.0 322.75677450638267 -25.101799112539396 -0.891375071182644 0.2570763922209481 0.24495196188996493 0.05959442207145257 -0.020438963806999607 0.12354060228843841 48421.0 109423.0 185268.0 263691.0 335864.0 397129.0 445951.0 482674.0 508578.0 525291.0 534466.0 537614.0 536042.0 530848.0 522926.0 512997.00000000006
21 1.0 132.32227321724275 59.158244620032804 -0.891375071182644 0.2570763922209481 0.24495196188996493 0.05959442207145257 -0.020438963806999607 0.12354060228843841 73465.0 177788.0 313729.0 457981.0 592387.0 706833.0 797677.0 865292.0 912097.0 941287.0 956123.0 959588.0 954252.0 942248.0 925308.0 904813.0
22 1.0 156.91137309562566 76.4940441515746 -0.891375071182644 0.2570763922209481 0.24495196188996493 0.05959442207145257 -0.020438963806999607 0.12354060228843841 60969.0 157438.0 289469.0 434281.0 572436.0 692242.0 788843.0 861878.0 913405.0 946500.0 964441.0 970292.0 966726.0 955986.0 939900.0 919932.0
23 1.0 321.092407805642 -81.71868404028655 -0.891375071182644 0.2570763922209481 0.24495196188996493 0.05959442207145257 -0.020438963806999607 0.12354060228843841 51018.0 136794.0 257931.00000000003 393923.0 526103.0 642596.0 737994.0 811339.0 864182.0 899212.0 919432.0 927716.0 926616.0 918294.0 904531.0 886766.0
24 1.0 290.22983605659084 -48.12714129064221 -0.891375071182644 0.2570763922209481 0.24495196188996493 0.05959442207145257 -0.020438963806999607 0.12354060228843841 56701.0 143876.0 262405.0 392405.0 516919.0 625621.0 714074.0 781763.0 830331.0 862364.0 880681.0 887950.0 886530.0 878416.0 865250.0 848361.0
25 1.0 253.39989007453187 -27.266513491338614 -0.891375071182644 0.2570763922209481 0.24495196188996493 0.05959442207145257 -0.020438963806999607 0.12354060228843841 29588.0 86169.0 172573.0 275938.0 382042.0 480333.0 564855.0 633325.0 685829.0 723750.0 749033.0 763752.0 769868.0 769130.0 763030.0 752814.0
26 1.0 36.0816794324284 56.693966286644525 -0.891375071182644 0.2570763922209481 0.24495196188996493 0.05959442207145257 -0.020438963806999607 0.12354060228843841 18134.0 54477.0 112226.0 184022.0 260542.0 334128.0 399891.0 455428.0 500104.0 534373.0 559257.0 576014.0 585929.0 590210.0 589934.0 586030.0
27 1.0 331.0137409480825 87.38845697579356 -0.891375071182644 0.2570763922209481 0.24495196188996493 0.05959442207145257 -0.020438963806999607 0.12354060228843841 35153.0 100050.0 196953.0 310719.0 425588.0 530380.0 619143.0 689906.0 743164.0 780696.0 804786.0 817771.0 821819.0 818822.0 810381.0 797815.0
28 1.0 257.1268678376801 84.41490684066332 -0.891375071182644 0.2570763922209481 0.24495196188996493 0.05959442207145257 -0.020438963806999607 0.12354060228843841 38143.0 107391.0 209664.0 328632.0 447779.0 555659.0 646361.0 718097.0 771583.0 808801.0 832202.0 844256.0 847225.0 843073.0 833450.0 819709.0
29 1.0 359.5849223644319 72.89070219898684 -0.891375071182644 0.2570763922209481 0.24495196188996493 0.05959442207145257 -0.020438963806999607 0.12354060228843841 18713.0 56889.0 118004.0 194271.0 275670.0 353937.0 423800.0 482680.0 529914.0 566012.0 592091.0 609514.0 619670.0 623855.0 623225.0 618772.0
0 1.0 53.80138967687775 -36.619872288474625 -0.891375071182644 0.2570763922209481 0.24495196188996493 0.05959442207145257 -0.020438963806999607 0.12354060228843841 47706.0 127242.0 239595.0 366128.0 489730.0 599354.0 689819.0 760035.0 811263.0 845867.0 866548.0 875926.0 876351.0 869831.0 858030.0 842304.0
1 1.0 312.52538065255715 88.56202381460534 -0.891375071182644 0.2570763922209481 0.24495196188996493 0.05959442207145257 -0.020438963806999607 0.12354060228843841 37127.0 104898.0 205352.0 322563.0 440269.0 547115.0 637171.0 708588.0 762007.0 799339.0 822979.0 835353.0 838691.0 834932.0 825711.0 812368.0
2 1.0 58.497456483494936 -45.10439260983878 -0.891375071182644 0.2570763922209481 0.24495196188996493 0.05959442207145257 -0.020438963806999607 0.12354060228843841 46820.0 126617.00000000001 240421.0 369325.0 495675.0 607957.0 700709.0 772726.0 825262.0 860730.0 881902.0 891474.0 891865.0 885138.0 873009.0 856869.0
3 1.0 221.6014431421839 -70.9368921211982 -0.891375071182644 0.2570763922209481 0.24495196188996493 0.05959442207145257 -0.020438963806999607 0.12354060228843841 24438.0 72598.0 147746.0 239385.0 335119.0 425297.0 504147.0 569163.0 620041.0 657748.0 683857.0 700130.0 708287.0 709891.0 706300.0 698663.0
4 1.0 44.57519382579895 81.17146998997094 -0.891375071182644 0.2570763922209481 0.24495196188996493 0.05959442207145257 -0.020438963806999607 0.12354060228843841 32955.0 94480.0 187086.0 296577.0 407837.0 509953.0 596973.0 666797.0 719751.0 757449.0 782035.0 795737.0 800637.0 798570.0 791091.0 779490.0
5 1.0 305.2829625560044 -47.98435401574267 -0.891375071182644 0.2570763922209481 0.24495196188996493 0.05959442207145257 -0.020438963806999607 0.12354060228843841 65654.0 158101.0 278756.0 407392.0 528059.0 631675.0 714774.0 777444.0 821633.0 850034.0 865456.0 870501.0 867438.0 858168.0 844246.0 826922.0
6 1.0 290.63482514100383 34.15828771399508 -0.891375071182644 0.2570763922209481 0.24495196188996493 0.05959442207145257 -0.020438963806999607 0.12354060228843841 13402.0 40735.0 84770.0 140251.0 200169.0 258569.0 311502.0 356895.0 394058.0 423181.0 444940.0 460230.0 470003.0 475175.0 476575.0 474933.0
7 1.0 204.8762659012536 -79.49585538349405 -0.891375071182644 0.2570763922209481 0.24495196188996493 0.05959442207145257 -0.020438963806999607 0.12354060228843841 27308.0 80145.0 161573.0 259797.0 361403.0 456219.0 538352.0 605405.0 657284.0 695183.0 720884.0 736323.0 743360.0 743662.0 738667.0 729579.0
8 1.0 146.58598700135988 41.52763784294572 -0.891375071182644 0.2570763922209481 0.24495196188996493 0.05959442207145257 -0.020438963806999607 0.12354060228843841 72666.0 163335.0 274948.0 389041.0 492703.0 579435.0 647391.0 697428.0 731680.0 752698.0 762989.0 764803.0 760060.0 750346.0 736946.0 720884.0
9 1.0 24.900118363849696 68.70963822009114 -0.891375071182644 0.2570763922209481 0.24495196188996493 0.05959442207145257 -0.020438963806999607 0.12354060228843841 19876.0 59828.0 123224.0 201794.0 285176.0 364956.0 435846.0 495322.0 542806.0 578889.0 604763.0 621847.0 631577.0 635285.0 634150.0 629183.0
10 1.0 251.07435833204292 -40.96135881612675 -0.891375071182644 0.2570763922209481 0.24495196188996493 0.05959442207145257 -0.020438963806999607 0.12354060228843841 29833.0 86813.0 173763.0 277712.0 384350.0 483071.0 567907.0 636580.0 689192.0 727146.0 752405.0 767059.0 773082.0 772232.0 766008.0 755664.0
11 1.0 163.27536576410478 -21.76975870606286 -0.891375071182644 0.2570763922209481 0.24495196188996493 0.05959442207145257 -0.020438963806999607 0.12354060228843841 5517.0 16192.999999999998 33188.0 54631.0 78004.0 101107.0 122425.0 141101.0 156791.0 169488.0 179384.0 186770.0 191976.0 195328.0 197130.0 197656.0
12 1.0 259.94001580932525 -22.6266870022351 -0.891375071182644 0.2570763922209481 0.24495196188996493 0.05959442207145257 -0.020438963806999607 0.12354060228843841 31323.999999999996 90415.0 179896.0 286212.0 394712.0 494696.0 580243.0 649184.0 701738.0 739407.0 764235.0 778371.0 783832.0 782404.0 775607.0 764705.0
13 1.0 311.8976373343065 44.781886357223954 -0.891375071182644 0.2570763922209481 0.24495196188996493 0.05959442207145257 -0.020438963806999607 0.12354060228843841 7591.0 24328.0 52773.0 90278.0 132435.0 175061.0 215081.0 250639.99999999997 280874.0 305609.0 325093.0 339805.0 350319.0 357231.0 361107.0 362462.0
14 1.0 351.1877418010389 -47.19469634297301 -0.891375071182644 0.2570763922209481 0.24495196188996493 0.05959442207145257 -0.020438963806999607 0.12354060228843841 78593.0 177132.0 298556.0 422644.0 535246.0 629257.0 702689.0 756515.0 793107.0 815284.0 825810.0 827155.0 821424.0 810351.0 795337.0 777496.0
15 1.0 308.08920326133995 -59.06644217142426 -0.891375071182644 0.2570763922209481 0.24495196188996493 0.05959442207145257 -0.020438963806999607 0.12354060228843841 68720.0 168597.0 300368.0 441537.0 574113.0 687801.0 778672.0 846835.0 894500.0 924714.0 940639.0 945194.0 940911.0 929903.0 913891.0 894251.0
16 1.0 4.21707030660071 -9.127503236207147 -0.891375071182644 0.2570763922209481 0.24495196188996493 0.05959442207145257 -0.020438963806999607 0.12354060228843841 29546.0 68660.0 118792.0 172034.0 222273.0 265990.0 301763.0 329510.0 349877.0 363832.0 372419.0 376636.0 377368.0 375375.0 371286.0 365620.0
17 1.0 129.592103212211 -35.19568667208249 -0.891375071182644 0.2570763922209481 0.24495196188996493 0.05959442207145257 -0.020438963806999607 0.12354060228843841 8859.0 26887.0 56176.0 93537.0 134471.0 175003.0 212364.0 244992.0 272252.0 294126.0 310961.0 323289.0 331708.0 336813.0 339159.0 339242.0
18 1.0 262.7966024726609 61.05404200655744 -0.891375071182644 0.2570763922209481 0.24495196188996493 0.05959442207145257 -0.020438963806999607 0.12354060228843841 29896.0 86970.0 174045.0 278128.0 384884.0 483698.0 568595.0 637299.0 689920.0 727862.0 753097.0 767718.0 773702.0 772810.0 766545.0 756159.0
19 1.0 61.78668381411859 -47.20647131718502 -0.891375071182644 0.2570763922209481 0.24495196188996493 0.05959442207145257 -0.020438963806999607 0.12354060228843841 44708.0 122196.0 233686.0 360787.0 485995.0 597731.0 690388.0 762617.0 815552.0 851524.0 873247.0 883380.0 884318.0 878115.0 866477.0 850792.0
20 1.0 187.57317823348654 0.4301023480670665 -0.891375071182644 0.2570763922209481 0.24495196188996493 0.05959442207145257 -0.020438963806999607 0.12354060228843841 18275.0 45610.0 83247.0 125643.0 167736.0 206118.0 239011.0 265826.0 286708.0 302192.0 312977.0 319796.0 323340.0 324229.0 322998.0 320099.0
21 1.0 19.561675802131305 79.66504794562746 -0.891375071182644 0.2570763922209481 0.24495196188996493 0.05959442207145257 -0.020438963806999607 0.12354060228843841 27500.0 80456.0 161894.0 260006.00000000003 361420.0 456013.0 537932.0 604801.0 656533.0 694325.0 719953.0 735349.0 742365.0 742665.0 737680.0 728612.0
22 1.0 71.99874896270403 24.119585594038938 -0.891375071182644 0.2570763922209481 0.24495196188996493 0.05959442207145257 -0.020438963806999607 0.12354060228843841 33434.0 95146.0 187504.0 296295.0 406576.0 507630.0 593656.0 662634.0 714922.0 752130.0 776384.0 789888.0 794698.0 792623.0 785201.0 773703.0
23 1.0 6.66784600582103 66.11209298324366 -0.891375071182644 0.2570763922209481 0.24495196188996493 0.05959442207145257 -0.020438963806999607 0.12354060228843841 14438.0 44800.0 94502.0 157792.0 226620.0 294003.0 355236.0 407809.0 450852.0 484549.0 509667.0 527245.0 538395.0 544185.0 545588.0 543458.0
24 1.0 285.7311732086714 79.23774408385813 -0.891375071182644 0.2570763922209481 0.24495196188996493 0.05959442207145257 -0.020438963806999607 0.12354060228843841 30146.0 87515.0 174912.0 279277.0 386246.0 485203.0 570182.0 638922.0 691543.0 729462.0 754658.0 769228.0 775157.0 774206.0 767880.0 757435.0
25 1.0 80.61288770173685 45.13767513954335 -0.891375071182644 0.2570763922209481 0.24495196188996493 0.05959442207145257 -0.020438963806999607 0.12354060228843841 40382.0 112291.0 217409.0 338765.0 459587.0 568437.0 659533.0 731241.0 784415.0 821143.0 843952.0 855366.0 857684.0 852891.0 842650.0 828322.0
26 1.0 124.32660505088496 35.92351084045525 -0.891375071182644 0.2570763922209481 0.24495196188996493 0.05959442207145257 -0.020438963806999607 0.12354060228843841 60781.0 143932.0 251253.99999999997 365001.0 471429.0 562796.0 636193.0 691740.0 731138.0 756723.0 770924.0 775996.0 773907.0 766308.0 754557.0 739748.0
27 1.0 334.1092656476127 84.23380198876086 -0.891375071182644 0.2570763922209481 0.24495196188996493 0.05959442207145257 -0.020438963806999607 0.12354060228843841 30656.0 88733.0 176980.0 282147.0 389760.0 489164.0 574409.0 643265.0 695888.0 733729.0 758793.0 773198.0 778943.0 777799.0 771280.0 760645.0
28 1.0 253.5891846924718 88.99214213658229 -0.891375071182644 0.2570763922209481 0.24495196188996493 0.05959442207145257 -0.020438963806999607 0.12354060228843841 38992.0 109403.0 213058.0 333316.0 453489.0 562077.0 653196.0 725110.0 778596.0 815688.0 838880.0 850672.0 853350.0 848895.0 838966.0 824925.0
29 1.0 11.462014631270826 -8.672097119443265 -0.891375071182644 0.2570763922209481 0.24495196188996493 0.05959442207145257 -0.020438963806999607 0.12354060228843841 29861.0 71080.0 125171.0 183704.0 239799.0 289293.0 330348.0 362671.0 386842.0 403843.0 414780.0 420726.0 422652.0 421396.0 417662.0 412031.0
0 1.0 59.289896339248585 -77.2434399268425 -0.891375071182644 0.2570763922209481 0.24495196188996493 0.05959442207145257 -0.020438963806999607 0.12354060228843841 43924.0 120930.0 232290.0 359643.0 485351.0 597682.0 690918.0 763649.0 816988.0 853263.0 875200.0 885473.0 886491.0 880321.0 868682.0 852971.0
1 1.0 223.73222453991488 -37.29707434070661 -0.891375071182644 0.2570763922209481 0.24495196188996493 0.05959442207145257 -0.020438963806999607 0.12354060228843841 16684.0 50290.0 103806.0 170439.0 241544.0 310010.0 371291.0 423146.0 464974.0 497184.0 520709.0 536703.0 546346.0 550748.0 550900.0 547658.0
2 1.0 207.80229189750034 -62.57615297620852 -0.891375071182644 0.2570763922209481 0.24495196188996493 0.05959442207145257 -0.020438963806999607 0.12354060228843841 15921.999999999998 49166.0 103212.0 171555.0 245363.0 317114.0 381842.0 436983.0 481731.0 516391.00000000006 541870.0 559339.0 570024.0 575090.0 575587.0 572430.0
3 1.0 85.64141569482311 -14.852452536717877 -0.891375071182644 0.2570763922209481 0.24495196188996493 0.05959442207145257 -0.020438963806999607 0.12354060228843841 29859.0 85253.0 168622.0 267440.0 368291.0 461389.0 541291.0 605966.0 655566.0 691420.0 715371.0 729368.0 735252.0 734661.0 728998.0 719433.0
4 1.0 336.3170392529258 -66.36792087481392 -0.891375071182644 0.2570763922209481 0.24495196188996493 0.05959442207145257 -0.020438963806999607 0.12354060228843841 73703.0 179756.0 318669.0 466498.0 604433.0 721940.0 815190.0 884535.0 932461.0 962260.0 977302.0 980663.0 974995.0 962498.0 944955.0 923785.0
5 1.0 221.02774414772256 18.741204723758756 -0.891375071182644 0.2570763922209481 0.24495196188996493 0.05959442207145257 -0.020438963806999607 0.12354060228843841 36749.0 97177.0 182943.0 280579.0 377338.0 464650.0 538181.0 596671.0 640717.0 671853.0 691966.0 702960.0 706589.0 704386.0 697649.0 687452.0
6 1.0 192.827809088985 -21.094549351586267 -0.891375071182644 0.2570763922209481 0.24495196188996493 0.05959442207145257 -0.020438963806999607 0.12354060228843841 8432.0 24851.0 50911.0 83602.0 118976.0 153662.0 185382.0 212894.0 235733.0 253940.99999999997 267854.0 277947.0 284744.0 288760.0 290470.0 290295.0
7 1.0 212.36759148764554 71.1694591718778 -0.891375071182644 0.2570763922209481 0.24495196188996493 0.05959442207145257 -0.020438963806999607 0.12354060228843841 56654.0 148331.0 275337.0 415943.0 551127.0 669171.0 765004.0 838006.0 890007.0 923902.0 942836.0 949777.0 947339.0 937719.0 922720.0 903793.0
8 1.0 262.8439306260371 84.20304092373033 -0.891375071182644 0.2570763922209481 0.24495196188996493 0.05959442207145257 -0.020438963806999607 0.12354060228843841 37231.0 105183.0 205879.0 323335.0 441253.0 548257.0 638417.0 709890.0 763327.0 800649.0 824260.0 836591.0 839878.0 836065.0 826787.0 813387.0
9 1.0 112.30019837265667 8.43928230049599 -0.891375071182644 0.2570763922209481 0.24495196188996493 0.05959442207145257 -0.020438963806999607 0.12354060228843841 31815.000000000004 83190.0 155735.0 238250.0 320173.0 394371.0 457187.0 507503.99999999994 545749.0 573147.0 591232.0 601571.0 605616.0 604647.0 599749.0 591830.0
10 1.0 143.35958239779308 -40.531757423832616 -0.891375071182644 0.2570763922209481 0.24495196188996493 0.05959442207145257 -0.020438963806999607 0.12354060228843841 6068.0 19174.0 41319.0 70510.0 103419.0 136850.0 168416.0 196635.0 220783.0 240672.0 256450.99999999997 268464.0 277141.0 282936.0 286290.0 287607.0
11 1.0 75.54374963104397 16.601475377130626 -0.891375071182644 0.2570763922209481 0.24495196188996493 0.05959442207145257 -0.020438963806999607 0.12354060228843841 34205.0 97102.0 190995.0 301351.0 412990.0 515090.99999999994 601835.0 671241.0 723717.0 760933.0 785062.0 798349.0 802880.0 800491.0 792733.0 780892.0
12 1.0 67.02948211692102 71.41700848039378 -0.891375071182644 0.2570763922209481 0.24495196188996493 0.05959442207145257 -0.020438963806999607 0.12354060228843841 35833.0 101555.0 199356.0 313891.0 429311.0 534434.0 623343.0 694114.0 747286.0 784671.0 808577.0 821362.0 825202.0 821999.0 813359.0 800604.0
13 1.0 339.9740603942161 -16.787997749565307 -0.891375071182644 0.2570763922209481 0.24495196188996493 0.05959442207145257 -0.020438963806999607 0.12354060228843841 39450.0 87557.0 145995.0 205087.0 258274.0 302380.0 336613.0 361532.0 378322.0 388352.0 392949.0 393296.0 390393.0 385060.0 377955.0 369600.0
14 1.0 266.2382862177435 9.374089804554757 -0.891375071182644 0.2570763922209481 0.24495196188996493 0.05959442207145257 -0.020438963806999607 0.12354060228843841 26054.0 76182.0 153229.0 246053.0 342064.0 431733.0 509538.00000000006 573221.0 622671.0 658987.0 683816.0 698959.0 706149.0 706947.0 702697.0 694534.0
15 1.0 176.56517110232414 -41.10250183089374 -0.891375071182644 0.2570763922209481 0.24495196188996493 0.05959442207145257 -0.020438963806999607 0.12354060228843841 4980.0 16148.0 35446.0 61330.0 90933.0 121384.0 150465.0 176753.0 199501.0 218464.0 233716.0 245526.0 254253.99999999997 260294.00000000003 264036.0 265844.0
16 1.0 81.86926607039636 -8.020053098995149 -0.891375071182644 0.2570763922209481 0.24495196188996493 0.05959442207145257 -0.020438963806999607 0.12354060228843841 31868.0 90762.0 179066.0 283316.0 389265.0 486633.0 569792.0 636729.0 687713.0 724232.0 748285.0 761959.0 767213.0 765777.0 759127.0 748487.0
17 1.0 91.56833343734147 -17.69156363167224 -0.891375071182644 0.2570763922209481 0.24495196188996493 0.05959442207145257 -0.020438963806999607 0.12354060228843841 27059.0 77359.0 153352.0 243854.0 336708.0 422926.0 497412.0 558166.0 605202.0 639639.0 663094.0 677307.0 683942.0 684489.0 680232.0 672251.0
18 1.0 20.89049771659522 -45.28557628506522 -0.891375071182644 0.2570763922209481 0.24495196188996493 0.05959442207145257 -0.020438963806999607 0.12354060228843841 70669.0 166959.0 290485.0 420466.0 541105.0 643738.0 725319.0 786253.0 828695.0 855457.0 869408.0 873173.0 869018.0 858831.0 844149.0 826202.0
19 1.0 156.3899852009235 1.0559490885555078 -0.891375071182644 0.2570763922209481 0.24495196188996493 0.05959442207145257 -0.020438963806999607 0.12354060228843841 18526.0 43954.0 77184.0 113038.0 147358.0 177656.0 202846.0 222764.0 237759.0 248416.0 255394.99999999997 259338.0 260824.99999999997 260359.99999999997 258370.0 255207.00000000003
20 1.0 112.24651751787692 -34.13145132363395 -0.891375071182644 0.2570763922209481 0.24495196188996493 0.05959442207145257 -0.020438963806999607 0.12354060228843841 15033.0 44424.0 90685.0 147981.0 209045.0 267928.0 320811.0 365783.0 402297.0 430651.0 451594.0 466069.0 475057.0 479487.0 480196.0 477913.0
21 1.0 250.6836559735654 -22.85372450146545 -0.891375071182644 0.2570763922209481 0.24495196188996493 0.05959442207145257 -0.020438963806999607 0.12354060228843841 28351.0 82905.0 166566.0 267022.0 370497.0 466673.0 549661.0 617140.0 669113.0 706869.0 732262.0 747290.0 753855.0 753655.0 748148.0 738555.0
22 1.0 135.99066214529313 4.494679605767573 -0.891375071182644 0.2570763922209481 0.24495196188996493 0.05959442207145257 -0.020438963806999607 0.12354060228843841 23714.0 58017.0 104264.0 155430.0 205421.0 250325.00000000003 288235.0 318646.0 341886.0 358698.0 369986.0 376662.0 379571.0 379459.0 376961.0 372610.0
23 1.0 64.65732392146853 45.10710412721775 -0.891375071182644 0.2570763922209481 0.24495196188996493 0.05959442207145257 -0.020438963806999607 0.12354060228843841 30475.0 87515.0 173750.0 276259.0 381057.0 477878.0 560988.0 628233.0 679749.0 716925.0 741683.0 756065.0 761999.0 761199.0 755131.0 745018.0
24 1.0 8.884342220879242 -29.968656157570443 -0.891375071182644 0.2570763922209481 0.24495196188996493 0.05959442207145257 -0.020438963806999607 0.12354060228843841 59143.0 133473.0 225585.0 320425.0 407270.0 480569.0 538598.0 581899.0 612115.0 631280.0 641421.0 644381.0 641740.0 634817.0 624684.0 612200.0
25 1.0 24.20986732676949 76.34857799173744 -0.891375071182644 0.2570763922209481 0.24495196188996493 0.05959442207145257 -0.020438963806999607 0.12354060228843841 25281.0 74553.0 150991.0 243814.0 340472.0 431278.0 510488.99999999994 575652.0 626519.0 664104.0 690018.0 706051.0 713943.0 715271.0 711404.0 703495.0
26 1.0 244.58139845948423 65.21733843046243 -0.891375071182644 0.2570763922209481 0.24495196188996493 0.05959442207145257 -0.020438963806999607 0.12354060228843841 40995.0 114150.0 221048.0 344321.0 466864.0 577070.0 669116.0 741403.0 794849.0 831611.0 854283.0 865440.0 867421.0 862243.0 851591.0 836843.0
27 1.0 163.33086404017632 -81.23574672440486 -0.891375071182644 0.2570763922209481 0.24495196188996493 0.05959442207145257 -0.020438963806999607 0.12354060228843841 26632.0 78307.0 158140.0 254672.0 354763.0 448383.0 529676.0 596215.0 647852.0 685721.0 711547.0 727221.0 734565.0 735219.0 730600.0 721897.0
28 1.0 193.16851599914 -44.3443456337719 -0.891375071182644 0.2570763922209481 0.24495196188996493 0.05959442207145257 -0.020438963806999607 0.12354060228843841 7432.0 23745.0 51410.0 87835.0 128737.99999999999 170062.0 208831.0 243253.0 272500.0 296408.0 315221.0 329404.0 339517.0 346134.0 349806.0 351029.0
29 1.0 322.80166549452315 -9.695607721343649 -0.891375071182644 0.2570763922209481 0.24495196188996493 0.05959442207145257 -0.020438963806999607 0.12354060228843841 27029.0 63614.00000000001 111137.0 162193.0 210865.0 253628.00000000003 288959.0 316653.0 337245.0 351610.0 360725.0 365535.0 366892.0 365527.0 362058.0 356988.0
0 1.0 356.52202106281356 -71.16698002635466 -0.891375071182644 0.2570763922209481 0.24495196188996493 0.05959442207145257 -0.020438963806999607 0.12354060228843841 68222.0 171016.0 308465.0 456764.0 596497.0 716429.0 812214.0 883903.0 933837.0 965272.0 981593.0 985919.0 980950.0 968936.0 951703.0 930707.0
1 1.0 78.08291438345061 -27.274321973970522 -0.891375071182644 0.2570763922209481 0.24495196188996493 0.05959442207145257 -0.020438963806999607 0.12354060228843841 32253.999999999996 92067.0 181896.0 288049.0 395987.0 495198.0 579925.0 648102.0 700003.0 737147.0 761575.0 775421.0 780687.0 779141.0 772286.0 761373.0
2 1.0 238.70815311603627 43.21755461118286 -0.891375071182644 0.2570763922209481 0.24495196188996493 0.05959442207145257 -0.020438963806999607 0.12354060228843841 41674.0 114845.0 221024.0 342969.0 463909.0 572534.0 663207.0 734405.0 787057.0 823291.0 845658.0 856688.0 858678.0 853610.0 843141.0 828626.0
3 1.0 94.79605562537424 32.49260660570866 -0.891375071182644 0.2570763922209481 0.24495196188996493 0.05959442207145257 -0.020438963806999607 0.12354060228843841 45464.0 121480.0 229193.0 350909.0 470225.0 576450.0 664477.0 733139.0 783553.0 817924.0 838809.0 848707.0 849871.0 844232.0 833400.0 818688.0
4 1.0 7.434359807662325 22.02919714188087 -0.891375071182644 0.2570763922209481 0.24495196188996493 0.05959442207145257 -0.020438963806999607 0.12354060228843841 8286.0 23950.0 48439.0 78840.0 111495.0 143353.0 172391.0 197532.0 218397.0 235052.0 247821.0 257146.0 263506.0 267366.0 269157.0 269255.0
5 1.0 273.01631538101094 37.895112490022214 -0.891375071182644 0.2570763922209481 0.24495196188996493 0.05959442207145257 -0.020438963806999607 0.12354060228843841 20992.0 62685.00000000001 128236.99999999999 208823.0 293733.0 374443.0 445712.0 505128.0 552234.0 587733.0 612902.0 629228.0 638191.0 641153.0 639311.0 633688.0
6 1.0 115.20617429608842 -53.113736347253685 -0.891375071182644 0.2570763922209481 0.24495196188996493 0.05959442207145257 -0.020438963806999607 0.12354060228843841 15250.0 46357.0 96444.0 159470.0 227409.0 293472.0 353185.0 404227.0 445855.0 478323.0 502426.00000000006 519202.99999999994 529748.0 535106.0 536225.0 533931.0
7 1.0 138.04700190188328 -28.494339324348218 -0.891375071182644 0.2570763922209481 0.24495196188996493 0.05959442207145257 -0.020438963806999607 0.12354060228843841 7335.0 21967.0 45543.0 75480.0 108201.0 140568.0 170410.0 196506.0 218367.0 235986.0 249639.0 259741.99999999997 266764.0 271168.0 273387.0 273807.0
8 1.0 211.79416087929806 31.723646809943318 -0.891375071182644 0.2570763922209481 0.24495196188996493 0.05959442207145257 -0.020438963806999607 0.12354060228843841 50580.0 125259.00000000001 225558.0 335125.0 440186.0 532327.0 607866.0 666284.0 708828.0 737544.0 754693.0 762446.0 762738.0 757224.0 747275.0 734011.0
9 1.0 299.17744388502854 68.26225734563889 -0.891375071182644 0.2570763922209481 0.24495196188996493 0.05959442207145257 -0.020438963806999607 0.12354060228843841 19131.0 58205.0 120720.0 198644.0 281691.0 361415.0 432452.0 492203.0 540027.0 576471.0 602700.0 620116.0 630148.0 634123.0 633220.0 628455.0
10 1.0 226.43346369281355 7.86204968905713 -0.891375071182644 0.2570763922209481 0.24495196188996493 0.05959442207145257 -0.020438963806999607 0.12354060228843841 29605.0 82093.0 159537.0 250253.99999999997 342197.0 426743.0 499177.0 557789.0 602780.0 635373.0 657230.0 670104.0 675645.0 675323.0 670396.0 661915.0
11 1.0 314.1542359610623 -39.11406282980341 -0.891375071182644 0.2570763922209481 0.24495196188996493 0.05959442207145257 -0.020438963806999607 0.12354060228843841 63233.0 146556.0 252264.0 362969.0 465644.0 553175.0 623050.0 675587.0 712551.0 736258.0 749084.0 753213.0 750544.0 742662.0 730867.0 716202.0
12 1.0 98.47513253362888 -84.55765355892314 -0.891375071182644 0.2570763922209481 0.24495196188996493 0.05959442207145257 -0.020438963806999607 0.12354060228843841 35676.0 101319.0 199134.0 313779.0 429369.0 534681.0 623771.0 694698.0 747997.0 785478.0 809454.0 822285.0 826152.0 822963.0 814324.0 801562.0
13 1.0 287.29686020852296 37.8606292153584 -0.891375071182644 0.2570763922209481 0.24495196188996493 0.05959442207145257 -0.020438963806999607 0.12354060228843841 14650.0 44580.0 92758.0 153335.0 218568.0 281923.0 339115.0 387935.0 427695.0 458661.0 481616.0 497569.0 507578.0 512650.00000000006 513692.00000000006 511495.00000000006
14 1.0 66.8289399501428 -88.58086136848073 -0.891375071182644 0.2570763922209481 0.24495196188996493 0.05959442207145257 -0.020438963806999607 0.12354060228843841 39250.0 110024.0 214118.0 334796.0 455309.0 564141.0 655410.0 727398.0 780899.0 817964.0 841098.0 852815.0 855406.0 850858.0 840835.0 826699.0
15 1.0 343.0049965099 -22.9177674322208 -0.891375071182644 0.2570763922209481 0.24495196188996493 0.05959442207145257 -0.020438963806999607 0.12354060228843841 49197.0 107930.0 178391.0 248866.0 311656.0 363195.0 402755.0 431169.0 449956.0 460810.0 465341.0 464961.0 460851.0 453975.0 445099.0 434823.0
16 1.0 247.4957794996135 5.496698621300723 -0.891375071182644 0.2570763922209481 0.24495196188996493 0.05959442207145257 -0.020438963806999607 0.12354060228843841 29252.0 85122.0 170414.0 272459.0 377251.0 474386.0 557986.0 625785.0 677851.0 715532.0 740737.0 755499.0 761752.0 761215.0 755362.0 745421.0
17 1.0 77.58276376088104 75.98006311809476 -0.891375071182644 0.2570763922209481 0.24495196188996493 0.05959442207145257 -0.020438963806999607 0.12354060228843841 40408.0 112677.0 218474.0 340675.0 462335.0 571902.0 663545.0 735626.0 789018.0 825838.0 848644.0 859985.0 862181.0 857234.0 846820.0 832308.0
18 1.0 341.0534125760127 -73.89098189407798 -0.891375071182644 0.2570763922209481 0.24495196188996493 0.05959442207145257 -0.020438963806999607 0.12354060228843841 64687.99999999999 164469.0 299390.0 446114.0 585194.0 705159.0 801411.0 873800.0 924536.0 956790.0 973898.0 978956.0 974654.0 963239.0 946541.0 926022.0
19 1.0 263.1080904372568 -16.930382045708924 -0.891375071182644 0.2570763922209481 0.24495196188996493 0.05959442207145257 -0.020438963806999607 0.12354060228843841 31033.0 89357.0 177543.0 282249.0 389092.0 487574.0 571884.0 639889.0 691793.0 729065.0 753703.0 767813.0 773373.0 772136.0 765596.0 754997.0
20 1.0 91.4189913342093 -85.6236240521716 -0.891375071182644 0.2570763922209481 0.24495196188996493 0.05959442207145257 -0.020438963806999607 0.12354060228843841 37061.0 104716.0 205012.0 322055.0 439613.0 546339.0 636311.0 707675.0 761065.0 798389.0 822036.0 834427.0 837789.0 834060.0 824871.0 811562.0
21 1.0 76.79231185229351 -28.33002281851374 -0.891375071182644 0.2570763922209481 0.24495196188996493 0.05959442207145257 -0.020438963806999607 0.12354060228843841 32903.0 93780.0 185048.0 292731.0 402055.0 502382.0 587919.0 656620.0 708801.0 746031.0 770399.0 784080.0 789106.0 787272.0 780101.0 768857.0
22 1.0 186.55225701503878 22.00159059116308 -0.891375071182644 0.2570763922209481 0.24495196188996493 0.05959442207145257 -0.020438963806999607 0.12354060228843841 45119.0 102584.0 174508.0 249307.0 318508.0 377552.0 424855.0 460654.0 486108.0 502731.00000000006 512078.99999999994 515587.0 514503.00000000006 509877.0 502573.00000000006 493285.0
23 1.0 9.238578499631366 -39.767769318852295 -0.891375071182644 0.2570763922209481 0.24495196188996493 0.05959442207145257 -0.020438963806999607 0.12354060228843841 70366.0 159984.0 271502.0 386461.0 491636.0 580173.0 649954.0 701665.0 737358.0 759557.0 770777.0 773295.0 769061.0 759695.0 746511.0 730562.0
24 1.0 74.68922715879938 -52.245009061985684 -0.891375071182644 0.2570763922209481 0.24495196188996493 0.05959442207145257 -0.020438963806999607 0.12354060228843841 36252.0 102453.0 200751.0 315689.0 431379.0 536646.0 625603.0 696353.0 749459.0 786751.0 810551.0 823224.0 826952.0 823641.0 814898.0 802045.0
25 1.0 152.88676875054225 -69.17341800112314 -0.891375071182644 0.2570763922209481 0.24495196188996493 0.05959442207145257 -0.020438963806999607 0.12354060228843841 14959.0 46491.0 98104.0 163761.0 235046.0 304687.0 367810.0 421843.0 465919.0 500266.0 525710.0 543353.0 554362.0 559857.0 560852.0 558234.0
26 1.0 134.7011929203212 13.88524392366152 -0.891375071182644 0.2570763922209481 0.24495196188996493 0.05959442207145257 -0.020438963806999607 0.12354060228843841 35045.0 82532.0 144145.0 210160.0 272858.0 327700.0 372780.0 407909.0 433838.0 451736.0 462884.0 468510.0 469710.0 467427.0 462448.0 455422.0
27 1.0 166.88715277133184 35.14860106284348 -0.891375071182644 0.2570763922209481 0.24495196188996493 0.05959442207145257 -0.020438963806999607 0.12354060228843841 66856.0 146885.0 243301.0 340255.0 427199.0 499132.0 554892.0 595467.0 622811.0 639151.0 646633.0 647157.0 642333.0 633481.0 621665.0 607730.0
28 1.0 99.94633426610349 30.95228530724802 -0.891375071182644 0.2570763922209481 0.24495196188996493 0.05959442207145257 -0.020438963806999607 0.12354060228843841 47006.0 123257.0 229841.0 349230.0 465582.0 568747.0 653982.0 720303.0 768880.0 801899.0 821860.0 831193.0 832080.0 826393.0 815687.0 801233.0
29 1.0 211.24236472494076 80.79498372969132 -0.891375071182644 0.2570763922209481 0.24495196188996493 0.05959442207145257 -0.020438963806999607 0.12354060228843841 48408.0 131074.0 248818.0 381871.0 511892.0 627032.0 721761.0 794956.0 848017.0 883509.0 904343.0 913325.0 912961.0 905382.0 892348.0 875285.0
0 1.0 310.9880181323633 -89.51342149916951 -0.891375071182644 0.2570763922209481 0.24495196188996493 0.05959442207145257 -0.020438963806999607 0.12354060228843841 39542.0 110739.0 215357.0 336546.0 457484.0 566629.0 658102.0 730202.0 783742.0 820791.0 843873.0 855510.0 858007.0 853355.0 843223.0 828978.0
1 1.0 42.31146814633191 26.49539770092649 -0.891375071182644 0.2570763922209481 0.24495196188996493 0.05959442207145257 -0.020438963806999607 0.12354060228843841 19974.0 57615.0 115353.0 185251.0 258206.0 327174.0 387909.0 438511.0 478673.0 509022.0 530647.0 544798.0 552715.0 555538.0 554272.0 549774.0
2 1.0 186.2564785754811 18.070602677575124 -0.891375071182644 0.2570763922209481 0.24495196188996493 0.05959442207145257 -0.020438963806999607 0.12354060228843841 39524.0 90455.0 154676.0 221916.0 284526.0 338297.0 381682.0 414789.0 438583.0 454378.0 463545.0 467362.0 466953.0 463265.0 457083.0 449042.0
3 1.0 47.54451828425519 15.973129794651868 -0.891375071182644 0.2570763922209481 0.24495196188996493 0.05959442207145257 -0.020438963806999607 0.12354060228843841 24744.0 70148.0 138505.0 219893.0 303546.0 381468.0 449077.0 504521.0 547741.0 579674.0 601720.0 615405.0 622201.0 623434.0 620256.0 613637.0
4 1.0 258.06948522933374 83.29865757124364 -0.891375071182644 0.2570763922209481 0.24495196188996493 0.05959442207145257 -0.020438963806999607 0.12354060228843841 37770.0 106497.0 208142.0 326514.0 445181.0 552723.0 643219.0 714859.0 768332.0 805597.0 829085.0 841252.0 844349.0 840333.0 830847.0 817241.0
5 1.0 142.58149301062573 -86.96309879339286 -0.891375071182644 0.2570763922209481 0.24495196188996493 0.05959442207145257 -0.020438963806999607 0.12354060228843841 34697.0 98931.0 195018.0 307999.0 422226.0 526560.0 615042.0 685670.0 738907.0 776499.0 800704.0 813840.0 818059.0 815244.0 806988.0 794605.0
6 1.0 203.55167226906323 35.36683752626102 -0.891375071182644 0.2570763922209481 0.24495196188996493 0.05959442207145257 -0.020438963806999607 0.12354060228843841 57436.0 137143.0 240953.0 351826.0 456277.0 546530.0 619511.0 675153.0 714995.0 741240.0 756225.0 762138.0 760903.0 754144.0 743199.0 729153.0
7 1.0 65.9807410370683 56.462156946335426 -0.891375071182644 0.2570763922209481 0.24495196188996493 0.05959442207145257 -0.020438963806999607 0.12354060228843841 32605.000000000004 93260.0 184487.0 292371.0 402085.0 502899.0 588935.0 658093.0 710660.0 748197.0 772795.0 786637.0 791767.0 789988.0 782835.0 771579.0
8 1.0 52.1451933636158 1.7652953918851466 -0.891375071182644 0.2570763922209481 0.24495196188996493 0.05959442207145257 -0.020438963806999607 0.12354060228843841 30941.0 86239.0 167947.0 263605.0 360392.0 449183.0 525031.0 586192.0 632935.0 666600.0 688977.0 701934.0 707226.0 706407.0 700804.0 691523.0
9 1.0 175.70026103362363 -29.886323472574354 -0.891375071182644 0.2570763922209481 0.24495196188996493 0.05959442207145257 -0.020438963806999607 0.12354060228843841 4953.0 15361.0 32695.000000000004 55316.0 80639.0 106232.0 130305.0 151763.0 170086.0 185153.0 197095.0 206182.0 212749.0 217145.0 219704.0 220735.0
10 1.0 128.020585625984 52.35122938093289 -0.891375071182644 0.2570763922209481 0.24495196188996493 0.05959442207145257 -0.020438963806999607 0.12354060228843841 72066.0 172509.0 302511.0 439992.0 567922.0 676866.0 763446.0 828032.0 872904.0 901068.0 915593.0 919290.0 914586.0 903498.0 887667.0 868406.0
11 1.0 338.5555002910127 -72.49627338616357 -0.891375071182644 0.2570763922209481 0.24495196188996493 0.05959442207145257 -0.020438963806999607 0.12354060228843841 66512.0 167781.0 303884.0 451268.0 590533.0 710350.0 806259.0 878212.0 928487.0 960292.0 976984.0 981667.0 977034.0 965329.0 948378.0 927639.0
12 1.0 275.5170913705075 -10.43358520861345 -0.891375071182644 0.2570763922209481 0.24495196188996493 0.05959442207145257 -0.020438963806999607 0.12354060228843841 30056.0 84606.0 165882.0 261612.99999999997 358926.0 448537.0 525337.0 587459.0 635097.0 669551.0 692596.0 706100.0 711826.0 711342.0 705987.0 696880.0
13 1.0 269.51890314619703 3.5914274227508827 -0.891375071182644 0.2570763922209481 0.24495196188996493 0.05959442207145257 -0.020438963806999607 0.12354060228843841 26332.0 76440.0 153031.0 244963.0 339798.0 428195.0 504779.0 567379.0 615931.0 651541.0 675847.0 690631.0 697603.0 698296.0 694037.0 685938.0
14 1.0 325.33910630853603 34.91215396821855 -0.891375071182644 0.2570763922209481 0.24495196188996493 0.05959442207145257 -0.020438963806999607 0.12354060228843841 5185.0 16432.0 35484.0 60641.0 89044.0 117948.0 145307.0 169857.0 190981.0 208518.0 222593.0 233490.0 241569.0 247205.0 250764.0 252580.00000000003
15 1.0 30.032076759126678 -73.6405682341663 -0.891375071182644 0.2570763922209481 0.24495196188996493 0.05959442207145257 -0.020438963806999607 0.12354060228843841 57076.0 149571.0 277697.0 419468.0 555667.0 674487.0 770842.0 844144.0 896266.0 930146.0 948968.0 955733.0 953076.0 943213.0 927960.0 908775.0
16 1.0 198.78928917206636 -49.00328972318503 -0.891375071182644 0.2570763922209481 0.24495196188996493 0.05959442207145257 -0.020438963806999607 0.12354060228843841 9259.0 29439.0 63399.0 107764.0 157191.0 206725.0 252798.00000000003 293318.0 327365.0 354825.0 376064.0 391700.0 402455.0 409057.0 412190.0 412472.0
17 1.0 210.4113848240768 -16.14571871577739 -0.891375071182644 0.2570763922209481 0.24495196188996493 0.05959442207145257 -0.020438963806999607 0.12354060228843841 14684.0 42507.0 85606.0 138385.0 194160.0 247585.0 295302.0 335684.0 368323.0 393547.0 412076.0 424786.0 432575.0 436288.0 436682.0 434414.0
18 1.0 346.2970962770024 22.193041143623518 -0.891375071182644 0.2570763922209481 0.24495196188996493 0.05959442207145257 -0.020438963806999607 0.12354060228843841 5553.0 16312.0 33444.0 55065.0 78634.0 101936.0 123447.0 142312.0 158190.0 171080.0 181180.0 188786.0 194229.0 197837.0 199912.0 200725.0
19 1.0 105.17310964531758 69.65294061913514 -0.891375071182644 0.2570763922209481 0.24495196188996493 0.05959442207145257 -0.020438963806999607 0.12354060228843841 54612.0 144280.0 269377.0 408557.0 542879.0 660541.0 756344.0 829551.0 881897.0 916214.0 935602.0 943003.0 941012.0 931818.0 917220.0 898664.0
20 1.0 86.69836076956085 21.388710283447764 -0.891375071182644 0.2570763922209481 0.24495196188996493 0.05959442207145257 -0.020438963806999607 0.12354060228843841 38038.0 105542.0 204311.0 318637.0 432885.0 536286.0 623299.0 692252.0 743822.0 779879.0 802734.0 814724.0 817993.0 814404.0 805530.0 792660.0
21 1.0 36.10581921557922 -65.9769352317118 -0.891375071182644 0.2570763922209481 0.24495196188996493 0.05959442207145257 -0.020438963806999607 0.12354060228843841 60298.0 155658.0 286220.0 429513.0 566337.0 685109.0 780992.0 853591.0 904914.0 937982.0 956026.0 962071.0 958761.0 948314.0 932541.0 912896.0
22 1.0 5.9146666529307135 86.50442390171082 -0.891375071182644 0.2570763922209481 0.24495196188996493 0.05959442207145257 -0.020438963806999607 0.12354060228843841 34253.0 97802.0 193015.0 305124.0 418614.0 522401.0 610526.0 680961.0 734135.0 771759.0 796064.0 809346.0 813738.0 811111.0 803050.0 790863.0
23 1.0 334.6305540451886 66.92143225598872 -0.891375071182644 0.2570763922209481 0.24495196188996493 0.05959442207145257 -0.020438963806999607 0.12354060228843841 13150.0 41400.0 88227.0 148438.0 214441.0 279507.0 339015.0 390428.0 432802.0 466224.0 491375.0 509213.0 520785.00000000006 527109.0 529118.0 527634.0
24 1.0 241.16995677272763 0.4897370061583217 -0.891375071182644 0.2570763922209481 0.24495196188996493 0.05959442207145257 -0.020438963806999607 0.12354060228843841 28329.0 82078.0 163946.0 261826.0 362376.0 455685.0 536134.0 601534.0 651923.0 688558.0 713240.0 727896.0 734363.0 734278.0 729048.0 719850.0
25 1.0 282.6550483283296 76.02263672339393 -0.891375071182644 0.2570763922209481 0.24495196188996493 0.05959442207145257 -0.020438963806999607 0.12354060228843841 28570.0 83468.0 167648.0 268739.0 372880.0 469680.0 553200.0 621098.0 673376.0 711329.0 736830.0 751891.0 758432.0 758164.0 752558.0 742842.0
26 1.0 101.42283807142167 7.448542876284435 -0.891375071182644 0.2570763922209481 0.24495196188996493 0.05959442207145257 -0.020438963806999607 0.12354060228843841 32910.0 89288.0 170892.0 265087.0 359423.0 445285.0 518148.00000000006 576544.0 620886.0 652570.0 673380.0 685152.0 689594.0 688210.0 682277.0 672858.0
27 1.0 211.1076598270776 76.19509222004936 -0.891375071182644 0.2570763922209481 0.24495196188996493 0.05959442207145257 -0.020438963806999607 0.12354060228843841 52955.0 140855.0 264174.0 401946.0 535341.0 652517.0 748174.0 821473.0 874065.0 908719.0 928491.0 936295.0 934707.0 925905.0 911680.0 893476.0
28 1.0 23.023895803553206 59.38152634860177 -0.891375071182644 0.2570763922209481 0.24495196188996493 0.05959442207145257 -0.020438963806999607 0.12354060228843841 14561.0 44710.0 93679.0 155712.0 222938.0 288601.0 348184.0 399299.0 441139.0 473899.0 498337.0 515463.0 526354.0 532044.0 533476.0 531474.0
29 1.0 174.82593453646425 84.29155385297352 -0.891375071182644 0.2570763922209481 0.24495196188996493 0.05959442207145257 -0.020438963806999607 0.12354060228843841 47981.0 130150.99999999999 247370.0 379982.0 509694.0 624652.0 719304.0 792500.0 845615.0 881195.0 902135.0 911233.0 910988.0 903527.0 890607.0 873653.0
0 1.0 351.89825030800085 75.5609059400685 -0.891375071182644 0.2570763922209481 0.24495196188996493 0.05959442207145257 -0.020438963806999607 0.12354060228843841 20697.0 62373.0 128465.0 210256.0 296886.0 379583.0 452871.0 514173.0 562938.0 599822.0 626098.0 643268.0 652839.0 656203.0 654591.0 649053.0
1 1.0 315.54188831397266 -83.5139128628575 -0.891375071182644 0.2570763922209481 0.24495196188996493 0.05959442207145257 -0.020438963806999607 0.12354060228843841 47783.0 129695.0 246613.0 378948.0 508441.99999999994 623251.0 717815.0 790974.0 844089.0 879696.0 900680.0 909834.0 909651.0 902253.0 889398.0 872507.0
2 1.0 121.73722266126443 -58.54103925103081 -0.891375071182644 0.2570763922209481 0.24495196188996493 0.05959442207145257 -0.020438963806999607 0.12354060228843841 14644.0 44992.0 94299.0 156767.0 224464.0 290576.0 350553.0 401990.0 444072.0 477000.0 501538.00000000006 518706.0 529591.0 535236.0 536592.0 534489.0
3 1.0 346.16525563493946 -19.95575812178656 -0.891375071182644 0.2570763922209481 0.24495196188996493 0.05959442207145257 -0.020438963806999607 0.12354060228843841 44950.0 98967.0 164012.0 229282.0 287610.0 335632.0 372610.0 399266.0 416973.0 427284.0 431682.0 431475.0 427764.0 421448.0 413245.0 403722.0
4 1.0 83.41258552963363 81.38568551317573 -0.891375071182644 0.2570763922209481 0.24495196188996493 0.05959442207145257 -0.020438963806999607 0.12354060228843841 41435.0 115158.0 222722.0 346618.0 469664.0 580229.0 672500.0 744900.0 798374.0 835102.0 857696.0 868747.0 870604.0 865293.0 854504.0 839619.0
5 1.0 341.75477606964535 -35.99479449433267 -0.891375071182644 0.2570763922209481 0.24495196188996493 0.05959442207145257 -0.020438963806999607 0.12354060228843841 67757.0 149005.0 246985.0 345587.0 434062.0 507293.0 564081.0 605419.0 633290.0 649964.0 657625.0 658210.0 653356.0 644410.0 632454.0 618346.0
6 1.0 338.8959736943395 -61.11582410023181 -0.891375071182644 0.2570763922209481 0.24495196188996493 0.05959442207145257 -0.020438963806999607 0.12354060228843841 78082.0 185416.0 323194.0 467865.0 601603.0 714751.0 804037.0 870078.0 915430.0 943346.0 957106.0 959684.0 953631.0 941058.0 923673.0 902835.0
7 1.0 287.71293144686103 69.53483989558077 -0.891375071182644 0.2570763922209481 0.24495196188996493 0.05959442207145257 -0.020438963806999607 0.12354060228843841 23023.0 68799.0 140672.0 228800.0 321331.0 408911.0 485858.0 549628.0 599823.0 637295.0 663508.0 680133.0 688816.0 691059.0 688178.0 681288.0
8 1.0 226.9612572720448 -9.649005213023472 -0.891375071182644 0.2570763922209481 0.24495196188996493 0.05959442207145257 -0.020438963806999607 0.12354060228843841 22479.0 64835.00000000001 129577.0 207565.0 288489.0 364488.0 430929.0 485832.0 528987.0 561201.0 583764.0 598117.0 605668.0 607698.0 605324.0 599496.0
9 1.0 314.7436679849809 73.41760698377868 -0.891375071182644 0.2570763922209481 0.24495196188996493 0.05959442207145257 -0.020438963806999607 0.12354060228843841 20131.0 60946.0 125927.00000000001 206588.0 292231.0 374162.0 446915.0 507891.0 556499.0 593360.0 619711.0 637026.0 646787.0 650373.0 648998.0 643707.0
10 1.0 105.48730242280682 -61.15851606237421 -0.891375071182644 0.2570763922209481 0.24495196188996493 0.05959442207145257 -0.020438963806999607 0.12354060228843841 21542.0 64117.99999999999 130970.0 213115.0 299657.0 381922.0 454570.0 515144.00000000006 563178.0 599383.0 625061.0 641723.0 650875.0 653906.0 652034.0 646303.0
11 1.0 305.61967991265055 29.00115207145791 -0.891375071182644 0.2570763922209481 0.24495196188996493 0.05959442207145257 -0.020438963806999607 0.12354060228843841 8998.0 27428.0 57418.0 95672.0 137553.0 178976.0 217114.0 250387.00000000003 278163.0 300441.0 317588.0 330155.0 338756.0 344001.0 346456.0 346625.0
12 1.0 222.43560909030856 -10.75252449069147 -0.891375071182644 0.2570763922209481 0.24495196188996493 0.05959442207145257 -0.020438963806999607 0.12354060228843841 20632.0 59351.0 118565.0 190042.0 264426.0 334526.0 396051.0 447120.0 487480.0 517818.0 539280.0 553164.0 560746.0 563195.0 561535.0 556636.0
13 1.0 4.765268793203816 -76.23238157454863 -0.891375071182644 0.2570763922209481 0.24495196188996493 0.05959442207145257 -0.020438963806999607 0.12354060228843841 60053.0 155628.0 286813.0 430993.0 568766.0 688402.0 784989.0 858113.0 909793.0 943074.0 961216.0 967270.0 963904.0 953352.0 937444.0 917642.0
14 1.0 125.00406645559904 35.363366037450106 -0.891375071182644 0.2570763922209481 0.24495196188996493 0.05959442207145257 -0.020438963806999607 0.12354060228843841 60466.0 142833.0 248955.0 361308.0 466361.0 556513.0 628916.0 683705.0 722566.0 747803.0 761815.0 766825.0 764772.0 757286.0 745704.0 731105.0
15 1.0 53.330709941339414 -45.46822400295233 -0.891375071182644 0.2570763922209481 0.24495196188996493 0.05959442207145257 -0.020438963806999607 0.12354060228843841 50696.0 134519.0 252216.0 384029.0 512097.0 625070.0 717762.0 789228.0 840928.0 875417.0 895562.0 904117.0 903533.0 895893.0 882920.0 866007.0
16 1.0 353.45858033457114 -82.86920593568681 -0.891375071182644 0.2570763922209481 0.24495196188996493 0.05959442207145257 -0.020438963806999607 0.12354060228843841 50393.0 135468.0 255873.00000000003 391260.0 523019.0 639268.0 734566.0 807915.0 860832.0 895982.0 916347.0 924790.0 923853.0 915691.0 902083.0 884466.0
17 1.0 172.2133105343957 -79.21002631507682 -0.891375071182644 0.2570763922209481 0.24495196188996493 0.05959442207145257 -0.020438963806999607 0.12354060228843841 24332.0 72243.0 147014.0 238230.0 333575.0 423442.0 502075.99999999994 566962.0 617786.0 655497.0 681651.0 697998.0 706248.0 707955.0 704471.0 696943.0
18 1.0 179.06089157951857 -79.00586332797828 -0.891375071182644 0.2570763922209481 0.24495196188996493 0.05959442207145257 -0.020438963806999607 0.12354060228843841 24355.0 72319.0 147170.0 238480.0 333915.0 423858.0 502549.0 567475.0 618322.0 656042.0 682195.0 698533.0 706769.0 708458.0 704955.0 697405.0
19 1.0 230.2101059035405 73.39193234730709 -0.891375071182644 0.2570763922209481 0.24495196188996493 0.05959442207145257 -0.020438963806999607 0.12354060228843841 47376.0 128696.0 244887.0 376524.0 505449.99999999994 619858.0 714180.0 787228.0 840333.0 876001.0 897095.0 906389.0 906363.0 899131.0 886443.0 869717.0
20 1.0 132.6904582066623 43.17910520923817 -0.891375071182644 0.2570763922209481 0.24495196188996493 0.05959442207145257 -0.020438963806999607 0.12354060228843841 70062.0 162653.0 279880.0 402192.0 515078.99999999994 610751.0 686589.0 743109.0 782391.0 807091.0 819890.0 823235.0 819229.0 809624.0 795846.0 779034.0
21 1.0 49.284097806815616 71.6512242984723 -0.891375071182644 0.2570763922209481 0.24495196188996493 0.05959442207145257 -0.020438963806999607 0.12354060228843841 28982.0 84146.0 168376.0 269267.0 373039.0 469403.0 552499.0 620030.0 672015.0 709751.0 735104.0 750075.0 756571.0 756294.0 750705.0 741026.0
22 1.0 295.9623839499284 31.064816033373845 -0.891375071182644 0.2570763922209481 0.24495196188996493 0.05959442207145257 -0.020438963806999607 0.12354060228843841 11674.0 35475.0 73917.0 122516.0 175203.0 226779.0 273755.0 314271.0 347675.0 374090.0 394069.0 408368.0 417800.0 423149.0 425134.0 424385.0
23 1.0 68.34524828499286 5.2091872255589635 -0.891375071182644 0.2570763922209481 0.24495196188996493 0.05959442207145257 -0.020438963806999607 0.12354060228843841 32952.0 93775.0 184833.0 292143.0 400986.0 500796.0 585834.0 654091.0 705902.0 742842.0 766994.0 780526.0 785462.0 783585.0 776409.0 765192.0
24 1.0 184.07483371672416 -35.19965441747191 -0.891375071182644 0.2570763922209481 0.24495196188996493 0.05959442207145257 -0.020438963806999607 0.12354060228843841 5614.0 17711.0 38098.0 64895.99999999999 95027.0 125572.99999999999 154377.0 180121.0 202171.0 220374.0 234874.0 245983.0 254085.0 259587.0 262881.0 264325.0
25 1.0 80.75413043090613 89.63320523916121 -0.891375071182644 0.2570763922209481 0.24495196188996493 0.05959442207145257 -0.020438963806999607 0.12354060228843841 39130.0 109725.0 213592.0 334046.0 454369.0 563058.0 654232.0 726167.0 779646.0 816714.0 839868.0 851617.0 854248.0 849745.0 839768.0 825680.0
26 1.0 35.22401441785226 -24.805969390909922 -0.891375071182644 0.2570763922209481 0.24495196188996493 0.05959442207145257 -0.020438963806999607 0.12354060228843841 48209.0 120420.0 218002.0 325048.0 428008.0 518536.0 592927.0 650603.0 692740.0 721316.0 738534.0 746514.0 747151.0 742065.0 732603.0 719864.0
27 1.0 310.388946271806 -5.28318914149628 -0.891375071182644 0.2570763922209481 0.24495196188996493 0.05959442207145257 -0.020438963806999607 0.12354060228843841 22284.0 56493.0 104120.0 158122.0 211924.0 261037.00000000003 303089.0 337271.0 363755.0 383235.0 396631.0 404906.0 408973.0 409647.0 407628.0 403508.0
28 1.0 350.2510160483269 -21.915868513776886 -0.891375071182644 0.2570763922209481 0.24495196188996493 0.05959442207145257 -0.020438963806999607 0.12354060228843841 48234.0 106012.0 175480.0 245099.0 307245.0 358361.0 397697.0 426054.0 444916.0 455947.0 460729.0 460650.0 456873.0 450346.0 441822.0 431894.0
29 1.0 345.90047690268005 86.31484728038254 -0.891375071182644 0.2570763922209481 0.24495196188996493 0.05959442207145257 -0.020438963806999607 0.12354060228843841 33534.0 96014.0 189884.0 300669.0 413049.0 516016.00000000006 603608.0 673756.0 726835.0 764509.0 788963.0 802462.0 807112.0 804768.0 797000.0 785107.0
