idx D_km lam beta x1 y1 z1 x2 y2 z2 flux5 flux6 flux7 flux8 flux9 flux10 flux11 flux12 flux13 flux14 flux15 flux16 flux17 flux18 flux19 flux20
0 1.0 197.5728614138369 73.17998985981222 -0.20653341496935784 -0.583348844102021 -0.4136892765267489 0.034309872535576304 0.28288115359561455 -0.03703189091142675 13334.0 34234.0 62860.0 94368.0 124582.0 150947.0 172365.0 188711.0 200390.0 208041.0 212357.0 213996.0 213535.0 211461.0 208174.0 203999.0
1 1.0 257.468171894071 49.328519885754986 -0.20653341496935784 -0.583348844102021 -0.4136892765267489 0.034309872535576304 0.28288115359561455 -0.03703189091142675 7911.0 21846.0 42284.0 66071.0 90012.0 111864.0 130428.99999999999 145305.0 156587.0 164624.0 169875.0 172812.0 173874.0 173449.0 171866.0 169398.0
2 1.0 216.99481538579178 -30.033872634844457 -0.20653341496935784 -0.583348844102021 -0.4136892765267489 0.034309872535576304 0.28288115359561455 -0.03703189091142675 4332.0 10590.0 19105.0 28634.0 38054.0 46616.0 53933.0 59878.0 64485.0 67877.0 70211.0 71652.0 72354.0 72459.0 72085.0 71337.0
3 1.0 196.15794587888288 -75.40174980216058 -0.20653341496935784 -0.583348844102021 -0.4136892765267489 0.034309872535576304 0.28288115359561455 -0.03703189091142675 15488.0 36147.0 62600.0 90484.0 116445.0 138616.0 156314.0 169599.0 178911.0 184842.0 188001.0 188948.0 188170.0 186074.0 182993.0 179193.0
4 1.0 152.5157277620057 -16.69658914551468 -0.20653341496935784 -0.583348844102021 -0.4136892765267489 0.034309872535576304 0.28288115359561455 -0.03703189091142675 9825.0 26971.0 51794.0 80260.0 108464.0 133777.0 154893.0 171462.0 183705.0 192122.0 197308.0 199853.0 200293.0 199091.0 196632.0 193232.0
5 1.0 232.5218807039962 -48.19785440923031 -0.20653341496935784 -0.583348844102021 -0.4136892765267489 0.034309872535576304 0.28288115359561455 -0.03703189091142675 6463.0 14347.0 24147.0 34366.0 43892.0 52108.0 58777.0 63902.0 67618.0 70114.0 71589.0 72235.0 72221.0 71690.0 70762.0 69537.0
6 1.0 157.5313960545693 -66.15222574356306 -0.20653341496935784 -0.583348844102021 -0.4136892765267489 0.034309872535576304 0.28288115359561455 -0.03703189091142675 15911.999999999998 38874.0 69153.0 101602.0 132092.0 158250.0 179166.0 194861.0 205838.0 212799.0 216469.0 217521.0 216538.0 214006.0 210321.0 205801.0
7 1.0 321.03828028154874 -80.38310727837145 -0.20653341496935784 -0.583348844102021 -0.4136892765267489 0.034309872535576304 0.28288115359561455 -0.03703189091142675 17088.0 39873.0 68911.0 99339.0 127483.00000000001 151349.0 170250.0 184303.0 194028.0 200095.0 203180.0 203900.0 202787.0 200282.0 196744.0 192458.0
8 1.0 346.91859378037054 40.60698555790418 -0.20653341496935784 -0.583348844102021 -0.4136892765267489 0.034309872535576304 0.28288115359561455 -0.03703189091142675 18237.0 43663.0 76533.0 111193.0 143301.0 170481.0 191917.0 207747.0 218586.0 225222.0 228452.0 228996.0 227471.0 224387.0 220157.0 215108.0
9 1.0 138.03894677727996 -87.94305744749441 -0.20653341496935784 -0.583348844102021 -0.4136892765267489 0.034309872535576304 0.28288115359561455 -0.03703189091142675 17462.0 41341.0 72071.0 104449.0 134488.0 159995.0 180200.0 195212.0 205580.0 212023.0 215270.0 215985.0 214740.0 212010.0 208182.0 203561.0
10 1.0 285.02101370975925 48.70453473049972 -0.20653341496935784 -0.583348844102021 -0.4136892765267489 0.034309872535576304 0.28288115359561455 -0.03703189091142675 10292.0 27450.0 51812.0 79423.0 106581.0 130842.99999999999 151026.0 166836.0 178506.0 186522.0 191457.0 193873.0 194280.0 193118.0 190754.0 187489.0
11 1.0 190.40217111104562 -63.549603827932486 -0.20653341496935784 -0.583348844102021 -0.4136892765267489 0.034309872535576304 0.28288115359561455 -0.03703189091142675 13855.0 32651.0 56983.0 82875.0 107198.0 128151.99999999999 145034.0 157843.0 166949.0 172878.0 176182.0 177377.0 176918.0 175184.0 172489.0 169087.0
12 1.0 204.49604199381562 -75.68602513438397 -0.20653341496935784 -0.583348844102021 -0.4136892765267489 0.034309872535576304 0.28288115359561455 -0.03703189091142675 15228.0 35346.0 61022.0 88040.0 113179.0 134647.0 151792.0 164670.0 173708.0 179474.0 182555.0 183492.0 182756.0 180738.0 177763.0 174087.0
13 1.0 333.214789785358 -73.87145383705104 -0.20653341496935784 -0.583348844102021 -0.4136892765267489 0.034309872535576304 0.28288115359561455 -0.03703189091142675 17209.0 40315.0 69823.0 100768.0 129395.00000000001 153662.0 172866.0 187130.0 196983.0 203109.0 206201.0 206888.0 205712.0 203124.0 199488.0 195096.0
14 1.0 25.5729809512393 30.968605323704594 -0.20653341496935784 -0.583348844102021 -0.4136892765267489 0.034309872535576304 0.28288115359561455 -0.03703189091142675 10446.0 23765.0 40581.0 58223.0 74674.0 88809.0 100210.0 108899.0 115132.0 119255.0 121631.0 122598.0 122450.0 121439.0 119771.0 117611.0
15 1.0 31.366547892554657 -45.83390222648794 -0.20653341496935784 -0.583348844102021 -0.4136892765267489 0.034309872535576304 0.28288115359561455 -0.03703189091142675 14150.0 35662.0 64732.0 96435.0 126627.99999999999 152831.0 174012.0 190092.0 201510.0 208919.0 213022.0 214477.0 213861.0 211659.0 208267.0 204006.0
16 1.0 7.278623078517259 -14.302895997582283 -0.20653341496935784 -0.583348844102021 -0.4136892765267489 0.034309872535576304 0.28288115359561455 -0.03703189091142675 15851.0 38838.0 69166.0 101654.0 132152.0 158289.0 179163.0 194804.0 205726.0 212634.0 216259.0 217274.0 216261.0 213707.0 210007.0 205478.0
17 1.0 299.74314439725765 10.326382438305046 -0.20653341496935784 -0.583348844102021 -0.4136892765267489 0.034309872535576304 0.28288115359561455 -0.03703189091142675 6351.0 16580.0 31088.0 47694.0 64298.99999999999 79458.0 92408.0 102892.0 110968.0 116859.0 120858.0 123270.0 124380.0 124445.0 123681.0 122273.0
18 1.0 280.13643034194615 64.89921128918289 -0.20653341496935784 -0.583348844102021 -0.4136892765267489 0.034309872535576304 0.28288115359561455 -0.03703189091142675 13686.0 35571.0 65732.0 98998.0 130878.0 158634.0 181098.0 198150.0 210240.0 218064.0 222372.0 223867.0 223167.0 220792.0 217164.0 212624.0
19 1.0 313.2043733688549 40.8679672880391 -0.20653341496935784 -0.583348844102021 -0.4136892765267489 0.034309872535576304 0.28288115359561455 -0.03703189091142675 14115.0 36086.0 66063.0 98937.0 130342.00000000001 157636.0 179707.0 196453.0 208324.0 216006.0 220233.0 221697.0 221003.0 218659.0 215081.0 210604.0
20 1.0 352.30260320379506 -41.34097705703137 -0.20653341496935784 -0.583348844102021 -0.4136892765267489 0.034309872535576304 0.28288115359561455 -0.03703189091142675 17862.0 43528.0 77122.0 112812.0 146030.0 174234.0 196519.0 212997.0 224293.0 231221.0 234605.0 235195.0 233636.0 230458.0 226091.0 220874.0
21 1.0 287.6970831180205 -66.33309612759703 -0.20653341496935784 -0.583348844102021 -0.4136892765267489 0.034309872535576304 0.28288115359561455 -0.03703189091142675 12775.0 28875.0 49050.0 70064.0 89521.0 106115.0 119388.0 129404.99999999999 136492.0 141083.0 143617.0 144503.0 144093.0 142686.0 140525.0 137806.0
22 1.0 166.13257041105547 -80.03262232418437 -0.20653341496935784 -0.583348844102021 -0.4136892765267489 0.034309872535576304 0.28288115359561455 -0.03703189091142675 16900.0 40113.0 70083.0 101758.0 131232.0 156334.0 176283.0 191163.0 201498.0 207978.0 211313.0 212149.0 211047.0 208472.0 204804.0 200345.0
23 1.0 280.99050346312396 -35.712245793430355 -0.20653341496935784 -0.583348844102021 -0.4136892765267489 0.034309872535576304 0.28288115359561455 -0.03703189091142675 4312.0 9929.0 17137.0 24831.0 32141.999999999996 38558.0 43866.0 48040.0 51164.0 53367.0 54792.0 55574.0 55837.0 55688.0 55214.0 54491.0
24 1.0 42.57879331281596 -42.818733136857915 -0.20653341496935784 -0.583348844102021 -0.4136892765267489 0.034309872535576304 0.28288115359561455 -0.03703189091142675 11531.0 29468.0 54119.0 81442.0 107884.0 131216.0 150420.0 165313.0 176183.0 183537.0 187945.0 189958.0 190070.0 188703.0 186207.0 182870.0
25 1.0 230.3715676779086 -7.894697975913658 -0.20653341496935784 -0.583348844102021 -0.4136892765267489 0.034309872535576304 0.28288115359561455 -0.03703189091142675 1280.0 3631.0 7283.0 11811.0 16682.0 21445.0 25795.0 29565.0 32694.0 35185.0 37085.0 38458.0 39375.0 39908.0 40121.0 40074.0
26 1.0 51.607183467256704 32.990640398582485 -0.20653341496935784 -0.583348844102021 -0.4136892765267489 0.034309872535576304 0.28288115359561455 -0.03703189091142675 4742.0 10420.0 17370.0 24514.0 31099.0 36729.0 41272.0 44752.0 47271.0 48964.0 49968.0 50412.0 50409.0 50054.0 49429.0 48598.0
27 1.0 340.0808101378502 35.21258021499429 -0.20653341496935784 -0.583348844102021 -0.4136892765267489 0.034309872535576304 0.28288115359561455 -0.03703189091142675 18089.0 44097.0 78123.0 114246.0 147836.0 176324.0 198806.0 215403.0 226753.0 233686.0 237038.0 237572.0 235938.0 232675.0 228216.0 222905.0
28 1.0 187.8653958300258 -38.96660761521 -0.20653341496935784 -0.583348844102021 -0.4136892765267489 0.034309872535576304 0.28288115359561455 -0.03703189091142675 10363.0 25768.0 46635.0 69613.0 91809.0 111409.0 127588.0 140194.0 149461.0 155800.0 159678.0 161548.0 161816.0 160831.0 158885.0 156215.0
29 1.0 149.2782983965885 -21.61314793797831 -0.20653341496935784 -0.583348844102021 -0.4136892765267489 0.034309872535576304 0.28288115359561455 -0.03703189091142675 9911.0 27164.0 52106.0 80678.0 108962.0 134327.0 155470.0 172048.0 184286.0 192689.0 197854.0 200376.0 200790.0 199562.0 197078.0 193653.0
0 1.0 95.24002035766571 -57.39282688735745 -0.20653341496935784 -0.583348844102021 -0.4136892765267489 0.034309872535576304 0.28288115359561455 -0.03703189091142675 12245.0 32112.0 59821.0 90731.0 120686.0 147059.0 168662.0 185290.0 197292.0 205274.0 209907.0 211837.0 211638.0 209796.0 206713.0 202716.0
1 1.0 278.724128196318 51.93819221517336 -0.20653341496935784 -0.583348844102021 -0.4136892765267489 0.034309872535576304 0.28288115359561455 -0.03703189091142675 10348.0 27695.0 52372.0 80366.0 107909.0 132514.0 152975.0 168993.0 180805.0 188908.0 193882.0 196301.0 196684.0 195478.0 193055.0 189721.0
2 1.0 164.21411959795748 -79.76734624201674 -0.20653341496935784 -0.583348844102021 -0.4136892765267489 0.034309872535576304 0.28288115359561455 -0.03703189091142675 16910.0 40185.0 70259.0 102057.0 131651.0 156857.0 176889.0 191829.0 202203.0 208706.0 212048.0 212882.0 211769.0 209179.0 205490.0 201008.0
3 1.0 204.63622159271347 35.459503510497726 -0.20653341496935784 -0.583348844102021 -0.4136892765267489 0.034309872535576304 0.28288115359561455 -0.03703189091142675 7867.000000000001 21935.0 42677.0 66882.0 91271.0 113536.0 132447.0 147593.0 159068.0 167234.0 172560.0 175529.0 176590.0 176139.0 174512.0 171987.0
4 1.0 6.764328157087851 50.1651712693986 -0.20653341496935784 -0.583348844102021 -0.4136892765267489 0.034309872535576304 0.28288115359561455 -0.03703189091142675 15928.000000000002 36714.0 63036.99999999999 90552.0 116004.0 137617.0 154780.0 167589.0 176503.0 182115.0 185031.0 185801.0 184902.0 182733.0 179616.0 175810.0
5 1.0 222.34877894731574 49.93336113277556 -0.20653341496935784 -0.583348844102021 -0.4136892765267489 0.034309872535576304 0.28288115359561455 -0.03703189091142675 8761.0 24217.0 46796.0 72922.0 99040.0 122696.0 142626.0 158442.0 170296.0 178609.0 183905.0 186714.0 187526.0 186764.0 184787.0 181890.0
6 1.0 220.3544601800717 -43.303938417836115 -0.20653341496935784 -0.583348844102021 -0.4136892765267489 0.034309872535576304 0.28288115359561455 -0.03703189091142675 6347.0 14581.0 25163.0 36482.0 47256.0 56719.0 64542.0 70683.0 75259.0 78461.0 80501.0 81585.0 81897.0 81597.0 80819.0 79675.0
7 1.0 222.0962388749125 -22.713635172138936 -0.20653341496935784 -0.583348844102021 -0.4136892765267489 0.034309872535576304 0.28288115359561455 -0.03703189091142675 2833.0 7165.0 13256.0 20253.0 27330.0 33899.0 39629.0 44389.0 48172.0 51048.0 53119.0 54499.0 55298.0 55620.0 55554.0 55177.0
8 1.0 339.7493082652647 15.76793433535002 -0.20653341496935784 -0.583348844102021 -0.4136892765267489 0.034309872535576304 0.28288115359561455 -0.03703189091142675 17527.0 43204.0 77106.0 113331.0 147179.0 175998.0 198817.0 215721.0 227333.0 234475.0 237989.0 238641.0 237090.0 233881.0 229452.0 224154.0
9 1.0 245.45530767725404 -40.892057563595934 -0.20653341496935784 -0.583348844102021 -0.4136892765267489 0.034309872535576304 0.28288115359561455 -0.03703189091142675 4199.0 9154.0 15141.0 21202.0 26685.0 31266.000000000004 34855.0 37502.0 39321.0 40445.0 41007.0 41125.0 40899.0 40412.0 39731.0 38909.0
10 1.0 129.42284420656296 -23.246496140780025 -0.20653341496935784 -0.583348844102021 -0.4136892765267489 0.034309872535576304 0.28288115359561455 -0.03703189091142675 6901.0 19408.0 38046.0 60015.0 82371.0 102983.0 120674.0 135007.0 146020.0 154005.0 159364.0 162524.0 163889.0 163819.0 162621.0 160552.0
11 1.0 157.33150336776293 -54.530229566584865 -0.20653341496935784 -0.583348844102021 -0.4136892765267489 0.034309872535576304 0.28288115359561455 -0.03703189091142675 14660.0 36816.0 66636.0 99041.0 129803.0 156415.0 177855.0 194069.0 205523.0 212898.0 216916.0 218253.0 217497.0 215142.0 211593.0 207173.0
12 1.0 251.14723053381536 -7.225940923918671 -0.20653341496935784 -0.583348844102021 -0.4136892765267489 0.034309872535576304 0.28288115359561455 -0.03703189091142675 468.0 1361.0 2782.0 4588.0 6581.0 8587.0 10481.0 12188.0 13668.0 14913.0 15927.0 16727.0 17334.0 17771.0 18061.0 18225.0
13 1.0 21.68116978653714 -81.96978577425946 -0.20653341496935784 -0.583348844102021 -0.4136892765267489 0.034309872535576304 0.28288115359561455 -0.03703189091142675 18051.0 43115.0 75497.0 109650.0 141310.0 168137.0 189320.0 204988.0 215740.0 222348.0 225592.0 226182.0 224725.0 221724.0 217585.0 212633.0
14 1.0 240.03601756044037 53.96325922271123 -0.20653341496935784 -0.583348844102021 -0.4136892765267489 0.034309872535576304 0.28288115359561455 -0.03703189091142675 9078.0 24924.0 47944.0 74470.0 100900.0 124771.0 144828.0 160702.0 172562.0 180843.0 186081.0 188817.0 189545.0 188695.0 186627.0 183640.0
15 1.0 241.4296330625374 -76.1478395424061 -0.20653341496935784 -0.583348844102021 -0.4136892765267489 0.034309872535576304 0.28288115359561455 -0.03703189091142675 14411.0 32920.0 56278.0 80699.0 103344.0 122655.0 138081.0 149688.0 157860.0 163104.0 165943.0 166855.0 166258.0 164504.0 161878.0 158613.0
16 1.0 75.73772198658273 3.3903267896746883 -0.20653341496935784 -0.583348844102021 -0.4136892765267489 0.034309872535576304 0.28288115359561455 -0.03703189091142675 625.0 1741.0 3469.0 5634.0 8005.0 10375.0 12595.0 14575.0 16270.0 17668.0 18781.0 19630.0 20245.0 20657.0 20895.0 20988.0
17 1.0 46.41346715574719 -34.7741820818647 -0.20653341496935784 -0.583348844102021 -0.4136892765267489 0.034309872535576304 0.28288115359561455 -0.03703189091142675 8863.0 22854.0 42359.0 64303.0 85866.0 105195.0 121379.0 134176.0 143748.0 150452.0 154718.0 156975.0 157614.0 156978.0 155354.0 152979.0
18 1.0 113.55420633270619 13.957730789647584 -0.20653341496935784 -0.583348844102021 -0.4136892765267489 0.034309872535576304 0.28288115359561455 -0.03703189091142675 1823.0 5345.0 10911.0 17870.0 25377.0 32717.000000000004 39410.0 45197.0 49983.0 53780.0 56661.0 58731.0 60100.0 60880.0 61171.0 61063.0
19 1.0 130.93587753934415 82.69800135001651 -0.20653341496935784 -0.583348844102021 -0.4136892765267489 0.034309872535576304 0.28288115359561455 -0.03703189091142675 13425.0 32661.999999999996 58132.0 85633.0 111723.0 134363.0 152716.0 166725.0 176756.0 183359.0 187120.0 188592.0 188264.0 186546.0 183777.0 180233.0
20 1.0 205.27083735043666 26.20264400208069 -0.20653341496935784 -0.583348844102021 -0.4136892765267489 0.034309872535576304 0.28288115359561455 -0.03703189091142675 6649.0 18668.0 36562.0 57643.0 79085.0 98848.0 115802.0 129534.00000000001 140082.0 147727.0 152859.0 155888.0 157200.0 157141.0 156005.0 154038.0
21 1.0 157.89654484643532 -83.63476156401164 -0.20653341496935784 -0.583348844102021 -0.4136892765267489 0.034309872535576304 0.28288115359561455 -0.03703189091142675 17242.0 40910.0 71432.0 103647.0 133580.0 159031.0 179220.0 194244.0 204644.0 211131.0 214427.0 215194.0 214001.0 211323.0 207542.0 202968.0
22 1.0 355.8145817013214 -12.527560888548976 -0.20653341496935784 -0.583348844102021 -0.4136892765267489 0.034309872535576304 0.28288115359561455 -0.03703189091142675 17471.0 42869.0 76304.0 111976.0 145283.0 173637.0 196095.0 212745.0 224194.0 231252.0 234743.0 235417.0 233922.0 230792.0 226458.0 221265.0
23 1.0 36.736131869290105 1.803033417285036 -0.20653341496935784 -0.583348844102021 -0.4136892765267489 0.034309872535576304 0.28288115359561455 -0.03703189091142675 6229.0 15149.0 27117.0 40297.0 53111.0 64553.0 74140.0 81754.0 87494.0 91563.0 94205.0 95662.0 96158.0 95890.0 95023.0 93697.0
24 1.0 75.19563219414049 6.511949046621353 -0.20653341496935784 -0.583348844102021 -0.4136892765267489 0.034309872535576304 0.28288115359561455 -0.03703189091142675 623.0 1711.0 3359.0 5380.0 7552.0 9694.0 11682.0 13446.0 14954.0 16201.0 17200.0 17970.0 18538.0 18928.0 19167.0 19277.0
25 1.0 58.07142643859865 32.65065190869082 -0.20653341496935784 -0.583348844102021 -0.4136892765267489 0.034309872535576304 0.28288115359561455 -0.03703189091142675 3682.0 8097.999999999999 13473.0 18944.0 23919.0 28101.0 31409.0 33886.0 35631.0 36759.0 37387.0 37615.0 37531.0 37205.0 36697.0 36052.0
26 1.0 235.11899716754343 -40.032702408282105 -0.20653341496935784 -0.583348844102021 -0.4136892765267489 0.034309872535576304 0.28288115359561455 -0.03703189091142675 4488.0 9966.0 16745.0 23777.0 30308.0 35935.0 40512.0 44054.0 46655.0 48440.0 49544.0 50089.0 50186.0 49928.0 49393.0 48648.0
27 1.0 91.18497691432157 -66.80509821606236 -0.20653341496935784 -0.583348844102021 -0.4136892765267489 0.034309872535576304 0.28288115359561455 -0.03703189091142675 15137.0 38562.0 70316.0 104903.0 137713.0 166019.0 188723.0 205785.0 217727.0 225301.0 229297.0 230450.0 229397.0 226668.0 222698.0 217830.0
28 1.0 167.87187822827028 -19.31837822152302 -0.20653341496935784 -0.583348844102021 -0.4136892765267489 0.034309872535576304 0.28288115359561455 -0.03703189091142675 10782.0 28934.0 54717.0 83875.0 112448.0 137857.0 158875.0 175228.0 187192.0 195305.0 200187.0 202442.0 202614.0 201169.0 198491.0 194897.0
29 1.0 87.99321312057698 82.1530301032708 -0.20653341496935784 -0.583348844102021 -0.4136892765267489 0.034309872535576304 0.28288115359561455 -0.03703189091142675 13323.0 31860.0 56128.0 82158.0 106754.0 128043.99999999999 145273.0 158405.0 167796.0 173964.0 177464.0 178817.0 178479.0 176837.0 174211.0 170856.0
0 1.0 57.2290501123871 -56.31643948484795 -0.20653341496935784 -0.583348844102021 -0.4136892765267489 0.034309872535576304 0.28288115359561455 -0.03703189091142675 13249.0 34005.0 62474.0 93862.0 124013.0 150368.0 171817.0 188218.0 199965.0 207687.0 212073.0 213776.0 213372.0 211348.0 208105.0 203966.0
1 1.0 39.73505081914985 72.71711188708267 -0.20653341496935784 -0.583348844102021 -0.4136892765267489 0.034309872535576304 0.28288115359561455 -0.03703189091142675 13395.0 30920.0 53274.0 76851.0 98881.0 117804.0 133031.0 144584.0 152808.0 158176.0 161185.0 162296.0 161914.0 160378.0 157971.0 154918.0
2 1.0 236.27865220749842 7.885071013918747 -0.20653341496935784 -0.583348844102021 -0.4136892765267489 0.034309872535576304 0.28288115359561455 -0.03703189091142675 1162.0 3566.0 7533.0 12674.0 18394.0 24141.0 29517.0 34280.0 38320.0 41615.0 44200.0 46138.0 47507.0 48388.0 48858.0 48985.0
3 1.0 49.74586248550097 -7.755944103762147 -0.20653341496935784 -0.583348844102021 -0.4136892765267489 0.034309872535576304 0.28288115359561455 -0.03703189091142675 3712.0 9493.0 17640.0 26986.0 36400.0 45086.0 52599.0 58770.0 63603.99999999999 67206.0 69726.0 71326.0 72163.0 72381.0 72101.0 71432.0
4 1.0 70.76965020481926 68.76745384138013 -0.20653341496935784 -0.583348844102021 -0.4136892765267489 0.034309872535576304 0.28288115359561455 -0.03703189091142675 10468.0 24047.0 41404.0 59811.0 77138.0 92150.0 104351.0 113721.0 120498.0 125030.0 127691.0 128838.00000000001 128782.00000000001 127789.99999999999 126085.0 123845.0
5 1.0 132.74106143794708 -7.451286881654539 -0.20653341496935784 -0.583348844102021 -0.4136892765267489 0.034309872535576304 0.28288115359561455 -0.03703189091142675 5623.0 15987.999999999998 31635.999999999996 50309.0 69532.0 87454.0 103011.0 115767.0 125705.00000000001 133038.0 138090.0 141213.0 142748.0 143002.0 142241.0 140689.0
6 1.0 295.55756274525663 40.350174590077785 -0.20653341496935784 -0.583348844102021 -0.4136892765267489 0.034309872535576304 0.28288115359561455 -0.03703189091142675 10190.0 26925.0 50564.0 77290.0 103555.0 127021.0 146554.0 161873.0 173199.0 180998.0 185819.0 188204.0 188643.0 187562.0 185313.0 182187.0
7 1.0 34.956459285502056 -18.17544209344163 -0.20653341496935784 -0.583348844102021 -0.4136892765267489 0.034309872535576304 0.28288115359561455 -0.03703189091142675 8520.0 21354.0 38872.0 58305.0 77216.0 94049.0 108067.0 119106.0 127333.0 133075.0 136713.0 138621.0 139139.0 138561.0 137134.0 135062.0
8 1.0 301.6601666995694 72.7279907221724 -0.20653341496935784 -0.583348844102021 -0.4136892765267489 0.034309872535576304 0.28288115359561455 -0.03703189091142675 16029.000000000002 39974.0 71923.0 106361.0 138795.0 166626.0 188850.0 205481.0 217063.0 224352.0 228133.0 229131.0 227973.0 225179.0 221174.0 216296.0
9 1.0 34.59542684182671 34.20450363442093 -0.20653341496935784 -0.583348844102021 -0.4136892765267489 0.034309872535576304 0.28288115359561455 -0.03703189091142675 8349.0 18701.0 31631.0 45128.0 57699.0 68521.0 77286.0 84010.0 88876.0 92138.0 94063.0 94902.0 94876.0 94175.0 92954.0 91342.0
10 1.0 351.5254074048225 35.931969765093015 -0.20653341496935784 -0.583348844102021 -0.4136892765267489 0.034309872535576304 0.28288115359561455 -0.03703189091142675 17995.0 42863.0 74918.0 108670.0 139923.0 166385.0 187269.0 202709.0 213301.0 219809.0 223002.0 223580.0 222140.0 219179.0 215097.0 210212.0
11 1.0 168.71443259317257 -31.010327719718596 -0.20653341496935784 -0.583348844102021 -0.4136892765267489 0.034309872535576304 0.28288115359561455 -0.03703189091142675 11729.0 30660.0 57018.0 86416.0 114932.0 140086.0 160747.0 176710.0 188297.0 196067.0 200651.0 202654.0 202619.0 201004.0 198191.0 194489.0
12 1.0 351.6339917485214 46.22015569264005 -0.20653341496935784 -0.583348844102021 -0.4136892765267489 0.034309872535576304 0.28288115359561455 -0.03703189091142675 17860.0 42243.0 73551.0 106460.0 136918.0 162713.0 183088.0 198172.0 208540.0 214930.0 218089.0 218694.0 217327.0 214471.0 210515.0 205769.0
13 1.0 217.74438710821656 24.490989980485438 -0.20653341496935784 -0.583348844102021 -0.4136892765267489 0.034309872535576304 0.28288115359561455 -0.03703189091142675 4606.0 13213.0 26351.0 42194.0 58675.0 74210.0 87854.0 99194.0 108172.0 114937.0 119739.0 122864.0 124590.0 125175.00000000001 124844.0 123790.0
14 1.0 266.1348885833886 -46.79635079165228 -0.20653341496935784 -0.583348844102021 -0.4136892765267489 0.034309872535576304 0.28288115359561455 -0.03703189091142675 5689.0 12461.0 20737.0 29239.0 37067.0 43749.0 49122.0 53216.0 56155.0 58103.0 59226.0 59681.0 59605.0 59115.0 58307.0 57261.0
15 1.0 14.107605211555443 -61.103011952653844 -0.20653341496935784 -0.583348844102021 -0.4136892765267489 0.034309872535576304 0.28288115359561455 -0.03703189091142675 17859.0 43813.0 77928.0 114253.0 148099.0 176846.0 199555.0 216336.0 227825.0 234854.0 238267.0 238833.0 237209.0 233939.0 229460.0 224122.0
16 1.0 101.81050652750744 53.35046541311971 -0.20653341496935784 -0.583348844102021 -0.4136892765267489 0.034309872535576304 0.28288115359561455 -0.03703189091142675 5607.0 13401.0 23788.0 35217.0 46351.0 56334.0 64749.0 71484.0 76613.0 80301.0 82751.0 84167.0 84737.0 84628.0 83984.0 82925.0
17 1.0 43.270762036740805 82.64998854634004 -0.20653341496935784 -0.583348844102021 -0.4136892765267489 0.034309872535576304 0.28288115359561455 -0.03703189091142675 14320.0 34027.0 59654.0 86981.0 112662.0 134774.0 152569.0 166046.0 175604.0 181805.0 185236.0 186447.0 185918.0 184053.0 181182.0 177573.0
18 1.0 106.61047110797217 -7.535011093192281 -0.20653341496935784 -0.583348844102021 -0.4136892765267489 0.034309872535576304 0.28288115359561455 -0.03703189091142675 1619.0 5028.0 10665.0 17950.0 26013.0 34066.0 41551.0 48141.0 53698.0 58204.0 61716.0 64332.0 66163.0 67325.0 67923.0 68057.0
19 1.0 42.74197882352786 16.377149758263286 -0.20653341496935784 -0.583348844102021 -0.4136892765267489 0.034309872535576304 0.28288115359561455 -0.03703189091142675 4662.0 10946.0 19154.0 28044.0 36599.0 44195.0 50544.0 55586.0 59393.0 62102.0 63872.0 64861.0 65214.99999999999 65059.00000000001 64504.00000000001 63640.0
20 1.0 114.47394458183138 64.39007595483983 -0.20653341496935784 -0.583348844102021 -0.4136892765267489 0.034309872535576304 0.28288115359561455 -0.03703189091142675 8809.0 21331.0 38053.0 56364.0 74039.0 89690.0 102681.0 112887.0 120476.0 125759.00000000001 129089.00000000001 130813.00000000001 131246.0 130659.0 129281.0 127301.0
21 1.0 149.13467802528118 -7.699778396305732 -0.20653341496935784 -0.583348844102021 -0.4136892765267489 0.034309872535576304 0.28288115359561455 -0.03703189091142675 8650.0 23985.0 46440.0 72463.0 98504.0 122107.0 142001.0 157795.0 169635.0 177938.0 183228.0 186036.0 186848.0 186088.0 184116.0 181226.0
22 1.0 23.09309868556237 81.3374058298925 -0.20653341496935784 -0.583348844102021 -0.4136892765267489 0.034309872535576304 0.28288115359561455 -0.03703189091142675 14887.0 35319.0 61825.0 90020.0 116452.0 139154.0 157374.0 171130.0 180845.0 187106.0 190525.0 191670.0 191036.0 189038.0 186017.0 182247.0
23 1.0 249.28996297320714 13.63520916807704 -0.20653341496935784 -0.583348844102021 -0.4136892765267489 0.034309872535576304 0.28288115359561455 -0.03703189091142675 938.0 3015.0 6579.0 11330.0 16729.0 22243.0 27467.0 32148.999999999996 36162.0 39474.0 42108.0 44120.0 45583.0 46571.0 47158.0 47408.0
24 1.0 203.97652351436705 57.738081726236686 -0.20653341496935784 -0.583348844102021 -0.4136892765267489 0.034309872535576304 0.28288115359561455 -0.03703189091142675 11166.0 30116.0 57083.0 87574.0 117409.0 143874.0 165694.0 182596.0 194889.0 203152.0 208045.0 210207.0 210213.0 208549.0 205621.0 201757.0
25 1.0 95.54021673820034 73.5918693142929 -0.20653341496935784 -0.583348844102021 -0.4136892765267489 0.034309872535576304 0.28288115359561455 -0.03703189091142675 11126.0 26313.0 46138.0 67444.0 87677.0 105320.0 119736.0 130864.00000000001 138960.0 144420.0 147678.0 149145.0 149187.0 148118.0 146197.0 143639.0
26 1.0 188.36929924801188 56.7942873783424 -0.20653341496935784 -0.583348844102021 -0.4136892765267489 0.034309872535576304 0.28288115359561455 -0.03703189091142675 11428.0 30554.0 57592.0 88026.0 117711.0 143985.0 165606.0 182327.0 194468.0 202610.0 207410.0 209507.0 209469.0 207779.0 204838.0 200972.0
27 1.0 33.818583873039 -61.30539657918793 -0.20653341496935784 -0.583348844102021 -0.4136892765267489 0.034309872535576304 0.28288115359561455 -0.03703189091142675 16500.0 41237.0 74265.0 109842.0 143295.0 171933.0 194730.0 211718.0 223479.0 230806.0 234522.0 235380.0 234032.0 231017.0 226772.0 221646.0
28 1.0 207.34073840022455 23.201719031106066 -0.20653341496935784 -0.583348844102021 -0.4136892765267489 0.034309872535576304 0.28288115359561455 -0.03703189091142675 6005.0 16927.0 33282.0 52665.0 72502.0 90902.0 106796.0 119765.0 129813.00000000001 137177.0 142199.0 145248.0 146677.0 146803.0 145900.0 144198.0
29 1.0 334.5466311274371 -18.28183344845813 -0.20653341496935784 -0.583348844102021 -0.4136892765267489 0.034309872535576304 0.28288115359561455 -0.03703189091142675 15713.999999999998 38440.0 68394.0 100465.0 130565.99999999999 156361.0 176965.0 192406.0 203193.0 210020.0 213607.0 214619.0 213630.0 211120.0 207478.0 203017.0
0 1.0 114.68482288247652 -78.71166863579778 -0.20653341496935784 -0.583348844102021 -0.4136892765267489 0.034309872535576304 0.28288115359561455 -0.03703189091142675 17362.0 42273.0 74910.0 109646.0 142051.0 169640.0 191513.0 207756.0 218957.0 225895.0 229367.0 230098.0 228713.0 225730.0 221568.0 216561.0
1 1.0 240.2677367869254 -13.674194659828444 -0.20653341496935784 -0.583348844102021 -0.4136892765267489 0.034309872535576304 0.28288115359561455 -0.03703189091142675 833.0 2270.0 4436.0 7065.0 9849.0 12537.0 14967.0 17057.0 18781.0 20148.0 21190.0 21946.0 22455.0 22758.0 22891.0 22884.0
2 1.0 47.447230465581185 -43.436867959906614 -0.20653341496935784 -0.583348844102021 -0.4136892765267489 0.034309872535576304 0.28288115359561455 -0.03703189091142675 10839.0 27886.0 51470.0 77761.0 103338.0 126017.99999999999 144785.0 159426.0 170192.0 177555.0 182054.0 184216.0 184514.0 183356.0 181083.0 177972.0
3 1.0 257.8777934826836 62.82689551713193 -0.20653341496935784 -0.583348844102021 -0.4136892765267489 0.034309872535576304 0.28288115359561455 -0.03703189091142675 11804.0 31425.0 59068.0 90095.0 120283.0 146933.0 168805.0 185666.0 197857.0 205982.0 210718.0 212718.0 212560.0 210739.0 207661.0 203655.0
4 1.0 104.1861934609924 -84.00516722159469 -0.20653341496935784 -0.583348844102021 -0.4136892765267489 0.034309872535576304 0.28288115359561455 -0.03703189091142675 17691.0 42453.0 74579.0 108570.0 140163.0 166995.0 188233.0 203982.0 214826.0 221530.0 224866.0 225541.0 224161.0 221229.0 217152.0 212253.0
5 1.0 65.94889032256206 82.61688993542523 -0.20653341496935784 -0.583348844102021 -0.4136892765267489 0.034309872535576304 0.28288115359561455 -0.03703189091142675 13750.0 32738.000000000004 57497.0 83969.0 108912.0 130446.0 147826.0 161033.0 170441.0 176585.0 180031.0 181309.0 180884.0 179149.0 176425.0 172973.0
6 1.0 211.14465653162995 -26.033607275052667 -0.20653341496935784 -0.583348844102021 -0.4136892765267489 0.034309872535576304 0.28288115359561455 -0.03703189091142675 4698.0 11865.0 21859.0 33218.0 44555.0 54914.0 63783.99999999999 70987.0 76556.0 80637.0 83426.0 85125.0 85931.0 86015.0 85527.0 84593.0
7 1.0 7.238716627497679 -25.792759727542276 -0.20653341496935784 -0.583348844102021 -0.4136892765267489 0.034309872535576304 0.28288115359561455 -0.03703189091142675 16374.0 40395.0 72207.0 106331.0 138361.0 165776.0 187619.0 203928.0 215255.0 222352.0 225998.0 226907.0 225699.0 222886.0 218886.0 214031.0
8 1.0 298.4184105182507 -87.06086951693258 -0.20653341496935784 -0.583348844102021 -0.4136892765267489 0.034309872535576304 0.28288115359561455 -0.03703189091142675 17223.0 40371.0 69970.0 101047.0 129827.0 154248.0 173595.0 187981.0 197935.0 204141.0 207293.0 208023.0 206876.0 204305.0 200677.0 196285.0
9 1.0 1.6903714293169436 -56.65818145748689 -0.20653341496935784 -0.583348844102021 -0.4136892765267489 0.034309872535576304 0.28288115359561455 -0.03703189091142675 18138.0 44119.0 78059.0 114059.0 147516.0 175883.0 198264.0 214785.0 226082.0 232981.0 236317.0 236846.0 235217.0 231966.0 227524.0 222234.0
10 1.0 244.01395324664284 -17.773289855350427 -0.20653341496935784 -0.583348844102021 -0.4136892765267489 0.034309872535576304 0.28288115359561455 -0.03703189091142675 881.0 2276.0 4280.0 6634.0 9074.0 11395.0 13474.0 15247.0 16699.0 17839.0 18695.0 19301.0 19691.0 19900.0 19959.0 19897.0
11 1.0 97.20287034917935 77.27245511448851 -0.20653341496935784 -0.583348844102021 -0.4136892765267489 0.034309872535576304 0.28288115359561455 -0.03703189091142675 12070.0 28746.0 50583.0 74062.0 96333.0 115707.0 131479.0 143592.0 152340.0 158173.0 161577.0 163015.0 162896.0 161568.0 159320.0 156387.0
12 1.0 264.66984796413414 -72.06931256017117 -0.20653341496935784 -0.583348844102021 -0.4136892765267489 0.034309872535576304 0.28288115359561455 -0.03703189091142675 13398.0 30241.0 51327.0 73272.0 93569.0 110859.0 124669.0 135070.0 142409.0 147140.0 149727.0 150596.0 150119.0 148605.0 146310.0 143439.0
13 1.0 346.38787624227774 80.15427602623433 -0.20653341496935784 -0.583348844102021 -0.4136892765267489 0.034309872535576304 0.28288115359561455 -0.03703189091142675 15897.999999999998 38145.0 67151.0 98041.0 126969.0 151750.0 171562.0 186440.0 196864.0 203495.0 207017.0 208059.0 207171.0 204810.0 201349.0 197090.0
14 1.0 89.55113166718489 66.5079354983938 -0.20653341496935784 -0.583348844102021 -0.4136892765267489 0.034309872535576304 0.28288115359561455 -0.03703189091142675 9141.0 21319.0 37116.0 54072.0 70200.0 84312.0 95895.0 104888.0 111482.0 115979.0 118716.0 120017.0 120171.0 119426.0 117990.0 116032.0
15 1.0 207.4166403904213 -8.25076855664068 -0.20653341496935784 -0.583348844102021 -0.4136892765267489 0.034309872535576304 0.28288115359561455 -0.03703189091142675 4350.0 11863.0 22935.0 35988.0 49362.0 61829.0 72681.0 81629.0 88655.0 93901.0 97577.0 99919.0 101154.0 101492.0 101111.0 100166.0
16 1.0 213.13509525786205 -31.19384128171319 -0.20653341496935784 -0.583348844102021 -0.4136892765267489 0.034309872535576304 0.28288115359561455 -0.03703189091142675 5062.0 12396.0 22380.0 33538.0 44544.0 54512.0 62987.0 69827.0 75079.0 78896.0 81468.0 82995.0 83665.0 83644.0 83077.0 82085.0
17 1.0 206.01068608471442 -48.10605672976977 -0.20653341496935784 -0.583348844102021 -0.4136892765267489 0.034309872535576304 0.28288115359561455 -0.03703189091142675 9136.0 21468.0 37557.0 54892.0 71425.0 85919.0 97836.0 107106.0 113917.0 118580.0 121439.0 122823.0 123029.0 122311.0 120882.0 118916.0
18 1.0 80.30938775062259 20.603647165837387 -0.20653341496935784 -0.583348844102021 -0.4136892765267489 0.034309872535576304 0.28288115359561455 -0.03703189091142675 804.0 2033.9999999999998 3769.0 5779.0 7840.0 9788.0 11525.0 13003.0 14212.0 15162.0 15876.000000000002 16383.000000000002 16711.0 16889.0 16942.0 16893.0
19 1.0 342.9896441461146 -84.04657353440899 -0.20653341496935784 -0.583348844102021 -0.4136892765267489 0.034309872535576304 0.28288115359561455 -0.03703189091142675 17599.0 41449.0 72012.0 104120.0 133846.0 159044.0 178976.0 193762.0 203956.0 210273.0 213435.0 214099.0 212831.0 210100.0 206287.0 201694.0
20 1.0 160.96513630234585 -87.19090839957092 -0.20653341496935784 -0.583348844102021 -0.4136892765267489 0.034309872535576304 0.28288115359561455 -0.03703189091142675 17350.0 41000.0 71406.0 103431.0 133143.0 158376.0 178373.0 193240.0 203519.0 209917.0 213155.0 213888.0 212680.0 210002.0 206234.0 201680.0
21 1.0 304.707122089606 -12.816769950317195 -0.20653341496935784 -0.583348844102021 -0.4136892765267489 0.034309872535576304 0.28288115359561455 -0.03703189091142675 6979.0 17321.0 31388.0 47003.0 62250.0 75900.0 87358.0 96474.0 103362.0 108265.0 111472.0 113271.0 113927.0 113673.0 112706.0 111190.0
22 1.0 251.81253911430156 -77.74666668455036 -0.20653341496935784 -0.583348844102021 -0.4136892765267489 0.034309872535576304 0.28288115359561455 -0.03703189091142675 14887.0 34039.0 58210.0 83468.0 106867.0 126794.99999999999 142686.0 154614.0 162983.0 168322.0 171174.0 172039.0 171351.0 169472.0 166700.0 163274.0
23 1.0 107.07730230784811 -44.65062211570328 -0.20653341496935784 -0.583348844102021 -0.4136892765267489 0.034309872535576304 0.28288115359561455 -0.03703189091142675 8766.0 23886.0 45787.0 71018.0 96188.0 118971.0 138167.0 153415.0 164858.0 172900.0 178041.0 180791.0 181614.0 180920.0 179052.0 176293.0
24 1.0 292.9672150928918 -50.19103523770491 -0.20653341496935784 -0.583348844102021 -0.4136892765267489 0.034309872535576304 0.28288115359561455 -0.03703189091142675 9149.0 20784.0 35487.0 50945.0 65402.0 77865.0 87954.0 95674.0 101236.0 104938.0 107094.0 108000.0 107916.0 107062.0 105621.0 103741.0
25 1.0 142.74206670491446 -44.425585129886656 -0.20653341496935784 -0.583348844102021 -0.4136892765267489 0.034309872535576304 0.28288115359561455 -0.03703189091142675 12502.0 33060.0 61808.0 93869.0 124878.0 152100.0 174313.0 191328.0 203531.0 211567.0 216147.0 217947.0 217565.0 215508.0 212191.0 207950.0
26 1.0 317.1971509600182 -66.4100583812536 -0.20653341496935784 -0.583348844102021 -0.4136892765267489 0.034309872535576304 0.28288115359561455 -0.03703189091142675 15521.0 35901.0 61770.0 88853.0 113932.0 135253.0 152202.0 164871.0 173708.0 179295.0 182225.0 183039.0 182207.0 180119.0 177094.0 173385.0
27 1.0 209.25823414890914 -87.83347987842222 -0.20653341496935784 -0.583348844102021 -0.4136892765267489 0.034309872535576304 0.28288115359561455 -0.03703189091142675 17181.0 40390.0 70133.0 101408.0 130402.99999999999 155026.0 174546.0 189070.0 199128.0 205405.0 208601.0 209354.0 208212.0 205632.0 201985.0 197567.0
28 1.0 317.424730267747 -69.21282651502534 -0.20653341496935784 -0.583348844102021 -0.4136892765267489 0.034309872535576304 0.28288115359561455 -0.03703189091142675 15862.000000000002 36705.0 63155.0 90834.0 116449.0 138205.0 155482.0 168379.0 177357.0 183016.0 185962.0 186751.0 185863.0 183697.0 180577.0 176764.0
29 1.0 249.3113724279957 21.32644671229461 -0.20653341496935784 -0.583348844102021 -0.4136892765267489 0.034309872535576304 0.28288115359561455 -0.03703189091142675 1609.0 5026.0 10710.0 18086.0 26280.0 34486.0 42129.0 48870.0 54559.0 59174.0 62770.00000000001 65447.00000000001 67317.0 68499.0 69103.0 69229.0
0 1.0 261.09154073507057 85.36611830724905 -0.20653341496935784 -0.583348844102021 -0.4136892765267489 0.034309872535576304 0.28288115359561455 -0.03703189091142675 15074.0 37190.0 66602.0 98330.0 128307.0 154155.0 174928.0 190604.0 201652.0 208741.0 212574.0 213810.0 213018.0 210678.0 207182.0 202845.0
1 1.0 180.47677749361281 88.26210028096091 -0.20653341496935784 -0.583348844102021 -0.4136892765267489 0.034309872535576304 0.28288115359561455 -0.03703189091142675 14546.0 35556.0 63378.00000000001 93354.0 121693.0 146175.0 165908.0 180862.0 191462.0 198328.0 202115.0 203435.0 202823.0 200730.0 197525.0 193507.0
2 1.0 344.1901085003606 -16.37026283284891 -0.20653341496935784 -0.583348844102021 -0.4136892765267489 0.034309872535576304 0.28288115359561455 -0.03703189091142675 17290.0 42439.0 75564.0 110924.0 143963.0 172111.0 194427.0 210989.0 222397.0 229448.0 232958.0 233670.0 232225.0 229152.0 224881.0 219752.0
3 1.0 231.83647172266947 -60.66820331161104 -0.20653341496935784 -0.583348844102021 -0.4136892765267489 0.034309872535576304 0.28288115359561455 -0.03703189091142675 10018.0 22406.0 37876.0 54015.0 69028.0 81928.0 92348.0 100310.0 106041.0 109849.0 112060.0 112976.0 112866.0 111955.0 110432.0 108451.0
4 1.0 152.5878174809447 24.977116325975274 -0.20653341496935784 -0.583348844102021 -0.4136892765267489 0.034309872535576304 0.28288115359561455 -0.03703189091142675 8123.999999999999 22284.0 42897.0 66737.0 90598.0 112268.0 130591.00000000001 145202.0 156221.0 164017.0 169055.0 171810.0 172723.0 172178.0 170502.0 167964.0
5 1.0 218.30155708605275 -1.7450376212273113 -0.20653341496935784 -0.583348844102021 -0.4136892765267489 0.034309872535576304 0.28288115359561455 -0.03703189091142675 2615.0 7412.0 14756.0 23699.0 33133.0 42171.0 50255.0 57110.0 62665.0 66969.0 70141.0 72326.0 73673.0 74324.0 74407.0 74033.0
6 1.0 6.909551391360069 88.09375991119765 -0.20653341496935784 -0.583348844102021 -0.4136892765267489 0.034309872535576304 0.28288115359561455 -0.03703189091142675 14911.0 36098.0 63955.0 93825.0 121965.0 146209.0 165704.0 180443.0 190862.0 197583.0 201260.0 202500.0 201833.0 199707.0 196486.0 192463.0
7 1.0 108.56693400283775 -78.24524271267956 -0.20653341496935784 -0.583348844102021 -0.4136892765267489 0.034309872535576304 0.28288115359561455 -0.03703189091142675 17375.0 42426.0 75303.0 110327.0 143014.0 170847.0 192911.0 209291.0 220581.0 227569.0 231058.0 231782.0 230373.0 227353.0 223145.0 218086.0
8 1.0 237.66247349736662 50.98219889648635 -0.20653341496935784 -0.583348844102021 -0.4136892765267489 0.034309872535576304 0.28288115359561455 -0.03703189091142675 8281.0 22932.0 44411.0 69358.0 94396.0 117166.0 136431.0 151795.0 163377.0 171564.0 176848.0 179731.0 180677.0 180092.0 178322.0 175649.0
9 1.0 104.42793859575987 -38.0882704803311 -0.20653341496935784 -0.583348844102021 -0.4136892765267489 0.034309872535576304 0.28288115359561455 -0.03703189091142675 6623.0 18469.0 36058.0 56775.0 77875.0 97369.0 114150.0 127800.0 138343.0 146042.0 151268.0 154415.0 155858.0 155932.0 154927.0 153085.0
10 1.0 222.48555443958296 -46.54464838621668 -0.20653341496935784 -0.583348844102021 -0.4136892765267489 0.034309872535576304 0.28288115359561455 -0.03703189091142675 6917.0 15689.000000000002 26828.0 38627.0 49763.0 59468.0 67430.0 73625.0 78193.0 81342.0 83300.0 84283.0 84484.0 84068.0 83174.0 81915.0
11 1.0 154.35673234047582 29.250822875881667 -0.20653341496935784 -0.583348844102021 -0.4136892765267489 0.034309872535576304 0.28288115359561455 -0.03703189091142675 8428.0 23009.0 44143.0 68496.0 92798.0 114805.0 133363.0 148120.0 159211.0 167023.0 172037.0 174738.0 175577.0 174944.0 173173.0 170536.0
12 1.0 48.770663120082084 -45.70862670162639 -0.20653341496935784 -0.583348844102021 -0.4136892765267489 0.034309872535576304 0.28288115359561455 -0.03703189091142675 11256.0 28958.0 53424.0 80656.0 107099.0 130496.0 149802.0 164812.0 175799.0 183260.0 187762.0 189855.0 190034.0 188721.0 186269.0 182965.0
13 1.0 107.38163734417108 29.854641160653784 -0.20653341496935784 -0.583348844102021 -0.4136892765267489 0.034309872535576304 0.28288115359561455 -0.03703189091142675 2004.0000000000002 5429.0 10528.0 16646.0 23047.0 29159.0 34621.0 39256.0 43020.0 45945.0 48109.0 49608.0 50542.0 51003.0 51079.0 50843.0
14 1.0 205.18736785245537 3.11553309641198 -0.20653341496935784 -0.583348844102021 -0.4136892765267489 0.034309872535576304 0.28288115359561455 -0.03703189091142675 4923.0 13703.0 26794.0 42317.0 58261.0 73133.0 86074.0 96730.0 105082.0 111297.0 115632.0 118370.0 119785.0 120128.0 119615.0 118430.0
15 1.0 212.71419404934235 -13.663982081547132 -0.20653341496935784 -0.583348844102021 -0.4136892765267489 0.034309872535576304 0.28288115359561455 -0.03703189091142675 3584.0 9604.0 18405.0 28756.0 39370.0 49299.0 57993.0 65219.0 70956.0 75303.0 78418.0 80476.0 81650.0 82100.0 81964.0 81362.0
16 1.0 206.75708958584838 9.843805559055411 -0.20653341496935784 -0.583348844102021 -0.4136892765267489 0.034309872535576304 0.28288115359561455 -0.03703189091142675 4975.0 13984.0 27506.0 43605.0 60176.0 75648.0 89111.0 100191.0 108864.0 115308.0 119792.0 122615.0 124065.0 124403.0 123856.0 122616.0
17 1.0 235.1522951485681 -38.330726414466646 -0.20653341496935784 -0.583348844102021 -0.4136892765267489 0.034309872535576304 0.28288115359561455 -0.03703189091142675 4138.0 9219.0 15522.0 22073.0 28167.0 33424.0 37707.0 41028.0 43474.0 45161.0 46213.0 46745.0 46858.0 46640.0 46164.0 45489.0
18 1.0 234.757177200608 37.1834471291362 -0.20653341496935784 -0.583348844102021 -0.4136892765267489 0.034309872535576304 0.28288115359561455 -0.03703189091142675 5031.0 14467.0 28881.0 46254.0 64297.99999999999 81262.0 96105.0 108380.0 118034.0 125245.0 130298.0 133516.0 135213.0 135675.0 135153.0 133860.0
19 1.0 155.31063675623062 -15.325763519958471 -0.20653341496935784 -0.583348844102021 -0.4136892765267489 0.034309872535576304 0.28288115359561455 -0.03703189091142675 10007.0 27426.0 52598.0 81416.0 109923.0 135467.0 156738.0 173398.0 185679.0 194093.0 199247.0 201740.0 202115.0 200839.0 198304.0 194825.0
20 1.0 322.75677450638267 -25.101799112539396 -0.20653341496935784 -0.583348844102021 -0.4136892765267489 0.034309872535576304 0.28288115359561455 -0.03703189091142675 12801.0 30972.0 54882.0 80578.0 104868.0 125888.0 142888.0 155837.0 165090.0 171164.0 174608.0 175936.0 175602.0 173986.0 171402.0 168103.0
21 1.0 132.32227321724275 59.158244620032804 -0.20653341496935784 -0.583348844102021 -0.4136892765267489 0.034309872535576304 0.28288115359561455 -0.03703189091142675 8622.0 21707.0 39674.0 59701.0 79268.0 96741.0 111331.0 122845.0 131442.0 137451.0 141262.0 143264.0 143810.0 143207.0 141714.0 139544.0
22 1.0 156.91137309562566 76.4940441515746 -0.20653341496935784 -0.583348844102021 -0.4136892765267489 0.034309872535576304 0.28288115359561455 -0.03703189091142675 12800.0 31839.0 57456.0 85413.0 112141.0 135474.0 154484.0 169067.0 179568.0 186535.0 190562.0 192218.0 192001.0 190337.0 187578.0 184007.0
23 1.0 321.092407805642 -81.71868404028655 -0.20653341496935784 -0.583348844102021 -0.4136892765267489 0.034309872535576304 0.28288115359561455 -0.03703189091142675 17146.0 40067.0 69306.0 99960.0 128320.99999999999 152373.0 171421.0 185582.0 195380.0 201489.0 204591.0 205311.0 204182.0 201651.0 198079.0 193755.0
24 1.0 290.22983605659084 -48.12714129064221 -0.20653341496935784 -0.583348844102021 -0.4136892765267489 0.034309872535576304 0.28288115359561455 -0.03703189091142675 8208.0 18650.0 31857.000000000004 45770.0 58818.0 70106.0 79282.0 86340.0 91458.0 94896.0 96931.0 97825.0 97812.0 97092.0 95828.0 94158.0
25 1.0 253.39989007453187 -27.266513491338614 -0.20653341496935784 -0.583348844102021 -0.4136892765267489 0.034309872535576304 0.28288115359561455 -0.03703189091142675 1590.0 3673.0 6339.0 9165.0 11819.0 14106.0 15952.0 17355.0 18356.0 19011.0 19380.0 19520.0 19480.0 19302.0 19019.0 18661.0
26 1.0 36.0816794324284 56.693966286644525 -0.20653341496935784 -0.583348844102021 -0.4136892765267489 0.034309872535576304 0.28288115359561455 -0.03703189091142675 11340.0 25365.0 42851.0 61046.0 77911.0 92334.0 103911.0 112683.0 118921.0 122988.0 125260.00000000001 126087.0 125776.0 124584.0 122726.0 120374.0
27 1.0 331.0137409480825 87.38845697579356 -0.20653341496935784 -0.583348844102021 -0.4136892765267489 0.034309872535576304 0.28288115359561455 -0.03703189091142675 15099.0 36674.0 65084.0 95563.0 124274.0 148994.0 168854.0 183848.0 194426.0 201227.0 204921.0 206130.0 205400.0 203185.0 199858.0 195720.0
28 1.0 257.1268678376801 84.41490684066332 -0.20653341496935784 -0.583348844102021 -0.4136892765267489 0.034309872535576304 0.28288115359561455 -0.03703189091142675 15059.0 37288.0 66918.0 98921.0 129177.99999999999 155275.0 176250.0 192078.0 203230.0 210383.0 214249.0 215492.0 214688.0 212323.0 208791.0 204410.0
29 1.0 359.5849223644319 72.89070219898684 -0.20653341496935784 -0.583348844102021 -0.4136892765267489 0.034309872535576304 0.28288115359561455 -0.03703189091142675 16126.000000000002 38019.0 66209.0 95993.0 123738.0 147417.0 166293.0 180431.0 190311.0 196571.0 199868.0 200807.0 199908.0 197609.0 194265.0 190161.0
0 1.0 53.80138967687775 -36.619872288474625 -0.20653341496935784 -0.583348844102021 -0.4136892765267489 0.034309872535576304 0.28288115359561455 -0.03703189091142675 7991.0 20892.0 39118.0 59847.0 80408.0 99000.0 114698.0 127226.0 136697.0 143428.0 147811.0 150247.0 151107.0 150716.0 149349.0 147236.0
1 1.0 312.52538065255715 88.56202381460534 -0.20653341496935784 -0.583348844102021 -0.4136892765267489 0.034309872535576304 0.28288115359561455 -0.03703189091142675 14930.0 36357.0 64632.99999999999 95014.0 123667.0 148364.0 168224.0 183234.0 193838.0 200670.0 204396.0 205638.0 204939.0 202754.0 199455.0 195343.0
2 1.0 58.497456483494936 -45.10439260983878 -0.20653341496935784 -0.583348844102021 -0.4136892765267489 0.034309872535576304 0.28288115359561455 -0.03703189091142675 9760.0 25477.0 47522.0 72375.0 96792.0 118643.0 136891.0 151270.0 161975.0 169422.0 174108.0 176525.0 177120.0 176282.0 174338.0 171557.0
3 1.0 221.6014431421839 -70.9368921211982 -0.20653341496935784 -0.583348844102021 -0.4136892765267489 0.034309872535576304 0.28288115359561455 -0.03703189091142675 13525.0 30862.0 52771.0 75729.0 97074.0 115336.0 129979.00000000001 141051.0 148901.0 153996.0 156820.0 157821.0 157390.0 155855.0 153485.0 150500.0
4 1.0 44.57519382579895 81.17146998997094 -0.20653341496935784 -0.583348844102021 -0.4136892765267489 0.034309872535576304 0.28288115359561455 -0.03703189091142675 14121.0 33413.0 58437.0 85089.0 110125.0 131683.0 149036.0 162187.0 171520.0 177581.0 180941.0 182136.0 181632.0 179823.0 177031.0 173516.0
5 1.0 305.2829625560044 -47.98435401574267 -0.20653341496935784 -0.583348844102021 -0.4136892765267489 0.034309872535576304 0.28288115359561455 -0.03703189091142675 10825.0 25007.0 43114.0 62255.0 80200.0 95687.0 108227.0 117819.0 124724.0 129314.00000000001 131978.0 133083.0 132955.0 131867.0 130048.0 127681.99999999999
6 1.0 290.63482514100383 34.15828771399508 -0.20653341496935784 -0.583348844102021 -0.4136892765267489 0.034309872535576304 0.28288115359561455 -0.03703189091142675 7773.0 20899.0 39825.0 61643.0 83494.0 103398.0 120313.0 133898.0 144243.0 151665.0 156572.0 159384.0 160493.0 160244.0 158933.0 156805.0
7 1.0 204.8762659012536 -79.49585538349405 -0.20653341496935784 -0.583348844102021 -0.4136892765267489 0.034309872535576304 0.28288115359561455 -0.03703189091142675 15927.0 37075.0 64075.99999999999 92463.0 118830.0 141294.0 159182.0 172570.0 181920.0 187839.0 190950.0 191826.0 190962.0 188770.0 185587.0 181684.0
8 1.0 146.58598700135988 41.52763784294572 -0.20653341496935784 -0.583348844102021 -0.4136892765267489 0.034309872535576304 0.28288115359561455 -0.03703189091142675 7915.999999999999 21132.0 40039.0 61686.0 83230.0 102737.0 119211.0 132347.0 142264.0 149293.0 153852.0 156363.0 157220.0 156766.0 155291.0 153038.0
9 1.0 24.900118363849696 68.70963822009114 -0.20653341496935784 -0.583348844102021 -0.4136892765267489 0.034309872535576304 0.28288115359561455 -0.03703189091142675 14266.0 32800.0 56329.0 81039.0 104032.0 123699.0 139452.0 151339.0 159736.0 165153.0 168116.0 169111.0 168564.0 166830.0 164203.0 160918.0
10 1.0 251.07435833204292 -40.96135881612675 -0.20653341496935784 -0.583348844102021 -0.4136892765267489 0.034309872535576304 0.28288115359561455 -0.03703189091142675 4098.0 8917.0 14721.0 20581.0 25863.0 30256.0 33679.0 36181.0 37877.0 38898.0 39375.0 39424.0 39144.0 38616.0 37905.0 37064.0
11 1.0 163.27536576410478 -21.76975870606286 -0.20653341496935784 -0.583348844102021 -0.4136892765267489 0.034309872535576304 0.28288115359561455 -0.03703189091142675 11005.0 29593.0 56007.0 85865.0 115094.0 141050.0 162481.0 179116.0 191249.0 199439.0 204327.0 206535.0 206622.0 205064.0 202258.0 198524.0
12 1.0 259.94001580932525 -22.6266870022351 -0.20653341496935784 -0.583348844102021 -0.4136892765267489 0.034309872535576304 0.28288115359561455 -0.03703189091142675 1145.0 2767.0 4936.0 7334.0 9692.0 11838.0 13688.0 15212.0 16420.0 17337.0 17999.0 18440.0 18697.0 18801.0 18780.0 18659.0
13 1.0 311.8976373343065 44.781886357223954 -0.20653341496935784 -0.583348844102021 -0.4136892765267489 0.034309872535576304 0.28288115359561455 -0.03703189091142675 14365.0 36733.0 67225.0 100618.0 132469.0 160100.0 182394.0 199266.0 211184.0 218854.0 223027.0 224408.0 223612.0 221157.0 217463.0 212868.0
14 1.0 351.1877418010389 -47.19469634297301 -0.20653341496935784 -0.583348844102021 -0.4136892765267489 0.034309872535576304 0.28288115359561455 -0.03703189091142675 17891.0 43369.0 76592.0 111811.0 144549.0 172326.0 194267.0 210490.0 221612.0 228435.0 231769.0 232354.0 230820.0 227692.0 223390.0 218251.0
15 1.0 308.08920326133995 -59.06644217142426 -0.20653341496935784 -0.583348844102021 -0.4136892765267489 0.034309872535576304 0.28288115359561455 -0.03703189091142675 13289.0 30527.0 52371.0 75279.0 96578.0 114788.0 129371.99999999999 140379.0 148157.0 153177.0 155925.0 156852.0 156351.0 154751.0 152323.0 149286.0
16 1.0 4.21707030660071 -9.127503236207147 -0.20653341496935784 -0.583348844102021 -0.4136892765267489 0.034309872535576304 0.28288115359561455 -0.03703189091142675 16292.999999999998 39789.0 70689.0 103698.0 134609.0 161034.0 182083.0 197806.0 208739.0 215607.0 219156.0 220073.0 218948.0 216275.0 212453.0 207803.0
17 1.0 129.592103212211 -35.19568667208249 -0.20653341496935784 -0.583348844102021 -0.4136892765267489 0.034309872535576304 0.28288115359561455 -0.03703189091142675 9091.0 24970.0 48043.0 74632.0 101123.0 125047.99999999999 145147.0 161053.0 172932.0 181223.0 186466.0 189200.0 189921.0 189061.0 186983.0 183983.0
18 1.0 262.7966024726609 61.05404200655744 -0.20653341496935784 -0.583348844102021 -0.4136892765267489 0.034309872535576304 0.28288115359561455 -0.03703189091142675 11595.0 30899.0 58142.0 88778.0 118642.0 145060.0 166788.0 183581.0 195762.0 203919.0 208716.0 210794.0 210726.0 208999.0 206016.0 202105.0
19 1.0 61.78668381411859 -47.20647131718502 -0.20653341496935784 -0.583348844102021 -0.4136892765267489 0.034309872535576304 0.28288115359561455 -0.03703189091142675 10007.0 26172.0 48863.0 74438.0 99545.0 121987.0 140694.0 155403.0 166317.0 173874.0 178590.0 180974.0 181492.0 180544.0 178468.0 175541.0
20 1.0 187.57317823348654 0.4301023480670665 -0.20653341496935784 -0.583348844102021 -0.4136892765267489 0.034309872535576304 0.28288115359561455 -0.03703189091142675 8109.999999999999 22151.0 42531.0 66059.0 89584.0 110936.0 128986.99999999999 143385.0 154248.0 161941.0 166922.0 169656.0 170577.0 170062.0 168431.0 165950.0
21 1.0 19.561675802131305 79.66504794562746 -0.20653341496935784 -0.583348844102021 -0.4136892765267489 0.034309872535576304 0.28288115359561455 -0.03703189091142675 15031.0 35519.0 62017.0 90145.0 116474.0 139060.0 157165.0 170818.0 180445.0 186634.0 189996.0 191098.0 190434.0 188416.0 185382.0 181606.0
22 1.0 71.99874896270403 24.119585594038938 -0.20653341496935784 -0.583348844102021 -0.4136892765267489 0.034309872535576304 0.28288115359561455 -0.03703189091142675 1306.0 3085.0 5405.0 7899.0 10272.0 12352.0 14066.0 15410.0 16414.0 17124.0 17586.0 17847.0 17947.0 17918.0 17789.0 17584.0
23 1.0 6.66784600582103 66.11209298324366 -0.20653341496935784 -0.583348844102021 -0.4136892765267489 0.034309872535576304 0.28288115359561455 -0.03703189091142675 15872.0 36920.0 63779.0 92010.0 118227.0 140563.0 158349.0 171663.0 180962.0 186850.0 189947.0 190821.0 189964.0 187787.0 184624.0 180743.0
24 1.0 285.7311732086714 79.23774408385813 -0.20653341496935784 -0.583348844102021 -0.4136892765267489 0.034309872535576304 0.28288115359561455 -0.03703189091142675 15586.0 38796.0 69776.0 103219.0 134781.0 161934.0 183684.0 200026.0 211471.0 218739.0 222586.0 223711.0 222719.0 220119.0 216321.0 211657.0
25 1.0 80.61288770173685 45.13767513954335 -0.20653341496935784 -0.583348844102021 -0.4136892765267489 0.034309872535576304 0.28288115359561455 -0.03703189091142675 4061.0000000000005 9090.0 15364.0 21917.0 28041.0 33349.0 37695.0 41081.0 43589.0 45333.0 46434.0 47006.0 47151.0 46958.0 46499.0 45836.0
26 1.0 124.32660505088496 35.92351084045525 -0.20653341496935784 -0.583348844102021 -0.4136892765267489 0.034309872535576304 0.28288115359561455 -0.03703189091142675 4289.0 11525.0 22082.0 34455.0 47089.0 58846.0 69078.0 77518.0 84154.0 89117.0 92604.0 94833.0 96017.0 96350.0 96001.0 95114.0
27 1.0 334.1092656476127 84.23380198876086 -0.20653341496935784 -0.583348844102021 -0.4136892765267489 0.034309872535576304 0.28288115359561455 -0.03703189091142675 15511.0 37564.0 66518.0 97500.0 126617.00000000001 151631.0 171679.0 186772.0 197380.0 204160.0 207797.0 208925.0 208097.0 205775.0 202338.0 198088.0
28 1.0 253.5891846924718 88.99214213658229 -0.20653341496935784 -0.583348844102021 -0.4136892765267489 0.034309872535576304 0.28288115359561455 -0.03703189091142675 14817.0 36173.0 64408.99999999999 94788.0 123469.0 148211.0 168123.0 183184.0 193835.0 200708.0 204469.0 205739.0 205062.0 202894.0 199609.0 195506.0
29 1.0 11.462014631270826 -8.672097119443265 -0.20653341496935784 -0.583348844102021 -0.4136892765267489 0.034309872535576304 0.28288115359561455 -0.03703189091142675 14569.0 35515.0 63124.0 92747.0 120649.0 144670.0 163967.0 178535.0 188813.0 195423.0 199015.0 200195.0 199489.0 197342.0 194115.0 190100.0
0 1.0 59.289896339248585 -77.2434399268425 -0.20653341496935784 -0.583348844102021 -0.4136892765267489 0.034309872535576304 0.28288115359561455 -0.03703189091142675 17691.0 43295.0 76910.0 112697.0 146055.0 174411.0 196841.0 213445.0 224844.0 231850.0 235292.0 235922.0 234386.0 231220.0 226854.0 221633.0
1 1.0 223.73222453991488 -37.29707434070661 -0.20653341496935784 -0.583348844102021 -0.4136892765267489 0.034309872535576304 0.28288115359561455 -0.03703189091142675 4713.0 10935.0 19022.0 27763.0 36164.0 43610.0 49817.0 54729.0 58421.0 61033.0 62724.0 63655.0 63970.0 63795.00000000001 63237.0 62385.0
2 1.0 207.80229189750034 -62.57615297620852 -0.20653341496935784 -0.583348844102021 -0.4136892765267489 0.034309872535576304 0.28288115359561455 -0.03703189091142675 12239.0 28192.0 48558.0 70081.0 90248.0 107628.0 121671.0 132383.0 140064.0 145138.0 148050.0 149219.0 149011.0 147735.0 145648.0 142956.0
3 1.0 85.64141569482311 -14.852452536717877 -0.20653341496935784 -0.583348844102021 -0.4136892765267489 0.034309872535576304 0.28288115359561455 -0.03703189091142675 1173.0 3673.0 7866.0 13362.0 19524.0 25755.0 31614.999999999996 36842.0 41310.0 44993.0 47923.0 50165.0 51799.0 52909.0 53572.0 53862.0
4 1.0 336.3170392529258 -66.36792087481392 -0.20653341496935784 -0.583348844102021 -0.4136892765267489 0.034309872535576304 0.28288115359561455 -0.03703189091142675 17147.0 40367.0 70111.0 101358.0 130294.0 154836.0 174264.0 188693.0 198657.0 204849.0 207969.0 208656.0 207457.0 204831.0 201147.0 196700.0
5 1.0 221.02774414772256 18.741204723758756 -0.20653341496935784 -0.583348844102021 -0.4136892765267489 0.034309872535576304 0.28288115359561455 -0.03703189091142675 3503.0 10175.0 20519.0 33176.0 46523.0 59264.0 70593.0 80125.0 87772.0 93625.0 97868.0 100719.0 102402.0 103123.0 103065.0 102389.0
6 1.0 192.827809088985 -21.094549351586267 -0.20653341496935784 -0.583348844102021 -0.4136892765267489 0.034309872535576304 0.28288115359561455 -0.03703189091142675 7706.0 20107.0 37593.0 57447.0 77112.0 94873.0 109860.0 121816.0 130858.0 137290.0 141488.0 143833.0 144678.0 144330.0 143052.0 141060.0
7 1.0 212.36759148764554 71.1694591718778 -0.20653341496935784 -0.583348844102021 -0.4136892765267489 0.034309872535576304 0.28288115359561455 -0.03703189091142675 13149.0 34203.0 63281.00000000001 95440.0 126361.0 153380.0 175343.0 192103.0 204072.0 211904.0 216313.0 217974.0 217482.0 215339.0 211957.0 207667.0
8 1.0 262.8439306260371 84.20304092373033 -0.20653341496935784 -0.583348844102021 -0.4136892765267489 0.034309872535576304 0.28288115359561455 -0.03703189091142675 15129.0 37446.0 67178.0 99278.0 129614.0 155768.0 176780.0 192628.0 203787.0 210936.0 214792.0 216019.0 215197.0 212811.0 209258.0 204857.0
9 1.0 112.30019837265667 8.43928230049599 -0.20653341496935784 -0.583348844102021 -0.4136892765267489 0.034309872535576304 0.28288115359561455 -0.03703189091142675 1657.0 4963.0 10282.0 17019.0 24358.0 31587.999999999996 38217.0 43974.0 48756.0 52565.0 55470.0 57572.0 58980.0 59804.0 60142.0 60086.0
10 1.0 143.35958239779308 -40.531757423832616 -0.20653341496935784 -0.583348844102021 -0.4136892765267489 0.034309872535576304 0.28288115359561455 -0.03703189091142675 11883.0 31712.999999999996 59669.0 91043.0 121548.0 148454.0 170510.0 187490.0 199745.0 207890.0 212614.0 214578.0 214369.0 212487.0 209341.0 205266.0
11 1.0 75.54374963104397 16.601475377130626 -0.20653341496935784 -0.583348844102021 -0.4136892765267489 0.034309872535576304 0.28288115359561455 -0.03703189091142675 748.0 1916.0 3585.0 5539.0 7558.0 9474.0 11182.0 12633.0 13813.0 14733.0 15416.0 15890.999999999998 16188.000000000002 16337.0 16364.0 16292.000000000002
12 1.0 67.02948211692102 71.41700848039378 -0.20653341496935784 -0.583348844102021 -0.4136892765267489 0.034309872535576304 0.28288115359561455 -0.03703189091142675 11346.0 26186.0 45193.0 65350.00000000001 84302.0 100693.0 113987.0 124171.0 131515.0 136409.0 139265.0 140474.0 140377.0 139266.0 137383.0 134921.0
13 1.0 339.9740603942161 -16.787997749565307 -0.20653341496935784 -0.583348844102021 -0.4136892765267489 0.034309872535576304 0.28288115359561455 -0.03703189091142675 16732.0 41028.0 73039.0 107250.0 139267.0 166605.0 188340.0 204531.0 215745.0 222740.0 226298.0 227134.0 225863.0 223000.0 218959.0 214070.0
14 1.0 266.2382862177435 9.374089804554757 -0.20653341496935784 -0.583348844102021 -0.4136892765267489 0.034309872535576304 0.28288115359561455 -0.03703189091142675 954.0 2913.0 6171.0 10444.0 15257.0 20153.0 24783.0 28931.0 32486.0 35419.0 37750.0 39528.0 40816.0 41680.0 42184.0 42388.0
15 1.0 176.56517110232414 -41.10250183089374 -0.20653341496935784 -0.583348844102021 -0.4136892765267489 0.034309872535576304 0.28288115359561455 -0.03703189091142675 12106.0 30474.0 55424.0 82847.0 109209.0 132335.0 151264.0 165856.0 176427.0 183502.0 187660.0 189456.0 189383.0 187862.0 185241.0 181803.0
16 1.0 81.86926607039636 -8.020053098995149 -0.20653341496935784 -0.583348844102021 -0.4136892765267489 0.034309872535576304 0.28288115359561455 -0.03703189091142675 808.0 2471.0 5245.0 8900.0 13045.0 17295.0 21355.0 25032.0 28223.0 30892.0 33047.0 34723.0 35967.0 36833.0 37375.0 37642.0
17 1.0 91.56833343734147 -17.69156363167224 -0.20653341496935784 -0.583348844102021 -0.4136892765267489 0.034309872535576304 0.28288115359561455 -0.03703189091142675 1629.0 5031.0 10647.0 17906.0 25950.0 33997.0 41487.0 48092.0 53666.0 58188.0 61714.0 64338.00000000001 66173.0 67334.0 67927.0 68051.0
18 1.0 20.89049771659522 -45.28557628506522 -0.20653341496935784 -0.583348844102021 -0.4136892765267489 0.034309872535576304 0.28288115359561455 -0.03703189091142675 15782.999999999998 39392.0 70958.0 105056.0 137237.0 164909.0 187055.0 203672.0 215284.0 222633.0 226491.0 227576.0 226508.0 223804.0 219887.0 215092.0
19 1.0 156.3899852009235 1.0559490885555078 -0.20653341496935784 -0.583348844102021 -0.4136892765267489 0.034309872535576304 0.28288115359561455 -0.03703189091142675 9105.0 25174.0 48609.0 75660.0 102624.0 126967.0 147398.0 163541.0 175571.0 183941.0 189203.0 191914.0 192581.0 191645.0 189476.0 186378.0
20 1.0 112.24651751787692 -34.13145132363395 -0.20653341496935784 -0.583348844102021 -0.4136892765267489 0.034309872535576304 0.28288115359561455 -0.03703189091142675 6422.0 18049.0 35415.0 55955.0 76941.0 96378.0 113148.0 126817.99999999999 137401.0 145152.0 150434.0 153639.0 155139.0 155269.0 154315.0 152521.0
21 1.0 250.6836559735654 -22.85372450146545 -0.20653341496935784 -0.583348844102021 -0.4136892765267489 0.034309872535576304 0.28288115359561455 -0.03703189091142675 1087.0 2634.0 4702.0 6974.0 9185.0 11170.0 12852.0 14214.0 15274.0 16063.0 16620.0 16982.0 17183.0 17253.0 17216.0 17096.0
22 1.0 135.99066214529313 4.494679605767573 -0.20653341496935784 -0.583348844102021 -0.4136892765267489 0.034309872535576304 0.28288115359561455 -0.03703189091142675 5511.0 15572.0 30695.0 48691.0 67188.0 84424.0 99390.0 111677.0 121268.0 128368.00000000001 133284.0 136349.0 137889.0 138193.0 137517.0 136075.0
23 1.0 64.65732392146853 45.10710412721775 -0.20653341496935784 -0.583348844102021 -0.4136892765267489 0.034309872535576304 0.28288115359561455 -0.03703189091142675 5241.0 11403.0 18846.0 26395.0 33257.0 39038.0 43630.0 47089.0 49545.0 51151.0 52060.0 52409.0 52316.0 51880.0 51182.0 50287.0
24 1.0 8.884342220879242 -29.968656157570443 -0.20653341496935784 -0.583348844102021 -0.4136892765267489 0.034309872535576304 0.28288115359561455 -0.03703189091142675 16340.0 40390.0 72284.0 106529.0 138691.0 166229.0 188177.0 204571.0 215961.0 223103.0 226778.0 227705.0 226504.0 223690.0 219684.0 214818.0
25 1.0 24.20986732676949 76.34857799173744 -0.20653341496935784 -0.583348844102021 -0.4136892765267489 0.034309872535576304 0.28288115359561455 -0.03703189091142675 14763.0 34537.0 59948.0 86830.0 111948.0 133479.0 150735.0 163751.0 172932.0 178839.0 182051.0 183106.0 182474.0 180549.0 177653.0 174045.0
26 1.0 244.58139845948423 65.21733843046243 -0.20653341496935784 -0.583348844102021 -0.4136892765267489 0.034309872535576304 0.28288115359561455 -0.03703189091142675 12089.0 32141.000000000004 60325.0 91886.0 122520.0 149497.0 171579.0 188552.0 200778.0 208879.0 213552.0 215461.0 215197.0 213261.0 210064.0 205939.0
27 1.0 163.33086404017632 -81.23574672440486 -0.20653341496935784 -0.583348844102021 -0.4136892765267489 0.034309872535576304 0.28288115359561455 -0.03703189091142675 17008.0 40377.0 70542.0 102411.0 132052.0 157283.0 177321.0 192254.0 202613.0 209096.0 212415.0 213225.0 212089.0 209476.0 205766.0 201263.0
28 1.0 193.16851599914 -44.3443456337719 -0.20653341496935784 -0.583348844102021 -0.4136892765267489 0.034309872535576304 0.28288115359561455 -0.03703189091142675 10325.0 25070.0 44726.0 66166.0 86754.0 104871.0 119792.0 131400.0 139920.0 145735.0 149277.0 150962.0 151165.0 150209.0 148361.0 145843.0
29 1.0 322.80166549452315 -9.695607721343649 -0.20653341496935784 -0.583348844102021 -0.4136892765267489 0.034309872535576304 0.28288115359561455 -0.03703189091142675 12694.0 31284.0 56087.0 82990.0 108592.0 130862.0 148951.0 162787.0 172717.0 179274.0 183030.0 184529.0 184249.0 182596.0 179904.0 176443.0
0 1.0 356.52202106281356 -71.16698002635466 -0.20653341496935784 -0.583348844102021 -0.4136892765267489 0.034309872535576304 0.28288115359561455 -0.03703189091142675 18160.0 43324.0 75789.0 109984.0 141648.0 168451.0 189593.0 205213.0 215917.0 222480.0 225685.0 226241.0 224756.0 221732.0 217575.0 212608.0
1 1.0 78.08291438345061 -27.274321973970522 -0.20653341496935784 -0.583348844102021 -0.4136892765267489 0.034309872535576304 0.28288115359561455 -0.03703189091142675 3181.0 9081.0 18175.0 29297.0 41057.0 52334.0 62420.0 70969.0 77892.0 83257.0 87214.0 89945.0 91641.0 92478.0 92616.0 92191.0
2 1.0 238.70815311603627 43.21755461118286 -0.20653341496935784 -0.583348844102021 -0.4136892765267489 0.034309872535576304 0.28288115359561455 -0.03703189091142675 6235.0 17645.0 34775.0 55108.0 75937.0 95268.0 111975.0 125618.00000000001 136197.0 143964.0 149274.0 152516.0 154058.0 154232.0 153325.0 151578.0
3 1.0 94.79605562537424 32.49260660570866 -0.20653341496935784 -0.583348844102021 -0.4136892765267489 0.034309872535576304 0.28288115359561455 -0.03703189091142675 1723.0 4322.0 7969.0 12168.0 16432.0 20405.0 23882.0 26774.0 29075.0 30821.0 32075.0 32906.0 33383.0 33568.0 33518.0 33280.0
4 1.0 7.434359807662325 22.02919714188087 -0.20653341496935784 -0.583348844102021 -0.4136892765267489 0.034309872535576304 0.28288115359561455 -0.03703189091142675 15145.0 35675.0 62064.0 89918.0 115859.0 138009.0 155685.0 168949.0 178245.0 184162.0 187311.0 188251.0 187468.0 185369.0 182284.0 178481.0
5 1.0 273.01631538101094 37.895112490022214 -0.20653341496935784 -0.583348844102021 -0.4136892765267489 0.034309872535576304 0.28288115359561455 -0.03703189091142675 5846.0 16327.000000000002 31970.0 50506.0 69500.0 87160.0 102462.0 115000.0 124768.0 131984.0 136966.0 140061.0 141602.0 141888.0 141178.0 139691.0
6 1.0 115.20617429608842 -53.113736347253685 -0.20653341496935784 -0.583348844102021 -0.4136892765267489 0.034309872535576304 0.28288115359561455 -0.03703189091142675 11889.0 31500.0 59050.0 89929.0 119952.0 146449.0 168198.0 184968.0 197101.0 205192.0 209916.0 211918.0 211775.0 209976.0 206925.0 202949.0
7 1.0 138.04700190188328 -28.494339324348218 -0.20653341496935784 -0.583348844102021 -0.4136892765267489 0.034309872535576304 0.28288115359561455 -0.03703189091142675 9197.0 25316.0 48754.0 75763.0 102659.0 126928.99999999999 147296.0 163390.0 175388.0 183739.0 188995.0 191707.0 192382.0 191457.0 189301.0 186217.0
8 1.0 211.79416087929806 31.723646809943318 -0.20653341496935784 -0.583348844102021 -0.4136892765267489 0.034309872535576304 0.28288115359561455 -0.03703189091142675 6434.0 18146.0 35659.0 56365.0 77494.0 97026.0 113834.0 127494.0 138030.0 145708.0 150904.0 154019.0 155430.0 155475.0 154446.0 152584.0
9 1.0 299.17744388502854 68.26225734563889 -0.20653341496935784 -0.583348844102021 -0.4136892765267489 0.034309872535576304 0.28288115359561455 -0.03703189091142675 15651.000000000002 39492.0 71561.0 106302.0 139126.0 167354.0 189931.0 206848.0 218647.0 226088.0 229968.0 231019.0 229879.0 227078.0 223046.0 218127.0
10 1.0 226.43346369281355 7.86204968905713 -0.20653341496935784 -0.583348844102021 -0.4136892765267489 0.034309872535576304 0.28288115359561455 -0.03703189091142675 1980.0 5858.0 12019.0 19736.0 28058.0 36178.0 43557.0 49909.0 55136.0 59261.0 62371.0 64588.00000000001 66039.0 66849.0 67131.0 66985.0
11 1.0 314.1542359610623 -39.11406282980341 -0.20653341496935784 -0.583348844102021 -0.4136892765267489 0.034309872535576304 0.28288115359561455 -0.03703189091142675 11475.0 27082.0 47304.0 68864.0 89173.0 106738.0 120966.0 131843.0 139661.0 144845.0 147844.0 149078.0 148920.0 147683.0 145625.0 142958.0
12 1.0 98.47513253362888 -84.55765355892314 -0.20653341496935784 -0.583348844102021 -0.4136892765267489 0.034309872535576304 0.28288115359561455 -0.03703189091142675 17734.0 42500.0 74602.0 108546.0 140081.0 166857.0 188043.0 203751.0 214563.0 221243.0 224564.0 225229.0 223845.0 220912.0 216837.0 211943.0
13 1.0 287.29686020852296 37.8606292153584 -0.20653341496935784 -0.583348844102021 -0.4136892765267489 0.034309872535576304 0.28288115359561455 -0.03703189091142675 7989.0 21552.0 41139.0 63729.99999999999 86351.0 106944.0 124425.0 138443.0 149094.0 156710.0 161718.0 164554.0 165629.0 165302.0 163881.0 161619.0
14 1.0 66.8289399501428 -88.58086136848073 -0.20653341496935784 -0.583348844102021 -0.4136892765267489 0.034309872535576304 0.28288115359561455 -0.03703189091142675 17634.0 41766.0 72816.0 105518.0 135841.0 161571.0 181935.0 197048.0 207470.0 213930.0 217165.0 217848.0 216556.0 213771.0 209881.0 205197.0
15 1.0 343.0049965099 -22.9177674322208 -0.20653341496935784 -0.583348844102021 -0.4136892765267489 0.034309872535576304 0.28288115359561455 -0.03703189091142675 17128.0 41900.0 74459.0 109180.0 141612.0 169248.0 191173.0 207465.0 218710.0 225684.0 229185.0 229940.0 228573.0 225604.0 221453.0 216453.0
16 1.0 247.4957794996135 5.496698621300723 -0.20653341496935784 -0.583348844102021 -0.4136892765267489 0.034309872535576304 0.28288115359561455 -0.03703189091142675 618.0 1960.0 4256.0 7326.0 10840.0 14470.0 17963.0 21151.0 23945.0 26312.0 28254.0 29797.0 30977.0 31836.999999999996 32419.000000000004 32762.0
17 1.0 77.58276376088104 75.98006311809476 -0.20653341496935784 -0.583348844102021 -0.4136892765267489 0.034309872535576304 0.28288115359561455 -0.03703189091142675 12065.0 28325.0 49392.0 71887.0 93124.0 111539.0 126498.0 137968.0 146241.0 151750.0 154959.0 156306.0 156179.0 154907.0 152762.0 149967.0
18 1.0 341.0534125760127 -73.89098189407798 -0.20653341496935784 -0.583348844102021 -0.4136892765267489 0.034309872535576304 0.28288115359561455 -0.03703189091142675 17614.0 41493.0 72081.0 104199.0 133918.0 159096.0 179000.0 193754.0 203915.0 210201.0 213333.0 213972.0 212681.0 209932.0 206103.0 201498.0
19 1.0 263.1080904372568 -16.930382045708924 -0.20653341496935784 -0.583348844102021 -0.4136892765267489 0.034309872535576304 0.28288115359561455 -0.03703189091142675 857.0 2198.0 4114.0 6347.0 8638.0 10788.0 12682.0 14266.0 15534.0 16503.0 17206.0 17679.0 17959.0 18082.0 18075.0 17967.0
20 1.0 91.4189913342093 -85.6236240521716 -0.20653341496935784 -0.583348844102021 -0.4136892765267489 0.034309872535576304 0.28288115359561455 -0.03703189091142675 17737.0 42390.0 74288.0 107982.0 139268.0 165825.0 186837.0 202415.0 213140.0 219768.0 223064.0 223727.0 222356.0 219449.0 215408.0 210553.0
21 1.0 76.79231185229351 -28.33002281851374 -0.20653341496935784 -0.583348844102021 -0.4136892765267489 0.034309872535576304 0.28288115359561455 -0.03703189091142675 3458.0 9793.0 19480.0 31250.0 43624.0 55432.0 65947.0 74824.0 81983.0 87505.0 91556.0 94331.0 96029.0 96837.0 96921.0 96425.0
22 1.0 186.55225701503878 22.00159059116308 -0.20653341496935784 -0.583348844102021 -0.4136892765267489 0.034309872535576304 0.28288115359561455 -0.03703189091142675 8864.0 24518.0 47376.0 73802.0 100188.0 124055.0 144129.0 160029.0 171915.0 180220.0 185479.0 188230.0 188970.0 188128.0 186067.0 183085.0
23 1.0 9.238578499631366 -39.767769318852295 -0.20653341496935784 -0.583348844102021 -0.4136892765267489 0.034309872535576304 0.28288115359561455 -0.03703189091142675 16930.0 41882.0 74956.0 110419.0 143665.0 172065.0 194635.0 211428.0 223033.0 230243.0 233875.0 234678.0 233296.0 230265.0 226017.0 220897.0
24 1.0 74.68922715879938 -52.245009061985684 -0.20653341496935784 -0.583348844102021 -0.4136892765267489 0.034309872535576304 0.28288115359561455 -0.03703189091142675 10721.0 28178.0 52698.0 80289.0 107284.0 131303.0 151210.0 166750.0 178174.0 185979.0 190739.0 193016.0 193316.0 192075.0 189656.0 186354.0
25 1.0 152.88676875054225 -69.17341800112314 -0.20653341496935784 -0.583348844102021 -0.4136892765267489 0.034309872535576304 0.28288115359561455 -0.03703189091142675 16292.999999999998 39746.0 70611.0 103624.0 134585.0 161096.0 182250.0 198082.0 209118.0 216077.0 219702.0 220678.0 219599.0 216959.0 213160.0 208522.0
26 1.0 134.7011929203212 13.88524392366152 -0.20653341496935784 -0.583348844102021 -0.4136892765267489 0.034309872535576304 0.28288115359561455 -0.03703189091142675 5034.0 14160.0 27860.0 44169.0 60953.0 76618.0 90244.0 101452.0 110223.0 116738.0 121270.0 124121.0 125586.0 125926.00000000001 125374.00000000001 124122.0
27 1.0 166.88715277133184 35.14860106284348 -0.20653341496935784 -0.583348844102021 -0.4136892765267489 0.034309872535576304 0.28288115359561455 -0.03703189091142675 9746.0 26550.0 50751.0 78424.0 105801.0 130359.0 150849.0 166941.0 178850.0 187058.0 192139.0 194662.0 195143.0 194028.0 191691.0 188435.0
28 1.0 99.94633426610349 30.95228530724802 -0.20653341496935784 -0.583348844102021 -0.4136892765267489 0.034309872535576304 0.28288115359561455 -0.03703189091142675 1701.0 4445.0 8424.0 13111.0 17951.0 22530.0 26597.0 30038.0 32833.0 35014.0 36642.0 37788.0 38524.0 38919.0 39032.0 38916.0
29 1.0 211.24236472494076 80.79498372969132 -0.20653341496935784 -0.583348844102021 -0.4136892765267489 0.034309872535576304 0.28288115359561455 -0.03703189091142675 14309.0 35929.0 65059.00000000001 96764.0 126915.0 153051.0 174156.0 190162.0 201513.0 208865.0 212922.0 214339.0 213693.0 211468.0 208059.0 203786.0
0 1.0 310.9880181323633 -89.51342149916951 -0.20653341496935784 -0.583348844102021 -0.4136892765267489 0.034309872535576304 0.28288115359561455 -0.03703189091142675 17505.0 41229.0 71652.0 103638.0 133274.0 158418.0 178325.0 193111.0 203322.0 209667.0 212864.0 213567.0 212339.0 209648.0 205873.0 201317.0
1 1.0 42.31146814633191 26.49539770092649 -0.20653341496935784 -0.583348844102021 -0.4136892765267489 0.034309872535576304 0.28288115359561455 -0.03703189091142675 5656.0 12772.0 21738.0 31169.0 40017.0 47692.0 53963.0 58830.0 62411.0 64875.0 66406.0 67172.0 67325.0 66995.0 66290.0 65298.99999999999
2 1.0 186.2564785754811 18.070602677575124 -0.20653341496935784 -0.583348844102021 -0.4136892765267489 0.034309872535576304 0.28288115359561455 -0.03703189091142675 8729.0 24129.0 46616.0 72622.0 98606.0 122129.0 141938.0 157650.0 169419.0 177665.0 182911.0 185685.0 186473.0 185698.0 183716.0 180820.0
3 1.0 47.54451828425519 15.973129794651868 -0.20653341496935784 -0.583348844102021 -0.4136892765267489 0.034309872535576304 0.28288115359561455 -0.03703189091142675 3685.0 8669.0 15195.0 22280.0 29118.0 35213.0 40335.0 44434.0 47565.0 49832.0 51357.0 52262.0 52658.0 52644.0 52305.0 51711.0
4 1.0 258.06948522933374 83.29865757124364 -0.20653341496935784 -0.583348844102021 -0.4136892765267489 0.034309872535576304 0.28288115359561455 -0.03703189091142675 15078.0 37465.0 67365.0 99693.0 130269.0 156644.0 177839.0 193827.0 205085.0 212300.0 216191.0 217431.0 216605.0 214201.0 210621.0 206186.0
5 1.0 142.58149301062573 -86.96309879339286 -0.20653341496935784 -0.583348844102021 -0.4136892765267489 0.034309872535576304 0.28288115359561455 -0.03703189091142675 17384.0 41233.0 71967.0 104379.0 134469.0 160031.0 180288.0 195343.0 205747.0 212217.0 215483.0 216210.0 214973.0 212246.0 208418.0 203795.0
6 1.0 203.55167226906323 35.36683752626102 -0.20653341496935784 -0.583348844102021 -0.4136892765267489 0.034309872535576304 0.28288115359561455 -0.03703189091142675 7986.0 22245.0 43249.0 67732.0 92376.0 114850.0 133916.0 149165.0 160700.0 168890.0 174213.0 177158.0 178181.0 177682.0 176001.0 173418.0
7 1.0 65.9807410370683 56.462156946335426 -0.20653341496935784 -0.583348844102021 -0.4136892765267489 0.034309872535576304 0.28288115359561455 -0.03703189091142675 7649.0 16978.0 28570.0 40640.0 51863.0 61509.0 69307.0 75274.0 79580.0 82457.0 84146.0 84874.0 84841.0 84213.0 83132.0 81710.0
8 1.0 52.1451933636158 1.7652953918851466 -0.20653341496935784 -0.583348844102021 -0.4136892765267489 0.034309872535576304 0.28288115359561455 -0.03703189091142675 2730.0 6875.0 12656.0 19243.0 25851.0 31931.0 37186.0 41508.0 44906.0 47456.0 49264.0 50441.0 51095.0 51322.0 51206.0 50818.0
9 1.0 175.70026103362363 -29.886323472574354 -0.20653341496935784 -0.583348844102021 -0.4136892765267489 0.034309872535576304 0.28288115359561455 -0.03703189091142675 11072.0 28720.0 53227.0 80569.0 107144.0 130658.0 150052.0 165116.0 176128.0 183593.0 188084.0 190158.0 190313.0 188975.0 186500.0 183174.0
10 1.0 128.020585625984 52.35122938093289 -0.20653341496935784 -0.583348844102021 -0.4136892765267489 0.034309872535576304 0.28288115359561455 -0.03703189091142675 7011.0 17865.0 32967.0 50007.0 66850.0 82067.0 94931.0 105224.0 113039.0 118626.0 122301.0 124383.0 125170.0 124925.0 123871.0 122194.0
11 1.0 338.5555002910127 -72.49627338616357 -0.20653341496935784 -0.583348844102021 -0.4136892765267489 0.034309872535576304 0.28288115359561455 -0.03703189091142675 17477.0 41118.0 71381.0 103151.0 132549.0 157463.0 177167.0 191782.0 201859.0 208103.0 211227.0 211883.0 210629.0 207929.0 204158.0 199617.0
12 1.0 275.5170913705075 -10.43358520861345 -0.20653341496935784 -0.583348844102021 -0.4136892765267489 0.034309872535576304 0.28288115359561455 -0.03703189091142675 1299.0 3431.0 6554.0 10270.0 14147.0 17847.0 21159.0 23977.0 26273.0 28067.0 29403.0 30339.0 30934.0 31243.0 31320.0 31207.0
13 1.0 269.51890314619703 3.5914274227508827 -0.20653341496935784 -0.583348844102021 -0.4136892765267489 0.034309872535576304 0.28288115359561455 -0.03703189091142675 849.0 2521.0 5236.0 8743.0 12662.0 16638.0 20408.0 23807.0 26749.0 29208.0 31194.0 32741.0 33894.0 34702.0 35212.0 35470.0
14 1.0 325.33910630853603 34.91215396821855 -0.20653341496935784 -0.583348844102021 -0.4136892765267489 0.034309872535576304 0.28288115359561455 -0.03703189091142675 16077.999999999998 40336.0 72844.0 107971.0 141093.0 169522.0 192215.0 209179.0 220972.0 228370.0 232181.0 233147.0 231913.0 229014.0 224882.0 219866.0
15 1.0 30.032076759126678 -73.6405682341663 -0.20653341496935784 -0.583348844102021 -0.4136892765267489 0.034309872535576304 0.28288115359561455 -0.03703189091142675 18000.0 43862.0 77695.0 113619.0 147035.0 175389.0 197779.0 214321.0 225647.0 232579.0 235949.0 236511.0 234914.0 231692.0 227277.0 222012.0
16 1.0 198.78928917206636 -49.00328972318503 -0.20653341496935784 -0.583348844102021 -0.4136892765267489 0.034309872535576304 0.28288115359561455 -0.03703189091142675 10366.0 24615.0 43303.0 63472.0 82703.0 99539.0 113354.0 124072.0 131920.0 137266.0 140511.0 142044.0 142210.0 141306.0 139579.0 137233.0
17 1.0 210.4113848240768 -16.14571871577739 -0.20653341496935784 -0.583348844102021 -0.4136892765267489 0.034309872535576304 0.28288115359561455 -0.03703189091142675 4052.0 10746.0 20434.0 31734.0 43240.0 53933.0 63237.0 70920.0 76974.0 81521.0 84737.0 86819.0 87957.0 88325.0 88072.0 87330.0
18 1.0 346.2970962770024 22.193041143623518 -0.20653341496935784 -0.583348844102021 -0.4136892765267489 0.034309872535576304 0.28288115359561455 -0.03703189091142675 18106.0 44033.0 77903.0 113832.0 147227.0 175545.0 197893.0 214392.0 225679.0 232576.0 235916.0 236454.0 234837.0 231599.0 227173.0 221898.0
19 1.0 105.17310964531758 69.65294061913514 -0.20653341496935784 -0.583348844102021 -0.4136892765267489 0.034309872535576304 0.28288115359561455 -0.03703189091142675 10052.0 23946.0 42225.0 62002.0 80900.0 97479.0 111113.0 121715.0 129502.0 134828.0 138086.0 139655.0 139875.0 139036.0 137382.0 135112.0
20 1.0 86.69836076956085 21.388710283447764 -0.20653341496935784 -0.583348844102021 -0.4136892765267489 0.034309872535576304 0.28288115359561455 -0.03703189091142675 771.0 2036.0 3894.0 6116.0 8446.0 10685.0 12701.0 14427.0 15841.999999999998 16954.0 17789.0 18379.0 18758.0 18962.0 19019.0 18959.0
21 1.0 36.10581921557922 -65.9769352317118 -0.20653341496935784 -0.583348844102021 -0.4136892765267489 0.034309872535576304 0.28288115359561455 -0.03703189091142675 17060.0 42393.0 76030.0 112104.0 145900.0 174733.0 197608.0 214588.0 226283.0 233509.0 237102.0 237828.0 236344.0 233195.0 228821.0 223572.0
22 1.0 5.9146666529307135 86.50442390171082 -0.20653341496935784 -0.583348844102021 -0.4136892765267489 0.034309872535576304 0.28288115359561455 -0.03703189091142675 15032.0 36250.0 64068.0 93840.0 121848.0 145952.0 165318.0 179944.0 190274.0 196926.0 200554.0 201760.0 201075.0 198940.0 195720.0 191704.0
23 1.0 334.6305540451886 66.92143225598872 -0.20653341496935784 -0.583348844102021 -0.4136892765267489 0.034309872535576304 0.28288115359561455 -0.03703189091142675 17314.0 41772.0 73645.0 107479.0 139008.0 165848.0 187138.0 202965.0 213899.0 220694.0 224118.0 224875.0 223570.0 220706.0 216688.0 211842.0
24 1.0 241.16995677272763 0.4897370061583217 -0.20653341496935784 -0.583348844102021 -0.4136892765267489 0.034309872535576304 0.28288115359561455 -0.03703189091142675 702.0 2148.0 4545.0 7670.0 11168.0 14704.0 18030.0 20997.0 23534.0 25626.0 27291.0 28567.0 29501.0 30138.0 30525.0 30702.0
25 1.0 282.6550483283296 76.02263672339393 -0.20653341496935784 -0.583348844102021 -0.4136892765267489 0.034309872535576304 0.28288115359561455 -0.03703189091142675 15414.0 38751.0 70101.0 104064.0 136184.0 163848.0 186020.0 202679.0 214344.0 221748.0 225663.0 226801.0 225783.0 223127.0 219253.0 214499.0
26 1.0 101.42283807142167 7.448542876284435 -0.20653341496935784 -0.583348844102021 -0.4136892765267489 0.034309872535576304 0.28288115359561455 -0.03703189091142675 827.0 2549.0 5410.0 9141.0 13321.0 17553.0 21549.0 25132.0 28215.0 30777.0 32837.0 34433.0 35617.0 36441.0 36958.0 37216.0
27 1.0 211.1076598270776 76.19509222004936 -0.20653341496935784 -0.583348844102021 -0.4136892765267489 0.034309872535576304 0.28288115359561455 -0.03703189091142675 13833.0 35316.0 64593.0 96687.0 127354.0 154028.0 175625.0 192044.0 203718.0 211309.0 215529.0 217048.0 216453.0 214240.0 210814.0 206500.0
28 1.0 23.023895803553206 59.38152634860177 -0.20653341496935784 -0.583348844102021 -0.4136892765267489 0.034309872535576304 0.28288115359561455 -0.03703189091142675 13694.0 31097.0 52985.0 75833.0 97009.0 115076.0 129523.0 140415.0 148108.0 153074.0 155795.0 156717.0 156229.0 154654.0 152260.0 149263.0
29 1.0 174.82593453646425 84.29155385297352 -0.20653341496935784 -0.583348844102021 -0.4136892765267489 0.034309872535576304 0.28288115359561455 -0.03703189091142675 14090.0 34747.0 62289.0 92110.0 120408.0 144931.0 164755.0 179824.0 190547.0 197532.0 201430.0 202850.0 202326.0 200310.0 197173.0 193212.0
0 1.0 351.89825030800085 75.5609059400685 -0.20653341496935784 -0.583348844102021 -0.4136892765267489 0.034309872535576304 0.28288115359561455 -0.03703189091142675 16239.0 38630.0 67633.0 98380.0 127079.0 151600.0 171156.0 185807.0 196042.0 202524.0 205932.0 206894.0 205952.0 203560.0 200086.0 195826.0
1 1.0 315.54188831397266 -83.5139128628575 -0.20653341496935784 -0.583348844102021 -0.4136892765267489 0.034309872535576304 0.28288115359561455 -0.03703189091142675 17107.0 39988.0 69187.0 99806.0 128143.0 152178.0 171217.0 185373.0 195170.0 201280.0 204387.0 205111.0 203988.0 201464.0 197898.0 193581.0
2 1.0 121.73722266126443 -58.54103925103081 -0.20653341496935784 -0.583348844102021 -0.4136892765267489 0.034309872535576304 0.28288115359561455 -0.03703189091142675 13784.0 35781.0 66065.0 99436.0 131395.0 159202.0 181692.0 198752.0 210837.0 218647.0 222934.0 224406.0 223682.0 221281.0 217627.0 213063.0
3 1.0 346.16525563493946 -19.95575812178656 -0.20653341496935784 -0.583348844102021 -0.4136892765267489 0.034309872535576304 0.28288115359561455 -0.03703189091142675 17445.0 42787.0 76138.0 111714.0 144930.0 173207.0 195606.0 212215.0 223640.0 230686.0 234174.0 234854.0 233369.0 230253.0 225936.0 220760.0
4 1.0 83.41258552963363 81.38568551317573 -0.20653341496935784 -0.583348844102021 -0.4136892765267489 0.034309872535576304 0.28288115359561455 -0.03703189091142675 13219.0 31502.000000000004 55390.0 80986.0 105160.0 126083.0 143017.0 155927.0 165163.0 171234.0 174681.0 176017.0 175689.0 174078.0 171497.0 168199.0
5 1.0 341.75477606964535 -35.99479449433267 -0.20653341496935784 -0.583348844102021 -0.4136892765267489 0.034309872535576304 0.28288115359561455 -0.03703189091142675 17057.0 41308.0 72964.0 106591.0 137933.0 164613.0 185773.0 201499.0 212361.0 219107.0 222502.0 223248.0 221944.0 219092.0 215095.0 210275.0
6 1.0 338.8959736943395 -61.11582410023181 -0.20653341496935784 -0.583348844102021 -0.4136892765267489 0.034309872535576304 0.28288115359561455 -0.03703189091142675 17231.0 40778.0 71039.0 102883.0 132395.0 157431.0 177244.0 191950.0 202096.0 208389.0 211548.0 212225.0 210983.0 208289.0 204519.0 199976.0
7 1.0 287.71293144686103 69.53483989558077 -0.20653341496935784 -0.583348844102021 -0.4136892765267489 0.034309872535576304 0.28288115359561455 -0.03703189091142675 15027.0 38283.0 69806.0 104146.0 136733.0 164862.0 187440.0 204424.0 216329.0 223898.0 227913.0 229101.0 228093.0 225417.0 221502.0 216691.0
8 1.0 226.9612572720448 -9.649005213023472 -0.20653341496935784 -0.583348844102021 -0.4136892765267489 0.034309872535576304 0.28288115359561455 -0.03703189091142675 1623.0 4511.0 8911.0 14285.0 19989.0 25501.0 30479.0 34746.0 38245.0 40995.0 43058.0 44517.0 45459.0 45966.0 46117.0 45978.0
9 1.0 314.7436679849809 73.41760698377868 -0.20653341496935784 -0.583348844102021 -0.4136892765267489 0.034309872535576304 0.28288115359561455 -0.03703189091142675 16508.0 40589.0 72409.0 106498.0 138474.0 165833.0 187631.0 203911.0 215222.0 222317.0 225969.0 226890.0 225698.0 222903.0 218921.0 214084.0
10 1.0 105.48730242280682 -61.15851606237421 -0.20653341496935784 -0.583348844102021 -0.4136892765267489 0.034309872535576304 0.28288115359561455 -0.03703189091142675 13704.0 35535.0 65594.0 98736.0 130500.0 158160.0 180554.0 197560.0 209626.0 217442.0 221753.0 223261.0 222579.0 220224.0 216620.0 212105.0
11 1.0 305.61967991265055 29.00115207145791 -0.20653341496935784 -0.583348844102021 -0.4136892765267489 0.034309872535576304 0.28288115359561455 -0.03703189091142675 10478.0 27226.0 50592.0 76798.0 102414.0 125221.0 144157.0 158981.0 169923.0 177444.0 182078.0 184351.0 184739.0 183652.0 181432.0 178361.0
12 1.0 222.43560909030856 -10.75252449069147 -0.20653341496935784 -0.583348844102021 -0.4136892765267489 0.034309872535576304 0.28288115359561455 -0.03703189091142675 2090.0 5764.0 11298.0 17981.0 24996.0 31698.999999999996 37685.0 42757.0 46867.0 50054.0 52407.0 54034.0 55047.0 55549.0 55635.0 55386.0
13 1.0 4.765268793203816 -76.23238157454863 -0.20653341496935784 -0.583348844102021 -0.4136892765267489 0.034309872535576304 0.28288115359561455 -0.03703189091142675 18190.0 43430.0 76013.0 110349.0 142151.0 169075.0 190316.0 206009.0 216762.0 223355.0 226573.0 227130.0 225636.0 222596.0 218418.0 213427.0
14 1.0 125.00406645559904 35.363366037450106 -0.20653341496935784 -0.583348844102021 -0.4136892765267489 0.034309872535576304 0.28288115359561455 -0.03703189091142675 4323.0 11645.0 22346.0 34899.0 47723.0 59658.0 70043.0 78606.0 85335.0 90361.0 93887.0 96134.0 97321.0 97643.0 97274.0 96361.0
15 1.0 53.330709941339414 -45.46822400295233 -0.20653341496935784 -0.583348844102021 -0.4136892765267489 0.034309872535576304 0.28288115359561455 -0.03703189091142675 10484.0 27162.0 50380.0 76384.0 101779.0 124373.0 143128.0 157806.0 168641.0 176089.0 180681.0 182935.0 183324.0 182251.0 180058.0 177020.0
16 1.0 353.45858033457114 -82.86920593568681 -0.20653341496935784 -0.583348844102021 -0.4136892765267489 0.034309872535576304 0.28288115359561455 -0.03703189091142675 17780.0 42021.0 73144.0 105868.0 136168.0 161846.0 182143.0 197184.0 207536.0 213932.0 217110.0 217744.0 216413.0 213595.0 209678.0 204972.0
17 1.0 172.2133105343957 -79.21002631507682 -0.20653341496935784 -0.583348844102021 -0.4136892765267489 0.034309872535576304 0.28288115359561455 -0.03703189091142675 16706.0 39549.0 69003.0 100119.0 129075.0 153747.0 173369.0 188022.0 198215.0 204626.0 207947.0 208812.0 207769.0 205276.0 201704.0 197350.0
18 1.0 179.06089157951857 -79.00586332797828 -0.20653341496935784 -0.583348844102021 -0.4136892765267489 0.034309872535576304 0.28288115359561455 -0.03703189091142675 16529.0 38987.0 67884.0 98382.0 126755.0 150933.0 170171.0 184549.0 194565.0 200879.0 204166.0 205048.0 204059.0 201646.0 198173.0 193931.0
19 1.0 230.2101059035405 73.39193234730709 -0.20653341496935784 -0.583348844102021 -0.4136892765267489 0.034309872535576304 0.28288115359561455 -0.03703189091142675 13629.0 35262.0 64995.0 97745.0 129122.99999999999 156451.0 178589.0 195417.0 207374.0 215139.0 219443.0 220978.0 220347.0 218059.0 214533.0 210101.0
20 1.0 132.6904582066623 43.17910520923817 -0.20653341496935784 -0.583348844102021 -0.4136892765267489 0.034309872535576304 0.28288115359561455 -0.03703189091142675 6195.0 16329.0 30799.0 47425.0 64082.0 79292.0 92270.0 102749.0 110786.0 116610.0 120521.0 122831.0 123834.0 123790.0 122923.0 121418.0
21 1.0 49.284097806815616 71.6512242984723 -0.20653341496935784 -0.583348844102021 -0.4136892765267489 0.034309872535576304 0.28288115359561455 -0.03703189091142675 12530.0 28813.0 49557.0 71442.0 91914.0 109530.0 123740.0 134559.0 142298.0 147391.0 150293.0 151430.0 151173.0 149839.0 147686.0 144924.0
22 1.0 295.9623839499284 31.064816033373845 -0.20653341496935784 -0.583348844102021 -0.4136892765267489 0.034309872535576304 0.28288115359561455 -0.03703189091142675 8362.0 22213.0 41973.0 64566.0 87040.0 107388.0 124581.0 138306.0 148685.0 156064.0 160874.0 163552.0 164505.0 164089.0 162604.0 160302.0
23 1.0 68.34524828499286 5.2091872255589635 -0.20653341496935784 -0.583348844102021 -0.4136892765267489 0.034309872535576304 0.28288115359561455 -0.03703189091142675 873.0 2350.0 4541.0 7178.0 9964.0 12663.0 15123.0 17263.0 19053.0 20498.0 21620.0 22452.0 23032.0 23395.0 23575.0 23604.0
24 1.0 184.07483371672416 -35.19965441747191 -0.20653341496935784 -0.583348844102021 -0.4136892765267489 0.034309872535576304 0.28288115359561455 -0.03703189091142675 10518.0 26570.0 48527.0 72843.0 96408.0 117260.0 134494.0 147934.0 157819.0 164585.0 168728.0 170727.0 171018.0 169972.0 167900.0 165057.0
25 1.0 80.75413043090613 89.63320523916121 -0.20653341496935784 -0.583348844102021 -0.4136892765267489 0.034309872535576304 0.28288115359561455 -0.03703189091142675 14681.0 35695.0 63415.0 93207.0 121324.0 145584.0 165119.0 179909.0 190384.0 197160.0 200887.0 202172.0 201547.0 199456.0 196265.0 192269.0
26 1.0 35.22401441785226 -24.805969390909922 -0.20653341496935784 -0.583348844102021 -0.4136892765267489 0.034309872535576304 0.28288115359561455 -0.03703189091142675 9449.0 23818.0 43472.0 65273.0 86465.0 105295.0 120943.0 133232.0 142355.0 148685.0 152653.0 154681.0 155153.0 154399.0 152698.0 150279.0
27 1.0 310.388946271806 -5.28318914149628 -0.20653341496935784 -0.583348844102021 -0.4136892765267489 0.034309872535576304 0.28288115359561455 -0.03703189091142675 8746.0 21873.0 39752.0 59548.0 78777.0 95864.0 110069.0 121234.0 129536.00000000001 135312.0 138953.0 140840.0 141320.0 140692.0 139206.0 137069.0
28 1.0 350.2510160483269 -21.915868513776886 -0.20653341496935784 -0.583348844102021 -0.4136892765267489 0.034309872535576304 0.28288115359561455 -0.03703189091142675 17653.0 43326.0 77116.0 113151.0 146778.0 175384.0 198020.0 214781.0 226287.0 233359.0 236832.0 237466.0 235914.0 232717.0 228311.0 223042.0
29 1.0 345.90047690268005 86.31484728038254 -0.20653341496935784 -0.583348844102021 -0.4136892765267489 0.034309872535576304 0.28288115359561455 -0.03703189091142675 15191.0 36752.0 65067.0 95388.0 123917.0 148460.0 168164.0 183032.0 193515.0 200249.0 203901.0 205088.0 204350.0 202141.0 198829.0 194711.0
