idx D_km lam beta x1 y1 z1 x2 y2 z2 flux5 flux6 flux7 flux8 flux9 flux10 flux11 flux12 flux13 flux14 flux15 flux16 flux17 flux18 flux19 flux20
0 1.0 197.5728614138369 73.17998985981222 0.7709859878532074 -0.23834712170761635 -0.40146131061817875 -0.08883535766565889 0.19167836912488787 -0.21566683028581854 19512.0 45046.0 77084.0 110159.0 140304.0 165471.0 185053.0 199294.0 208840.0 214472.0 216957.0 216979.0 215118.0 211851.0 207558.0 202541.0
1 1.0 257.468171894071 49.328519885754986 0.7709859878532074 -0.23834712170761635 -0.40146131061817875 -0.08883535766565889 0.19167836912488787 -0.21566683028581854 9689.0 25991.0 49254.0 75688.0 101708.0 124938.0 144222.0 159278.0 170335.0 177870.0 182442.0 184600.0 184839.0 183586.0 181195.0 177955.0
2 1.0 216.99481538579178 -30.033872634844457 0.7709859878532074 -0.23834712170761635 -0.40146131061817875 -0.08883535766565889 0.19167836912488787 -0.21566683028581854 4782.0 14054.0 28494.0 46133.0 64626.0 82128.0 97516.0 110288.0 120364.0 127910.0 133215.0 136607.0 138412.0 138929.0 138417.0 137098.0
3 1.0 196.15794587888288 -75.40174980216058 0.7709859878532074 -0.23834712170761635 -0.40146131061817875 -0.08883535766565889 0.19167836912488787 -0.21566683028581854 7151.0 20219.0 39758.0 62784.99999999999 86147.0 107573.0 125823.99999999999 140466.0 151569.0 159472.0 164625.0 167494.0 168515.0 168075.0 166498.0 164055.0
4 1.0 152.5157277620057 -16.69658914551468 0.7709859878532074 -0.23834712170761635 -0.40146131061817875 -0.08883535766565889 0.19167836912488787 -0.21566683028581854 2769.0 7325.0 13934.0 21695.0 29673.0 37178.0 43799.0 49353.0 53813.0 57240.0 59740.0 61438.0 62458.0 62918.0 62920.00000000001 62555.0
5 1.0 232.5218807039962 -48.19785440923031 0.7709859878532074 -0.23834712170761635 -0.40146131061817875 -0.08883535766565889 0.19167836912488787 -0.21566683028581854 5448.0 16038.0 32481.999999999996 52468.0 73286.0 92837.0 109876.0 123874.0 134779.0 142814.0 148329.0 151715.0 153349.0 153573.0 152683.0 150929.0
6 1.0 157.5313960545693 -66.15222574356306 0.7709859878532074 -0.23834712170761635 -0.40146131061817875 -0.08883535766565889 0.19167836912488787 -0.21566683028581854 5179.0 15130.0 30566.0 49369.0 69031.0 87592.0 103865.0 117326.0 127901.99999999999 135778.0 141268.0 144730.0 146513.0 146935.0 146276.0 144772.0
7 1.0 321.03828028154874 -80.38310727837145 0.7709859878532074 -0.23834712170761635 -0.40146131061817875 -0.08883535766565889 0.19167836912488787 -0.21566683028581854 13187.0 32428.0 58109.0 85981.0 112507.0 135560.0 154251.0 168501.0 178677.0 185339.0 189090.0 190500.0 190071.0 188228.0 185319.0 181628.0
8 1.0 346.91859378037054 40.60698555790418 0.7709859878532074 -0.23834712170761635 -0.40146131061817875 -0.08883535766565889 0.19167836912488787 -0.21566683028581854 5637.0 14684.0 27506.0 42197.0 56926.0 70426.0 82014.0 91452.0 98776.0 104170.0 107883.0 110177.0 111302.0 111481.0 110908.0 109745.0
9 1.0 138.03894677727996 -87.94305744749441 0.7709859878532074 -0.23834712170761635 -0.40146131061817875 -0.08883535766565889 0.19167836912488787 -0.21566683028581854 10699.0 28007.0 52230.0 79381.0 105827.0 129234.99999999999 148516.0 163449.0 174312.0 181617.0 185945.0 187859.0 187863.0 186388.0 183790.0 180359.0
10 1.0 285.02101370975925 48.70453473049972 0.7709859878532074 -0.23834712170761635 -0.40146131061817875 -0.08883535766565889 0.19167836912488787 -0.21566683028581854 5799.0 16351.000000000002 32297.0 51386.0 71106.0 89552.0 105610.0 118810.0 129116.00000000001 136737.0 141998.0 145261.0 146874.0 147156.0 146381.0 144783.0
11 1.0 190.40217111104562 -63.549603827932486 0.7709859878532074 -0.23834712170761635 -0.40146131061817875 -0.08883535766565889 0.19167836912488787 -0.21566683028581854 5046.0 14883.0 30239.0 49014.0 68695.0 87303.0 103638.0 117161.0 127793.99999999999 135719.0 141250.0 144744.0 146552.0 146993.0 146347.0 144853.0
12 1.0 204.49604199381562 -75.68602513438397 0.7709859878532074 -0.23834712170761635 -0.40146131061817875 -0.08883535766565889 0.19167836912488787 -0.21566683028581854 7383.0 20758.0 40654.0 64007.99999999999 87625.0 109221.0 127567.00000000001 142244.0 153337.0 161200.0 166292.0 169088.0 170032.0 169511.0 167854.0 165333.0
13 1.0 333.214789785358 -73.87145383705104 0.7709859878532074 -0.23834712170761635 -0.40146131061817875 -0.08883535766565889 0.19167836912488787 -0.21566683028581854 14857.0 35107.0 61292.0 89096.0 115137.0 137489.0 155413.0 168931.0 178458.0 184574.0 187882.0 188946.0 188253.0 186216.0 183172.0 179390.0
14 1.0 25.5729809512393 30.968605323704594 0.7709859878532074 -0.23834712170761635 -0.40146131061817875 -0.08883535766565889 0.19167836912488787 -0.21566683028581854 10065.0 25429.0 46371.0 69477.0 91786.0 111456.0 127650.00000000001 140225.0 149424.0 155669.0 159438.0 161191.0 161340.0 160238.0 158180.0 155405.0
15 1.0 31.366547892554657 -45.83390222648794 0.7709859878532074 -0.23834712170761635 -0.40146131061817875 -0.08883535766565889 0.19167836912488787 -0.21566683028581854 20755.0 46478.0 77979.0 109966.0 138779.0 162621.0 181034.0 194323.0 203146.0 208265.0 210416.0 210250.0 208317.0 205064.0 200852.0 195964.0
16 1.0 7.278623078517259 -14.302895997582283 0.7709859878532074 -0.23834712170761635 -0.40146131061817875 -0.08883535766565889 0.19167836912488787 -0.21566683028581854 14523.0 31382.0 51430.0 71405.0 89186.0 103804.0 115065.0 123204.0 128641.0 131842.0 133251.0 133257.0 132186.0 130306.0 127832.0 124932.0
17 1.0 299.74314439725765 10.326382438305046 0.7709859878532074 -0.23834712170761635 -0.40146131061817875 -0.08883535766565889 0.19167836912488787 -0.21566683028581854 2497.0 6975.0 13799.0 22120.0 30938.0 39447.0 47128.0 53715.0 59126.0 63392.00000000001 66609.0 68901.0 70399.0 71230.0 71510.0 71341.0
18 1.0 280.13643034194615 64.89921128918289 0.7709859878532074 -0.23834712170761635 -0.40146131061817875 -0.08883535766565889 0.19167836912488787 -0.21566683028581854 9911.0 26362.0 49706.0 76143.0 102108.0 125253.0 144443.0 159408.0 170386.0 177854.0 182372.0 184487.0 184694.0 183417.0 181008.0 177756.0
19 1.0 313.2043733688549 40.8679672880391 0.7709859878532074 -0.23834712170761635 -0.40146131061817875 -0.08883535766565889 0.19167836912488787 -0.21566683028581854 3832.0 10598.0 20799.0 33113.0 46027.0 58347.0 69326.0 78604.0 86093.0 91870.0 96104.0 98996.0 100753.0 101571.0 101625.0 101066.0
20 1.0 352.30260320379506 -41.34097705703137 0.7709859878532074 -0.23834712170761635 -0.40146131061817875 -0.08883535766565889 0.19167836912488787 -0.21566683028581854 17834.0 37602.0 60476.0 82734.0 102127.0 117737.0 129491.0 137748.0 143036.0 145905.0 146860.0 146337.0 144696.0 142228.0 139163.0 135682.0
21 1.0 287.6970831180205 -66.33309612759703 0.7709859878532074 -0.23834712170761635 -0.40146131061817875 -0.08883535766565889 0.19167836912488787 -0.21566683028581854 10779.0 26856.0 48685.0 72771.0 96070.0 116661.0 133660.0 146898.0 156613.0 163239.0 167266.0 169173.0 169391.0 168288.0 166175.0 163302.0
22 1.0 166.13257041105547 -80.03262232418437 0.7709859878532074 -0.23834712170761635 -0.40146131061817875 -0.08883535766565889 0.19167836912488787 -0.21566683028581854 8173.0 22589.0 43710.0 68209.0 92739.0 114974.0 133706.0 148559.0 159671.0 167440.0 172362.0 174940.0 175636.0 174854.0 172933.0 170151.0
23 1.0 280.99050346312396 -35.712245793430355 0.7709859878532074 -0.23834712170761635 -0.40146131061817875 -0.08883535766565889 0.19167836912488787 -0.21566683028581854 5729.0 15306.0 29200.0 45390.0 61817.0 76997.0 90101.0 100812.0 109142.0 115285.0 119515.0 122130.0 123414.0 123621.0 122974.0 121660.0
24 1.0 42.57879331281596 -42.818733136857915 0.7709859878532074 -0.23834712170761635 -0.40146131061817875 -0.08883535766565889 0.19167836912488787 -0.21566683028581854 19466.0 44982.0 77015.0 110092.0 140242.0 165415.0 185002.0 199245.0 208794.0 214429.0 216916.0 216940.0 215081.0 211815.0 207523.0 202509.0
25 1.0 230.3715676779086 -7.894697975913658 0.7709859878532074 -0.23834712170761635 -0.40146131061817875 -0.08883535766565889 0.19167836912488787 -0.21566683028581854 5928.0 17093.0 34132.0 54578.0 75670.0 95323.0 112337.0 126226.0 136975.0 144833.0 150168.0 153379.0 154850.0 154925.0 153902.0 152029.0
26 1.0 51.607183467256704 32.990640398582485 0.7709859878532074 -0.23834712170761635 -0.40146131061817875 -0.08883535766565889 0.19167836912488787 -0.21566683028581854 11910.0 30527.0 56068.0 84255.0 111365.0 135098.0 154441.0 169258.0 179893.0 186907.0 190915.0 192502.0 192186.0 190405.0 187521.0 183824.0
27 1.0 340.0808101378502 35.21258021499429 0.7709859878532074 -0.23834712170761635 -0.40146131061817875 -0.08883535766565889 0.19167836912488787 -0.21566683028581854 4711.0 12273.0 23026.0 35401.0 47873.0 59365.0 69289.0 77423.0 83782.0 88511.0 91814.0 93908.0 95001.0 95282.0 94914.0 94036.0
28 1.0 187.8653958300258 -38.96660761521 0.7709859878532074 -0.23834712170761635 -0.40146131061817875 -0.08883535766565889 0.19167836912488787 -0.21566683028581854 3509.0 10282.0 20907.0 34044.0 48024.0 61479.0 73533.0 83751.0 92012.0 98390.0 103065.0 106257.0 108195.0 109096.0 109153.0 108534.0
29 1.0 149.2782983965885 -21.61314793797831 0.7709859878532074 -0.23834712170761635 -0.40146131061817875 -0.08883535766565889 0.19167836912488787 -0.21566683028581854 2587.0 6996.0 13524.0 21309.0 29411.0 37108.0 43957.0 49750.0 54443.0 58088.0 60788.0 62667.0 63851.00000000001 64455.0 64586.00000000001 64336.00000000001
0 1.0 95.24002035766571 -57.39282688735745 0.7709859878532074 -0.23834712170761635 -0.40146131061817875 -0.08883535766565889 0.19167836912488787 -0.21566683028581854 8509.0 23166.0 44439.0 68978.0 93462.0 115604.0 134224.0 148968.0 159981.0 167666.0 172519.0 175041.0 175694.0 174878.0 172931.0 170129.0
1 1.0 278.724128196318 51.93819221517336 0.7709859878532074 -0.23834712170761635 -0.40146131061817875 -0.08883535766565889 0.19167836912488787 -0.21566683028581854 7059.0 19600.0 38207.0 60100.0 82346.0 102818.0 120340.0 134481.0 145286.0 153055.0 158201.0 161157.0 162332.0 162088.0 160736.0 158534.0
2 1.0 164.21411959795748 -79.76734624201674 0.7709859878532074 -0.23834712170761635 -0.40146131061817875 -0.08883535766565889 0.19167836912488787 -0.21566683028581854 8113.0 22451.0 43482.0 67898.0 92363.0 114552.0 133256.0 148096.0 159207.0 166982.0 171915.0 174509.0 175222.0 174459.0 172556.0 169792.0
3 1.0 204.63622159271347 35.459503510497726 0.7709859878532074 -0.23834712170761635 -0.40146131061817875 -0.08883535766565889 0.19167836912488787 -0.21566683028581854 16631.0 37312.0 62890.0 89200.0 113260.0 133519.0 149490.0 161327.0 169493.0 174563.0 177112.0 177661.0 176657.0 174473.0 171411.0 167712.0
4 1.0 6.764328157087851 50.1651712693986 0.7709859878532074 -0.23834712170761635 -0.40146131061817875 -0.08883535766565889 0.19167836912488787 -0.21566683028581854 8228.0 21388.0 39849.0 60715.0 81302.0 99825.0 115395.0 127762.99999999999 137068.0 143637.0 147873.0 150179.0 150925.0 150437.0 148988.0 146805.0
5 1.0 222.34877894731574 49.93336113277556 0.7709859878532074 -0.23834712170761635 -0.40146131061817875 -0.08883535766565889 0.19167836912488787 -0.21566683028581854 17069.0 40159.0 69734.0 100804.0 129569.99999999999 153948.0 173218.0 187494.0 197312.0 203367.0 206360.0 206933.0 205637.0 202926.0 199172.0 194669.0
6 1.0 220.3544601800717 -43.303938417836115 0.7709859878532074 -0.23834712170761635 -0.40146131061817875 -0.08883535766565889 0.19167836912488787 -0.21566683028581854 4895.0 14526.0 29622.0 48127.0 67560.0 85960.0 102130.0 115535.0 126088.0 133968.0 139481.0 142980.0 144809.0 145284.0 144682.0 143238.0
7 1.0 222.0962388749125 -22.713635172138936 0.7709859878532074 -0.23834712170761635 -0.40146131061817875 -0.08883535766565889 0.19167836912488787 -0.21566683028581854 5157.0 15055.0 30366.0 48959.0 68347.0 86602.0 102572.0 115754.0 126088.0 133768.0 139106.0 142457.0 144166.0 144546.0 143870.0 142371.0
8 1.0 339.7493082652647 15.76793433535002 0.7709859878532074 -0.23834712170761635 -0.40146131061817875 -0.08883535766565889 0.19167836912488787 -0.21566683028581854 4472.0 11100.0 20131.0 30194.0 40082.0 49007.0 56577.0 62679.0 67368.0 70785.0 73102.0 74498.0 75137.0 75166.0 74711.0 73877.0
9 1.0 245.45530767725404 -40.892057563595934 0.7709859878532074 -0.23834712170761635 -0.40146131061817875 -0.08883535766565889 0.19167836912488787 -0.21566683028581854 5492.0 16060.000000000002 32391.000000000004 52176.0 72740.0 92027.0 108823.0 122616.0 133359.0 141275.0 146711.0 150051.0 151666.0 151892.0 151021.0 149298.0
10 1.0 129.42284420656296 -23.246496140780025 0.7709859878532074 -0.23834712170761635 -0.40146131061817875 -0.08883535766565889 0.19167836912488787 -0.21566683028581854 2975.0 8054.0 15584.0 24580.0 33964.0 42902.0 50875.0 57635.0 63119.99999999999 67385.0 70545.0 72739.0 74114.0 74806.0 74939.0 74621.0
11 1.0 157.33150336776293 -54.530229566584865 0.7709859878532074 -0.23834712170761635 -0.40146131061817875 -0.08883535766565889 0.19167836912488787 -0.21566683028581854 3628.0 10764.0 22096.0 36233.0 51381.0 66039.0 79227.0 90447.0 99548.0 106599.0 111787.0 115349.0 117532.0 118574.0 118686.0 118052.0
12 1.0 251.14723053381536 -7.225940923918671 0.7709859878532074 -0.23834712170761635 -0.40146131061817875 -0.08883535766565889 0.19167836912488787 -0.21566683028581854 4868.0 14450.0 29475.0 47902.0 67264.0 85605.0 101732.0 115109.0 125648.00000000001 133524.0 139041.0 142550.0 144392.0 144883.0 144299.0 142872.0
13 1.0 21.68116978653714 -81.96978577425946 0.7709859878532074 -0.23834712170761635 -0.40146131061817875 -0.08883535766565889 0.19167836912488787 -0.21566683028581854 13736.0 33949.0 60948.0 90204.0 117962.0 141991.0 161374.0 176057.0 186451.0 193162.0 196838.0 198083.0 197429.0 195323.0 192128.0 188140.0
14 1.0 240.03601756044037 53.96325922271123 0.7709859878532074 -0.23834712170761635 -0.40146131061817875 -0.08883535766565889 0.19167836912488787 -0.21566683028581854 14106.0 35151.0 63334.0 93852.0 122736.0 147646.0 167646.0 182703.0 193273.0 200008.0 203595.0 204676.0 203806.0 201451.0 197992.0 193732.0
15 1.0 241.4296330625374 -76.1478395424061 0.7709859878532074 -0.23834712170761635 -0.40146131061817875 -0.08883535766565889 0.19167836912488787 -0.21566683028581854 8839.0 23874.0 45523.0 70342.0 94983.0 117174.0 135766.0 150433.0 161343.0 168914.0 173652.0 176064.0 176614.0 175705.0 173673.0 170796.0
16 1.0 75.73772198658273 3.3903267896746883 0.7709859878532074 -0.23834712170761635 -0.40146131061817875 -0.08883535766565889 0.19167836912488787 -0.21566683028581854 10369.0 26749.0 49430.0 74704.0 99260.0 120989.0 138915.0 152844.0 163030.0 169938.0 174096.0 176017.0 176161.0 174924.0 172632.0 169552.0
17 1.0 46.41346715574719 -34.7741820818647 0.7709859878532074 -0.23834712170761635 -0.40146131061817875 -0.08883535766565889 0.19167836912488787 -0.21566683028581854 18457.0 43342.0 74974.0 107917.0 138134.0 163492.0 183317.0 197809.0 207593.0 213439.0 216108.0 216288.0 214559.0 211401.0 207200.0 202259.0
18 1.0 113.55420633270619 13.957730789647584 0.7709859878532074 -0.23834712170761635 -0.40146131061817875 -0.08883535766565889 0.19167836912488787 -0.21566683028581854 7106.0 17292.0 30861.0 45677.0 59946.0 72563.0 83028.0 91247.0 97360.0 101618.0 104307.0 105705.0 106065.0 105606.0 104512.0 102933.0
19 1.0 130.93587753934415 82.69800135001651 0.7709859878532074 -0.23834712170761635 -0.40146131061817875 -0.08883535766565889 0.19167836912488787 -0.21566683028581854 17630.0 41965.0 73234.0 106044.0 136309.0 161825.0 181859.0 196572.0 206567.0 212602.0 215438.0 215758.0 214148.0 211088.0 206967.0 202092.0
20 1.0 205.27083735043666 26.20264400208069 0.7709859878532074 -0.23834712170761635 -0.40146131061817875 -0.08883535766565889 0.19167836912488787 -0.21566683028581854 14049.0 32137.0 54974.0 78878.0 101085.0 120069.0 135276.0 146759.0 154883.0 160135.0 163023.0 164014.0 163515.0 161872.0 159364.0 156220.0
21 1.0 157.89654484643532 -83.63476156401164 0.7709859878532074 -0.23834712170761635 -0.40146131061817875 -0.08883535766565889 0.19167836912488787 -0.21566683028581854 9291.0 25067.0 47703.0 73545.0 99084.0 121972.0 141045.0 156000.0 167039.0 174618.0 179274.0 181544.0 181911.0 180794.0 178541.0 175438.0
22 1.0 355.8145817013214 -12.527560888548976 0.7709859878532074 -0.23834712170761635 -0.40146131061817875 -0.08883535766565889 0.19167836912488787 -0.21566683028581854 11840.0 25412.0 41434.0 57306.0 71374.0 82900.0 91754.0 98133.0 102375.0 104850.0 105908.0 105856.0 104954.0 103411.0 101399.0 99051.0
23 1.0 36.736131869290105 1.803033417285036 0.7709859878532074 -0.23834712170761635 -0.40146131061817875 -0.08883535766565889 0.19167836912488787 -0.21566683028581854 14009.0 33839.0 59748.0 87370.0 113259.0 135459.0 153228.0 166595.0 175984.0 181981.0 185195.0 186189.0 185450.0 183388.0 180338.0 176567.0
24 1.0 75.19563219414049 6.511949046621353 0.7709859878532074 -0.23834712170761635 -0.40146131061817875 -0.08883535766565889 0.19167836912488787 -0.21566683028581854 10543.0 27147.0 50092.0 75615.0 100374.0 122249.0 140266.0 154241.0 164436.0 171328.0 175451.0 177325.0 177414.0 176118.0 173765.0 170624.0
25 1.0 58.07142643859865 32.65065190869082 0.7709859878532074 -0.23834712170761635 -0.40146131061817875 -0.08883535766565889 0.19167836912488787 -0.21566683028581854 12067.0 30914.0 56750.0 85241.0 112622.0 136569.0 156068.0 170986.0 181675.0 188706.0 192703.0 194260.0 193899.0 192063.0 189118.0 185357.0
26 1.0 235.11899716754343 -40.032702408282105 0.7709859878532074 -0.23834712170761635 -0.40146131061817875 -0.08883535766565889 0.19167836912488787 -0.21566683028581854 5270.0 15582.0 31666.0 51284.0 71784.0 91095.0 107976.0 121886.0 132761.0 140809.0 146369.0 149820.0 151533.0 151843.0 151042.0 149377.0
27 1.0 91.18497691432157 -66.80509821606236 0.7709859878532074 -0.23834712170761635 -0.40146131061817875 -0.08883535766565889 0.19167836912488787 -0.21566683028581854 10058.0 26809.0 50572.0 77453.0 103811.0 127261.00000000001 146663.0 161756.0 172792.0 180266.0 184752.0 186808.0 186939.0 185575.0 183075.0 179728.0
28 1.0 167.87187822827028 -19.31837822152302 0.7709859878532074 -0.23834712170761635 -0.40146131061817875 -0.08883535766565889 0.19167836912488787 -0.21566683028581854 3017.0 8116.999999999999 15628.0 24544.0 33782.0 42516.0 50249.0 56750.0 61975.0 65991.0 68921.0 70909.0 72104.0 72641.0 72644.0 72220.0
29 1.0 87.99321312057698 82.1530301032708 0.7709859878532074 -0.23834712170761635 -0.40146131061817875 -0.08883535766565889 0.19167836912488787 -0.21566683028581854 16367.0 39728.0 70222.0 102577.0 132678.0 158236.0 178437.0 193383.0 203636.0 209930.0 213011.0 213558.0 212153.0 209277.0 205320.0 200591.0
0 1.0 57.2290501123871 -56.31643948484795 0.7709859878532074 -0.23834712170761635 -0.40146131061817875 -0.08883535766565889 0.19167836912488787 -0.21566683028581854 16088.000000000002 39169.0 69418.0 101623.0 131670.0 157248.0 177515.0 192548.0 202894.0 209280.0 212445.0 213068.0 211728.0 208910.0 205002.0 200314.0
1 1.0 39.73505081914985 72.71711188708267 0.7709859878532074 -0.23834712170761635 -0.40146131061817875 -0.08883535766565889 0.19167836912488787 -0.21566683028581854 13158.0 33430.0 60967.0 91077.0 119778.0 144673.0 164765.0 179977.0 190730.0 197657.0 201434.0 202693.0 201989.0 199786.0 196464.0 192329.0
2 1.0 236.27865220749842 7.885071013918747 0.7709859878532074 -0.23834712170761635 -0.40146131061817875 -0.08883535766565889 0.19167836912488787 -0.21566683028581854 7019.0 19785.0 38851.0 61325.0 84152.0 105122.0 123024.0 137425.0 148382.0 156219.0 161366.0 164275.0 165370.0 165024.0 163557.0 161232.0
3 1.0 49.74586248550097 -7.755944103762147 0.7709859878532074 -0.23834712170761635 -0.40146131061817875 -0.08883535766565889 0.19167836912488787 -0.21566683028581854 14706.0 36253.0 64780.00000000001 95401.0 124180.0 148854.0 168560.0 183317.0 193609.0 200102.0 203489.0 204408.0 203412.0 200962.0 197432.0 193122.0
4 1.0 70.76965020481926 68.76745384138013 0.7709859878532074 -0.23834712170761635 -0.40146131061817875 -0.08883535766565889 0.19167836912488787 -0.21566683028581854 14935.0 36866.0 65912.0 97081.0 126349.99999999999 151416.0 171402.0 186337.0 196720.0 203237.0 206596.0 207451.0 206366.0 203810.0 200165.0 195736.0
5 1.0 132.74106143794708 -7.451286881654539 0.7709859878532074 -0.23834712170761635 -0.40146131061817875 -0.08883535766565889 0.19167836912488787 -0.21566683028581854 3530.0 9001.0 16657.0 25383.0 34126.0 42163.0 49100.0 54792.0 59254.0 62584.0 64921.00000000001 66413.0 67203.0 67421.0 67178.0 66573.0
6 1.0 295.55756274525663 40.350174590077785 0.7709859878532074 -0.23834712170761635 -0.40146131061817875 -0.08883535766565889 0.19167836912488787 -0.21566683028581854 3963.0000000000005 11324.0 22699.0 36647.0 51422.0 65608.0 78303.0 89059.0 97757.0 104477.0 109406.0 112775.0 114826.0 115784.0 115852.0 115207.0
7 1.0 34.956459285502056 -18.17544209344163 0.7709859878532074 -0.23834712170761635 -0.40146131061817875 -0.08883535766565889 0.19167836912488787 -0.21566683028581854 17649.0 40580.0 69305.0 98979.0 126093.00000000001 148824.0 166618.0 179671.0 188539.0 193901.0 196429.0 196725.0 195306.0 192593.0 188930.0 184588.0
8 1.0 301.6601666995694 72.7279907221724 0.7709859878532074 -0.23834712170761635 -0.40146131061817875 -0.08883535766565889 0.19167836912488787 -0.21566683028581854 10700.0 28084.0 52456.0 79799.0 106444.0 130030.0 149454.0 164493.0 175427.0 182773.0 187118.0 189031.0 189020.0 187520.0 184891.0 181424.0
9 1.0 34.59542684182671 34.20450363442093 0.7709859878532074 -0.23834712170761635 -0.40146131061817875 -0.08883535766565889 0.19167836912488787 -0.21566683028581854 10842.0 27647.0 50669.0 76108.0 100653.0 122242.0 139951.0 153631.0 163566.0 170238.0 174187.0 175927.0 175919.0 174555.0 172161.0 168999.0
10 1.0 351.5254074048225 35.931969765093015 0.7709859878532074 -0.23834712170761635 -0.40146131061817875 -0.08883535766565889 0.19167836912488787 -0.21566683028581854 5855.0 15047.0 27909.0 42496.0 56988.0 70157.0 81366.0 90412.0 97358.0 102407.0 105817.0 107855.0 108772.0 108787.0 108091.0 106842.0
11 1.0 168.71443259317257 -31.010327719718596 0.7709859878532074 -0.23834712170761635 -0.40146131061817875 -0.08883535766565889 0.19167836912488787 -0.21566683028581854 2768.0 7851.0 15678.999999999998 25280.0 35478.0 45318.0 54181.0 61753.0 67938.0 72777.0 76387.0 78917.0 80527.0 81368.0 81577.0 81276.0
12 1.0 351.6339917485214 46.22015569264005 0.7709859878532074 -0.23834712170761635 -0.40146131061817875 -0.08883535766565889 0.19167836912488787 -0.21566683028581854 6477.0 16934.0 31765.0 48735.0 65698.0 81174.0 94379.0 105048.0 113240.0 119185.0 123187.0 125560.0 126600.99999999999 126575.0 125707.00000000001 124186.0
13 1.0 217.74438710821656 24.490989980485438 0.7709859878532074 -0.23834712170761635 -0.40146131061817875 -0.08883535766565889 0.19167836912488787 -0.21566683028581854 12546.0 30372.0 53969.0 79510.0 103830.0 125028.0 142297.0 155553.0 165111.0 171464.0 175149.0 176677.0 176500.0 175002.0 172502.0 169258.0
14 1.0 266.1348885833886 -46.79635079165228 0.7709859878532074 -0.23834712170761635 -0.40146131061817875 -0.08883535766565889 0.19167836912488787 -0.21566683028581854 6524.0 17940.0 34772.0 54522.0 74587.0 93084.0 108970.0 121855.0 131770.0 138971.0 143818.0 146690.0 147948.0 147914.0 146863.0 145027.0
15 1.0 14.107605211555443 -61.103011952653844 0.7709859878532074 -0.23834712170761635 -0.40146131061817875 -0.08883535766565889 0.19167836912488787 -0.21566683028581854 19555.0 43801.0 73596.0 103993.0 131523.0 154444.0 172274.0 185263.0 194006.0 199206.0 201551.0 201654.0 200038.0 197129.0 193273.0 188744.0
16 1.0 101.81050652750744 53.35046541311971 0.7709859878532074 -0.23834712170761635 -0.40146131061817875 -0.08883535766565889 0.19167836912488787 -0.21566683028581854 15268.0 35815.0 62031.0 89511.0 114939.0 136514.0 153617.0 166351.0 175183.0 180714.0 183553.0 184256.0 183300.0 181084.0 177930.0 174097.0
17 1.0 43.270762036740805 82.64998854634004 0.7709859878532074 -0.23834712170761635 -0.40146131061817875 -0.08883535766565889 0.19167836912488787 -0.21566683028581854 14768.0 36761.0 66074.0 97650.0 127372.99999999999 152862.0 173200.0 188402.0 198970.0 205602.0 209018.0 209885.0 208778.0 206177.0 202469.0 197966.0
18 1.0 106.61047110797217 -7.535011093192281 0.7709859878532074 -0.23834712170761635 -0.40146131061817875 -0.08883535766565889 0.19167836912488787 -0.21566683028581854 5433.0 14087.0 26306.0 40271.0 54248.0 67037.0 78001.0 86921.0 93835.0 98924.0 102425.0 104588.0 105651.0 105823.0 105289.0 104199.0
19 1.0 42.74197882352786 16.377149758263286 0.7709859878532074 -0.23834712170761635 -0.40146131061817875 -0.08883535766565889 0.19167836912488787 -0.21566683028581854 12357.0 31076.0 56360.0 83961.0 110300.0 133221.0 151814.0 165992.0 176119.0 182753.0 186495.0 187914.0 187508.0 185700.0 182837.0 179198.0
20 1.0 114.47394458183138 64.39007595483983 0.7709859878532074 -0.23834712170761635 -0.40146131061817875 -0.08883535766565889 0.19167836912488787 -0.21566683028581854 17645.0 40594.0 69355.0 99072.0 126230.00000000001 149002.0 166828.0 179905.0 188790.0 194163.0 196696.0 196994.0 195573.0 192856.0 189188.0 184839.0
21 1.0 149.13467802528118 -7.699778396305732 0.7709859878532074 -0.23834712170761635 -0.40146131061817875 -0.08883535766565889 0.19167836912488787 -0.21566683028581854 3284.0 8297.0 15269.0 23182.0 31086.0 38329.0 44561.0 49661.0 53647.0 56614.0 58691.0 60015.0 60716.0 60910.0 60699.0 60169.0
22 1.0 23.09309868556237 81.3374058298925 0.7709859878532074 -0.23834712170761635 -0.40146131061817875 -0.08883535766565889 0.19167836912488787 -0.21566683028581854 13839.0 34894.0 63280.0 94126.0 123370.0 148610.0 168875.0 184128.0 194830.0 201642.0 205265.0 206348.0 205457.0 203066.0 199558.0 195244.0
23 1.0 249.28996297320714 13.63520916807704 0.7709859878532074 -0.23834712170761635 -0.40146131061817875 -0.08883535766565889 0.19167836912488787 -0.21566683028581854 5952.0 17306.0 34734.0 55715.0 77388.0 97589.0 115067.0 129316.99999999999 140322.0 148343.0 153763.0 156997.0 158444.0 158459.0 157349.0 155372.0
24 1.0 203.97652351436705 57.738081726236686 0.7709859878532074 -0.23834712170761635 -0.40146131061817875 -0.08883535766565889 0.19167836912488787 -0.21566683028581854 20099.0 45181.0 76052.0 107548.0 136046.0 159733.0 178114.0 191457.0 200390.0 205652.0 207960.0 207956.0 206182.0 203082.0 199014.0 194262.0
25 1.0 95.54021673820034 73.5918693142929 0.7709859878532074 -0.23834712170761635 -0.40146131061817875 -0.08883535766565889 0.19167836912488787 -0.21566683028581854 16846.0 40260.0 70465.0 102270.0 131709.0 156619.0 176257.0 190754.0 200675.0 206744.0 209689.0 210170.0 208754.0 205910.0 202013.0 197366.0
26 1.0 188.36929924801188 56.7942873783424 0.7709859878532074 -0.23834712170761635 -0.40146131061817875 -0.08883535766565889 0.19167836912488787 -0.21566683028581854 20827.0 45563.0 75290.0 105100.0 131725.0 153623.0 170455.0 182550.0 190539.0 195131.0 197006.0 196763.0 194903.0 191838.0 187897.0 183338.0
27 1.0 33.818583873039 -61.30539657918793 0.7709859878532074 -0.23834712170761635 -0.40146131061817875 -0.08883535766565889 0.19167836912488787 -0.21566683028581854 18847.0 43525.0 74586.0 106773.0 136228.0 160930.0 180249.0 194385.0 203947.0 209679.0 212318.0 212527.0 210871.0 207817.0 203737.0 198929.0
28 1.0 207.34073840022455 23.201719031106066 0.7709859878532074 -0.23834712170761635 -0.40146131061817875 -0.08883535766565889 0.19167836912488787 -0.21566683028581854 13086.0 30424.0 52647.0 76185.0 98262.0 117298.0 132675.0 144394.0 152780.0 158301.0 161444.0 162672.0 162388.0 160934.0 158593.0 155593.0
29 1.0 334.5466311274371 -18.28183344845813 0.7709859878532074 -0.23834712170761635 -0.40146131061817875 -0.08883535766565889 0.19167836912488787 -0.21566683028581854 8807.0 19034.0 31170.0 43223.0 53912.0 62661.99999999999 69373.0 74198.0 77402.0 79271.0 80076.0 80052.0 79395.0 78262.0 76782.0 75055.0
0 1.0 114.68482288247652 -78.71166863579778 0.7709859878532074 -0.23834712170761635 -0.40146131061817875 -0.08883535766565889 0.19167836912488787 -0.21566683028581854 9424.0 25402.0 48294.0 74388.0 100138.0 123180.0 142351.0 157354.0 168404.0 175965.0 180586.0 182807.0 183118.0 181941.0 179628.0 176465.0
1 1.0 240.2677367869254 -13.674194659828444 0.7709859878532074 -0.23834712170761635 -0.40146131061817875 -0.08883535766565889 0.19167836912488787 -0.21566683028581854 5287.0 15625.0 31742.0 51394.0 71923.0 91255.0 108148.0 122064.0 132939.0 140983.0 146536.0 149979.0 151682.0 151982.0 151172.0 149497.0
2 1.0 47.447230465581185 -43.436867959906614 0.7709859878532074 -0.23834712170761635 -0.40146131061817875 -0.08883535766565889 0.19167836912488787 -0.21566683028581854 18562.0 43610.0 75470.0 108663.0 139114.0 164666.0 184636.0 199225.0 209065.0 214932.0 217598.0 217753.0 215987.0 212782.0 208527.0 203531.0
3 1.0 257.8777934826836 62.82689551713193 0.7709859878532074 -0.23834712170761635 -0.40146131061817875 -0.08883535766565889 0.19167836912488787 -0.21566683028581854 12311.0 31690.999999999996 58326.0 87710.0 115925.0 140556.0 160561.0 175810.0 186684.0 193781.0 197755.0 199224.0 198731.0 196733.0 193609.0 189659.0
4 1.0 104.1861934609924 -84.00516722159469 0.7709859878532074 -0.23834712170761635 -0.40146131061817875 -0.08883535766565889 0.19167836912488787 -0.21566683028581854 10704.0 28104.0 52495.0 79850.0 106498.0 130079.0 149494.0 164521.0 175443.0 182777.0 187112.0 189015.0 188997.0 187491.0 184857.0 181387.0
5 1.0 65.94889032256206 82.61688993542523 0.7709859878532074 -0.23834712170761635 -0.40146131061817875 -0.08883535766565889 0.19167836912488787 -0.21566683028581854 15566.0 38286.0 68264.0 100317.0 130314.00000000001 155909.0 176235.0 191348.0 201783.0 208259.0 211511.0 212215.0 210951.0 208200.0 204354.0 199722.0
6 1.0 211.14465653162995 -26.033607275052667 0.7709859878532074 -0.23834712170761635 -0.40146131061817875 -0.08883535766565889 0.19167836912488787 -0.21566683028581854 4688.0 13598.0 27354.0 44078.0 61572.0 78115.0 92666.0 104756.0 114311.0 121487.0 126549.0 129807.0 131564.0 132100.0 131658.0 130449.00000000001
7 1.0 7.238716627497679 -25.792759727542276 0.7709859878532074 -0.23834712170761635 -0.40146131061817875 -0.08883535766565889 0.19167836912488787 -0.21566683028581854 17447.0 37008.0 59804.0 82125.0 101681.0 117504.0 129476.00000000001 137932.0 143387.0 146387.0 147441.0 146989.0 145397.0 142961.0 139915.0 136444.0
8 1.0 298.4184105182507 -87.06086951693258 0.7709859878532074 -0.23834712170761635 -0.40146131061817875 -0.08883535766565889 0.19167836912488787 -0.21566683028581854 11527.0 29532.0 54330.0 81821.0 108389.0 131759.0 150904.0 165652.0 176312.0 183415.0 187553.0 189294.0 189143.0 187530.0 184811.0 181274.0
9 1.0 1.6903714293169436 -56.65818145748689 0.7709859878532074 -0.23834712170761635 -0.40146131061817875 -0.08883535766565889 0.19167836912488787 -0.21566683028581854 19444.0 42528.0 70325.0 98285.0 123356.0 144076.0 160098.0 171704.0 179462.0 184023.0 186013.0 185988.0 184418.0 181689.0 178110.0 173927.0
10 1.0 244.01395324664284 -17.773289855350427 0.7709859878532074 -0.23834712170761635 -0.40146131061817875 -0.08883535766565889 0.19167836912488787 -0.21566683028581854 5095.0 15110.0 30778.0 49943.0 70019.0 88976.0 105588.0 119312.0 130075.0 138071.0 143626.0 147107.0 148875.0 149258.0 148542.0 146969.0
11 1.0 97.20287034917935 77.27245511448851 0.7709859878532074 -0.23834712170761635 -0.40146131061817875 -0.08883535766565889 0.19167836912488787 -0.21566683028581854 16939.0 40583.0 71134.0 103331.0 133141.0 158361.0 178235.0 192895.0 202916.0 209031.0 211982.0 212439.0 210978.0 208072.0 204105.0 199381.0
12 1.0 264.66984796413414 -72.06931256017117 0.7709859878532074 -0.23834712170761635 -0.40146131061817875 -0.08883535766565889 0.19167836912488787 -0.21566683028581854 9564.0 25087.0 46972.0 71722.0 96070.0 117852.0 136007.0 150264.0 160819.0 168098.0 172607.0 174848.0 175274.0 174281.0 172197.0 169293.0
13 1.0 346.38787624227774 80.15427602623433 0.7709859878532074 -0.23834712170761635 -0.40146131061817875 -0.08883535766565889 0.19167836912488787 -0.21566683028581854 12644.0 32374.0 59362.0 89029.0 117433.0 142166.0 162202.0 177434.0 188258.0 195285.0 199179.0 200564.0 199985.0 197905.0 194702.0 190678.0
14 1.0 89.55113166718489 66.5079354983938 0.7709859878532074 -0.23834712170761635 -0.40146131061817875 -0.08883535766565889 0.19167836912488787 -0.21566683028581854 16096.0 38654.0 67892.0 98803.0 127523.0 151915.0 171226.0 185553.0 195428.0 201541.0 204594.0 205227.0 203991.0 201340.0 197646.0 193203.0
15 1.0 207.4166403904213 -8.25076855664068 0.7709859878532074 -0.23834712170761635 -0.40146131061817875 -0.08883535766565889 0.19167836912488787 -0.21566683028581854 6011.0 16180.0 30994.0 48285.0 65834.0 82038.0 96006.0 107399.0 116233.0 122719.0 127156.99999999999 129868.00000000001 131158.0 131302.0 130538.99999999999 129069.99999999999
16 1.0 213.13509525786205 -31.19384128171319 0.7709859878532074 -0.23834712170761635 -0.40146131061817875 -0.08883535766565889 0.19167836912488787 -0.21566683028581854 4629.0 13582.0 27523.0 44564.0 62454.0 79410.0 94347.0 106771.0 116597.0 123981.0 129196.0 132557.0 134377.0 134944.0 134507.0 133283.0
17 1.0 206.01068608471442 -48.10605672976977 0.7709859878532074 -0.23834712170761635 -0.40146131061817875 -0.08883535766565889 0.19167836912488787 -0.21566683028581854 4456.0 13241.0 27070.0 44112.0 62117.0 79272.0 94452.0 107131.0 117201.0 124802.0 130202.00000000001 133714.0 135653.0 136307.0 135933.0 134748.0
18 1.0 80.30938775062259 20.603647165837387 0.7709859878532074 -0.23834712170761635 -0.40146131061817875 -0.08883535766565889 0.19167836912488787 -0.21566683028581854 10778.0 27353.0 49981.0 74933.0 98980.0 120115.0 137446.0 150831.0 160551.0 167080.0 170944.0 172648.0 172642.0 171310.0 168969.0 165878.0
19 1.0 342.9896441461146 -84.04657353440899 0.7709859878532074 -0.23834712170761635 -0.40146131061817875 -0.08883535766565889 0.19167836912488787 -0.21566683028581854 12953.0 32269.0 58277.0 86651.0 113733.0 137311.0 156441.0 171030.0 181447.0 188263.0 192097.0 193534.0 193090.0 191200.0 188223.0 184447.0
20 1.0 160.96513630234585 -87.19090839957092 0.7709859878532074 -0.23834712170761635 -0.40146131061817875 -0.08883535766565889 0.19167836912488787 -0.21566683028581854 10332.0 27245.0 51058.0 77868.0 104076.0 127345.00000000001 146567.0 161500.0 172405.0 179777.0 184188.0 186191.0 186288.0 184904.0 182395.0 179049.0
21 1.0 304.707122089606 -12.816769950317195 0.7709859878532074 -0.23834712170761635 -0.40146131061817875 -0.08883535766565889 0.19167836912488787 -0.21566683028581854 3768.0 9630.0 17888.0 27363.0 36912.0 45730.0 53373.0 59671.0 64629.00000000001 68351.0 70987.0 72698.0 73639.0 73952.0 73758.0 73164.0
22 1.0 251.81253911430156 -77.74666668455036 0.7709859878532074 -0.23834712170761635 -0.40146131061817875 -0.08883535766565889 0.19167836912488787 -0.21566683028581854 9574.0 25380.0 47803.0 73235.0 98279.0 120680.0 139332.0 153953.0 164750.0 172167.0 176731.0 178961.0 179330.0 178245.0 176047.0 173014.0
23 1.0 107.07730230784811 -44.65062211570328 0.7709859878532074 -0.23834712170761635 -0.40146131061817875 -0.08883535766565889 0.19167836912488787 -0.21566683028581854 5536.0 15462.0 30400.0 48267.0 66747.0 84080.0 99223.0 111729.0 121551.0 128872.99999999999 133989.0 137227.0 138909.0 139329.0 138742.0 137367.0
24 1.0 292.9672150928918 -50.19103523770491 0.7709859878532074 -0.23834712170761635 -0.40146131061817875 -0.08883535766565889 0.19167836912488787 -0.21566683028581854 8917.0 21918.0 39491.0 58909.0 77794.0 94622.0 108667.0 119757.0 128049.0 133858.0 137556.0 139511.0 140061.0 139500.0 138074.0 135990.0
25 1.0 142.74206670491446 -44.425585129886656 0.7709859878532074 -0.23834712170761635 -0.40146131061817875 -0.08883535766565889 0.19167836912488787 -0.21566683028581854 2973.0 8674.0 17679.0 28934.0 41061.0 52888.0 63630.99999999999 72870.0 80462.0 86437.0 90926.0 94104.0 96160.0 97278.0 97624.0 97344.0
26 1.0 317.1971509600182 -66.4100583812536 0.7709859878532074 -0.23834712170761635 -0.40146131061817875 -0.08883535766565889 0.19167836912488787 -0.21566683028581854 13923.0 32515.000000000004 56396.0 81695.0 105400.0 125794.99999999999 142220.0 154684.0 163550.0 169327.0 172552.0 173725.0 173285.0 171601.0 168978.0 165662.0
27 1.0 209.25823414890914 -87.83347987842222 0.7709859878532074 -0.23834712170761635 -0.40146131061817875 -0.08883535766565889 0.19167836912488787 -0.21566683028581854 10551.0 27652.0 51620.0 78523.0 104764.0 128023.0 147209.0 162094.0 172945.0 180263.0 184623.0 186581.0 186637.0 185217.0 182676.0 179302.0
28 1.0 317.424730267747 -69.21282651502534 0.7709859878532074 -0.23834712170761635 -0.40146131061817875 -0.08883535766565889 0.19167836912488787 -0.21566683028581854 13906.0 32777.0 57192.0 83178.0 107599.0 128651.99999999999 145629.0 158522.0 167699.0 173681.0 177023.0 178242.0 177791.0 176056.0 173350.0 169930.0
29 1.0 249.3113724279957 21.32644671229461 0.7709859878532074 -0.23834712170761635 -0.40146131061817875 -0.08883535766565889 0.19167836912488787 -0.21566683028581854 6738.0 19232.0 38080.0 60449.0 83279.0 104326.0 122346.0 136878.0 147964.0 155916.0 161163.0 164156.0 165318.0 165027.0 163602.0 161310.0
0 1.0 261.09154073507057 85.36611830724905 0.7709859878532074 -0.23834712170761635 -0.40146131061817875 -0.08883535766565889 0.19167836912488787 -0.21566683028581854 15452.0 38123.0 68112.0 100233.0 130329.0 156030.0 176452.0 191646.0 202143.0 208663.0 211945.0 212666.0 211410.0 208660.0 204808.0 200167.0
1 1.0 180.47677749361281 88.26210028096091 0.7709859878532074 -0.23834712170761635 -0.40146131061817875 -0.08883535766565889 0.19167836912488787 -0.21566683028581854 16337.999999999998 39770.0 70422.0 102989.0 133309.0 159064.0 179423.0 194485.0 204814.0 211151.0 214249.0 214792.0 213368.0 210463.0 206470.0 201700.0
2 1.0 344.1901085003606 -16.37026283284891 0.7709859878532074 -0.23834712170761635 -0.40146131061817875 -0.08883535766565889 0.19167836912488787 -0.21566683028581854 10419.0 22236.0 36057.0 49605.0 61466.0 71041.0 78263.0 83342.0 86601.0 88377.0 88986.0 88695.0 87726.0 86258.0 84431.0 82355.0
3 1.0 231.83647172266947 -60.66820331161104 0.7709859878532074 -0.23834712170761635 -0.40146131061817875 -0.08883535766565889 0.19167836912488787 -0.21566683028581854 6281.0 18108.0 36116.0 57652.0 79776.0 100297.0 117971.0 132314.0 143334.0 151314.0 156654.0 159784.0 161113.0 161003.0 159766.0 157664.0
4 1.0 152.5878174809447 24.977116325975274 0.7709859878532074 -0.23834712170761635 -0.40146131061817875 -0.08883535766565889 0.19167836912488787 -0.21566683028581854 11226.0 23838.0 38509.0 52819.0 65289.0 75303.0 82810.0 88043.0 91350.0 93097.0 93618.0 93198.0 92073.0 90433.0 88424.0 86164.0
5 1.0 218.30155708605275 -1.7450376212273113 0.7709859878532074 -0.23834712170761635 -0.40146131061817875 -0.08883535766565889 0.19167836912488787 -0.21566683028581854 6974.0 18910.0 36310.0 56556.0 76992.0 95729.0 111741.0 124664.0 134552.0 141684.0 146433.0 149191.0 150326.0 150165.0 148989.0 147030.0
6 1.0 6.909551391360069 88.09375991119765 0.7709859878532074 -0.23834712170761635 -0.40146131061817875 -0.08883535766565889 0.19167836912488787 -0.21566683028581854 15282.0 37785.0 67603.0 99582.0 129575.0 155211.0 175601.0 190786.0 201293.0 207834.0 211144.0 211897.0 210675.0 207961.0 204145.0 199538.0
7 1.0 108.56693400283775 -78.24524271267956 0.7709859878532074 -0.23834712170761635 -0.40146131061817875 -0.08883535766565889 0.19167836912488787 -0.21566683028581854 9715.0 26044.0 49329.0 75773.0 101789.0 125005.0 144270.0 159304.0 170340.0 177856.0 182411.0 184555.0 184783.0 183520.0 181122.0 177876.0
8 1.0 237.66247349736662 50.98219889648635 0.7709859878532074 -0.23834712170761635 -0.40146131061817875 -0.08883535766565889 0.19167836912488787 -0.21566683028581854 14156.0 35161.0 63236.0 93609.0 122346.0 147128.0 167028.0 182016.0 192542.0 199255.0 202838.0 203925.0 203071.0 200738.0 197304.0 193072.0
9 1.0 104.42793859575987 -38.0882704803311 0.7709859878532074 -0.23834712170761635 -0.40146131061817875 -0.08883535766565889 0.19167836912488787 -0.21566683028581854 5459.0 15093.0 29491.0 46648.0 64364.00000000001 80972.0 95488.0 107488.0 116926.0 123976.0 128915.0 132055.0 133703.0 134139.0 133606.0 132313.0
10 1.0 222.48555443958296 -46.54464838621668 0.7709859878532074 -0.23834712170761635 -0.40146131061817875 -0.08883535766565889 0.19167836912488787 -0.21566683028581854 5045.0 14957.0 30467.0 49447.0 69345.0 88150.0 104643.0 118286.0 128997.0 136969.0 142519.0 146012.0 147803.0 148217.0 147536.0 146002.0
11 1.0 154.35673234047582 29.250822875881667 0.7709859878532074 -0.23834712170761635 -0.40146131061817875 -0.08883535766565889 0.19167836912488787 -0.21566683028581854 12794.0 26991.0 43381.0 59261.0 73008.0 83973.0 92123.0 97739.0 101218.0 102973.0 103379.0 102755.0 101364.0 99414.0 97071.0 94462.0
12 1.0 48.770663120082084 -45.70862670162639 0.7709859878532074 -0.23834712170761635 -0.40146131061817875 -0.08883535766565889 0.19167836912488787 -0.21566683028581854 18299.0 43194.0 74983.0 108193.0 138722.0 164383.0 184470.0 199169.0 209104.0 215051.0 217781.0 217986.0 216257.0 213079.0 208844.0 203859.0
13 1.0 107.38163734417108 29.854641160653784 0.7709859878532074 -0.23834712170761635 -0.40146131061817875 -0.08883535766565889 0.19167836912488787 -0.21566683028581854 10471.0 24877.0 43582.0 63545.00000000001 82364.0 98654.0 111864.0 121975.0 129255.00000000001 134091.0 136900.0 138069.0 137942.0 136811.0 134916.0 132452.0
14 1.0 205.18736785245537 3.11553309641198 0.7709859878532074 -0.23834712170761635 -0.40146131061817875 -0.08883535766565889 0.19167836912488787 -0.21566683028581854 7896.999999999999 19857.0 36348.0 54847.0 73058.0 89456.0 103276.0 114298.0 122634.0 128563.00000000001 132431.0 134586.0 135352.0 135013.0 133810.0 131944.0
15 1.0 212.71419404934235 -13.663982081547132 0.7709859878532074 -0.23834712170761635 -0.40146131061817875 -0.08883535766565889 0.19167836912488787 -0.21566683028581854 5542.0 15510.0 30455.0 48238.0 66526.0 83578.0 98388.0 110543.0 120024.0 127033.0 131874.0 134879.0 136371.0 136641.0 135941.0 134484.0
16 1.0 206.75708958584838 9.843805559055411 0.7709859878532074 -0.23834712170761635 -0.40146131061817875 -0.08883535766565889 0.19167836912488787 -0.21566683028581854 9496.0 23193.0 41591.0 61815.0 81392.0 98761.0 113193.0 124534.0 132962.0 138818.0 142495.0 144379.0 144823.0 144130.0 142558.0 140318.0
17 1.0 235.1522951485681 -38.330726414466646 0.7709859878532074 -0.23834712170761635 -0.40146131061817875 -0.08883535766565889 0.19167836912488787 -0.21566683028581854 5233.0 15489.0 31496.000000000004 51036.0 71467.0 90723.0 107565.0 121451.0 132314.0 140360.0 145924.0 149384.0 151110.0 151435.0 150651.0 149003.0
18 1.0 234.757177200608 37.1834471291362 0.7709859878532074 -0.23834712170761635 -0.40146131061817875 -0.08883535766565889 0.19167836912488787 -0.21566683028581854 12341.0 31249.0 57014.0 85342.0 112528.0 136290.0 155636.0 170436.0 181042.0 188019.0 191986.0 193529.0 193168.0 191341.0 188412.0 184670.0
19 1.0 155.31063675623062 -15.325763519958471 0.7709859878532074 -0.23834712170761635 -0.40146131061817875 -0.08883535766565889 0.19167836912488787 -0.21566683028581854 2851.0 7497.0 14201.0 22038.0 30064.0 37588.0 44208.0 49750.0 54190.0 57595.0 60076.0 61758.0 62766.0 63216.99999999999 63214.00000000001 62846.0
20 1.0 322.75677450638267 -25.101799112539396 0.7709859878532074 -0.23834712170761635 -0.40146131061817875 -0.08883535766565889 0.19167836912488787 -0.21566683028581854 8059.999999999999 17841.0 29804.0 42040.0 53225.0 62683.0 70207.0 75866.0 79861.0 82444.0 83864.0 84352.0 84104.0 83289.0 82043.0 80478.0
21 1.0 132.32227321724275 59.158244620032804 0.7709859878532074 -0.23834712170761635 -0.40146131061817875 -0.08883535766565889 0.19167836912488787 -0.21566683028581854 18370.0 40746.0 67960.0 95497.0 120278.0 140805.0 156705.0 168241.0 175972.0 180540.0 182564.0 182597.0 181102.0 178462.0 174981.0 170903.0
22 1.0 156.91137309562566 76.4940441515746 0.7709859878532074 -0.23834712170761635 -0.40146131061817875 -0.08883535766565889 0.19167836912488787 -0.21566683028581854 19382.0 44645.0 76278.0 108887.0 138581.0 163359.0 182636.0 196656.0 206060.0 211615.0 214075.0 214112.0 212296.0 209094.0 204882.0 199956.0
23 1.0 321.092407805642 -81.71868404028655 0.7709859878532074 -0.23834712170761635 -0.40146131061817875 -0.08883535766565889 0.19167836912488787 -0.21566683028581854 12958.0 32077.0 57725.0 85652.0 112291.0 135482.0 154309.0 168682.0 178961.0 185704.0 189517.0 190971.0 190572.0 188747.0 185847.0 182158.0
24 1.0 290.22983605659084 -48.12714129064221 0.7709859878532074 -0.23834712170761635 -0.40146131061817875 -0.08883535766565889 0.19167836912488787 -0.21566683028581854 8285.0 20648.0 37563.0 56429.0 74913.0 91492.0 105411.0 116470.0 124797.0 130686.0 134492.0 136571.0 137254.0 136828.0 135537.0 133583.0
25 1.0 253.39989007453187 -27.266513491338614 0.7709859878532074 -0.23834712170761635 -0.40146131061817875 -0.08883535766565889 0.19167836912488787 -0.21566683028581854 5006.0 14701.0 29770.0 48136.0 67344.0 85473.0 101366.0 114515.0 124846.0 132545.0 137918.0 141313.0 143070.0 143502.0 142878.0 141429.0
26 1.0 36.0816794324284 56.693966286644525 0.7709859878532074 -0.23834712170761635 -0.40146131061817875 -0.08883535766565889 0.19167836912488787 -0.21566683028581854 11320.0 29186.0 53863.0 81259.0 107753.0 131067.99999999999 150177.0 164904.0 175556.0 182662.0 186811.0 188568.0 188438.0 186850.0 184157.0 180647.0
27 1.0 331.0137409480825 87.38845697579356 0.7709859878532074 -0.23834712170761635 -0.40146131061817875 -0.08883535766565889 0.19167836912488787 -0.21566683028581854 14996.0 37242.0 66833.0 98657.0 128570.99999999999 154192.0 174608.0 189845.0 200416.0 207027.0 210407.0 211228.0 210069.0 207412.0 203648.0 199089.0
28 1.0 257.1268678376801 84.41490684066332 0.7709859878532074 -0.23834712170761635 -0.40146131061817875 -0.08883535766565889 0.19167836912488787 -0.21566683028581854 15495.0 38207.0 68239.0 100397.0 130520.0 156240.0 176673.0 191872.0 202371.0 208889.0 212166.0 212881.0 211618.0 208860.0 205001.0 200352.0
29 1.0 359.5849223644319 72.89070219898684 0.7709859878532074 -0.23834712170761635 -0.40146131061817875 -0.08883535766565889 0.19167836912488787 -0.21566683028581854 11021.0 28669.0 53240.0 80675.0 107320.0 130844.99999999999 150176.0 165112.0 175944.0 183197.0 187459.0 189301.0 189231.0 187681.0 185010.0 181509.0
0 1.0 53.80138967687775 -36.619872288474625 0.7709859878532074 -0.23834712170761635 -0.40146131061817875 -0.08883535766565889 0.19167836912488787 -0.21566683028581854 16887.0 40751.0 71752.0 104526.0 134923.0 160660.0 180944.0 195899.0 206108.0 212325.0 215307.0 215744.0 214223.0 211232.0 207161.0 202323.0
1 1.0 312.52538065255715 88.56202381460534 0.7709859878532074 -0.23834712170761635 -0.40146131061817875 -0.08883535766565889 0.19167836912488787 -0.21566683028581854 15416.0 38050.0 67999.0 100083.0 130148.00000000001 155827.0 176235.0 191421.0 201916.0 208438.0 211725.0 212452.0 211203.0 208461.0 204618.0 199986.0
2 1.0 58.497456483494936 -45.10439260983878 0.7709859878532074 -0.23834712170761635 -0.40146131061817875 -0.08883535766565889 0.19167836912488787 -0.21566683028581854 16043.000000000002 39222.0 69662.0 102099.0 132369.0 158133.0 178538.0 193665.0 204067.0 210477.0 213644.0 214250.0 212884.0 210030.0 206083.0 201353.0
3 1.0 221.6014431421839 -70.9368921211982 0.7709859878532074 -0.23834712170761635 -0.40146131061817875 -0.08883535766565889 0.19167836912488787 -0.21566683028581854 7103.0 20086.0 39506.0 62405.0 85650.0 106982.0 125167.0 139769.0 150853.0 158753.0 163916.0 166803.0 167850.0 167437.0 165890.0 163478.0
4 1.0 44.57519382579895 81.17146998997094 0.7709859878532074 -0.23834712170761635 -0.40146131061817875 -0.08883535766565889 0.19167836912488787 -0.21566683028581854 14594.0 36408.0 65538.0 96965.0 126584.0 152013.0 172325.0 187527.0 198113.0 204774.0 208226.0 209132.0 208066.0 205504.0 201836.0 197370.0
5 1.0 305.2829625560044 -47.98435401574267 0.7709859878532074 -0.23834712170761635 -0.40146131061817875 -0.08883535766565889 0.19167836912488787 -0.21566683028581854 10038.0 23490.0 40918.0 59588.0 77318.0 92810.0 105514.0 115370.0 122593.0 127516.99999999999 130512.99999999999 131935.0 132099.0 131279.0 129700.00000000001 127549.0
6 1.0 290.63482514100383 34.15828771399508 0.7709859878532074 -0.23834712170761635 -0.40146131061817875 -0.08883535766565889 0.19167836912488787 -0.21566683028581854 3512.0 10189.0 20652.0 33624.0 47490.0 60909.0 73007.0 83334.0 91753.0 98319.0 103196.0 106593.0 108731.0 109820.0 110050.0 109589.0
7 1.0 204.8762659012536 -79.49585538349405 0.7709859878532074 -0.23834712170761635 -0.40146131061817875 -0.08883535766565889 0.19167836912488787 -0.21566683028581854 8246.0 22719.0 43871.0 68366.0 92863.0 115048.0 133723.0 148522.0 159585.0 167313.0 172201.0 174753.0 175429.0 174633.0 172701.0 169913.0
8 1.0 146.58598700135988 41.52763784294572 0.7709859878532074 -0.23834712170761635 -0.40146131061817875 -0.08883535766565889 0.19167836912488787 -0.21566683028581854 15785.0 33503.0 54165.0 74411.0 92166.0 106550.0 117455.0 125178.00000000001 130180.99999999999 132957.0 133963.0 133597.0 132189.0 130007.00000000001 127265.99999999999 124132.0
9 1.0 24.900118363849696 68.70963822009114 0.7709859878532074 -0.23834712170761635 -0.40146131061817875 -0.08883535766565889 0.19167836912488787 -0.21566683028581854 11640.0 30040.0 55451.0 83634.0 110845.0 134737.0 154263.0 169258.0 180052.0 187198.0 191312.0 192981.0 192725.0 190987.0 188129.0 184448.0
10 1.0 251.07435833204292 -40.96135881612675 0.7709859878532074 -0.23834712170761635 -0.40146131061817875 -0.08883535766565889 0.19167836912488787 -0.21566683028581854 5613.0 16261.000000000002 32598.000000000004 52294.0 72700.0 91794.0 108392.0 122004.0 132593.0 140387.0 145729.0 149003.0 150574.0 150776.0 149896.0 148176.0
11 1.0 163.27536576410478 -21.76975870606286 0.7709859878532074 -0.23834712170761635 -0.40146131061817875 -0.08883535766565889 0.19167836912488787 -0.21566683028581854 2764.0 7524.0 14609.0 23087.0 31926.999999999996 40332.0 47809.0 54125.0 59229.0 63175.99999999999 66081.0 68081.0 69314.0 69912.0 69992.0 69655.0
12 1.0 259.94001580932525 -22.6266870022351 0.7709859878532074 -0.23834712170761635 -0.40146131061817875 -0.08883535766565889 0.19167836912488787 -0.21566683028581854 4703.0 13762.0 27836.0 45012.0 63017.0 80062.0 95061.0 107523.0 117367.0 124752.0 129956.99999999999 133299.0 135095.0 135633.0 135166.0 133911.0
13 1.0 311.8976373343065 44.781886357223954 0.7709859878532074 -0.23834712170761635 -0.40146131061817875 -0.08883535766565889 0.19167836912488787 -0.21566683028581854 4267.0 11826.0 23216.0 36929.0 51259.0 64871.0 76945.0 87100.0 95253.0 101506.0 106054.0 109126.0 110956.0 111761.0 111734.0 111043.0
14 1.0 351.1877418010389 -47.19469634297301 0.7709859878532074 -0.23834712170761635 -0.40146131061817875 -0.08883535766565889 0.19167836912488787 -0.21566683028581854 18185.0 38716.0 62767.0 86439.0 107289.0 124251.0 137168.0 146365.0 152368.0 155749.0 157040.0 156706.0 155137.0 152647.0 149489.0 145862.0
15 1.0 308.08920326133995 -59.06644217142426 0.7709859878532074 -0.23834712170761635 -0.40146131061817875 -0.08883535766565889 0.19167836912488787 -0.21566683028581854 12219.0 28604.0 49758.0 72303.0 93569.0 112005.0 126982.00000000001 138470.0 146761.0 152287.0 155512.0 156873.0 156758.0 155496.0 153358.0 150569.0
16 1.0 4.21707030660071 -9.127503236207147 0.7709859878532074 -0.23834712170761635 -0.40146131061817875 -0.08883535766565889 0.19167836912488787 -0.21566683028581854 12606.0 27511.0 45429.0 63452.99999999999 79642.0 93072.0 103524.0 111175.0 116381.0 119547.0 121068.0 121290.0 120509.0 118967.0 116861.0 114346.0
17 1.0 129.592103212211 -35.19568667208249 0.7709859878532074 -0.23834712170761635 -0.40146131061817875 -0.08883535766565889 0.19167836912488787 -0.21566683028581854 3039.0 8572.0 17087.0 27549.0 38698.0 49500.0 59274.0 67668.0 74564.0 79996.0 84083.0 86984.0 88867.0 89896.0 90220.0 89971.0
18 1.0 262.7966024726609 61.05404200655744 0.7709859878532074 -0.23834712170761635 -0.40146131061817875 -0.08883535766565889 0.19167836912488787 -0.21566683028581854 11161.0 29223.0 54434.0 82589.0 109902.0 133969.0 153693.0 168880.0 179845.0 187138.0 191371.0 193135.0 192952.0 191269.0 188453.0 184801.0
19 1.0 61.78668381411859 -47.20647131718502 0.7709859878532074 -0.23834712170761635 -0.40146131061817875 -0.08883535766565889 0.19167836912488787 -0.21566683028581854 15251.0 37702.0 67465.0 99402.0 129371.99999999999 155003.0 175398.0 190597.0 201120.0 207680.0 211008.0 211779.0 210573.0 207873.0 204069.0 199473.0
20 1.0 187.57317823348654 0.4301023480670665 0.7709859878532074 -0.23834712170761635 -0.40146131061817875 -0.08883535766565889 0.19167836912488787 -0.21566683028581854 6636.0 16001.999999999998 28519.0 42290.0 55688.0 67672.0 77738.0 85760.0 91834.0 96168.0 99012.0 100618.0 101218.0 101013.0 100178.0 98857.0
21 1.0 19.561675802131305 79.66504794562746 0.7709859878532074 -0.23834712170761635 -0.40146131061817875 -0.08883535766565889 0.19167836912488787 -0.21566683028581854 13344.0 33856.0 61674.0 92044.0 120951.0 145988.0 166163.0 181410.0 192163.0 199063.0 202796.0 204001.0 203237.0 200972.0 197587.0 193390.0
22 1.0 71.99874896270403 24.119585594038938 0.7709859878532074 -0.23834712170761635 -0.40146131061817875 -0.08883535766565889 0.19167836912488787 -0.21566683028581854 11551.0 29468.0 53979.0 81002.0 106996.0 129775.0 148377.0 162666.0 172966.0 179804.0 183763.0 185397.0 185199.0 183587.0 180905.0 177433.0
23 1.0 6.66784600582103 66.11209298324366 0.7709859878532074 -0.23834712170761635 -0.40146131061817875 -0.08883535766565889 0.19167836912488787 -0.21566683028581854 10060.0 26274.0 48997.0 74555.0 99571.0 121845.0 140322.0 154755.0 165372.0 172629.0 177055.0 179170.0 179445.0 178285.0 176027.0 172946.0
24 1.0 285.7311732086714 79.23774408385813 0.7709859878532074 -0.23834712170761635 -0.40146131061817875 -0.08883535766565889 0.19167836912488787 -0.21566683028581854 13312.0 33817.0 61649.0 92049.0 120992.0 146066.0 166271.0 181541.0 192310.0 199221.0 202959.0 204166.0 203400.0 201132.0 197742.0 193540.0
25 1.0 80.61288770173685 45.13767513954335 0.7709859878532074 -0.23834712170761635 -0.40146131061817875 -0.08883535766565889 0.19167836912488787 -0.21566683028581854 13207.0 32681.0 58622.0 86649.0 113178.0 136102.0 154577.0 168569.0 178480.0 184891.0 188419.0 189639.0 189054.0 187086.0 184081.0 180318.0
26 1.0 124.32660505088496 35.92351084045525 0.7709859878532074 -0.23834712170761635 -0.40146131061817875 -0.08883535766565889 0.19167836912488787 -0.21566683028581854 12201.0 27307.0 45922.0 65020.99999999999 82470.0 97170.0 108786.0 117430.0 123438.0 127217.0 129176.99999999999 129690.0 129074.0 127596.99999999999 125474.0 122880.0
27 1.0 334.1092656476127 84.23380198876086 0.7709859878532074 -0.23834712170761635 -0.40146131061817875 -0.08883535766565889 0.19167836912488787 -0.21566683028581854 13923.0 35087.0 63604.99999999999 94579.0 123930.0 149248.0 169566.0 184850.0 195564.0 202375.0 205987.0 207053.0 206140.0 203724.0 200190.0 195849.0
28 1.0 253.5891846924718 88.99214213658229 0.7709859878532074 -0.23834712170761635 -0.40146131061817875 -0.08883535766565889 0.19167836912488787 -0.21566683028581854 15807.000000000002 38794.0 69066.0 101384.0 131586.0 157321.0 177727.0 192873.0 203305.0 209752.0 212959.0 213607.0 212280.0 209465.0 205553.0 200857.0
29 1.0 11.462014631270826 -8.672097119443265 0.7709859878532074 -0.23834712170761635 -0.40146131061817875 -0.08883535766565889 0.19167836912488787 -0.21566683028581854 13765.0 30417.0 50670.0 71225.0 89822.0 105345.0 117494.0 126434.99999999999 132555.0 136309.0 138145.0 138463.0 137604.0 135852.0 133436.0 130538.99999999999
0 1.0 59.289896339248585 -77.2434399268425 0.7709859878532074 -0.23834712170761635 -0.40146131061817875 -0.08883535766565889 0.19167836912488787 -0.21566683028581854 13413.0 33644.0 60923.0 90640.0 118919.0 143434.0 163223.0 178215.0 188824.0 195669.0 199414.0 200679.0 200007.0 197854.0 194595.0 190530.0
1 1.0 223.73222453991488 -37.29707434070661 0.7709859878532074 -0.23834712170761635 -0.40146131061817875 -0.08883535766565889 0.19167836912488787 -0.21566683028581854 4927.0 14612.0 29778.0 48356.0 67850.0 86293.0 102489.0 115902.0 126451.00000000001 134317.0 139811.0 143285.0 145088.0 145537.0 144909.0 143439.0
2 1.0 207.80229189750034 -62.57615297620852 0.7709859878532074 -0.23834712170761635 -0.40146131061817875 -0.08883535766565889 0.19167836912488787 -0.21566683028581854 5468.0 16056.0 32475.999999999996 52421.0 73190.0 92695.0 109697.0 123667.0 134554.0 142578.0 148090.0 151477.0 153116.0 153348.0 152468.0 150724.0
3 1.0 85.64141569482311 -14.852452536717877 0.7709859878532074 -0.23834712170761635 -0.40146131061817875 -0.08883535766565889 0.19167836912488787 -0.21566683028581854 8293.0 21790.0 40905.0 62659.00000000001 84227.0 103702.0 120111.0 133166.0 142994.0 149937.0 154412.0 156847.0 157634.0 157116.0 155585.0 153282.0
4 1.0 336.3170392529258 -66.36792087481392 0.7709859878532074 -0.23834712170761635 -0.40146131061817875 -0.08883535766565889 0.19167836912488787 -0.21566683028581854 16051.0 36577.0 62324.0 89085.0 113757.0 134673.0 151269.0 163653.0 172272.0 177700.0 180520.0 181263.0 180388.0 178278.0 175248.0 171546.0
5 1.0 221.02774414772256 18.741204723758756 0.7709859878532074 -0.23834712170761635 -0.40146131061817875 -0.08883535766565889 0.19167836912488787 -0.21566683028581854 10812.0 27125.0 49373.0 73984.0 97820.0 118898.0 136299.0 149845.0 159778.0 166543.0 170644.0 172574.0 172774.0 171623.0 169440.0 166482.0
6 1.0 192.827809088985 -21.094549351586267 0.7709859878532074 -0.23834712170761635 -0.40146131061817875 -0.08883535766565889 0.19167836912488787 -0.21566683028581854 4121.0 11443.0 22445.0 35630.0 49333.0 62273.0 73680.0 83208.0 90798.0 96563.0 100699.0 103436.0 104999.0 105600.0 105425.0 104633.0
7 1.0 212.36759148764554 71.1694591718778 0.7709859878532074 -0.23834712170761635 -0.40146131061817875 -0.08883535766565889 0.19167836912488787 -0.21566683028581854 18828.0 43984.0 75861.0 108995.0 139350.0 164797.0 184672.0 199182.0 208960.0 214782.0 217416.0 217551.0 215773.0 212563.0 208308.0 203313.0
8 1.0 262.8439306260371 84.20304092373033 0.7709859878532074 -0.23834712170761635 -0.40146131061817875 -0.08883535766565889 0.19167836912488787 -0.21566683028581854 15280.0 37793.0 67636.0 99651.0 129684.0 155361.0 175786.0 190999.0 201527.0 208082.0 211402.0 212160.0 210939.0 208223.0 204403.0 199792.0
9 1.0 112.30019837265667 8.43928230049599 0.7709859878532074 -0.23834712170761635 -0.40146131061817875 -0.08883535766565889 0.19167836912488787 -0.21566683028581854 6408.0 15862.000000000002 28659.0 42803.0 56567.0 68852.0 79134.0 87294.0 93440.0 97800.0 100637.0 102215.0 102773.0 102520.0 101633.0 100258.0
10 1.0 143.35958239779308 -40.531757423832616 0.7709859878532074 -0.23834712170761635 -0.40146131061817875 -0.08883535766565889 0.19167836912488787 -0.21566683028581854 2749.0 7953.0 16133.000000000002 26338.0 37337.0 48088.0 57887.0 66356.0 73355.0 78903.0 83110.0 86126.0 88116.0 89243.0 89655.0 89484.0
11 1.0 75.54374963104397 16.601475377130626 0.7709859878532074 -0.23834712170761635 -0.40146131061817875 -0.08883535766565889 0.19167836912488787 -0.21566683028581854 10923.0 27930.0 51278.0 77108.0 102049.0 123994.0 141998.0 155903.0 165998.0 172774.0 176777.0 178533.0 178511.0 177111.0 174663.0 171436.0
12 1.0 67.02948211692102 71.41700848039378 0.7709859878532074 -0.23834712170761635 -0.40146131061817875 -0.08883535766565889 0.19167836912488787 -0.21566683028581854 14873.0 36819.0 65951.0 97253.0 126675.00000000001 151885.0 171993.0 187022.0 197473.0 204033.0 207416.0 208279.0 207190.0 204622.0 200959.0 196506.0
13 1.0 339.9740603942161 -16.787997749565307 0.7709859878532074 -0.23834712170761635 -0.40146131061817875 -0.08883535766565889 0.19167836912488787 -0.21566683028581854 9586.0 20559.0 33465.0 46178.0 57359.0 66429.0 73305.0 78174.0 81330.0 83087.0 83736.0 83530.0 82677.0 81345.0 79668.0 77750.0
14 1.0 266.2382862177435 9.374089804554757 0.7709859878532074 -0.23834712170761635 -0.40146131061817875 -0.08883535766565889 0.19167836912488787 -0.21566683028581854 3944.9999999999995 11755.0 24134.0 39513.0 55899.0 71654.0 85728.0 97606.0 107153.0 114466.0 119765.0 123321.0 125411.0 126293.99999999999 126201.00000000001 125333.0
15 1.0 176.56517110232414 -41.10250183089374 0.7709859878532074 -0.23834712170761635 -0.40146131061817875 -0.08883535766565889 0.19167836912488787 -0.21566683028581854 3121.0 9152.0 18656.0 30473.0 43129.0 55393.0 66462.0 75920.0 83639.0 89666.0 94149.0 97278.0 99253.0 100267.0 100493.0 100084.0
16 1.0 81.86926607039636 -8.020053098995149 0.7709859878532074 -0.23834712170761635 -0.40146131061817875 -0.08883535766565889 0.19167836912488787 -0.21566683028581854 9092.0 23681.0 44134.0 67194.0 89858.0 110148.0 127094.00000000001 140446.0 150383.0 157290.0 161628.0 163857.0 164393.0 163598.0 161777.0 159181.0
17 1.0 91.56833343734147 -17.69156363167224 0.7709859878532074 -0.23834712170761635 -0.40146131061817875 -0.08883535766565889 0.19167836912488787 -0.21566683028581854 7176.0 18983.0 35866.0 55272.0 74711.0 92454.0 107579.0 119776.0 129110.0 135850.0 140347.0 142969.0 144060.0 143927.0 142831.0 140992.0
18 1.0 20.89049771659522 -45.28557628506522 0.7709859878532074 -0.23834712170761635 -0.40146131061817875 -0.08883535766565889 0.19167836912488787 -0.21566683028581854 21037.0 45976.0 75900.0 105860.0 132576.0 154513.0 171344.0 183411.0 191354.0 195892.0 197710.0 197409.0 195494.0 192378.0 188388.0 183785.0
19 1.0 156.3899852009235 1.0559490885555078 0.7709859878532074 -0.23834712170761635 -0.40146131061817875 -0.08883535766565889 0.19167836912488787 -0.21566683028581854 4670.0 11001.0 19258.0 28168.0 36702.0 44239.0 50506.0 55459.0 59183.0 61824.0 63545.00000000001 64505.99999999999 64851.00000000001 64704.0 64172.00000000001 63341.99999999999
20 1.0 112.24651751787692 -34.13145132363395 0.7709859878532074 -0.23834712170761635 -0.40146131061817875 -0.08883535766565889 0.19167836912488787 -0.21566683028581854 4331.0 12012.0 23586.0 37517.0 52069.0 65887.0 78137.0 88433.0 96694.0 103024.0 107621.0 110721.0 112559.0 113357.0 113311.0 112592.0
21 1.0 250.6836559735654 -22.85372450146545 0.7709859878532074 -0.23834712170761635 -0.40146131061817875 -0.08883535766565889 0.19167836912488787 -0.21566683028581854 4940.0 14603.0 29699.0 48162.0 67517.0 85819.0 101885.0 115191.0 125656.99999999999 133463.0 138917.0 142368.0 144162.0 144612.0 143994.0 142539.0
22 1.0 135.99066214529313 4.494679605767573 0.7709859878532074 -0.23834712170761635 -0.40146131061817875 -0.08883535766565889 0.19167836912488787 -0.21566683028581854 4773.0 11458.0 20308.0 29958.0 39273.0 47548.0 54459.0 59935.0 64058.00000000001 66980.0 68877.0 69926.0 70288.0 70102.0 69487.0 68543.0
23 1.0 64.65732392146853 45.10710412721775 0.7709859878532074 -0.23834712170761635 -0.40146131061817875 -0.08883535766565889 0.19167836912488787 -0.21566683028581854 12688.0 32192.0 58693.0 87712.0 115438.0 139561.0 159102.0 173969.0 184549.0 191437.0 195274.0 196665.0 196142.0 194150.0 191058.0 187160.0
24 1.0 8.884342220879242 -29.968656157570443 0.7709859878532074 -0.23834712170761635 -0.40146131061817875 -0.08883535766565889 0.19167836912488787 -0.21566683028581854 18561.0 39386.0 63667.0 87446.0 108280.0 125130.99999999999 137877.0 146873.0 152671.0 155854.0 156966.0 156477.0 154776.0 152178.0 148933.0 145237.0
25 1.0 24.20986732676949 76.34857799173744 0.7709859878532074 -0.23834712170761635 -0.40146131061817875 -0.08883535766565889 0.19167836912488787 -0.21566683028581854 12860.0 32810.0 60011.0 89841.0 118344.0 143122.0 163161.0 178368.0 189150.0 196126.0 199965.0 201293.0 200660.0 198529.0 195277.0 191209.0
26 1.0 244.58139845948423 65.21733843046243 0.7709859878532074 -0.23834712170761635 -0.40146131061817875 -0.08883535766565889 0.19167836912488787 -0.21566683028581854 14765.0 36638.0 65763.0 97137.0 126682.99999999999 152039.0 172288.0 187440.0 197990.0 204625.0 208060.0 208957.0 207885.0 205323.0 201657.0 197194.0
27 1.0 163.33086404017632 -81.23574672440486 0.7709859878532074 -0.23834712170761635 -0.40146131061817875 -0.08883535766565889 0.19167836912488787 -0.21566683028581854 8525.0 23383.0 45004.0 69951.0 94823.0 117282.0 136133.0 151024.0 162115.0 169823.0 174658.0 177133.0 177720.0 176826.0 174794.0 171905.0
28 1.0 193.16851599914 -44.3443456337719 0.7709859878532074 -0.23834712170761635 -0.40146131061817875 -0.08883535766565889 0.19167836912488787 -0.21566683028581854 3829.0 11334.0 23170.0 37827.0 53410.0 68371.0 81726.0 92996.0 102058.0 109008.0 114056.0 117459.0 119476.0 120354.0 120308.0 119528.0
29 1.0 322.80166549452315 -9.695607721343649 0.7709859878532074 -0.23834712170761635 -0.40146131061817875 -0.08883535766565889 0.19167836912488787 -0.21566683028581854 4883.0 11428.0 19912.0 29023.0 37713.0 45358.0 51688.0 56668.0 60391.0 63011.0 64697.00000000001 65615.0 65912.0 65716.0 65134.0 64255.99999999999
0 1.0 356.52202106281356 -71.16698002635466 0.7709859878532074 -0.23834712170761635 -0.40146131061817875 -0.08883535766565889 0.19167836912488787 -0.21566683028581854 16790.0 38833.0 66764.0 95950.0 122917.0 145778.0 163886.0 177351.0 186669.0 192476.0 195420.0 196093.0 195002.0 192573.0 189149.0 185007.0
1 1.0 78.08291438345061 -27.274321973970522 0.7709859878532074 -0.23834712170761635 -0.40146131061817875 -0.08883535766565889 0.19167836912488787 -0.21566683028581854 10030.0 26341.0 49300.0 75192.0 100573.0 123187.0 141946.0 156595.0 167361.0 174708.0 179176.0 181297.0 181550.0 180346.0 178031.0 174884.0
2 1.0 238.70815311603627 43.21755461118286 0.7709859878532074 -0.23834712170761635 -0.40146131061817875 -0.08883535766565889 0.19167836912488787 -0.21566683028581854 12622.0 32019.0 58438.0 87442.0 115219.0 139438.0 159098.0 174085.0 184775.0 191758.0 195672.0 197124.0 196644.0 194684.0 191612.0 187725.0
3 1.0 94.79605562537424 32.49260660570866 0.7709859878532074 -0.23834712170761635 -0.40146131061817875 -0.08883535766565889 0.19167836912488787 -0.21566683028581854 11360.0 27704.0 49324.0 72656.0 94800.0 114040.0 129670.00000000001 141638.0 150248.0 155956.0 159253.0 160604.0 160418.0 159043.0 156766.0 153820.0
4 1.0 7.434359807662325 22.02919714188087 0.7709859878532074 -0.23834712170761635 -0.40146131061817875 -0.08883535766565889 0.19167836912488787 -0.21566683028581854 8092.999999999999 19889.0 35697.0 53000.0 69672.0 84402.0 96598.0 106155.0 113243.0 118160.0 121244.0 122824.0 123196.0 122618.0 121302.0 119426.0
5 1.0 273.01631538101094 37.895112490022214 0.7709859878532074 -0.23834712170761635 -0.40146131061817875 -0.08883535766565889 0.19167836912488787 -0.21566683028581854 5322.0 15338.0 30738.0 49398.0 68849.0 87176.0 103226.0 116495.0 126917.0 134678.0 140088.0 143500.0 145257.0 145673.0 145023.0 143538.0
6 1.0 115.20617429608842 -53.113736347253685 0.7709859878532074 -0.23834712170761635 -0.40146131061817875 -0.08883535766565889 0.19167836912488787 -0.21566683028581854 5358.0 15234.0 30289.0 48444.0 67323.0 85093.0 100656.0 113532.0 123659.0 131217.0 136505.0 139858.0 141608.0 142057.0 141469.0 140068.0
7 1.0 138.04700190188328 -28.494339324348218 0.7709859878532074 -0.23834712170761635 -0.40146131061817875 -0.08883535766565889 0.19167836912488787 -0.21566683028581854 2628.0 7277.0 14319.0 22879.0 31936.0 40665.0 48537.0 55279.0 60808.0 65157.00000000001 68427.0 70746.0 72253.0 73077.0 73340.0 73146.0
8 1.0 211.79416087929806 31.723646809943318 0.7709859878532074 -0.23834712170761635 -0.40146131061817875 -0.08883535766565889 0.19167836912488787 -0.21566683028581854 15042.0 34835.0 60035.0 86526.0 111176.0 132243.0 149089.0 161768.0 170689.0 176405.0 179486.0 180460.0 179784.0 177845.0 174958.0 171375.0
9 1.0 299.17744388502854 68.26225734563889 0.7709859878532074 -0.23834712170761635 -0.40146131061817875 -0.08883535766565889 0.19167836912488787 -0.21566683028581854 9486.0 25262.0 47728.0 73277.0 98482.0 121054.0 139865.0 154619.0 165519.0 173010.0 177622.0 179879.0 180259.0 179171.0 176960.0 173907.0
10 1.0 226.43346369281355 7.86204968905713 0.7709859878532074 -0.23834712170761635 -0.40146131061817875 -0.08883535766565889 0.19167836912488787 -0.21566683028581854 8049.000000000001 21692.0 41396.0 64108.0 86810.0 107416.0 124835.0 138723.0 149193.0 156594.0 161370.0 163972.0 164820.0 164280.0 162664.0 160227.0
11 1.0 314.1542359610623 -39.11406282980341 0.7709859878532074 -0.23834712170761635 -0.40146131061817875 -0.08883535766565889 0.19167836912488787 -0.21566683028581854 9673.0 21851.0 37102.0 53021.0 67833.0 80561.0 90848.0 98719.0 104399.0 108194.0 110423.0 111383.0 111336.0 110503.0 109067.0 107180.0
12 1.0 98.47513253362888 -84.55765355892314 0.7709859878532074 -0.23834712170761635 -0.40146131061817875 -0.08883535766565889 0.19167836912488787 -0.21566683028581854 10935.0 28573.0 53199.0 80739.0 107508.0 131151.0 150582.0 165594.0 176480.0 183766.0 188046.0 189894.0 189820.0 188260.0 185574.0 182056.0
13 1.0 287.29686020852296 37.8606292153584 0.7709859878532074 -0.23834712170761635 -0.40146131061817875 -0.08883535766565889 0.19167836912488787 -0.21566683028581854 4064.0 11759.0 23746.0 38507.0 54170.0 69208.0 82647.0 94007.0 103159.0 110194.0 115317.0 118780.0 120842.0 121748.0 121717.0 120939.0
14 1.0 66.8289399501428 -88.58086136848073 0.7709859878532074 -0.23834712170761635 -0.40146131061817875 -0.08883535766565889 0.19167836912488787 -0.21566683028581854 11387.0 29394.0 54312.0 82013.0 108824.0 132427.0 151771.0 166673.0 177445.0 184622.0 188802.0 190559.0 190405.0 188776.0 186030.0 182460.0
15 1.0 343.0049965099 -22.9177674322208 0.7709859878532074 -0.23834712170761635 -0.40146131061817875 -0.08883535766565889 0.19167836912488787 -0.21566683028581854 11983.0 25341.0 40802.0 55821.0 68856.0 79282.0 87056.0 92434.0 95785.0 97494.0 97914.0 97347.0 96040.0 94195.0 91968.0 89482.0
16 1.0 247.4957794996135 5.496698621300723 0.7709859878532074 -0.23834712170761635 -0.40146131061817875 -0.08883535766565889 0.19167836912488787 -0.21566683028581854 5578.0 16362.999999999998 33059.0 53303.0 74345.0 94070.0 111229.0 125297.99999999999 136235.0 144271.0 149766.0 153116.0 154703.0 154875.0 153930.0 152119.0
17 1.0 77.58276376088104 75.98006311809476 0.7709859878532074 -0.23834712170761635 -0.40146131061817875 -0.08883535766565889 0.19167836912488787 -0.21566683028581854 15841.000000000002 38667.0 68608.0 100497.0 130261.99999999999 155611.0 175711.0 190636.0 200927.0 207297.0 210479.0 211141.0 209857.0 207104.0 203268.0 198656.0
18 1.0 341.0534125760127 -73.89098189407798 0.7709859878532074 -0.23834712170761635 -0.40146131061817875 -0.08883535766565889 0.19167836912488787 -0.21566683028581854 15377.0 36167.0 62923.99999999999 91228.0 117646.0 140248.0 158313.0 171885.0 181402.0 187463.0 190686.0 191646.0 190839.0 188683.0 185518.0 181618.0
19 1.0 263.1080904372568 -16.930382045708924 0.7709859878532074 -0.23834712170761635 -0.40146131061817875 -0.08883535766565889 0.19167836912488787 -0.21566683028581854 4399.0 12898.0 26145.0 42371.0 59445.0 75674.0 90013.0 101982.0 111486.0 118663.0 123768.0 127095.99999999999 128942.0 129578.0 129245.0 128148.00000000001
20 1.0 91.4189913342093 -85.6236240521716 0.7709859878532074 -0.23834712170761635 -0.40146131061817875 -0.08883535766565889 0.19167836912488787 -0.21566683028581854 11192.0 29079.0 53943.0 81663.0 108543.0 132238.0 151677.0 166667.0 177514.0 184750.0 188976.0 190768.0 190639.0 189027.0 186291.0 182727.0
21 1.0 76.79231185229351 -28.33002281851374 0.7709859878532074 -0.23834712170761635 -0.40146131061817875 -0.08883535766565889 0.19167836912488787 -0.21566683028581854 10381.0 27199.0 50795.0 77318.0 103234.0 126248.0 145271.0 160064.0 170880.0 178208.0 182607.0 184624.0 184752.0 183412.0 180954.0 177664.0
22 1.0 186.55225701503878 22.00159059116308 0.7709859878532074 -0.23834712170761635 -0.40146131061817875 -0.08883535766565889 0.19167836912488787 -0.21566683028581854 12869.0 28059.0 46355.0 64825.99999999999 81497.0 95404.0 106297.0 114329.0 119846.0 123252.0 124943.0 125277.0 124555.0 123031.0 120909.0 118352.0
23 1.0 9.238578499631366 -39.767769318852295 0.7709859878532074 -0.23834712170761635 -0.40146131061817875 -0.08883535766565889 0.19167836912488787 -0.21566683028581854 20062.0 42741.0 69294.0 95390.0 118319.0 136914.0 151015.0 161000.0 167464.0 171048.0 172344.0 171869.0 170052.0 167238.0 163704.0 159667.0
24 1.0 74.68922715879938 -52.245009061985684 0.7709859878532074 -0.23834712170761635 -0.40146131061817875 -0.08883535766565889 0.19167836912488787 -0.21566683028581854 12195.0 31454.999999999996 57971.0 87261.0 115414.0 140014.0 160009.0 175265.0 186156.0 193277.0 197278.0 198775.0 198310.0 196340.0 193241.0 189315.0
25 1.0 152.88676875054225 -69.17341800112314 0.7709859878532074 -0.23834712170761635 -0.40146131061817875 -0.08883535766565889 0.19167836912488787 -0.21566683028581854 5806.0 16780.0 33602.0 53876.0 74868.0 94495.0 111540.0 125495.0 136330.0 144280.0 149706.0 153002.0 154550.0 154693.0 153728.0 151904.0
26 1.0 134.7011929203212 13.88524392366152 0.7709859878532074 -0.23834712170761635 -0.40146131061817875 -0.08883535766565889 0.19167836912488787 -0.21566683028581854 6557.0 15093.0 25938.0 37374.0 48097.0 57378.0 64934.00000000001 70767.0 75025.0 77919.0 79675.0 80503.0 80589.0 80094.0 79149.0 77864.0
27 1.0 166.88715277133184 35.14860106284348 0.7709859878532074 -0.23834712170761635 -0.40146131061817875 -0.08883535766565889 0.19167836912488787 -0.21566683028581854 16058.0 33645.0 53799.0 73201.0 89903.0 103156.0 112956.0 119669.0 123794.0 125839.0 126261.00000000001 125450.0 123721.0 121327.0 118464.0 115285.0
28 1.0 99.94633426610349 30.95228530724802 0.7709859878532074 -0.23834712170761635 -0.40146131061817875 -0.08883535766565889 0.19167836912488787 -0.21566683028581854 10933.0 26405.0 46740.0 68604.0 89314.0 107298.0 121913.0 133119.0 141202.0 146586.0 149725.0 151050.0 150940.0 149717.0 147646.0 144944.0
29 1.0 211.24236472494076 80.79498372969132 0.7709859878532074 -0.23834712170761635 -0.40146131061817875 -0.08883535766565889 0.19167836912488787 -0.21566683028581854 17544.0 41925.0 73357.0 106409.0 136941.0 162704.0 182943.0 197811.0 207913.0 214014.0 216880.0 217205.0 215579.0 212489.0 208329.0 203408.0
0 1.0 310.9880181323633 -89.51342149916951 0.7709859878532074 -0.23834712170761635 -0.40146131061817875 -0.08883535766565889 0.19167836912488787 -0.21566683028581854 11259.0 29083.0 53771.0 81244.0 107861.0 131316.0 150559.0 165403.0 176149.0 183324.0 187521.0 189309.0 189194.0 187608.0 184909.0 181387.0
1 1.0 42.31146814633191 26.49539770092649 0.7709859878532074 -0.23834712170761635 -0.40146131061817875 -0.08883535766565889 0.19167836912488787 -0.21566683028581854 11690.0 29727.0 54332.0 81400.0 107392.0 130135.0 148682.0 162908.0 173144.0 179923.0 183828.0 185418.0 185182.0 183539.0 180833.0 177341.0
2 1.0 186.2564785754811 18.070602677575124 0.7709859878532074 -0.23834712170761635 -0.40146131061817875 -0.08883535766565889 0.19167836912488787 -0.21566683028581854 11516.0 25382.0 42288.0 59537.0 75258.0 88500.0 98979.0 106801.0 112266.0 115737.0 117578.0 118117.0 117640.0 116384.0 114541.0 112267.0
3 1.0 47.54451828425519 15.973129794651868 0.7709859878532074 -0.23834712170761635 -0.40146131061817875 -0.08883535766565889 0.19167836912488787 -0.21566683028581854 12440.0 31493.0 57352.0 85662.0 112721.0 136284.0 155399.0 169970.0 180367.0 187166.0 190989.0 192421.0 191978.0 190096.0 187133.0 183375.0
4 1.0 258.06948522933374 83.29865757124364 0.7709859878532074 -0.23834712170761635 -0.40146131061817875 -0.08883535766565889 0.19167836912488787 -0.21566683028581854 15360.0 37944.0 67854.0 99918.0 129981.99999999999 155673.0 176100.0 191307.0 201823.0 208365.0 211669.0 212411.0 211175.0 208443.0 204609.0 199985.0
5 1.0 142.58149301062573 -86.96309879339286 0.7709859878532074 -0.23834712170761635 -0.40146131061817875 -0.08883535766565889 0.19167836912488787 -0.21566683028581854 10419.0 27446.0 51394.0 78332.0 104645.0 127988.99999999999 147258.0 162217.0 173128.0 180494.0 184889.0 186871.0 186942.0 185531.0 182994.0 179620.0
6 1.0 203.55167226906323 35.36683752626102 0.7709859878532074 -0.23834712170761635 -0.40146131061817875 -0.08883535766565889 0.19167836912488787 -0.21566683028581854 16678.0 37294.0 62714.00000000001 88805.0 112626.0 132657.0 148430.0 160106.0 168148.0 173129.0 175618.0 176131.0 175111.0 172925.0 169874.0 166194.0
7 1.0 65.9807410370683 56.462156946335426 0.7709859878532074 -0.23834712170761635 -0.40146131061817875 -0.08883535766565889 0.19167836912488787 -0.21566683028581854 13545.0 34016.0 61560.0 91483.0 119875.0 144419.0 164175.0 179096.0 189616.0 196366.0 200017.0 201195.0 200443.0 198221.0 194901.0 190783.0
8 1.0 52.1451933636158 1.7652953918851466 0.7709859878532074 -0.23834712170761635 -0.40146131061817875 -0.08883535766565889 0.19167836912488787 -0.21566683028581854 13390.0 33666.0 60983.0 90693.0 118915.0 143340.0 163024.0 177913.0 188429.0 195198.0 198883.0 200103.0 199400.0 197228.0 193960.0 189893.0
9 1.0 175.70026103362363 -29.886323472574354 0.7709859878532074 -0.23834712170761635 -0.40146131061817875 -0.08883535766565889 0.19167836912488787 -0.21566683028581854 3002.0 8514.0 16986.0 27345.0 38312.0 48854.0 58312.0 66355.0 72891.0 77973.0 81734.0 84340.0 85965.0 86773.0 86914.0 86516.0
10 1.0 128.020585625984 52.35122938093289 0.7709859878532074 -0.23834712170761635 -0.40146131061817875 -0.08883535766565889 0.19167836912488787 -0.21566683028581854 16812.0 37203.0 61983.0 87070.0 109679.0 128449.00000000001 143033.0 153662.0 160832.0 165119.0 167084.0 167224.0 165961.0 163642.0 160545.0 156892.0
11 1.0 338.5555002910127 -72.49627338616357 0.7709859878532074 -0.23834712170761635 -0.40146131061817875 -0.08883535766565889 0.19167836912488787 -0.21566683028581854 15448.0 36137.0 62656.0 90634.0 116706.0 138988.0 156785.0 170149.0 179518.0 185482.0 188651.0 189591.0 188790.0 186660.0 183535.0 179685.0
12 1.0 275.5170913705075 -10.43358520861345 0.7709859878532074 -0.23834712170761635 -0.40146131061817875 -0.08883535766565889 0.19167836912488787 -0.21566683028581854 3662.0 10592.0 21348.0 34537.0 48476.0 61816.0 73706.0 83737.0 91810.0 98013.0 102532.0 105594.0 107426.0 108245.0 108241.0 107581.0
13 1.0 269.51890314619703 3.5914274227508827 0.7709859878532074 -0.23834712170761635 -0.40146131061817875 -0.08883535766565889 0.19167836912488787 -0.21566683028581854 3671.0 10889.0 22311.0 36501.0 51638.0 66220.0 79282.0 90346.0 99279.0 106166.0 111202.0 114631.0 116704.0 117655.0 117697.0 117012.0
14 1.0 325.33910630853603 34.91215396821855 0.7709859878532074 -0.23834712170761635 -0.40146131061817875 -0.08883535766565889 0.19167836912488787 -0.21566683028581854 3709.0 9933.0 19045.0 29801.0 40893.0 51338.0 60553.0 68279.0 74477.0 79235.0 82705.0 85064.0 86487.0 87136.0 87156.0 86672.0
15 1.0 30.032076759126678 -73.6405682341663 0.7709859878532074 -0.23834712170761635 -0.40146131061817875 -0.08883535766565889 0.19167836912488787 -0.21566683028581854 16122.999999999998 38516.0 67564.0 98359.0 127067.00000000001 151537.0 170984.0 185474.0 195515.0 201783.0 204972.0 205720.0 204577.0 202001.0 198362.0 193959.0
16 1.0 198.78928917206636 -49.00328972318503 0.7709859878532074 -0.23834712170761635 -0.40146131061817875 -0.08883535766565889 0.19167836912488787 -0.21566683028581854 4208.0 12506.0 25600.0 41786.0 58946.0 75360.0 89949.0 102194.0 111975.0 119412.0 124748.0 128275.0 130286.99999999999 131057.0 130828.0 129807.0
17 1.0 210.4113848240768 -16.14571871577739 0.7709859878532074 -0.23834712170761635 -0.40146131061817875 -0.08883535766565889 0.19167836912488787 -0.21566683028581854 5260.0 14781.0 29116.0 46235.0 63902.0 80428.0 94828.0 106688.0 115977.0 122879.0 127680.99999999999 130701.00000000001 132247.0 132599.0 132002.0 130662.0
18 1.0 346.2970962770024 22.193041143623518 0.7709859878532074 -0.23834712170761635 -0.40146131061817875 -0.08883535766565889 0.19167836912488787 -0.21566683028581854 5083.0 12716.0 23173.0 34863.0 46363.0 56738.0 65518.99999999999 72572.0 77961.0 81856.0 84466.0 86002.0 86661.0 86619.0 86023.0 84998.0
19 1.0 105.17310964531758 69.65294061913514 0.7709859878532074 -0.23834712170761635 -0.40146131061817875 -0.08883535766565889 0.19167836912488787 -0.21566683028581854 17377.0 40822.0 70671.0 101830.0 130499.0 154652.0 173627.0 187590.0 197109.0 202897.0 205665.0 206052.0 204609.0 201787.0 197951.0 193390.0
20 1.0 86.69836076956085 21.388710283447764 0.7709859878532074 -0.23834712170761635 -0.40146131061817875 -0.08883535766565889 0.19167836912488787 -0.21566683028581854 10326.0 25968.0 47198.0 70541.0 93017.0 112783.0 129019.0 141594.0 150766.0 156969.0 160686.0 162382.0 162474.0 161317.0 159205.0 156380.0
21 1.0 36.10581921557922 -65.9769352317118 0.7709859878532074 -0.23834712170761635 -0.40146131061817875 -0.08883535766565889 0.19167836912488787 -0.21566683028581854 17709.0 41568.0 72017.0 103889.0 133287.0 158105.0 177636.0 192028.0 201852.0 207834.0 210702.0 211116.0 209639.0 206740.0 202794.0 198101.0
22 1.0 5.9146666529307135 86.50442390171082 0.7709859878532074 -0.23834712170761635 -0.40146131061817875 -0.08883535766565889 0.19167836912488787 -0.21566683028581854 14822.0 36889.0 66294.0 97963.0 127763.99999999999 153313.0 173691.0 188917.0 199496.0 206127.0 209536.0 210390.0 209267.0 206647.0 202920.0 198396.0
23 1.0 334.6305540451886 66.92143225598872 0.7709859878532074 -0.23834712170761635 -0.40146131061817875 -0.08883535766565889 0.19167836912488787 -0.21566683028581854 8780.0 23304.0 44015.0 67664.0 91130.0 112297.0 130086.0 144183.0 154734.0 162120.0 166812.0 169281.0 169963.0 169237.0 167422.0 164783.0
24 1.0 241.16995677272763 0.4897370061583217 0.7709859878532074 -0.23834712170761635 -0.40146131061817875 -0.08883535766565889 0.19167836912488787 -0.21566683028581854 5851.0 17060.0 34306.0 55102.0 76618.0 96699.0 114097.0 128300.0 139287.0 147312.0 152751.0 156014.0 157497.0 157552.0 156485.0 154551.0
25 1.0 282.6550483283296 76.02263672339393 0.7709859878532074 -0.23834712170761635 -0.40146131061817875 -0.08883535766565889 0.19167836912488787 -0.21566683028581854 12627.0 32370.000000000004 59393.0 89108.0 117561.0 142336.0 162404.0 177658.0 188494.0 195527.0 199422.0 200802.0 200217.0 198129.0 194916.0 190882.0
26 1.0 101.42283807142167 7.448542876284435 0.7709859878532074 -0.23834712170761635 -0.40146131061817875 -0.08883535766565889 0.19167836912488787 -0.21566683028581854 7325.0 18460.0 33721.0 50716.0 67322.0 82171.0 94600.0 104445.0 111836.0 117046.0 120399.0 122218.0 122798.0 122398.0 121235.0 119489.0
27 1.0 211.1076598270776 76.19509222004936 0.7709859878532074 -0.23834712170761635 -0.40146131061817875 -0.08883535766565889 0.19167836912488787 -0.21566683028581854 18311.0 43212.0 75002.0 108210.0 138735.0 164390.0 184470.0 199163.0 209094.0 215037.0 217763.0 217966.0 216235.0 213056.0 208820.0 203835.0
28 1.0 23.023895803553206 59.38152634860177 0.7709859878532074 -0.23834712170761635 -0.40146131061817875 -0.08883535766565889 0.19167836912488787 -0.21566683028581854 10434.0 27064.0 50206.0 76085.0 101293.0 123642.0 142106.0 156469.0 166984.0 174122.0 178425.0 180421.0 180584.0 179319.0 176966.0 173801.0
29 1.0 174.82593453646425 84.29155385297352 0.7709859878532074 -0.23834712170761635 -0.40146131061817875 -0.08883535766565889 0.19167836912488787 -0.21566683028581854 17510.0 41829.0 73166.0 106106.0 136528.0 162194.0 182356.0 197168.0 207232.0 213312.0 216170.0 216497.0 214880.0 211805.0 207663.0 202763.0
0 1.0 351.89825030800085 75.5609059400685 0.7709859878532074 -0.23834712170761635 -0.40146131061817875 -0.08883535766565889 0.19167836912488787 -0.21566683028581854 11430.0 29645.0 54906.0 83006.0 110195.0 134111.0 153686.0 168742.0 179599.0 186806.0 190976.0 192695.0 192482.0 190781.0 187956.0 184301.0
1 1.0 315.54188831397266 -83.5139128628575 0.7709859878532074 -0.23834712170761635 -0.40146131061817875 -0.08883535766565889 0.19167836912488787 -0.21566683028581854 12434.0 31158.0 56513.0 84302.0 110935.0 134208.0 153166.0 167685.0 178110.0 184989.0 188921.0 190480.0 190170.0 188420.0 185583.0 181946.0
2 1.0 121.73722266126443 -58.54103925103081 0.7709859878532074 -0.23834712170761635 -0.40146131061817875 -0.08883535766565889 0.19167836912488787 -0.21566683028581854 5501.0 15727.000000000002 31353.0 50204.0 69793.0 88203.0 104292.0 117566.0 127970.0 135698.0 141067.0 144433.0 146142.0 146511.0 145814.0 144285.0
3 1.0 346.16525563493946 -19.95575812178656 0.7709859878532074 -0.23834712170761635 -0.40146131061817875 -0.08883535766565889 0.19167836912488787 -0.21566683028581854 11872.0 25114.0 40448.0 55346.0 68276.0 78617.0 86325.0 91653.0 94971.0 96661.0 97075.0 96512.0 95221.0 93398.0 91200.0 88747.0
4 1.0 83.41258552963363 81.38568551317573 0.7709859878532074 -0.23834712170761635 -0.40146131061817875 -0.08883535766565889 0.19167836912488787 -0.21566683028581854 16209.999999999998 39438.0 69816.0 102092.0 132153.0 157702.0 177915.0 192886.0 203170.0 209498.0 212613.0 213193.0 211819.0 208972.0 205041.0 200336.0
5 1.0 341.75477606964535 -35.99479449433267 0.7709859878532074 -0.23834712170761635 -0.40146131061817875 -0.08883535766565889 0.19167836912488787 -0.21566683028581854 14814.0 31225.0 50160.0 68507.0 84399.0 97095.0 106559.0 113114.0 117215.0 119336.0 119903.0 119282.0 117772.0 115613.0 112994.0 110060.0
6 1.0 338.8959736943395 -61.11582410023181 0.7709859878532074 -0.23834712170761635 -0.40146131061817875 -0.08883535766565889 0.19167836912488787 -0.21566683028581854 16569.0 36940.0 61994.0 87663.0 111071.0 130736.99999999999 146213.0 157663.0 165545.0 170422.0 172854.0 173346.0 172334.0 170178.0 167171.0 163549.0
7 1.0 287.71293144686103 69.53483989558077 0.7709859878532074 -0.23834712170761635 -0.40146131061817875 -0.08883535766565889 0.19167836912488787 -0.21566683028581854 10526.0 27730.0 51925.0 79127.0 105678.0 129213.0 148620.0 163665.0 174621.0 181998.0 186378.0 188329.0 188357.0 186895.0 184301.0 180869.0
8 1.0 226.9612572720448 -9.649005213023472 0.7709859878532074 -0.23834712170761635 -0.40146131061817875 -0.08883535766565889 0.19167836912488787 -0.21566683028581854 5897.0 16924.0 33704.0 53810.0 74537.0 93851.0 110577.0 124242.0 134829.0 142581.0 147857.0 151047.0 152527.0 152633.0 151656.0 149841.0
9 1.0 314.7436679849809 73.41760698377868 0.7709859878532074 -0.23834712170761635 -0.40146131061817875 -0.08883535766565889 0.19167836912488787 -0.21566683028581854 10552.0 27704.0 51777.0 78822.0 105215.0 128615.0 147919.0 162894.0 173810.0 181169.0 185551.0 187516.0 187567.0 186133.0 183572.0 180174.0
10 1.0 105.48730242280682 -61.15851606237421 0.7709859878532074 -0.23834712170761635 -0.40146131061817875 -0.08883535766565889 0.19167836912488787 -0.21566683028581854 7511.0 20822.0 40482.0 63489.00000000001 86732.0 107994.0 126074.99999999999 140562.0 151535.0 159336.0 164412.0 167225.0 168210.0 167746.0 166156.0 163709.0
11 1.0 305.61967991265055 29.00115207145791 0.7709859878532074 -0.23834712170761635 -0.40146131061817875 -0.08883535766565889 0.19167836912488787 -0.21566683028581854 2830.0 7946.0 15791.0 25408.0 35647.0 45562.0 54541.0 62264.0 68626.0 73659.0 77470.0 80201.0 82005.0 83028.0 83405.0 83255.0
12 1.0 222.43560909030856 -10.75252449069147 0.7709859878532074 -0.23834712170761635 -0.40146131061817875 -0.08883535766565889 0.19167836912488787 -0.21566683028581854 5873.0 16705.0 33091.0 52659.0 72797.0 91549.0 107790.0 121066.0 131364.0 138918.0 144075.0 147209.0 148684.0 148824.0 147910.0 146178.0
13 1.0 4.765268793203816 -76.23238157454863 0.7709859878532074 -0.23834712170761635 -0.40146131061817875 -0.08883535766565889 0.19167836912488787 -0.21566683028581854 15682.999999999998 37281.0 65255.99999999999 94931.0 122645.0 146335.0 165231.0 179379.0 189251.0 195485.0 198740.0 199625.0 198666.0 196304.0 192898.0 188735.0
14 1.0 125.00406645559904 35.363366037450106 0.7709859878532074 -0.23834712170761635 -0.40146131061817875 -0.08883535766565889 0.19167836912488787 -0.21566683028581854 12077.0 26993.0 45352.0 64174.99999999999 81363.0 95838.0 107275.0 115786.0 121701.0 125423.0 127354.0 127859.0 127253.0 125798.0 123706.0 121149.0
15 1.0 53.330709941339414 -45.46822400295233 0.7709859878532074 -0.23834712170761635 -0.40146131061817875 -0.08883535766565889 0.19167836912488787 -0.21566683028581854 17298.0 41500.0 72806.0 105806.0 136348.0 162161.0 182471.0 197416.0 207592.0 213762.0 216689.0 217066.0 215484.0 212431.0 208301.0 203406.0
16 1.0 353.45858033457114 -82.86920593568681 0.7709859878532074 -0.23834712170761635 -0.40146131061817875 -0.08883535766565889 0.19167836912488787 -0.21566683028581854 13450.0 33228.0 59672.0 88370.0 115651.0 139317.0 158455.0 172996.0 183331.0 190047.0 193773.0 195101.0 194550.0 192558.0 189484.0 185619.0
17 1.0 172.2133105343957 -79.21002631507682 0.7709859878532074 -0.23834712170761635 -0.40146131061817875 -0.08883535766565889 0.19167836912488787 -0.21566683028581854 7905.000000000001 21973.0 42691.0 66819.0 91056.0 113089.0 131702.0 146504.0 157615.0 165418.0 170398.0 173050.0 173828.0 173132.0 171297.0 168601.0
18 1.0 179.06089157951857 -79.00586332797828 0.7709859878532074 -0.23834712170761635 -0.40146131061817875 -0.08883535766565889 0.19167836912488787 -0.21566683028581854 7853.000000000001 21855.0 42494.0 66549.0 90731.0 112727.0 131319.0 146114.0 157229.0 165042.0 170037.0 172706.0 173502.0 172825.0 171009.0 168330.0
19 1.0 230.2101059035405 73.39193234730709 0.7709859878532074 -0.23834712170761635 -0.40146131061817875 -0.08883535766565889 0.19167836912488787 -0.21566683028581854 17002.0 40922.0 71956.0 104749.0 135159.0 160906.0 181198.0 196160.0 206376.0 212596.0 215581.0 216018.0 214497.0 211503.0 207428.0 202585.0
20 1.0 132.6904582066623 43.17910520923817 0.7709859878532074 -0.23834712170761635 -0.40146131061817875 -0.08883535766565889 0.19167836912488787 -0.21566683028581854 14889.0 32470.0 53569.0 74747.0 93723.0 109420.0 121591.0 130453.99999999999 136435.0 140018.0 141669.0 141800.0 140760.0 138834.0 136255.0 133206.0
21 1.0 49.284097806815616 71.6512242984723 0.7709859878532074 -0.23834712170761635 -0.40146131061817875 -0.08883535766565889 0.19167836912488787 -0.21566683028581854 13662.0 34474.0 62566.0 93130.0 122144.0 147218.0 167382.0 182587.0 193280.0 200114.0 203779.0 204917.0 204089.0 201765.0 198325.0 194077.0
22 1.0 295.9623839499284 31.064816033373845 0.7709859878532074 -0.23834712170761635 -0.40146131061817875 -0.08883535766565889 0.19167836912488787 -0.21566683028581854 3078.0 8868.0 17923.0 29168.0 41229.0 52954.0 63577.99999999999 72698.0 80178.0 86054.0 90459.0 93567.0 95567.0 96641.0 96953.0 96649.0
23 1.0 68.34524828499286 5.2091872255589635 0.7709859878532074 -0.23834712170761635 -0.40146131061817875 -0.08883535766565889 0.19167836912488787 -0.21566683028581854 11380.0 29287.0 53969.0 81328.0 107753.0 130982.99999999999 150005.0 164652.0 175238.0 182291.0 186401.0 188131.0 187984.0 186387.0 183692.0 180184.0
24 1.0 184.07483371672416 -35.19965441747191 0.7709859878532074 -0.23834712170761635 -0.40146131061817875 -0.08883535766565889 0.19167836912488787 -0.21566683028581854 3323.0 9632.0 19466.0 31580.999999999996 44451.0 56830.0 67925.0 77341.0 84972.0 90885.0 95242.0 98244.0 100098.0 101000.0 101127.0 100630.0
25 1.0 80.75413043090613 89.63320523916121 0.7709859878532074 -0.23834712170761635 -0.40146131061817875 -0.08883535766565889 0.19167836912488787 -0.21566683028581854 15841.999999999998 38846.0 69118.0 101421.0 131596.0 157300.0 177676.0 192795.0 203205.0 209634.0 212827.0 213465.0 212131.0 209312.0 205398.0 200701.0
26 1.0 35.22401441785226 -24.805969390909922 0.7709859878532074 -0.23834712170761635 -0.40146131061817875 -0.08883535766565889 0.19167836912488787 -0.21566683028581854 18791.0 42807.0 72641.0 103261.0 131083.0 154287.0 172353.0 185520.0 194384.0 199658.0 202040.0 202154.0 200529.0 197599.0 193713.0 189149.0
27 1.0 310.388946271806 -5.28318914149628 0.7709859878532074 -0.23834712170761635 -0.40146131061817875 -0.08883535766565889 0.19167836912488787 -0.21566683028581854 3335.0 8525.0 15833.0 24217.0 32667.0 40474.0 47245.0 52830.0 57233.0 60546.0 62900.0 64436.99999999999 65293.00000000001 65593.0 65445.0 64942.0
28 1.0 350.2510160483269 -21.915868513776886 0.7709859878532074 -0.23834712170761635 -0.40146131061817875 -0.08883535766565889 0.19167836912488787 -0.21566683028581854 13273.0 27952.0 44864.0 61221.0 75359.0 86617.0 94971.0 100712.0 104257.0 106030.0 106419.0 105752.0 104300.0 102276.0 99852.0 97156.0
29 1.0 345.90047690268005 86.31484728038254 0.7709859878532074 -0.23834712170761635 -0.40146131061817875 -0.08883535766565889 0.19167836912488787 -0.21566683028581854 14635.0 36523.0 65761.0 97306.0 127035.00000000001 152555.0 172935.0 188184.0 198798.0 205471.0 208924.0 209822.0 208741.0 206161.0 202471.0 197982.0
