idx D_km lam beta x1 y1 z1 x2 y2 z2 flux5 flux6 flux7 flux8 flux9 flux10 flux11 flux12 flux13 flux14 flux15 flux16 flux17 flux18 flux19 flux20
0 1.0 197.5728614138369 73.17998985981222 -0.07824799409525712 -0.7883382523994841 -0.4678840405080305 -0.20173951312369431 0.09797054138647107 -0.08314253548907476 9143.0 26100.0 51839.0 82666.0 114468.0 144147.0 169906.0 191009.0 207421.0 219497.0 227778.0 232854.0 235293.0 235609.0 234247.0 231580.0
1 1.0 257.468171894071 49.328519885754986 -0.07824799409525712 -0.7883382523994841 -0.4678840405080305 -0.20173951312369431 0.09797054138647107 -0.08314253548907476 6532.0 19641.0 40487.0 66381.0 93916.0 120306.0 143791.0 163521.0 179293.0 191295.0 199915.0 205622.0 208888.0 210154.0 209811.0 208194.0
2 1.0 216.99481538579178 -30.033872634844457 -0.07824799409525712 -0.7883382523994841 -0.4678840405080305 -0.20173951312369431 0.09797054138647107 -0.08314253548907476 27587.0 62842.99999999999 106908.0 152501.0 194316.0 229556.0 257326.0 277870.0 291998.0 300718.0 305040.0 305881.0 304025.0 300126.0 294710.0 288202.0
3 1.0 196.15794587888288 -75.40174980216058 -0.07824799409525712 -0.7883382523994841 -0.4678840405080305 -0.20173951312369431 0.09797054138647107 -0.08314253548907476 25956.0 62001.0 108566.0 157709.0 203323.0 242043.0 272689.0 295423.0 311091.0 320788.0 325629.0 326629.0 324660.0 320446.0 314574.0 307510.0
4 1.0 152.5157277620057 -16.69658914551468 -0.07824799409525712 -0.7883382523994841 -0.4678840405080305 -0.20173951312369431 0.09797054138647107 -0.08314253548907476 5932.0 17198.0 34823.0 56630.0 79894.0 102359.0 122563.0 139764.0 153738.0 164591.0 172603.0 178133.0 181555.0 183227.0 183469.0 182564.0
5 1.0 232.5218807039962 -48.19785440923031 -0.07824799409525712 -0.7883382523994841 -0.4678840405080305 -0.20173951312369431 0.09797054138647107 -0.08314253548907476 30495.0 66405.0 109369.0 152331.0 190649.0 222162.0 246413.0 263888.0 275491.0 282235.0 285085.0 284891.0 282367.0 278100.0 272557.0 266109.0
6 1.0 157.5313960545693 -66.15222574356306 -0.07824799409525712 -0.7883382523994841 -0.4678840405080305 -0.20173951312369431 0.09797054138647107 -0.08314253548907476 20870.0 53080.0 96854.0 144731.0 190376.0 229976.0 261942.0 286149.0 303267.0 314300.0 320322.0 322340.0 321234.0 317743.0 312471.0 305904.0
7 1.0 321.03828028154874 -80.38310727837145 -0.07824799409525712 -0.7883382523994841 -0.4678840405080305 -0.20173951312369431 0.09797054138647107 -0.08314253548907476 22108.0 53113.0 93499.0 136492.0 176774.0 211329.0 239014.0 259872.0 274560.0 283983.0 289079.0 290719.0 289660.0 286536.0 281863.0 276060.0
8 1.0 346.91859378037054 40.60698555790418 -0.07824799409525712 -0.7883382523994841 -0.4678840405080305 -0.20173951312369431 0.09797054138647107 -0.08314253548907476 12809.0 35429.0 68627.0 107204.0 145899.0 181034.0 210685.0 234242.0 251906.00000000003 264293.0 272180.0 276357.0 277552.0 276399.0 273436.0 269102.0
9 1.0 138.03894677727996 -87.94305744749441 -0.07824799409525712 -0.7883382523994841 -0.4678840405080305 -0.20173951312369431 0.09797054138647107 -0.08314253548907476 22813.0 55955.0 99737.0 146718.0 190918.0 228889.0 259297.99999999997 282158.0 298190.0 308397.0 313827.0 315452.0 314113.0 310518.0 305239.0 298739.0
10 1.0 285.02101370975925 48.70453473049972 -0.07824799409525712 -0.7883382523994841 -0.4678840405080305 -0.20173951312369431 0.09797054138647107 -0.08314253548907476 5770.0 17457.0 36214.0 59733.0 84979.0 109405.0 131353.0 149982.0 165046.0 176668.0 185171.0 190959.0 194454.0 196053.0 196115.0 194949.0
11 1.0 190.40217111104562 -63.549603827932486 -0.07824799409525712 -0.7883382523994841 -0.4678840405080305 -0.20173951312369431 0.09797054138647107 -0.08314253548907476 26518.0 63590.99999999999 111601.0 162319.0 209392.0 249316.0 280863.0 304207.0 320231.0 330081.0 334916.0 335792.0 333616.0 329137.0 322963.0 315576.0
12 1.0 204.49604199381562 -75.68602513438397 -0.07824799409525712 -0.7883382523994841 -0.4678840405080305 -0.20173951312369431 0.09797054138647107 -0.08314253548907476 26390.0 62519.00000000001 108896.0 157633.0 202737.0 240942.0 271125.0 293480.0 308854.0 318341.0 323042.0 323960.0 321955.0 317742.0 311898.0 304881.0
13 1.0 333.214789785358 -73.87145383705104 -0.07824799409525712 -0.7883382523994841 -0.4678840405080305 -0.20173951312369431 0.09797054138647107 -0.08314253548907476 20307.0 49102.0 86867.0 127317.99999999999 165441.0 198336.0 224863.0 245003.0 259332.0 268675.0 273900.0 275819.0 275143.0 272470.0 268291.0 263004.0
14 1.0 25.5729809512393 30.968605323704594 -0.07824799409525712 -0.7883382523994841 -0.4678840405080305 -0.20173951312369431 0.09797054138647107 -0.08314253548907476 28451.0 66603.0 115139.0 165815.0 212463.0 251778.0 282673.0 305406.0 320897.0 330303.0 334780.0 335376.0 332986.0 328347.0 322056.0 314587.0
15 1.0 31.366547892554657 -45.83390222648794 -0.07824799409525712 -0.7883382523994841 -0.4678840405080305 -0.20173951312369431 0.09797054138647107 -0.08314253548907476 17310.0 45108.0 83820.0 127045.99999999999 169030.0 206109.0 236594.0 260166.0 277284.0 288768.0 295545.0 298507.0 298454.0 296065.0 291906.0 286434.0
16 1.0 7.278623078517259 -14.302895997582283 -0.07824799409525712 -0.7883382523994841 -0.4678840405080305 -0.20173951312369431 0.09797054138647107 -0.08314253548907476 14989.0 39612.0 74464.0 113961.0 152863.0 187694.0 216743.0 239568.0 256477.0 268150.0 275392.0 279004.0 279713.0 278150.0 274841.0 270220.0
17 1.0 299.74314439725765 10.326382438305046 -0.07824799409525712 -0.7883382523994841 -0.4678840405080305 -0.20173951312369431 0.09797054138647107 -0.08314253548907476 3575.0 10001.0 19805.0 31774.999999999996 44479.0 56758.0 67866.0 77418.0 85295.0 91538.0 96281.0 99700.0 101979.0 103298.0 103821.0 103693.0
18 1.0 280.13643034194615 64.89921128918289 -0.07824799409525712 -0.7883382523994841 -0.4678840405080305 -0.20173951312369431 0.09797054138647107 -0.08314253548907476 7969.0 23790.0 48670.0 79213.0 111293.0 141645.0 168282.0 190318.0 207618.0 220485.0 229438.0 235062.0 237936.0 238584.0 237466.0 234971.0
19 1.0 313.2043733688549 40.8679672880391 -0.07824799409525712 -0.7883382523994841 -0.4678840405080305 -0.20173951312369431 0.09797054138647107 -0.08314253548907476 5784.0 17406.0 36037.0 59417.0 84550.0 108909.0 130835.0 149476.0 164577.0 176249.0 184808.0 190653.0 194203.0 195855.0 195966.0 194844.0
20 1.0 352.30260320379506 -41.34097705703137 -0.07824799409525712 -0.7883382523994841 -0.4678840405080305 -0.20173951312369431 0.09797054138647107 -0.08314253548907476 13444.0 34561.0 63859.0 96677.0 128804.0 157508.0 181471.0 200368.0 214462.0 224297.0 230520.0 233769.0 234629.0 233604.0 231120.0 227529.0
21 1.0 287.6970831180205 -66.33309612759703 -0.07824799409525712 -0.7883382523994841 -0.4678840405080305 -0.20173951312369431 0.09797054138647107 -0.08314253548907476 22277.0 50552.0 85764.0 122129.0 155478.0 183630.0 205892.0 222462.0 233971.0 241205.0 244952.0 245929.0 244749.0 241923.0 237869.0 232918.0
22 1.0 166.13257041105547 -80.03262232418437 -0.07824799409525712 -0.7883382523994841 -0.4678840405080305 -0.20173951312369431 0.09797054138647107 -0.08314253548907476 23481.0 57707.0 102943.0 151459.0 197043.0 236129.0 267351.0 290743.0 307067.0 317377.0 322766.0 324244.0 322685.0 318819.0 313240.0 306421.0
23 1.0 280.99050346312396 -35.712245793430355 -0.07824799409525712 -0.7883382523994841 -0.4678840405080305 -0.20173951312369431 0.09797054138647107 -0.08314253548907476 14972.0 32591.000000000004 53655.0 74717.0 93529.0 109055.0 121080.0 129840.00000000001 135766.0 139341.0 141021.0 141211.0 140251.0 138419.0 135941.0 132996.0
24 1.0 42.57879331281596 -42.818733136857915 -0.07824799409525712 -0.7883382523994841 -0.4678840405080305 -0.20173951312369431 0.09797054138647107 -0.08314253548907476 17562.0 45608.0 84549.0 127936.0 170007.0 207112.0 237583.0 261117.0 278184.0 289614.0 296336.0 299247.0 299146.0 296714.0 292515.0 287006.0
25 1.0 230.3715676779086 -7.894697975913658 -0.07824799409525712 -0.7883382523994841 -0.4678840405080305 -0.20173951312369431 0.09797054138647107 -0.08314253548907476 18733.0 43974.0 76648.0 111553.0 144554.0 173231.0 196589.0 214560.0 227583.0 236316.0 241471.0 243723.0 243670.0 241823.0 238605.0 234361.0
26 1.0 51.607183467256704 32.990640398582485 -0.07824799409525712 -0.7883382523994841 -0.4678840405080305 -0.20173951312369431 0.09797054138647107 -0.08314253548907476 30179.0 65407.99999999999 107364.0 149170.0 186352.0 216857.0 240279.0 257116.99999999997 268263.0 274707.0 277390.0 277136.0 274637.0 270459.0 265054.0 258780.0
27 1.0 340.0808101378502 35.21258021499429 -0.07824799409525712 -0.7883382523994841 -0.4678840405080305 -0.20173951312369431 0.09797054138647107 -0.08314253548907476 9867.0 28118.0 55796.0 88895.0 122966.0 154668.0 182077.0 204422.0 221690.0 234286.0 242808.0 247906.0 250199.0 250245.0 248524.0 245436.0
28 1.0 187.8653958300258 -38.96660761521 -0.07824799409525712 -0.7883382523994841 -0.4678840405080305 -0.20173951312369431 0.09797054138647107 -0.08314253548907476 22144.0 55418.0 100103.0 148583.0 194528.0 234195.0 266073.0 290099.0 306987.0 317770.0 323540.0 325315.0 323980.0 320277.0 314810.0 308065.0
29 1.0 149.2782983965885 -21.61314793797831 -0.07824799409525712 -0.7883382523994841 -0.4678840405080305 -0.20173951312369431 0.09797054138647107 -0.08314253548907476 6441.0 18443.0 37002.0 59755.0 83845.0 106956.0 127617.00000000001 145102.0 159219.0 170102.0 178061.0 183478.0 186746.0 188237.0 188283.0 187172.0
0 1.0 95.24002035766571 -57.39282688735745 -0.07824799409525712 -0.7883382523994841 -0.4678840405080305 -0.20173951312369431 0.09797054138647107 -0.08314253548907476 14953.0 39322.0 73658.0 112444.0 150557.0 184626.0 213008.0 235294.0 251798.00000000003 263189.0 270259.0 273788.0 274487.0 272969.0 269748.0 265244.0
1 1.0 278.724128196318 51.93819221517336 -0.07824799409525712 -0.7883382523994841 -0.4678840405080305 -0.20173951312369431 0.09797054138647107 -0.08314253548907476 6200.0 18740.0 38805.0 63871.0 90665.0 116472.0 139545.0 159022.0 174670.0 186648.0 195316.0 201121.0 204519.0 205937.0 205757.0 204307.0
2 1.0 164.21411959795748 -79.76734624201674 -0.07824799409525712 -0.7883382523994841 -0.4678840405080305 -0.20173951312369431 0.09797054138647107 -0.08314253548907476 23379.0 57549.0 102768.0 151306.0 196940.0 236086.0 267370.0 290817.0 307188.0 317535.0 322952.0 324451.0 322906.0 319049.0 313474.0 306657.0
3 1.0 204.63622159271347 35.459503510497726 -0.07824799409525712 -0.7883382523994841 -0.4678840405080305 -0.20173951312369431 0.09797054138647107 -0.08314253548907476 7602.0 22845.0 46957.0 76699.0 108068.0 137857.0 164096.0 185884.0 203061.0 215905.0 224906.0 230631.0 233640.0 234447.0 233500.0 231181.0
4 1.0 6.764328157087851 50.1651712693986 -0.07824799409525712 -0.7883382523994841 -0.4678840405080305 -0.20173951312369431 0.09797054138647107 -0.08314253548907476 20869.0 52385.0 94961.0 141441.0 185774.0 224304.0 255490.0 279194.0 296042.0 306987.0 313057.0 315219.0 314322.0 311081.0 306084.0 299803.0
5 1.0 222.34877894731574 49.93336113277556 -0.07824799409525712 -0.7883382523994841 -0.4678840405080305 -0.20173951312369431 0.09797054138647107 -0.08314253548907476 7478.0 22523.0 46369.0 75830.0 106943.0 136526.0 162612.0 184298.0 201419.0 214240.0 223246.0 228995.0 232043.0 232898.0 232005.0 229744.0
6 1.0 220.3544601800717 -43.303938417836115 -0.07824799409525712 -0.7883382523994841 -0.4678840405080305 -0.20173951312369431 0.09797054138647107 -0.08314253548907476 30523.0 67986.0 113776.0 160313.0 202351.0 237291.0 264440.0 284203.0 297497.0 305400.0 308959.0 309108.0 306640.0 302206.0 296329.0 289426.0
7 1.0 222.0962388749125 -22.713635172138936 -0.07824799409525712 -0.7883382523994841 -0.4678840405080305 -0.20173951312369431 0.09797054138647107 -0.08314253548907476 25292.0 57631.0 98170.0 140286.0 179103.0 212007.0 238117.0 257604.0 271173.0 279725.0 284176.0 285360.0 284000.0 280699.0 275947.0 270138.0
8 1.0 339.7493082652647 15.76793433535002 -0.07824799409525712 -0.7883382523994841 -0.4678840405080305 -0.20173951312369431 0.09797054138647107 -0.08314253548907476 7775.0 22031.0 43783.0 70107.0 97619.0 123668.0 146637.0 165788.0 180990.0 192469.0 200633.0 205955.0 208904.0 209916.0 209373.0 207602.0
9 1.0 245.45530767725404 -40.892057563595934 -0.07824799409525712 -0.7883382523994841 -0.4678840405080305 -0.20173951312369431 0.09797054138647107 -0.08314253548907476 27494.0 58615.0 95025.0 130774.0 162170.0 187635.0 206966.0 220679.0 229587.0 234558.0 236399.0 235810.0 233373.0 229563.0 224757.0 219250.0
10 1.0 129.42284420656296 -23.246496140780025 -0.07824799409525712 -0.7883382523994841 -0.4678840405080305 -0.20173951312369431 0.09797054138647107 -0.08314253548907476 5977.0 16389.0 31934.999999999996 50557.0 69973.0 88423.0 104823.0 118664.0 129833.0 138455.0 144780.0 149110.0 151750.0 152989.0 153084.0 152261.0
11 1.0 157.33150336776293 -54.530229566584865 -0.07824799409525712 -0.7883382523994841 -0.4678840405080305 -0.20173951312369431 0.09797054138647107 -0.08314253548907476 17416.0 45679.0 85213.0 129451.00000000001 172448.0 210407.0 241581.0 265639.0 283062.0 294698.0 301508.0 304415.0 304241.0 301689.0 297336.0 291653.0
12 1.0 251.14723053381536 -7.225940923918671 -0.07824799409525712 -0.7883382523994841 -0.4678840405080305 -0.20173951312369431 0.09797054138647107 -0.08314253548907476 14142.0 32286.000000000004 55230.0 79367.0 101972.0 121516.0 137409.0 149653.0 158567.0 164599.0 168228.0 169901.0 170015.0 168908.0 166862.0 164105.0
13 1.0 21.68116978653714 -81.96978577425946 -0.07824799409525712 -0.7883382523994841 -0.4678840405080305 -0.20173951312369431 0.09797054138647107 -0.08314253548907476 20998.0 52144.0 93752.0 138799.0 181501.0 218445.0 248244.0 270831.0 286842.0 297211.0 302928.0 304919.0 303997.0 300842.0 296014.0 289962.0
14 1.0 240.03601756044037 53.96325922271123 -0.07824799409525712 -0.7883382523994841 -0.4678840405080305 -0.20173951312369431 0.09797054138647107 -0.08314253548907476 7261.0 21874.0 45066.0 73760.0 104114.0 133028.0 158577.0 179867.0 196720.0 209387.0 218329.0 224087.0 227196.0 228152.0 227388.0 225274.0
15 1.0 241.4296330625374 -76.1478395424061 -0.07824799409525712 -0.7883382523994841 -0.4678840405080305 -0.20173951312369431 0.09797054138647107 -0.08314253548907476 26446.0 61182.0 104990.0 150516.0 192351.0 227627.0 255417.0 275959.0 290066.0 298755.0 303041.0 303847.0 301961.0 298039.0 292608.0 286093.0
16 1.0 75.73772198658273 3.3903267896746883 -0.07824799409525712 -0.7883382523994841 -0.4678840405080305 -0.20173951312369431 0.09797054138647107 -0.08314253548907476 17409.0 38819.0 65117.99999999999 92044.0 116615.0 137313.0 153686.0 165902.0 174434.0 179853.0 182729.0 183576.0 182838.0 180884.0 178014.0 174471.0
17 1.0 46.41346715574719 -34.7741820818647 -0.07824799409525712 -0.7883382523994841 -0.4678840405080305 -0.20173951312369431 0.09797054138647107 -0.08314253548907476 18001.0 46198.0 84967.0 127864.0 169250.0 205608.0 235368.0 258282.99999999997 274848.0 285891.0 292334.0 295059.0 294849.0 292371.0 288174.0 282706.0
18 1.0 113.55420633270619 13.957730789647584 -0.07824799409525712 -0.7883382523994841 -0.4678840405080305 -0.20173951312369431 0.09797054138647107 -0.08314253548907476 5694.0 14051.0 25428.0 38133.0 50665.0 62031.0 71725.0 79589.0 85675.0 90149.0 93221.0 95111.0 96025.0 96148.0 95640.0 94638.0
19 1.0 130.93587753934415 82.69800135001651 -0.07824799409525712 -0.7883382523994841 -0.4678840405080305 -0.20173951312369431 0.09797054138647107 -0.08314253548907476 12656.0 33130.0 62178.0 95349.0 128367.00000000001 158306.0 183647.0 203913.0 219267.0 230204.0 237351.0 241348.0 242791.0 242205.0 240035.0 236652.0
20 1.0 205.27083735043666 26.20264400208069 -0.07824799409525712 -0.7883382523994841 -0.4678840405080305 -0.20173951312369431 0.09797054138647107 -0.08314253548907476 8343.0 24775.0 50470.0 81857.0 114679.0 145603.0 172634.0 194903.0 212305.0 225175.0 234056.0 239559.0 242278.0 242752.0 241450.0 238767.0
21 1.0 157.89654484643532 -83.63476156401164 -0.07824799409525712 -0.7883382523994841 -0.4678840405080305 -0.20173951312369431 0.09797054138647107 -0.08314253548907476 23135.0 56886.0 101532.0 149462.0 194544.0 233248.0 264211.0 287451.0 303710.0 314023.0 319464.0 321027.0 319576.0 315832.0 310382.0 303696.0
22 1.0 355.8145817013214 -12.527560888548976 -0.07824799409525712 -0.7883382523994841 -0.4678840405080305 -0.20173951312369431 0.09797054138647107 -0.08314253548907476 11796.0 31516.000000000004 59877.0 92558.0 125305.0 155160.0 180552.0 200955.0 216496.0 227641.0 235001.0 239205.0 240844.0 240439.0 238434.0 235201.0
23 1.0 36.736131869290105 1.803033417285036 -0.07824799409525712 -0.7883382523994841 -0.4678840405080305 -0.20173951312369431 0.09797054138647107 -0.08314253548907476 25841.0 61325.0 106959.0 154990.0 199509.0 237277.0 267168.0 289355.0 304661.0 314156.0 318920.0 319940.0 318063.0 313994.0 308302.0 301442.0
24 1.0 75.19563219414049 6.511949046621353 -0.07824799409525712 -0.7883382523994841 -0.4678840405080305 -0.20173951312369431 0.09797054138647107 -0.08314253548907476 18253.0 40255.0 66977.0 94078.0 118598.0 139079.0 155132.0 166982.0 175137.0 180196.0 182743.0 183302.0 182317.0 180156.0 177119.0 173442.0
25 1.0 58.07142643859865 32.65065190869082 -0.07824799409525712 -0.7883382523994841 -0.4678840405080305 -0.20173951312369431 0.09797054138647107 -0.08314253548907476 28720.0 61575.0 100269.0 138483.0 172216.0 199704.0 220663.0 235606.0 245379.0 250903.0 253041.00000000003 252548.0 250052.0 246065.0 240996.0 235165.0
26 1.0 235.11899716754343 -40.032702408282105 -0.07824799409525712 -0.7883382523994841 -0.4678840405080305 -0.20173951312369431 0.09797054138647107 -0.08314253548907476 29238.0 63181.0 103504.0 143619.0 179260.0 208482.0 230910.0 247031.0 257701.0 263872.0 266443.0 266205.0 263820.0 259828.0 254662.99999999997 248666.0
27 1.0 91.18497691432157 -66.80509821606236 -0.07824799409525712 -0.7883382523994841 -0.4678840405080305 -0.20173951312369431 0.09797054138647107 -0.08314253548907476 17167.0 44839.0 83468.0 126681.99999999999 168717.0 205884.0 236472.0 260146.0 277355.0 288916.0 295753.0 298761.0 298741.0 296375.0 292229.0 286764.0
28 1.0 167.87187822827028 -19.31837822152302 -0.07824799409525712 -0.7883382523994841 -0.4678840405080305 -0.20173951312369431 0.09797054138647107 -0.08314253548907476 9072.0 26007.0 51891.0 83080.0 115423.0 145739.0 172149.0 193857.0 210792.0 223297.0 231909.0 237225.0 239826.0 240238.0 238915.0 236243.0
29 1.0 87.99321312057698 82.1530301032708 -0.07824799409525712 -0.7883382523994841 -0.4678840405080305 -0.20173951312369431 0.09797054138647107 -0.08314253548907476 14491.0 36871.0 67882.0 102680.0 136842.0 167455.0 193085.0 213353.0 228511.0 239124.0 245871.0 249430.0 250423.0 249390.0 246787.0 242991.0
0 1.0 57.2290501123871 -56.31643948484795 -0.07824799409525712 -0.7883382523994841 -0.4678840405080305 -0.20173951312369431 0.09797054138647107 -0.08314253548907476 17033.0 44429.0 82627.0 125328.0 166853.0 203572.0 233805.0 257220.99999999997 274263.0 285734.0 292543.0 295572.0 295608.0 293324.0 289276.0 283920.0
1 1.0 39.73505081914985 72.71711188708267 -0.07824799409525712 -0.7883382523994841 -0.4678840405080305 -0.20173951312369431 0.09797054138647107 -0.08314253548907476 19213.0 46707.0 83260.0 122972.0 160920.0 194111.0 221249.0 242169.0 257334.0 267496.0 273479.0 276073.0 275982.0 273805.0 270039.0 265090.0
2 1.0 236.27865220749842 7.885071013918747 -0.07824799409525712 -0.7883382523994841 -0.4678840405080305 -0.20173951312369431 0.09797054138647107 -0.08314253548907476 12116.0 30751.0 56652.0 85887.0 114807.0 140960.0 163089.0 180809.0 194272.0 203907.0 210250.0 213852.0 215224.0 214819.0 213020.0 210149.0
3 1.0 49.74586248550097 -7.755944103762147 -0.07824799409525712 -0.7883382523994841 -0.4678840405080305 -0.20173951312369431 0.09797054138647107 -0.08314253548907476 22789.0 53914.0 93969.0 136260.0 175648.0 209275.0 236107.0 256238.00000000003 270343.0 279322.0 284100.0 285530.0 284349.0 281173.0 276507.0 270753.0
4 1.0 70.76965020481926 68.76745384138013 -0.07824799409525712 -0.7883382523994841 -0.4678840405080305 -0.20173951312369431 0.09797054138647107 -0.08314253548907476 19136.0 44834.0 78034.0 113438.0 146857.0 175851.0 199428.0 217533.0 230621.0 239365.0 244491.0 246685.0 246554.0 244616.0 241299.0 236951.0
5 1.0 132.74106143794708 -7.451286881654539 -0.07824799409525712 -0.7883382523994841 -0.4678840405080305 -0.20173951312369431 0.09797054138647107 -0.08314253548907476 4165.0 11534.0 22686.0 36227.0 50541.0 64329.0 76756.0 87396.0 96121.0 102984.0 108145.0 111808.0 114187.0 115492.0 115911.0 115609.0
6 1.0 295.55756274525663 40.350174590077785 -0.07824799409525712 -0.7883382523994841 -0.4678840405080305 -0.20173951312369431 0.09797054138647107 -0.08314253548907476 4889.0 14771.0 30708.0 50836.0 72624.0 93898.0 113206.0 129778.0 143352.0 153994.0 161945.0 167532.0 171102.0 172988.0 173494.0 172885.0
7 1.0 34.956459285502056 -18.17544209344163 -0.07824799409525712 -0.7883382523994841 -0.4678840405080305 -0.20173951312369431 0.09797054138647107 -0.08314253548907476 20462.0 51611.0 93727.0 139688.0 183493.0 221539.0 252320.0 275711.0 292338.0 303146.0 309149.0 311302.0 310440.0 307268.0 302364.0 296192.0
8 1.0 301.6601666995694 72.7279907221724 -0.07824799409525712 -0.7883382523994841 -0.4678840405080305 -0.20173951312369431 0.09797054138647107 -0.08314253548907476 10334.0 29654.0 58930.0 93810.0 129527.0 162562.0 190935.0 213894.0 231480.0 244161.0 252596.0 257482.0 259482.0 259181.0 257081.99999999997 253604.0
9 1.0 34.59542684182671 34.20450363442093 -0.07824799409525712 -0.7883382523994841 -0.4678840405080305 -0.20173951312369431 0.09797054138647107 -0.08314253548907476 30469.0 68941.0 116567.0 165382.0 209734.0 246749.0 275601.0 296663.0 310877.0 319371.0 323250.0 323505.0 320977.0 316357.0 310203.0 302957.0
10 1.0 351.5254074048225 35.931969765093015 -0.07824799409525712 -0.7883382523994841 -0.4678840405080305 -0.20173951312369431 0.09797054138647107 -0.08314253548907476 13915.0 37956.0 72794.0 112873.0 152738.0 188664.0 218764.0 242496.0 260131.99999999997 272349.0 279974.0 283831.0 284676.0 283161.0 279835.0 275147.0
11 1.0 168.71443259317257 -31.010327719718596 -0.07824799409525712 -0.7883382523994841 -0.4678840405080305 -0.20173951312369431 0.09797054138647107 -0.08314253548907476 12585.0 34687.0 67123.0 104866.0 142803.0 177338.0 206567.0 229867.0 247410.0 259780.99999999997 267729.0 272020.0 273364.0 272383.0 269601.0 265453.0
12 1.0 351.6339917485214 46.22015569264005 -0.07824799409525712 -0.7883382523994841 -0.4678840405080305 -0.20173951312369431 0.09797054138647107 -0.08314253548907476 15218.0 40919.0 77661.0 119476.0 160687.0 197522.0 228136.0 252069.0 269673.0 281697.0 289022.0 292514.0 292959.0 291031.0 287291.0 282198.0
13 1.0 217.74438710821656 24.490989980485438 -0.07824799409525712 -0.7883382523994841 -0.4678840405080305 -0.20173951312369431 0.09797054138647107 -0.08314253548907476 9172.0 26491.0 52978.0 84829.0 117753.0 148500.0 175178.0 197011.0 213960.0 226398.0 234890.0 240055.0 242489.0 242726.0 241230.0 238390.0
14 1.0 266.1348885833886 -46.79635079165228 -0.07824799409525712 -0.7883382523994841 -0.4678840405080305 -0.20173951312369431 0.09797054138647107 -0.08314253548907476 23005.0 49135.0 79734.0 109786.0 136178.0 157587.0 173845.0 185394.0 192918.0 197145.0 198751.0 198323.0 196347.0 193218.0 189250.0 184691.0
15 1.0 14.107605211555443 -61.103011952653844 -0.07824799409525712 -0.7883382523994841 -0.4678840405080305 -0.20173951312369431 0.09797054138647107 -0.08314253548907476 17554.0 44889.0 82394.0 123862.0 163874.0 199054.0 227889.0 250135.0 266261.0 277059.0 283410.0 286161.0 286066.0 283765.0 279791.0 274575.0
16 1.0 101.81050652750744 53.35046541311971 -0.07824799409525712 -0.7883382523994841 -0.4678840405080305 -0.20173951312369431 0.09797054138647107 -0.08314253548907476 14398.0 32796.0 56003.0 80366.0 103143.0 122800.0 138755.0 151023.0 159931.0 165936.0 169524.0 171148.0 171208.0 170046.0 167944.0 165133.0
17 1.0 43.270762036740805 82.64998854634004 -0.07824799409525712 -0.7883382523994841 -0.4678840405080305 -0.20173951312369431 0.09797054138647107 -0.08314253548907476 15318.0 39140.0 72178.0 109215.0 145494.0 177905.0 204936.0 226210.0 242019.0 252989.00000000003 259857.99999999997 263357.0 264154.0 262826.0 259861.0 255656.0
18 1.0 106.61047110797217 -7.535011093192281 -0.07824799409525712 -0.7883382523994841 -0.4678840405080305 -0.20173951312369431 0.09797054138647107 -0.08314253548907476 6574.0 16614.0 30519.0 46216.0 61806.0 76011.0 88165.0 98048.0 105714.0 111364.0 115259.0 117671.0 118861.0 119059.0 118465.0 117251.0
19 1.0 42.74197882352786 16.377149758263286 -0.07824799409525712 -0.7883382523994841 -0.4678840405080305 -0.20173951312369431 0.09797054138647107 -0.08314253548907476 29632.0 66623.0 112137.0 158580.0 200641.0 235661.0 262911.0 282779.0 296172.0 304166.0 307809.0 308034.0 305635.0 301263.0 295442.0 288589.0
20 1.0 114.47394458183138 64.39007595483983 -0.07824799409525712 -0.7883382523994841 -0.4678840405080305 -0.20173951312369431 0.09797054138647107 -0.08314253548907476 12702.0 30845.0 55178.0 81971.0 108007.0 131233.0 150671.0 166086.0 177686.0 185892.0 191205.0 194122.0 195100.0 194535.0 192765.0 190071.0
21 1.0 149.13467802528118 -7.699778396305732 -0.07824799409525712 -0.7883382523994841 -0.4678840405080305 -0.20173951312369431 0.09797054138647107 -0.08314253548907476 4457.0 13026.0 26602.0 43631.0 62051.0 80090.0 96546.0 110766.0 122509.0 131807.0 138842.0 143874.0 147183.0 149046.0 149713.0 149409.0
22 1.0 23.09309868556237 81.3374058298925 -0.07824799409525712 -0.7883382523994841 -0.4678840405080305 -0.20173951312369431 0.09797054138647107 -0.08314253548907476 15521.0 39860.0 73714.0 111708.0 148930.0 182167.0 209856.0 231614.0 247747.0 258905.0 265850.0 269340.0 270064.0 268616.0 265497.0 261118.00000000003
23 1.0 249.28996297320714 13.63520916807704 -0.07824799409525712 -0.7883382523994841 -0.4678840405080305 -0.20173951312369431 0.09797054138647107 -0.08314253548907476 8692.0 22740.0 42848.0 66106.0 89618.0 111317.0 130053.0 145386.0 157334.0 166170.0 172281.0 176084.0 177981.0 178334.0 177458.0 175619.0
24 1.0 203.97652351436705 57.738081726236686 -0.07824799409525712 -0.7883382523994841 -0.4678840405080305 -0.20173951312369431 0.09797054138647107 -0.08314253548907476 7606.0 22662.0 46333.0 75416.0 106017.0 135039.0 160586.0 181799.0 198532.0 211055.0 219846.0 225454.0 228422.0 229247.0 228364.0 226142.0
25 1.0 95.54021673820034 73.5918693142929 -0.07824799409525712 -0.7883382523994841 -0.4678840405080305 -0.20173951312369431 0.09797054138647107 -0.08314253548907476 15362.0 37447.0 67054.0 99553.0 130979.00000000001 158835.0 181965.0 200128.0 213618.0 222984.0 228857.0 231860.0 232556.0 231433.0 228902.0 225301.0
26 1.0 188.36929924801188 56.7942873783424 -0.07824799409525712 -0.7883382523994841 -0.4678840405080305 -0.20173951312369431 0.09797054138647107 -0.08314253548907476 7327.0 21593.0 43874.0 71166.0 99856.0 127082.0 151087.0 171069.0 186884.0 198774.0 207178.0 212599.0 215539.0 216459.0 215764.0 213799.0
27 1.0 33.818583873039 -61.30539657918793 -0.07824799409525712 -0.7883382523994841 -0.4678840405080305 -0.20173951312369431 0.09797054138647107 -0.08314253548907476 17786.0 46028.0 85114.0 128551.0 170580.0 207578.0 237905.0 261281.0 278195.0 289483.0 296080.0 298885.0 298696.0 296193.0 291938.0 286386.0
28 1.0 207.34073840022455 23.201719031106066 -0.07824799409525712 -0.7883382523994841 -0.4678840405080305 -0.20173951312369431 0.09797054138647107 -0.08314253548907476 8865.0 26047.0 52657.0 84917.0 118442.0 149861.0 177187.0 199587.0 216997.0 229788.0 238531.0 243859.0 246383.0 246653.0 245145.0 242259.0
29 1.0 334.5466311274371 -18.28183344845813 -0.07824799409525712 -0.7883382523994841 -0.4678840405080305 -0.20173951312369431 0.09797054138647107 -0.08314253548907476 7766.0 20476.0 38701.0 59787.0 81104.0 100786.0 117805.0 131770.0 142702.0 150843.0 156541.0 160167.0 162076.0 162590.0 161989.0 160509.0
0 1.0 114.68482288247652 -78.71166863579778 -0.07824799409525712 -0.7883382523994841 -0.4678840405080305 -0.20173951312369431 0.09797054138647107 -0.08314253548907476 20677.0 52435.0 95522.0 142622.0 187536.0 226531.0 258047.00000000003 281955.0 298905.0 309873.0 315910.0 318001.0 317007.0 313656.0 308540.0 302138.0
1 1.0 240.2677367869254 -13.674194659828444 -0.07824799409525712 -0.7883382523994841 -0.4678840405080305 -0.20173951312369431 0.09797054138647107 -0.08314253548907476 19479.0 43705.0 73753.0 104823.0 133451.0 157800.0 177252.0 191928.0 202323.0 209067.0 212806.0 214131.0 213558.0 211518.0 208368.0 204394.0
2 1.0 47.447230465581185 -43.436867959906614 -0.07824799409525712 -0.7883382523994841 -0.4678840405080305 -0.20173951312369431 0.09797054138647107 -0.08314253548907476 17368.0 45050.0 83458.0 126238.99999999999 167725.0 204325.0 234397.0 257641.99999999997 274519.0 285843.0 292526.0 295449.0 295399.0 293046.0 288946.0 283549.0
3 1.0 257.8777934826836 62.82689551713193 -0.07824799409525712 -0.7883382523994841 -0.4678840405080305 -0.20173951312369431 0.09797054138647107 -0.08314253548907476 7566.0 22729.0 46720.0 76317.0 107542.0 137206.0 163344.0 185057.0 202185.0 215000.0 223989.0 229715.0 232735.0 233559.0 232635.0 230343.0
4 1.0 104.1861934609924 -84.00516722159469 -0.07824799409525712 -0.7883382523994841 -0.4678840405080305 -0.20173951312369431 0.09797054138647107 -0.08314253548907476 21704.0 54172.0 97661.0 144775.0 189410.0 227964.0 258985.00000000003 282416.0 298941.0 309553.0 315303.0 317170.0 316008.0 312534.0 307333.0 300876.0
5 1.0 65.94889032256206 82.61688993542523 -0.07824799409525712 -0.7883382523994841 -0.4678840405080305 -0.20173951312369431 0.09797054138647107 -0.08314253548907476 15034.0 38241.0 70352.0 106320.0 141557.0 173059.0 199364.0 220102.0 235551.0 246308.0 253083.99999999997 256583.99999999997 257454.00000000003 256251.0 253448.0 249431.0
6 1.0 211.14465653162995 -26.033607275052667 -0.07824799409525712 -0.7883382523994841 -0.4678840405080305 -0.20173951312369431 0.09797054138647107 -0.08314253548907476 25516.0 59849.0 103854.0 150214.0 193321.0 230055.0 259293.0 281149.0 296373.0 305964.0 310946.0 312261.0 310725.0 307017.0 301693.0 295196.0
7 1.0 7.238716627497679 -25.792759727542276 -0.07824799409525712 -0.7883382523994841 -0.4678840405080305 -0.20173951312369431 0.09797054138647107 -0.08314253548907476 14723.0 38714.0 72530.0 110752.0 148339.0 181968.0 210012.0 232060.0 248414.0 259729.0 266779.0 270334.0 271090.0 269653.0 266529.0 262131.99999999997
8 1.0 298.4184105182507 -87.06086951693258 -0.07824799409525712 -0.7883382523994841 -0.4678840405080305 -0.20173951312369431 0.09797054138647107 -0.08314253548907476 23099.0 55874.0 98729.0 144419.0 187225.0 223900.0 253220.0 275234.0 290658.0 300467.0 305675.0 307215.0 305900.0 302408.0 297291.0 290993.0
9 1.0 1.6903714293169436 -56.65818145748689 -0.07824799409525712 -0.7883382523994841 -0.4678840405080305 -0.20173951312369431 0.09797054138647107 -0.08314253548907476 16518.0 42006.0 76891.0 115454.0 152714.0 185556.0 212574.0 233522.0 248813.0 259162.0 265371.0 268216.0 268387.0 266479.0 262983.0 258301.0
10 1.0 244.01395324664284 -17.773289855350427 -0.07824799409525712 -0.7883382523994841 -0.4678840405080305 -0.20173951312369431 0.09797054138647107 -0.08314253548907476 20227.0 44507.0 73992.0 103942.0 131110.0 153876.0 171787.0 185062.0 194241.0 199974.0 202899.0 203594.0 202554.0 200188.0 196833.0 192755.0
11 1.0 97.20287034917935 77.27245511448851 -0.07824799409525712 -0.7883382523994841 -0.4678840405080305 -0.20173951312369431 0.09797054138647107 -0.08314253548907476 14757.0 36728.0 66681.0 99949.0 132390.0 161333.0 185490.0 204550.0 218776.0 228713.0 235008.0 238300.0 239174.0 238141.0 235629.0 231993.0
12 1.0 264.66984796413414 -72.06931256017117 -0.07824799409525712 -0.7883382523994841 -0.4678840405080305 -0.20173951312369431 0.09797054138647107 -0.08314253548907476 25538.0 58073.0 98571.0 140309.0 178465.0 210537.0 235761.0 254396.0 267199.0 275098.0 279014.0 279778.0 278102.0 274574.0 269673.0 263779.0
13 1.0 346.38787624227774 80.15427602623433 -0.07824799409525712 -0.7883382523994841 -0.4678840405080305 -0.20173951312369431 0.09797054138647107 -0.08314253548907476 14096.0 37475.0 70837.0 108923.0 146685.0 180705.0 209253.0 231834.0 248696.0 260463.0 267897.0 271765.0 272768.0 271519.0 268531.0 264229.0
14 1.0 89.55113166718489 66.5079354983938 -0.07824799409525712 -0.7883382523994841 -0.4678840405080305 -0.20173951312369431 0.09797054138647107 -0.08314253548907476 16903.0 39562.0 68880.0 100237.0 129958.99999999999 155875.0 177076.0 193479.0 205454.0 213573.0 218463.0 220722.0 220885.0 219408.0 216672.0 212988.0
15 1.0 207.4166403904213 -8.25076855664068 -0.07824799409525712 -0.7883382523994841 -0.4678840405080305 -0.20173951312369431 0.09797054138647107 -0.08314253548907476 17808.0 45323.0 83141.0 125098.99999999999 165740.0 201611.0 231126.0 253987.00000000003 270635.0 281851.0 288519.0 291494.0 291542.0 289317.0 285364.0 280123.0
16 1.0 213.13509525786205 -31.19384128171319 -0.07824799409525712 -0.7883382523994841 -0.4678840405080305 -0.20173951312369431 0.09797054138647107 -0.08314253548907476 27512.0 63336.0 108485.0 155452.0 198681.0 235200.0 264023.0 285372.0 300069.0 309152.0 313667.0 314566.0 312664.0 308641.0 303045.0 296317.0
17 1.0 206.01068608471442 -48.10605672976977 -0.07824799409525712 -0.7883382523994841 -0.4678840405080305 -0.20173951312369431 0.09797054138647107 -0.08314253548907476 29343.0 67840.0 116333.0 166627.0 212705.0 251400.0 281716.0 303955.0 319052.0 328162.0 332430.0 332889.0 330419.0 325747.0 319457.0 312015.0
18 1.0 80.30938775062259 20.603647165837387 -0.07824799409525712 -0.7883382523994841 -0.4678840405080305 -0.20173951312369431 0.09797054138647107 -0.08314253548907476 18895.0 40427.0 65645.0 90379.0 112038.0 129523.0 142711.0 151988.0 157939.0 161185.0 162297.0 161765.0 159994.0 157309.0 153968.0 150172.0
19 1.0 342.9896441461146 -84.04657353440899 -0.07824799409525712 -0.7883382523994841 -0.4678840405080305 -0.20173951312369431 0.09797054138647107 -0.08314253548907476 22041.0 53713.0 95400.0 140076.0 182115.0 218277.0 247304.0 269200.0 284632.0 294541.0 299908.0 301647.0 300552.0 297291.0 292408.0 286342.0
20 1.0 160.96513630234585 -87.19090839957092 -0.07824799409525712 -0.7883382523994841 -0.4678840405080305 -0.20173951312369431 0.09797054138647107 -0.08314253548907476 23078.0 56469.0 100491.0 147659.0 191980.0 230014.0 260442.0 283290.0 299288.0 309449.0 314828.0 316397.0 315003.0 311353.0 306023.0 299473.0
21 1.0 304.707122089606 -12.816769950317195 -0.07824799409525712 -0.7883382523994841 -0.4678840405080305 -0.20173951312369431 0.09797054138647107 -0.08314253548907476 5080.0 13049.0 24273.0 37128.0 50061.0 61992.0 72330.0 80855.0 87579.0 92643.0 96246.0 98603.0 99920.0 100386.0 100165.0 99397.0
22 1.0 251.81253911430156 -77.74666668455036 -0.07824799409525712 -0.7883382523994841 -0.4678840405080305 -0.20173951312369431 0.09797054138647107 -0.08314253548907476 25662.0 59606.0 102574.0 147357.0 188614.0 223485.0 251024.00000000003 271440.0 285517.0 294244.0 298619.0 299547.0 297806.0 294039.0 288772.0 282422.0
23 1.0 107.07730230784811 -44.65062211570328 -0.07824799409525712 -0.7883382523994841 -0.4678840405080305 -0.20173951312369431 0.09797054138647107 -0.08314253548907476 11407.0 30154.0 56880.0 87490.0 118037.0 145817.0 169415.0 188376.0 202833.0 213228.0 220124.0 224104.0 225709.0 225419.0 223643.0 220720.0
24 1.0 292.9672150928918 -50.19103523770491 -0.07824799409525712 -0.7883382523994841 -0.4678840405080305 -0.20173951312369431 0.09797054138647107 -0.08314253548907476 16927.0 37894.0 63753.00000000001 90320.0 114639.0 135186.0 151490.0 163700.0 172267.0 177749.0 180704.0 181640.0 180992.0 179128.0 176345.0 172885.0
25 1.0 142.74206670491446 -44.425585129886656 -0.07824799409525712 -0.7883382523994841 -0.4678840405080305 -0.20173951312369431 0.09797054138647107 -0.08314253548907476 11670.0 31728.0 61010.0 95103.0 129515.99999999999 161054.0 187979.0 209679.0 226249.0 238163.0 246055.0 250591.0 252396.0 252023.0 249946.0 246559.0
26 1.0 317.1971509600182 -66.4100583812536 -0.07824799409525712 -0.7883382523994841 -0.4678840405080305 -0.20173951312369431 0.09797054138647107 -0.08314253548907476 19133.0 45286.0 79079.0 114962.0 148614.0 177584.0 200928.0 218661.0 231298.0 239563.0 244215.0 245961.0 245421.0 243119.0 239485.0 234866.0
27 1.0 209.25823414890914 -87.83347987842222 -0.07824799409525712 -0.7883382523994841 -0.4678840405080305 -0.20173951312369431 0.09797054138647107 -0.08314253548907476 23427.0 56883.0 100731.0 147529.0 191384.0 228945.0 258946.0 281443.0 297170.0 307137.0 312385.0 313879.0 312453.0 308803.0 303498.0 296993.0
28 1.0 317.424730267747 -69.21282651502534 -0.07824799409525712 -0.7883382523994841 -0.4678840405080305 -0.20173951312369431 0.09797054138647107 -0.08314253548907476 19876.0 47124.0 82350.0 119746.0 154790.0 184920.0 209160.0 227531.0 240584.0 249080.0 253815.0 255533.0 254882.0 252407.0 248556.0 243692.0
29 1.0 249.3113724279957 21.32644671229461 -0.07824799409525712 -0.7883382523994841 -0.4678840405080305 -0.20173951312369431 0.09797054138647107 -0.08314253548907476 7592.0 20851.0 40562.0 63973.0 88104.0 110717.0 130497.0 146886.0 159823.0 169540.0 176409.0 180846.0 183258.0 184019.0 183456.0 181848.0
0 1.0 261.09154073507057 85.36611830724905 -0.07824799409525712 -0.7883382523994841 -0.4678840405080305 -0.20173951312369431 0.09797054138647107 -0.08314253548907476 11623.0 31966.0 61849.0 96733.0 131958.0 164207.0 191689.0 213778.0 230585.0 242611.0 250519.0 254998.99999999997 256695.99999999997 256182.00000000003 253942.99999999997 250382.0
1 1.0 180.47677749361281 88.26210028096091 -0.07824799409525712 -0.7883382523994841 -0.4678840405080305 -0.20173951312369431 0.09797054138647107 -0.08314253548907476 12348.0 33141.0 63154.0 97789.0 132488.0 164077.0 190878.0 212340.0 228609.0 240198.0 247767.0 251996.0 253519.0 252892.99999999997 250593.0 247013.0
2 1.0 344.1901085003606 -16.37026283284891 -0.07824799409525712 -0.7883382523994841 -0.4678840405080305 -0.20173951312369431 0.09797054138647107 -0.08314253548907476 9215.0 24526.0 46597.0 72179.0 98030.0 121843.0 142350.0 159077.0 172060.0 181612.0 188172.0 192207.0 194163.0 194443.0 193391.0 191302.0
3 1.0 231.83647172266947 -60.66820331161104 -0.07824799409525712 -0.7883382523994841 -0.4678840405080305 -0.20173951312369431 0.09797054138647107 -0.08314253548907476 29975.0 66594.0 111197.0 156386.0 197092.0 230840.0 256996.99999999997 275988.0 288719.0 296245.0 299583.0 299640.0 297181.0 292834.0 287104.0 280391.0
4 1.0 152.5878174809447 24.977116325975274 -0.07824799409525712 -0.7883382523994841 -0.4678840405080305 -0.20173951312369431 0.09797054138647107 -0.08314253548907476 4130.0 12009.0 24387.0 39785.0 56316.0 72395.0 86973.0 99496.0 109779.0 117870.0 123947.0 128250.0 131034.00000000001 132548.0 133015.0 132635.0
5 1.0 218.30155708605275 -1.7450376212273113 -0.07824799409525712 -0.7883382523994841 -0.4678840405080305 -0.20173951312369431 0.09797054138647107 -0.08314253548907476 16661.0 41840.0 76254.0 114412.0 151464.0 184318.0 211524.0 232777.0 248432.0 259162.99999999997 265744.0 268931.0 269409.0 267768.0 264498.0 260005.0
6 1.0 6.909551391360069 88.09375991119765 -0.07824799409525712 -0.7883382523994841 -0.4678840405080305 -0.20173951312369431 0.09797054138647107 -0.08314253548907476 13219.0 35106.0 66406.0 102264.0 137971.0 170300.0 197585.0 219312.0 235674.0 247228.0 254670.99999999997 258712.0 260005.0 259126.00000000003 256560.99999999997 252711.00000000003
7 1.0 108.56693400283775 -78.24524271267956 -0.07824799409525712 -0.7883382523994841 -0.4678840405080305 -0.20173951312369431 0.09797054138647107 -0.08314253548907476 20356.0 51780.0 94528.0 141354.0 186081.0 224971.0 256444.99999999997 280359.0 297344.0 308368.0 314471.0 316633.0 315713.0 312434.0 307388.0 301052.0
8 1.0 237.66247349736662 50.98219889648635 -0.07824799409525712 -0.7883382523994841 -0.4678840405080305 -0.20173951312369431 0.09797054138647107 -0.08314253548907476 7235.0 21777.0 44842.0 73372.0 103550.0 132298.0 157705.0 178880.0 195647.0 208253.0 217157.0 222893.0 225996.0 226956.0 226205.0 224111.0
9 1.0 104.42793859575987 -38.0882704803311 -0.07824799409525712 -0.7883382523994841 -0.4678840405080305 -0.20173951312369431 0.09797054138647107 -0.08314253548907476 10334.0 27133.0 50997.0 78310.0 105597.0 130468.0 151664.0 168763.0 181867.0 191351.0 197707.0 201443.0 203040.0 202921.0 201453.0 198939.0
10 1.0 222.48555443958296 -46.54464838621668 -0.07824799409525712 -0.7883382523994841 -0.4678840405080305 -0.20173951312369431 0.09797054138647107 -0.08314253548907476 30845.0 68377.0 114040.0 160279.0 201924.0 236447.0 263203.0 282623.0 295635.0 303317.0 306710.0 306741.0 304196.0 299718.0 293823.0 286923.0
11 1.0 154.35673234047582 29.250822875881667 -0.07824799409525712 -0.7883382523994841 -0.4678840405080305 -0.20173951312369431 0.09797054138647107 -0.08314253548907476 4420.0 12832.0 26009.0 42352.0 59839.0 76791.0 92107.0 105215.0 115934.0 124325.0 130587.00000000001 134981.0 137782.0 139251.0 139630.0 139128.0
12 1.0 48.770663120082084 -45.70862670162639 -0.07824799409525712 -0.7883382523994841 -0.4678840405080305 -0.20173951312369431 0.09797054138647107 -0.08314253548907476 17216.0 44724.0 82942.0 125556.0 166914.0 203427.0 233447.0 256666.0 273538.0 284869.0 291569.0 294515.0 294491.0 292167.0 288097.0 282730.0
13 1.0 107.38163734417108 29.854641160653784 -0.07824799409525712 -0.7883382523994841 -0.4678840405080305 -0.20173951312369431 0.09797054138647107 -0.08314253548907476 9296.0 21215.0 36263.0 52076.0 66879.0 79682.0 90101.0 98137.0 103994.0 107962.0 110351.0 111452.0 111525.0 110793.0 109441.0 107620.0
14 1.0 205.18736785245537 3.11553309641198 -0.07824799409525712 -0.7883382523994841 -0.4678840405080305 -0.20173951312369431 0.09797054138647107 -0.08314253548907476 13212.0 35953.0 68950.0 107031.0 145067.0 179516.0 208545.0 231589.0 248861.0 260969.99999999997 268677.0 272756.0 273916.0 272777.0 269864.0 265606.0
15 1.0 212.71419404934235 -13.663982081547132 -0.07824799409525712 -0.7883382523994841 -0.4678840405080305 -0.20173951312369431 0.09797054138647107 -0.08314253548907476 21010.0 51009.0 90717.0 133625.0 174377.0 209779.0 238502.0 260435.00000000003 276140.0 286467.0 292334.0 294607.0 294050.0 291312.0 286927.0 281325.0
16 1.0 206.75708958584838 9.843805559055411 -0.07824799409525712 -0.7883382523994841 -0.4678840405080305 -0.20173951312369431 0.09797054138647107 -0.08314253548907476 11488.0 32118.0 62739.0 98688.0 135093.0 168461.0 196894.0 219728.0 237070.0 249445.0 257544.0 262090.0 263757.0 263140.0 260745.99999999997 256994.0
17 1.0 235.1522951485681 -38.330726414466646 -0.07824799409525712 -0.7883382523994841 -0.4678840405080305 -0.20173951312369431 0.09797054138647107 -0.08314253548907476 28891.0 62443.0 102316.0 142001.0 177278.0 206219.0 228448.0 244439.0 255038.0 261182.00000000003 263763.0 263559.0 261227.0 257301.0 252211.00000000003 246294.0
18 1.0 234.757177200608 37.1834471291362 -0.07824799409525712 -0.7883382523994841 -0.4678840405080305 -0.20173951312369431 0.09797054138647107 -0.08314253548907476 7509.0 22155.0 45036.0 73051.0 102477.0 130369.00000000001 154927.0 175335.0 191455.0 203544.0 212057.0 217516.0 220439.0 221300.0 220515.0 218439.0
19 1.0 155.31063675623062 -15.325763519958471 -0.07824799409525712 -0.7883382523994841 -0.4678840405080305 -0.20173951312369431 0.09797054138647107 -0.08314253548907476 6014.0 17529.0 35605.0 58009.0 81924.0 105016.0 125770.0 143416.0 157727.0 168812.0 176967.0 182564.0 185994.0 187627.0 187794.0 186788.0
20 1.0 322.75677450638267 -25.101799112539396 -0.07824799409525712 -0.7883382523994841 -0.4678840405080305 -0.20173951312369431 0.09797054138647107 -0.08314253548907476 7472.0 19103.0 35350.0 53782.0 72133.0 88865.0 103173.0 114789.0 123780.0 130388.0 134929.0 137729.0 139099.0 139312.0 138607.0 137181.0
21 1.0 132.32227321724275 59.158244620032804 -0.07824799409525712 -0.7883382523994841 -0.4678840405080305 -0.20173951312369431 0.09797054138647107 -0.08314253548907476 9394.0 23948.0 44343.0 67578.0 90799.0 112037.0 130234.99999999999 145027.0 156474.0 164872.0 170615.0 174122.0 175787.0 175965.0 174961.0 173034.0
22 1.0 156.91137309562566 76.4940441515746 -0.07824799409525712 -0.7883382523994841 -0.4678840405080305 -0.20173951312369431 0.09797054138647107 -0.08314253548907476 10707.0 28777.0 55006.0 85491.0 116281.0 144562.0 168798.0 188431.0 203526.0 214488.0 221864.0 226232.0 228141.0 228078.0 226463.0 223647.0
23 1.0 321.092407805642 -81.71868404028655 -0.07824799409525712 -0.7883382523994841 -0.4678840405080305 -0.20173951312369431 0.09797054138647107 -0.08314253548907476 22296.0 53663.0 94564.0 138129.0 178953.0 213969.0 242015.0 263132.0 277990.0 287507.0 292638.0 294266.0 293160.0 289963.0 285200.0 279295.0
24 1.0 290.22983605659084 -48.12714129064221 -0.07824799409525712 -0.7883382523994841 -0.4678840405080305 -0.20173951312369431 0.09797054138647107 -0.08314253548907476 16780.0 37288.0 62399.0 88045.0 111399.0 131033.00000000001 146531.0 158070.0 166106.0 171189.0 173866.0 174626.0 173891.0 172011.0 169270.0 165897.0
25 1.0 253.39989007453187 -27.266513491338614 -0.07824799409525712 -0.7883382523994841 -0.4678840405080305 -0.20173951312369431 0.09797054138647107 -0.08314253548907476 21354.0 45652.0 74094.0 101985.0 126414.0 146149.0 161048.0 171540.0 178281.0 181967.0 183240.0 182651.0 180659.0 177629.0 173854.0 169562.0
26 1.0 36.0816794324284 56.693966286644525 -0.07824799409525712 -0.7883382523994841 -0.4678840405080305 -0.20173951312369431 0.09797054138647107 -0.08314253548907476 25602.0 59106.0 101540.0 145913.0 186982.0 221886.0 249625.0 270348.0 284784.0 293886.0 298622.0 299884.0 298441.0 294935.0 289890.0 283725.0
27 1.0 331.0137409480825 87.38845697579356 -0.07824799409525712 -0.7883382523994841 -0.4678840405080305 -0.20173951312369431 0.09797054138647107 -0.08314253548907476 12945.0 34667.0 65922.0 101870.0 137765.0 170330.0 197855.0 219803.0 236355.0 248062.0 255622.00000000003 259749.0 261102.0 260261.00000000003 257716.0 253872.0
28 1.0 257.1268678376801 84.41490684066332 -0.07824799409525712 -0.7883382523994841 -0.4678840405080305 -0.20173951312369431 0.09797054138647107 -0.08314253548907476 11372.0 31461.000000000004 61110.0 95834.0 130981.99999999999 163227.0 190752.0 212913.0 229807.0 241924.0 249919.0 254481.0 256253.99999999997 255805.99999999997 253626.00000000003 250118.0
29 1.0 359.5849223644319 72.89070219898684 -0.07824799409525712 -0.7883382523994841 -0.4678840405080305 -0.20173951312369431 0.09797054138647107 -0.08314253548907476 16285.0 42216.0 78410.0 119032.0 158745.0 194076.0 223366.0 246236.0 263051.0 274535.0 281530.0 284863.0 285278.0 283417.0 279816.0 274912.0
0 1.0 53.80138967687775 -36.619872288474625 -0.07824799409525712 -0.7883382523994841 -0.4678840405080305 -0.20173951312369431 0.09797054138647107 -0.08314253548907476 17263.0 44234.0 81313.0 122375.0 162050.0 196975.0 225638.0 247781.0 263859.0 274651.0 281028.0 283827.0 283795.0 281568.0 277674.0 272540.0
1 1.0 312.52538065255715 88.56202381460534 -0.07824799409525712 -0.7883382523994841 -0.4678840405080305 -0.20173951312369431 0.09797054138647107 -0.08314253548907476 12715.0 34110.0 64946.00000000001 100469.0 135989.0 168257.0 195569.0 217382.0 233861.0 245546.0 253123.0 257294.00000000003 258710.0 257944.0 255483.00000000003 251726.99999999997
2 1.0 58.497456483494936 -45.10439260983878 -0.07824799409525712 -0.7883382523994841 -0.4678840405080305 -0.20173951312369431 0.09797054138647107 -0.08314253548907476 16664.0 43162.0 79930.0 120927.0 160751.0 195965.0 224984.0 247499.0 263931.0 275042.0 281694.0 284724.0 284881.0 282805.0 279028.0 273983.0
3 1.0 221.6014431421839 -70.9368921211982 -0.07824799409525712 -0.7883382523994841 -0.4678840405080305 -0.20173951312369431 0.09797054138647107 -0.08314253548907476 28111.0 64767.00000000001 110797.0 158446.0 202066.0 238703.0 267436.0 288558.0 302948.0 311691.0 315861.0 316428.0 314217.0 309914.0 304068.0 297119.0
4 1.0 44.57519382579895 81.17146998997094 -0.07824799409525712 -0.7883382523994841 -0.4678840405080305 -0.20173951312369431 0.09797054138647107 -0.08314253548907476 15886.0 40218.0 73714.0 111062.0 147498.0 179940.0 206913.0 228076.0 243747.0 254569.0 261290.00000000003 264648.0 265315.0 263869.0 260797.0 256496.99999999997
5 1.0 305.2829625560044 -47.98435401574267 -0.07824799409525712 -0.7883382523994841 -0.4678840405080305 -0.20173951312369431 0.09797054138647107 -0.08314253548907476 14099.0 32676.999999999996 56373.0 81388.0 104820.0 125035.0 141405.0 153937.0 162974.0 169000.0 172523.0 174023.0 173920.0 172570.0 170270.0 167258.0
6 1.0 290.63482514100383 34.15828771399508 -0.07824799409525712 -0.7883382523994841 -0.4678840405080305 -0.20173951312369431 0.09797054138647107 -0.08314253548907476 4380.0 13080.0 27023.0 44597.0 63632.99999999999 82267.0 99242.0 113882.0 125943.0 135463.0 142639.0 147742.0 151067.0 152900.0 153502.0 153106.0
7 1.0 204.8762659012536 -79.49585538349405 -0.07824799409525712 -0.7883382523994841 -0.4678840405080305 -0.20173951312369431 0.09797054138647107 -0.08314253548907476 25517.0 60872.0 106523.0 154708.0 199459.0 237484.0 267620.0 290019.0 305499.0 315127.0 319990.0 321077.0 319242.0 315195.0 309508.0 302641.0
8 1.0 146.58598700135988 41.52763784294572 -0.07824799409525712 -0.7883382523994841 -0.4678840405080305 -0.20173951312369431 0.09797054138647107 -0.08314253548907476 5468.0 15138.0 29692.0 47201.0 65490.99999999999 82867.0 98289.0 111269.0 121705.0 129725.0 135575.0 139547.0 141937.0 143021.0 143044.0 142218.0
9 1.0 24.900118363849696 68.70963822009114 -0.07824799409525712 -0.7883382523994841 -0.4678840405080305 -0.20173951312369431 0.09797054138647107 -0.08314253548907476 20182.0 49317.0 88115.0 130241.0 170412.0 205439.0 233961.0 255830.0 271570.0 282000.0 288013.0 290460.0 290091.0 287547.0 283354.0 277941.0
10 1.0 251.07435833204292 -40.96135881612675 -0.07824799409525712 -0.7883382523994841 -0.4678840405080305 -0.20173951312369431 0.09797054138647107 -0.08314253548907476 26105.0 55458.0 89619.0 122977.0 152109.0 175597.0 193310.0 205778.0 213790.0 218171.0 219680.0 218972.0 216585.0 212955.0 208427.0 203273.0
11 1.0 163.27536576410478 -21.76975870606286 -0.07824799409525712 -0.7883382523994841 -0.4678840405080305 -0.20173951312369431 0.09797054138647107 -0.08314253548907476 8564.0 24550.0 49041.0 78655.0 109489.0 138521.0 163939.0 184951.0 201454.0 213745.0 222316.0 227722.0 230508.0 231170.0 230141.0 227791.0
12 1.0 259.94001580932525 -22.6266870022351 -0.07824799409525712 -0.7883382523994841 -0.4678840405080305 -0.20173951312369431 0.09797054138647107 -0.08314253548907476 17416.0 37559.0 61357.0 84881.0 105637.0 122524.0 135370.0 144497.0 150437.0 153763.0 155016.0 154660.0 153087.0 150610.0 147481.0 143896.0
13 1.0 311.8976373343065 44.781886357223954 -0.07824799409525712 -0.7883382523994841 -0.4678840405080305 -0.20173951312369431 0.09797054138647107 -0.08314253548907476 6200.0 18651.0 38551.0 63421.00000000001 90034.0 115701.0 138686.0 158122.0 173772.0 185782.0 194507.0 200384.0 203864.0 205370.0 205279.0 203917.0
14 1.0 351.1877418010389 -47.19469634297301 -0.07824799409525712 -0.7883382523994841 -0.4678840405080305 -0.20173951312369431 0.09797054138647107 -0.08314253548907476 14274.0 36343.0 66692.0 100443.0 133283.0 162460.0 186684.0 205677.0 219744.0 229471.0 235532.0 238590.0 239242.0 238005.0 235312.0 231517.0
15 1.0 308.08920326133995 -59.06644217142426 -0.07824799409525712 -0.7883382523994841 -0.4678840405080305 -0.20173951312369431 0.09797054138647107 -0.08314253548907476 17583.0 40870.0 70563.0 101833.0 131013.99999999999 156067.0 176235.0 191564.0 202512.0 209705.0 213796.0 215387.0 215009.0 213107.0 210047.0 206128.0
16 1.0 4.21707030660071 -9.127503236207147 -0.07824799409525712 -0.7883382523994841 -0.4678840405080305 -0.20173951312369431 0.09797054138647107 -0.08314253548907476 14325.0 38070.0 71883.0 110405.0 148528.0 182815.0 211540.0 234221.0 251122.99999999997 262886.0 270284.0 274092.0 275022.0 273690.0 270615.0 266224.0
17 1.0 129.592103212211 -35.19568667208249 -0.07824799409525712 -0.7883382523994841 -0.4678840405080305 -0.20173951312369431 0.09797054138647107 -0.08314253548907476 8366.0 22797.0 44086.0 69230.0 95047.0 119171.0 140231.0 157651.0 171385.0 181688.0 188958.0 193642.0 196175.0 196952.0 196323.0 194584.0
18 1.0 262.7966024726609 61.05404200655744 -0.07824799409525712 -0.7883382523994841 -0.4678840405080305 -0.20173951312369431 0.09797054138647107 -0.08314253548907476 7342.0 22097.0 45494.0 74424.0 105013.0 134138.0 159862.0 181288.0 198239.0 210969.0 219946.0 225715.0 228817.0 229751.0 228955.0 226800.0
19 1.0 61.78668381411859 -47.20647131718502 -0.07824799409525712 -0.7883382523994841 -0.4678840405080305 -0.20173951312369431 0.09797054138647107 -0.08314253548907476 16379.000000000002 42510.0 78840.0 119415.0 158887.0 193838.0 222681.0 245094.0 261482.0 272594.0 279279.0 282365.0 282591.0 280594.0 276901.0 271942.0
20 1.0 187.57317823348654 0.4301023480670665 -0.07824799409525712 -0.7883382523994841 -0.4678840405080305 -0.20173951312369431 0.09797054138647107 -0.08314253548907476 9749.0 28256.0 56572.0 90564.0 125590.0 158160.0 186273.0 209137.0 226747.0 239536.0 248132.0 253211.00000000003 255419.99999999997 255334.0 253448.0 250178.0
21 1.0 19.561675802131305 79.66504794562746 -0.07824799409525712 -0.7883382523994841 -0.4678840405080305 -0.20173951312369431 0.09797054138647107 -0.08314253548907476 15955.0 40836.0 75327.0 113930.0 151656.0 185265.0 213199.0 235093.0 251276.0 262418.0 269302.0 272699.0 273308.0 271733.0 268481.0 263966.0
22 1.0 71.99874896270403 24.119585594038938 -0.07824799409525712 -0.7883382523994841 -0.4678840405080305 -0.20173951312369431 0.09797054138647107 -0.08314253548907476 23291.0 49487.0 79949.0 109657.0 135550.0 156373.0 172026.0 182996.0 190001.0 193785.0 195031.0 194323.0 192141.0 188872.0 184821.0 180227.0
23 1.0 6.66784600582103 66.11209298324366 -0.07824799409525712 -0.7883382523994841 -0.4678840405080305 -0.20173951312369431 0.09797054138647107 -0.08314253548907476 18593.0 47048.0 85934.0 128871.00000000001 170284.0 206690.0 236522.0 259523.0 276176.0 287302.0 293814.0 296591.0 296418.0 293960.0 289771.0 284298.0
24 1.0 285.7311732086714 79.23774408385813 -0.07824799409525712 -0.7883382523994841 -0.4678840405080305 -0.20173951312369431 0.09797054138647107 -0.08314253548907476 10832.0 30603.0 60219.0 95231.0 130891.00000000001 163742.0 191870.0 214569.0 231907.0 244369.0 252618.99999999997 257354.00000000003 259232.00000000003 258838.0 256666.99999999997 253137.0
25 1.0 80.61288770173685 45.13767513954335 -0.07824799409525712 -0.7883382523994841 -0.4678840405080305 -0.20173951312369431 0.09797054138647107 -0.08314253548907476 21150.0 45609.0 74573.0 103309.0 128797.0 149685.0 165735.0 177308.0 185020.0 189543.0 191513.0 191484.0 189922.0 187207.0 183644.0 179474.0
26 1.0 124.32660505088496 35.92351084045525 -0.07824799409525712 -0.7883382523994841 -0.4678840405080305 -0.20173951312369431 0.09797054138647107 -0.08314253548907476 6399.0 16004.999999999998 29292.0 44333.0 59340.0 73085.0 84911.0 94581.0 102128.0 107728.0 111626.0 114079.0 115336.0 115620.0 115127.0 114022.0
27 1.0 334.1092656476127 84.23380198876086 -0.07824799409525712 -0.7883382523994841 -0.4678840405080305 -0.20173951312369431 0.09797054138647107 -0.08314253548907476 13215.0 35451.0 67447.0 104223.0 140901.0 174124.0 202155.0 224455.0 241223.0 253035.99999999997 260616.0 264696.0 265955.0 264986.0 262291.0 258284.0
28 1.0 253.5891846924718 88.99214213658229 -0.07824799409525712 -0.7883382523994841 -0.4678840405080305 -0.20173951312369431 0.09797054138647107 -0.08314253548907476 12486.0 33572.0 64032.00000000001 99185.0 134393.0 166426.0 193581.0 215304.0 231748.0 243438.0 251050.0 255276.0 256761.00000000003 256073.0 253691.99999999997 250019.0
29 1.0 11.462014631270826 -8.672097119443265 -0.07824799409525712 -0.7883382523994841 -0.4678840405080305 -0.20173951312369431 0.09797054138647107 -0.08314253548907476 16716.0 43901.0 82047.0 124892.0 166702.0 203771.0 234357.0 258090.0 275397.0 287074.0 294035.0 297166.0 297265.0 295011.0 290970.0 285600.0
0 1.0 59.289896339248585 -77.2434399268425 -0.07824799409525712 -0.7883382523994841 -0.4678840405080305 -0.20173951312369431 0.09797054138647107 -0.08314253548907476 19734.0 50254.0 91857.0 137528.0 181258.0 219385.0 250338.99999999997 273947.0 290801.0 301829.0 308033.0 310364.0 309658.0 306619.0 301828.0 295753.0
1 1.0 223.73222453991488 -37.29707434070661 -0.07824799409525712 -0.7883382523994841 -0.4678840405080305 -0.20173951312369431 0.09797054138647107 -0.08314253548907476 29636.0 65622.0 109428.0 153854.0 193955.0 227293.0 253224.99999999997 272137.0 284899.0 292528.0 296016.0 296247.0 293973.0 289813.0 284265.0 277725.0
2 1.0 207.80229189750034 -62.57615297620852 -0.07824799409525712 -0.7883382523994841 -0.4678840405080305 -0.20173951312369431 0.09797054138647107 -0.08314253548907476 29107.0 67334.0 115463.0 165340.0 211002.0 249322.0 279326.0 301324.0 316249.0 325248.0 329457.0 329898.0 327443.0 322811.0 316580.0 309210.0
3 1.0 85.64141569482311 -14.852452536717877 -0.07824799409525712 -0.7883382523994841 -0.4678840405080305 -0.20173951312369431 0.09797054138647107 -0.08314253548907476 11734.0 28509.0 50822.0 75153.0 98561.0 119243.0 136383.0 149837.0 159837.0 166796.0 171182.0 173451.0 174018.0 173240.0 171418.0 168801.0
4 1.0 336.3170392529258 -66.36792087481392 -0.07824799409525712 -0.7883382523994841 -0.4678840405080305 -0.20173951312369431 0.09797054138647107 -0.08314253548907476 18285.0 44511.0 79166.0 116540.0 151994.0 182793.0 207813.0 226973.0 240763.0 249914.0 255212.0 257398.00000000003 257126.00000000003 254952.99999999997 251334.0 246643.0
5 1.0 221.02774414772256 18.741204723758756 -0.07824799409525712 -0.7883382523994841 -0.4678840405080305 -0.20173951312369431 0.09797054138647107 -0.08314253548907476 10294.0 28755.0 56271.0 88774.0 121933.0 152581.0 178943.0 200344.0 216818.0 228786.0 236840.0 241611.0 243699.0 243639.0 241891.0 238840.0
6 1.0 192.827809088985 -21.094549351586267 -0.07824799409525712 -0.7883382523994841 -0.4678840405080305 -0.20173951312369431 0.09797054138647107 -0.08314253548907476 18134.0 46993.0 87002.0 131507.0 174582.0 212485.0 243525.0 267415.0 284658.0 296121.0 302770.0 305531.0 305230.0 302565.0 298114.0 292346.0
7 1.0 212.36759148764554 71.1694591718778 -0.07824799409525712 -0.7883382523994841 -0.4678840405080305 -0.20173951312369431 0.09797054138647107 -0.08314253548907476 8728.0 25399.0 51069.0 82107.0 114338.0 144560.0 170885.0 192516.0 209382.0 221829.0 230396.0 235681.0 238263.0 238667.0 237347.0 234687.0
8 1.0 262.8439306260371 84.20304092373033 -0.07824799409525712 -0.7883382523994841 -0.4678840405080305 -0.20173951312369431 0.09797054138647107 -0.08314253548907476 11377.0 31503.999999999996 61225.0 96038.0 131280.0 163606.0 191196.0 213406.0 230330.0 242463.0 250463.0 255021.0 256784.0 256322.0 254124.00000000003 250595.99999999997
9 1.0 112.30019837265667 8.43928230049599 -0.07824799409525712 -0.7883382523994841 -0.4678840405080305 -0.20173951312369431 0.09797054138647107 -0.08314253548907476 5567.0 13887.0 25314.0 38155.0 50876.0 62449.0 72338.0 80369.0 86588.0 91162.0 94304.0 96241.0 97184.0 97323.0 96824.0 95823.0
10 1.0 143.35958239779308 -40.531757423832616 -0.07824799409525712 -0.7883382523994841 -0.4678840405080305 -0.20173951312369431 0.09797054138647107 -0.08314253548907476 10518.0 28824.0 55799.0 87483.0 119732.0 149532.0 175193.0 196068.0 212187.0 223948.0 231915.0 236691.0 238851.0 238912.0 237317.0 234440.0
11 1.0 75.54374963104397 16.601475377130626 -0.07824799409525712 -0.7883382523994841 -0.4678840405080305 -0.20173951312369431 0.09797054138647107 -0.08314253548907476 20243.0 43476.0 70850.0 97880.0 121740.0 141198.0 156065.0 166710.0 173728.0 177764.0 179419.0 179218.0 177599.0 174916.0 171457.0 167445.0
12 1.0 67.02948211692102 71.41700848039378 -0.07824799409525712 -0.7883382523994841 -0.4678840405080305 -0.20173951312369431 0.09797054138647107 -0.08314253548907476 18724.0 44491.0 78182.0 114420.0 148848.0 178872.0 203398.0 222316.0 236061.0 245309.0 250801.0 253239.0 253251.99999999997 251375.00000000003 248053.0 243650.0
13 1.0 339.9740603942161 -16.787997749565307 -0.07824799409525712 -0.7883382523994841 -0.4678840405080305 -0.20173951312369431 0.09797054138647107 -0.08314253548907476 8466.0 22476.0 42661.0 66079.0 89790.0 111700.0 130646.00000000001 146181.0 158320.0 167331.0 173599.0 177542.0 179560.0 180014.0 179221.0 177447.0
14 1.0 266.2382862177435 9.374089804554757 -0.07824799409525712 -0.7883382523994841 -0.4678840405080305 -0.20173951312369431 0.09797054138647107 -0.08314253548907476 6468.0 16741.0 31372.999999999996 48296.0 65457.0 81380.0 95237.0 106694.0 115744.0 122563.0 127412.0 130578.0 132340.0 132953.0 132641.0 131593.0
15 1.0 176.56517110232414 -41.10250183089374 -0.07824799409525712 -0.7883382523994841 -0.4678840405080305 -0.20173951312369431 0.09797054138647107 -0.08314253548907476 18580.0 48293.0 89479.0 135220.0 179387.0 218142.0 249775.0 274025.0 291437.0 302924.0 309490.0 312095.0 311587.0 308686.0 303982.0 297953.0
16 1.0 81.86926607039636 -8.020053098995149 -0.07824799409525712 -0.7883382523994841 -0.4678840405080305 -0.20173951312369431 0.09797054138647107 -0.08314253548907476 13206.0 31089.0 54223.0 78913.0 102249.0 122543.0 139111.0 151912.0 161254.0 167597.0 171434.0 173232.0 173407.0 172310.0 170237.0 167428.0
17 1.0 91.56833343734147 -17.69156363167224 -0.07824799409525712 -0.7883382523994841 -0.4678840405080305 -0.20173951312369431 0.09797054138647107 -0.08314253548907476 10169.0 25237.0 45678.0 68312.0 90369.0 110077.0 126588.0 139694.0 149568.0 156566.0 161114.0 163631.0 164507.0 164077.0 162627.0 160396.0
18 1.0 20.89049771659522 -45.28557628506522 -0.07824799409525712 -0.7883382523994841 -0.4678840405080305 -0.20173951312369431 0.09797054138647107 -0.08314253548907476 16746.0 43607.0 81023.0 122840.0 163513.0 199499.0 229152.0 252147.0 268910.0 280222.0 286969.0 290009.0 290112.0 287935.0 284024.0 278823.0
19 1.0 156.3899852009235 1.0559490885555078 -0.07824799409525712 -0.7883382523994841 -0.4678840405080305 -0.20173951312369431 0.09797054138647107 -0.08314253548907476 4308.0 12858.0 26615.0 44038.0 63001.0 81645.0 98699.0 113463.0 125676.00000000001 135360.0 142702.0 147968.0 151449.0 153429.0 154170.0 153902.0
20 1.0 112.24651751787692 -34.13145132363395 -0.07824799409525712 -0.7883382523994841 -0.4678840405080305 -0.20173951312369431 0.09797054138647107 -0.08314253548907476 8872.0 23489.0 44478.0 68751.0 93252.0 115822.0 135273.0 151165.0 163528.0 172654.0 178952.0 182858.0 184789.0 185122.0 184183.0 182248.0
21 1.0 250.6836559735654 -22.85372450146545 -0.07824799409525712 -0.7883382523994841 -0.4678840405080305 -0.20173951312369431 0.09797054138647107 -0.08314253548907476 20487.0 44217.0 72340.0 100258.0 125030.0 145339.0 160951.0 172215.0 179727.0 184142.0 186076.0 186069.0 184571.0 181953.0 178509.0 174475.0
22 1.0 135.99066214529313 4.494679605767573 -0.07824799409525712 -0.7883382523994841 -0.4678840405080305 -0.20173951312369431 0.09797054138647107 -0.08314253548907476 3624.0 10118.0 20015.0 32095.0 44923.0 57336.0 68580.0 78265.0 86264.0 92615.0 97448.0 100936.0 103265.0 104617.0 105156.0 105030.0
23 1.0 64.65732392146853 45.10710412721775 -0.07824799409525712 -0.7883382523994841 -0.4678840405080305 -0.20173951312369431 0.09797054138647107 -0.08314253548907476 26064.0 56190.0 91919.0 127446.0 159027.0 184956.0 204902.0 219282.0 228846.0 234424.0 236806.0 236685.0 234648.0 231173.0 226643.0 221364.0
24 1.0 8.884342220879242 -29.968656157570443 -0.07824799409525712 -0.7883382523994841 -0.4678840405080305 -0.20173951312369431 0.09797054138647107 -0.08314253548907476 15072.0 39518.0 73867.0 112581.0 150555.0 184443.0 212632.0 234729.0 251060.99999999997 262305.0 269251.0 272683.0 273306.0 271734.0 268475.0 263948.0
25 1.0 24.20986732676949 76.34857799173744 -0.07824799409525712 -0.7883382523994841 -0.4678840405080305 -0.20173951312369431 0.09797054138647107 -0.08314253548907476 17321.0 43537.0 79333.0 118953.0 157335.0 191274.0 219287.0 241084.0 257058.99999999997 267926.0 274502.0 277580.0 277873.0 275994.0 272454.0 267669.0
26 1.0 244.58139845948423 65.21733843046243 -0.07824799409525712 -0.7883382523994841 -0.4678840405080305 -0.20173951312369431 0.09797054138647107 -0.08314253548907476 7919.000000000001 23684.0 48506.0 79002.0 111050.0 141382.0 168010.0 190044.0 207348.0 220223.0 229184.0 234819.0 237703.0 238362.0 237255.0 234769.0
27 1.0 163.33086404017632 -81.23574672440486 -0.07824799409525712 -0.7883382523994841 -0.4678840405080305 -0.20173951312369431 0.09797054138647107 -0.08314253548907476 23343.0 57400.0 102439.0 150768.0 196201.0 235178.0 266331.0 289688.0 306005.0 316326.0 321741.0 323253.0 321734.0 317911.0 312376.0 305602.0
28 1.0 193.16851599914 -44.3443456337719 -0.07824799409525712 -0.7883382523994841 -0.4678840405080305 -0.20173951312369431 0.09797054138647107 -0.08314253548907476 25451.0 61652.0 108983.0 159347.0 206363.0 246436.0 278248.0 301907.0 318252.0 328405.0 333514.0 334630.0 332661.0 328358.0 322333.0 315070.0
29 1.0 322.80166549452315 -9.695607721343649 -0.07824799409525712 -0.7883382523994841 -0.4678840405080305 -0.20173951312369431 0.09797054138647107 -0.08314253548907476 5456.0 14578.0 27882.0 43538.0 59642.0 74777.0 88110.0 99272.0 108207.0 115045.0 120008.0 123352.0 125331.0 126184.99999999999 126123.00000000001 125330.0
0 1.0 356.52202106281356 -71.16698002635466 -0.07824799409525712 -0.7883382523994841 -0.4678840405080305 -0.20173951312369431 0.09797054138647107 -0.08314253548907476 19131.0 47481.0 85439.0 126684.99999999999 165968.0 200144.0 227898.0 249112.0 264324.0 274353.0 280086.0 282357.0 281904.0 279349.0 275208.0 269894.0
1 1.0 78.08291438345061 -27.274321973970522 -0.07824799409525712 -0.7883382523994841 -0.4678840405080305 -0.20173951312369431 0.09797054138647107 -0.08314253548907476 13653.0 34142.0 61960.0 92661.0 122400.0 148762.0 170628.0 187772.0 200478.0 209274.0 214766.0 217548.0 218156.0 217054.0 214630.0 211206.0
2 1.0 238.70815311603627 43.21755461118286 -0.07824799409525712 -0.7883382523994841 -0.4678840405080305 -0.20173951312369431 0.09797054138647107 -0.08314253548907476 7170.0 21395.0 43823.0 71471.0 100663.0 128451.00000000001 153009.0 173491.0 189731.0 201965.0 210633.0 216249.0 219322.0 220324.0 219669.0 217710.0
3 1.0 94.79605562537424 32.49260660570866 -0.07824799409525712 -0.7883382523994841 -0.4678840405080305 -0.20173951312369431 0.09797054138647107 -0.08314253548907476 14563.0 31640.0 51981.0 72233.0 90221.0 104953.0 116241.0 124334.0 129674.00000000001 132745.0 134007.0 133862.0 132645.0 130630.0 128034.00000000001 125029.0
4 1.0 7.434359807662325 22.02919714188087 -0.07824799409525712 -0.7883382523994841 -0.4678840405080305 -0.20173951312369431 0.09797054138647107 -0.08314253548907476 19572.0 50399.0 92766.0 139504.0 184381.0 223559.0 255378.0 279635.0 296933.0 308226.0 314551.0 316891.0 316110.0 312937.0 307971.0 301691.0
5 1.0 273.01631538101094 37.895112490022214 -0.07824799409525712 -0.7883382523994841 -0.4678840405080305 -0.20173951312369431 0.09797054138647107 -0.08314253548907476 5229.0 15532.0 31878.999999999996 52261.0 74091.0 95217.0 114235.0 130429.99999999999 143588.0 153805.0 161346.0 166551.0 169774.0 171350.0 171584.0 170740.0
6 1.0 115.20617429608842 -53.113736347253685 -0.07824799409525712 -0.7883382523994841 -0.4678840405080305 -0.20173951312369431 0.09797054138647107 -0.08314253548907476 13203.0 35073.0 66271.0 101922.0 137347.0 169363.0 196345.0 217805.0 233949.0 245337.0 252664.0 256631.0 257888.99999999997 257002.99999999997 254455.0 250639.0
7 1.0 138.04700190188328 -28.494339324348218 -0.07824799409525712 -0.7883382523994841 -0.4678840405080305 -0.20173951312369431 0.09797054138647107 -0.08314253548907476 7046.0 19605.0 38542.0 61329.0 85108.0 107662.0 127632.0 144391.0 157814.0 168077.0 175507.0 180492.0 183420.0 184655.0 184519.0 183287.0
8 1.0 211.79416087929806 31.723646809943318 -0.07824799409525712 -0.7883382523994841 -0.4678840405080305 -0.20173951312369431 0.09797054138647107 -0.08314253548907476 8146.000000000001 24232.0 49437.0 80285.0 112606.0 143117.0 169840.0 191904.0 209190.0 222015.0 230907.0 236461.0 239259.0 239832.0 238640.0 236073.0
9 1.0 299.17744388502854 68.26225734563889 -0.07824799409525712 -0.7883382523994841 -0.4678840405080305 -0.20173951312369431 0.09797054138647107 -0.08314253548907476 9340.0 27299.0 54961.0 88334.0 122858.0 155073.0 182968.0 205728.0 223321.0 236155.0 244840.0 250035.99999999997 252377.00000000003 252432.0 250691.0 247563.0
10 1.0 226.43346369281355 7.86204968905713 -0.07824799409525712 -0.7883382523994841 -0.4678840405080305 -0.20173951312369431 0.09797054138647107 -0.08314253548907476 13125.0 33956.0 63244.99999999999 96480.0 129409.0 159158.0 184259.0 204273.0 219386.0 230107.0 237068.0 240910.0 242228.0 241543.0 239297.0 235857.0
11 1.0 314.1542359610623 -39.11406282980341 -0.07824799409525712 -0.7883382523994841 -0.4678840405080305 -0.20173951312369431 0.09797054138647107 -0.08314253548907476 10553.0 25483.0 45269.0 66802.0 87508.0 105810.0 121002.0 132961.0 141891.0 148154.0 152156.0 154295.0 154932.0 154378.0 152895.0 150700.0
12 1.0 98.47513253362888 -84.55765355892314 -0.07824799409525712 -0.7883382523994841 -0.4678840405080305 -0.20173951312369431 0.09797054138647107 -0.08314253548907476 21723.0 54145.0 97529.0 144500.0 188981.0 227392.0 258294.00000000003 281633.0 298092.0 308661.0 314386.0 316244.0 315085.0 311623.0 306441.0 300006.0
13 1.0 287.29686020852296 37.8606292153584 -0.07824799409525712 -0.7883382523994841 -0.4678840405080305 -0.20173951312369431 0.09797054138647107 -0.08314253548907476 4717.0 14141.0 29256.0 48285.0 68848.0 88912.0 107114.0 122734.0 135527.0 145552.0 153036.0 158286.0 161631.0 163384.0 163833.0 163229.0
14 1.0 66.8289399501428 -88.58086136848073 -0.07824799409525712 -0.7883382523994841 -0.4678840405080305 -0.20173951312369431 0.09797054138647107 -0.08314253548907476 22480.0 55191.0 98451.0 144921.0 188685.0 226323.0 256500.99999999997 279220.0 295185.0 305382.0 310844.0 312530.0 311274.0 307774.0 302599.0 296206.0
15 1.0 343.0049965099 -22.9177674322208 -0.07824799409525712 -0.7883382523994841 -0.4678840405080305 -0.20173951312369431 0.09797054138647107 -0.08314253548907476 9634.0 25315.0 47640.0 73259.0 98933.0 122420.0 142519.0 158817.0 171388.0 180567.0 186802.0 190562.0 192291.0 192385.0 191184.0 188976.0
16 1.0 247.4957794996135 5.496698621300723 -0.07824799409525712 -0.7883382523994841 -0.4678840405080305 -0.20173951312369431 0.09797054138647107 -0.08314253548907476 10889.0 26911.0 48762.0 73153.0 97133.0 118756.0 137045.0 151717.0 162907.0 170968.0 176337.0 179459.0 180746.0 180565.0 179226.0 176991.0
17 1.0 77.58276376088104 75.98006311809476 -0.07824799409525712 -0.7883382523994841 -0.4678840405080305 -0.20173951312369431 0.09797054138647107 -0.08314253548907476 16469.0 40252.0 72147.0 107118.0 140860.0 170681.0 195347.0 214622.0 228844.0 238623.0 244653.0 247614.0 248118.0 246694.0 243784.0 239753.0
18 1.0 341.0534125760127 -73.89098189407798 -0.07824799409525712 -0.7883382523994841 -0.4678840405080305 -0.20173951312369431 0.09797054138647107 -0.08314253548907476 20052.0 48880.0 86925.0 127850.99999999999 166540.0 200002.0 227038.0 247601.0 262260.0 271844.0 277232.0 279248.0 278615.0 275942.0 271732.0 266388.0
19 1.0 263.1080904372568 -16.930382045708924 -0.07824799409525712 -0.7883382523994841 -0.4678840405080305 -0.20173951312369431 0.09797054138647107 -0.08314253548907476 14185.0 31147.0 51623.0 72280.0 90888.0 106377.0 118488.0 127414.0 133554.0 137365.0 139290.0 139721.0 138992.0 137377.0 135101.0 132341.0
20 1.0 91.4189913342093 -85.6236240521716 -0.07824799409525712 -0.7883382523994841 -0.4678840405080305 -0.20173951312369431 0.09797054138647107 -0.08314253548907476 21908.0 54408.0 97774.0 144638.0 188959.0 227197.0 257936.0 281136.0 297484.0 307971.0 313640.0 315462.0 314283.0 310815.0 305636.0 299213.0
21 1.0 76.79231185229351 -28.33002281851374 -0.07824799409525712 -0.7883382523994841 -0.4678840405080305 -0.20173951312369431 0.09797054138647107 -0.08314253548907476 13932.0 34915.0 63437.99999999999 94933.0 125442.0 152473.0 174878.0 192423.0 205406.0 214372.0 219947.0 222743.0 223314.0 222136.0 219610.0 216064.0
22 1.0 186.55225701503878 22.00159059116308 -0.07824799409525712 -0.7883382523994841 -0.4678840405080305 -0.20173951312369431 0.09797054138647107 -0.08314253548907476 6822.0 20580.0 42496.0 69733.0 98683.0 126399.00000000001 151020.0 171659.0 188109.0 200578.0 209485.0 215329.0 218614.0 219808.0 219322.0 217512.0
23 1.0 9.238578499631366 -39.767769318852295 -0.07824799409525712 -0.7883382523994841 -0.4678840405080305 -0.20173951312369431 0.09797054138647107 -0.08314253548907476 15433.0 40192.0 74765.0 113543.0 151430.0 185129.0 213076.0 234917.0 251006.0 262031.0 268789.0 272063.0 272559.0 270884.0 267545.0 262957.0
24 1.0 74.68922715879938 -52.245009061985684 -0.07824799409525712 -0.7883382523994841 -0.4678840405080305 -0.20173951312369431 0.09797054138647107 -0.08314253548907476 15560.0 40606.0 75629.0 114944.0 153368.0 187547.0 215884.0 238018.0 254307.0 265452.0 272265.0 275541.0 276000.0 274257.0 270831.0 266141.0
25 1.0 152.88676875054225 -69.17341800112314 -0.07824799409525712 -0.7883382523994841 -0.4678840405080305 -0.20173951312369431 0.09797054138647107 -0.08314253548907476 20933.0 53176.0 96951.0 144797.0 190391.0 229933.0 261843.0 286002.0 303080.0 314082.0 320082.0 322084.0 320969.0 317473.0 312199.0 305633.0
26 1.0 134.7011929203212 13.88524392366152 -0.07824799409525712 -0.7883382523994841 -0.4678840405080305 -0.20173951312369431 0.09797054138647107 -0.08314253548907476 3722.0 10255.0 20089.0 31968.000000000004 44462.0 56436.0 67175.0 76325.0 83792.0 89637.0 94009.0 97090.0 99073.0 100139.0 100452.0 100155.0
27 1.0 166.88715277133184 35.14860106284348 -0.07824799409525712 -0.7883382523994841 -0.4678840405080305 -0.20173951312369431 0.09797054138647107 -0.08314253548907476 5259.0 15559.0 31852.0 52117.0 73784.0 94722.0 113549.0 129566.99999999999 142570.0 152660.0 160103.0 165236.0 168411.0 169960.0 170184.0 169344.0
28 1.0 99.94633426610349 30.95228530724802 -0.07824799409525712 -0.7883382523994841 -0.4678840405080305 -0.20173951312369431 0.09797054138647107 -0.08314253548907476 12091.0 26726.0 44510.0 62548.99999999999 78874.0 92524.0 103248.0 111198.0 116711.0 120181.0 121989.0 122479.0 121942.0 120618.0 118702.0 116352.0
29 1.0 211.24236472494076 80.79498372969132 -0.07824799409525712 -0.7883382523994841 -0.4678840405080305 -0.20173951312369431 0.09797054138647107 -0.08314253548907476 10377.0 29036.0 56871.0 89758.0 123304.0 154298.0 180942.0 202557.0 219179.0 231238.0 239337.0 244116.0 246184.0 246084.0 244280.0 241163.0
0 1.0 310.9880181323633 -89.51342149916951 -0.07824799409525712 -0.7883382523994841 -0.4678840405080305 -0.20173951312369431 0.09797054138647107 -0.08314253548907476 22876.0 55785.0 99078.0 145417.0 188945.0 226304.0 256209.00000000003 278687.0 294450.0 304488.0 309832.0 311434.0 310122.0 306588.0 301398.0 295003.0
1 1.0 42.31146814633191 26.49539770092649 -0.07824799409525712 -0.7883382523994841 -0.4678840405080305 -0.20173951312369431 0.09797054138647107 -0.08314253548907476 30855.0 68520.0 114384.0 160835.0 202663.0 237321.0 264163.0 283628.0 296653.0 304324.0 307692.0 307690.0 305105.0 300584.0 294648.0 287706.0
2 1.0 186.2564785754811 18.070602677575124 -0.07824799409525712 -0.7883382523994841 -0.4678840405080305 -0.20173951312369431 0.09797054138647107 -0.08314253548907476 7016.0 21125.0 43553.0 71371.0 100885.0 129088.00000000001 154096.0 175014.0 191648.0 204218.0 213159.0 218986.0 222216.0 223326.0 222738.0 220811.0
3 1.0 47.54451828425519 15.973129794651868 -0.07824799409525712 -0.7883382523994841 -0.4678840405080305 -0.20173951312369431 0.09797054138647107 -0.08314253548907476 29149.0 64760.0 108148.0 152125.0 191767.0 224660.0 250184.00000000003 268744.0 281217.0 288622.0 291948.0 292074.0 289744.0 285569.0 280039.0 273546.0
4 1.0 258.06948522933374 83.29865757124364 -0.07824799409525712 -0.7883382523994841 -0.4678840405080305 -0.20173951312369431 0.09797054138647107 -0.08314253548907476 11118.0 30964.0 60403.0 94999.0 130106.0 162375.0 189966.0 212216.0 229204.0 241412.0 249494.0 254132.00000000003 255971.0 255581.99999999997 253450.0 249983.0
5 1.0 142.58149301062573 -86.96309879339286 -0.07824799409525712 -0.7883382523994841 -0.4678840405080305 -0.20173951312369431 0.09797054138647107 -0.08314253548907476 22830.0 56082.0 100057.0 147275.0 191714.0 229897.0 260475.99999999997 283464.0 299581.0 309840.0 315294.0 316920.0 315567.0 311945.0 306631.0 300090.0
6 1.0 203.55167226906323 35.36683752626102 -0.07824799409525712 -0.7883382523994841 -0.4678840405080305 -0.20173951312369431 0.09797054138647107 -0.08314253548907476 7552.0 22705.0 46691.0 76291.0 107526.0 137203.0 163355.0 185083.0 202224.0 215050.0 224048.0 229782.0 232807.0 233636.0 232715.0 230425.0
7 1.0 65.9807410370683 56.462156946335426 -0.07824799409525712 -0.7883382523994841 -0.4678840405080305 -0.20173951312369431 0.09797054138647107 -0.08314253548907476 23375.0 51930.0 86938.0 122750.0 155407.0 182884.0 204575.0 220705.0 231904.0 238939.0 242576.0 243509.0 242333.0 239545.0 235549.0 230671.0
8 1.0 52.1451933636158 1.7652953918851466 -0.07824799409525712 -0.7883382523994841 -0.4678840405080305 -0.20173951312369431 0.09797054138647107 -0.08314253548907476 24974.0 56953.0 96868.0 138098.0 175860.0 207662.0 232723.0 251280.0 264071.0 272005.0 275989.0 276842.0 275268.0 271851.0 267063.0 261283.0
9 1.0 175.70026103362363 -29.886323472574354 -0.07824799409525712 -0.7883382523994841 -0.4678840405080305 -0.20173951312369431 0.09797054138647107 -0.08314253548907476 14464.0 39194.0 74819.0 115612.0 156028.0 192325.0 222632.0 246443.0 264062.0 276196.0 283694.0 287398.0 288076.0 286389.0 282891.0 278035.0
10 1.0 128.020585625984 52.35122938093289 -0.07824799409525712 -0.7883382523994841 -0.4678840405080305 -0.20173951312369431 0.09797054138647107 -0.08314253548907476 8683.0 21775.0 39897.0 60385.0 80763.0 99343.0 115238.0 128146.00000000001 138136.0 145472.0 150502.0 153590.0 155078.0 155274.0 154444.0 152809.0
11 1.0 338.5555002910127 -72.49627338616357 -0.07824799409525712 -0.7883382523994841 -0.4678840405080305 -0.20173951312369431 0.09797054138647107 -0.08314253548907476 19797.0 48159.0 85545.0 125741.99999999999 163738.0 196610.0 223184.0 243413.0 257853.0 267314.0 272656.0 274686.0 274111.0 271530.0 267433.0 262218.0
12 1.0 275.5170913705075 -10.43358520861345 -0.07824799409525712 -0.7883382523994841 -0.4678840405080305 -0.20173951312369431 0.09797054138647107 -0.08314253548907476 8301.0 19294.0 33449.0 48567.0 62922.00000000001 75496.0 85857.0 93959.0 99965.0 104136.0 106761.0 108118.0 108455.0 107987.0 106895.0 105327.0
13 1.0 269.51890314619703 3.5914274227508827 -0.07824799409525712 -0.7883382523994841 -0.4678840405080305 -0.20173951312369431 0.09797054138647107 -0.08314253548907476 6678.0 16731.0 30660.0 46446.0 62207.0 76648.0 89072.0 99229.0 107151.0 113026.0 117111.0 119679.0 120991.0 121283.0 120760.0 119596.0
14 1.0 325.33910630853603 34.91215396821855 -0.07824799409525712 -0.7883382523994841 -0.4678840405080305 -0.20173951312369431 0.09797054138647107 -0.08314253548907476 6511.0 19278.0 39461.0 64507.99999999999 91185.0 116828.0 139733.0 159062.0 174594.0 186491.0 195111.0 200896.0 204296.0 205734.0 205586.0 204177.0
15 1.0 30.032076759126678 -73.6405682341663 -0.07824799409525712 -0.7883382523994841 -0.4678840405080305 -0.20173951312369431 0.09797054138647107 -0.08314253548907476 19368.0 49121.0 89582.0 133961.0 176460.0 213546.0 243701.0 266751.0 283262.0 294122.0 300298.0 302703.0 302147.0 299311.0 294757.0 288939.0
16 1.0 198.78928917206636 -49.00328972318503 -0.07824799409525712 -0.7883382523994841 -0.4678840405080305 -0.20173951312369431 0.09797054138647107 -0.08314253548907476 27823.0 65720.0 114263.0 165180.0 212199.0 251923.99999999997 283204.0 306266.0 322021.0 331626.0 336247.0 336939.0 334606.0 329994.0 323708.0 316225.0
17 1.0 210.4113848240768 -16.14571871577739 -0.07824799409525712 -0.7883382523994841 -0.4678840405080305 -0.20173951312369431 0.09797054138647107 -0.08314253548907476 21662.0 52578.0 93439.0 137504.0 179261.0 215445.0 244715.0 266987.0 282859.0 293219.0 299019.0 301153.0 300410.0 297454.0 292831.0 286983.0
18 1.0 346.2970962770024 22.193041143623518 -0.07824799409525712 -0.7883382523994841 -0.4678840405080305 -0.20173951312369431 0.09797054138647107 -0.08314253548907476 10258.0 28738.0 56422.0 89281.0 122945.0 154172.0 181117.0 203055.0 219990.0 232332.0 240672.0 245649.0 247872.0 247888.0 246167.0 243104.0
19 1.0 105.17310964531758 69.65294061913514 -0.07824799409525712 -0.7883382523994841 -0.4678840405080305 -0.20173951312369431 0.09797054138647107 -0.08314253548907476 14399.0 34906.0 62311.0 92363.0 121431.0 147231.0 168699.0 185610.0 198226.0 207044.0 212639.0 215578.0 216378.0 215484.0 213276.0 210064.0
20 1.0 86.69836076956085 21.388710283447764 -0.07824799409525712 -0.7883382523994841 -0.4678840405080305 -0.20173951312369431 0.09797054138647107 -0.08314253548907476 16166.0 34796.0 56762.0 78434.0 97513.0 112993.0 124728.0 133029.0 138396.0 141364.0 142436.0 142041.0 140540.0 138222.0 135315.0 131999.0
21 1.0 36.10581921557922 -65.9769352317118 -0.07824799409525712 -0.7883382523994841 -0.4678840405080305 -0.20173951312369431 0.09797054138647107 -0.08314253548907476 18219.0 46953.0 86565.0 130452.00000000001 172808.0 210006.0 240429.0 263821.0 280695.0 291907.0 298405.0 301099.0 300794.0 298175.0 293807.0 288147.0
22 1.0 5.9146666529307135 86.50442390171082 -0.07824799409525712 -0.7883382523994841 -0.4678840405080305 -0.20173951312369431 0.09797054138647107 -0.08314253548907476 13611.0 35984.0 67849.0 104240.0 140381.0 173026.0 200513.0 222347.0 238743.0 250275.00000000003 257657.00000000003 261610.99999999997 262801.0 261807.99999999997 259125.0 255156.0
23 1.0 334.6305540451886 66.92143225598872 -0.07824799409525712 -0.7883382523994841 -0.4678840405080305 -0.20173951312369431 0.09797054138647107 -0.08314253548907476 12891.0 35548.0 68711.0 107177.0 145712.0 180671.0 210156.0 233570.0 251118.99999999997 263421.0 271248.0 275386.0 276561.0 275402.0 272443.0 268122.0
24 1.0 241.16995677272763 0.4897370061583217 -0.07824799409525712 -0.7883382523994841 -0.4678840405080305 -0.20173951312369431 0.09797054138647107 -0.08314253548907476 13738.0 33027.0 58648.0 86642.0 113665.0 137628.0 157562.0 173270.0 184999.0 193210.0 198436.0 201200.0 201981.0 201191.0 199179.0 196235.0
25 1.0 282.6550483283296 76.02263672339393 -0.07824799409525712 -0.7883382523994841 -0.4678840405080305 -0.20173951312369431 0.09797054138647107 -0.08314253548907476 10063.0 28931.0 57590.0 91813.0 126934.99999999999 159491.0 187518.0 210255.0 227722.0 240368.0 248830.0 253788.0 255890.0 255711.00000000003 253747.0 250409.0
26 1.0 101.42283807142167 7.448542876284435 -0.07824799409525712 -0.7883382523994841 -0.4678840405080305 -0.20173951312369431 0.09797054138647107 -0.08314253548907476 7995.0 18873.0 33048.0 48308.0 62881.00000000001 75710.0 86339.0 94704.0 100960.0 105361.0 108193.0 109729.0 110218.0 109875.0 108880.0 107383.0
27 1.0 211.1076598270776 76.19509222004936 -0.07824799409525712 -0.7883382523994841 -0.4678840405080305 -0.20173951312369431 0.09797054138647107 -0.08314253548907476 9489.0 27092.0 53780.0 85683.0 118523.0 149094.0 175555.0 197164.0 213903.0 226157.0 234497.0 239539.0 241877.0 242043.0 240496.0 237623.0
28 1.0 23.023895803553206 59.38152634860177 -0.07824799409525712 -0.7883382523994841 -0.4678840405080305 -0.20173951312369431 0.09797054138647107 -0.08314253548907476 23235.0 55651.0 97978.0 143200.0 185724.0 222320.0 251724.0 273931.0 289606.0 299689.0 305167.0 306960.0 305872.0 302579.0 297633.0 291480.0
29 1.0 174.82593453646425 84.29155385297352 -0.07824799409525712 -0.7883382523994841 -0.4678840405080305 -0.20173951312369431 0.09797054138647107 -0.08314253548907476 11604.0 31370.000000000004 60097.0 93440.0 127016.99999999999 157730.0 183913.0 204988.0 221061.0 232603.0 240236.0 244610.0 246333.0 245943.0 243900.0 240589.0
0 1.0 351.89825030800085 75.5609059400685 -0.07824799409525712 -0.7883382523994841 -0.4678840405080305 -0.20173951312369431 0.09797054138647107 -0.08314253548907476 15068.0 39696.0 74536.0 114030.0 152945.0 187804.0 216888.0 239750.0 256691.99999999997 268392.0 275656.0 279283.0 280002.0 278445.0 275138.0 270515.0
1 1.0 315.54188831397266 -83.5139128628575 -0.07824799409525712 -0.7883382523994841 -0.4678840405080305 -0.20173951312369431 0.09797054138647107 -0.08314253548907476 22675.0 54603.0 96235.0 140564.0 182082.0 217665.0 246138.0 267550.0 282587.0 292190.0 297334.0 298921.0 297732.0 294425.0 289532.0 283485.0
2 1.0 121.73722266126443 -58.54103925103081 -0.07824799409525712 -0.7883382523994841 -0.4678840405080305 -0.20173951312369431 0.09797054138647107 -0.08314253548907476 14870.0 39375.0 74127.0 113569.0 152463.0 187319.0 216415.0 239294.0 256259.0 267982.0 275270.0 278920.0 279662.0 278125.0 274837.0 270232.0
3 1.0 346.16525563493946 -19.95575812178656 -0.07824799409525712 -0.7883382523994841 -0.4678840405080305 -0.20173951312369431 0.09797054138647107 -0.08314253548907476 9931.0 26273.0 49666.0 76606.0 103664.0 128444.0 149655.0 166845.0 180087.0 189736.0 196269.0 200186.0 201961.0 202014.0 200708.0 198347.0
4 1.0 83.41258552963363 81.38568551317573 -0.07824799409525712 -0.7883382523994841 -0.4678840405080305 -0.20173951312369431 0.09797054138647107 -0.08314253548907476 14831.0 37515.0 68796.0 103778.0 138029.0 168655.0 194245.0 214442.0 229512.0 240032.0 246686.0 250157.00000000003 251066.99999999997 249960.0 247289.0 243433.0
5 1.0 341.75477606964535 -35.99479449433267 -0.07824799409525712 -0.7883382523994841 -0.4678840405080305 -0.20173951312369431 0.09797054138647107 -0.08314253548907476 11305.0 28980.0 53547.0 81180.0 108386.0 132861.0 153460.0 169867.0 182262.0 191073.0 196821.0 200031.0 201185.0 200705.0 198950.0 196216.0
6 1.0 338.8959736943395 -61.11582410023181 -0.07824799409525712 -0.7883382523994841 -0.4678840405080305 -0.20173951312369431 0.09797054138647107 -0.08314253548907476 16857.0 41389.0 74076.0 109573.0 143456.0 173065.0 197265.0 215927.0 229478.0 238587.0 243990.0 246386.0 246395.0 244550.0 241288.0 236968.0
7 1.0 287.71293144686103 69.53483989558077 -0.07824799409525712 -0.7883382523994841 -0.4678840405080305 -0.20173951312369431 0.09797054138647107 -0.08314253548907476 9011.0 26480.0 53522.0 86277.0 120280.0 152104.0 179742.0 202360.0 219901.0 232752.0 241502.0 246796.0 249255.0 249441.0 247835.0 244844.0
8 1.0 226.9612572720448 -9.649005213023472 -0.07824799409525712 -0.7883382523994841 -0.4678840405080305 -0.20173951312369431 0.09797054138647107 -0.08314253548907476 19791.0 46516.0 81106.0 118014.0 152849.0 183050.0 207580.0 226385.0 239945.0 248969.0 254220.0 256415.99999999997 256193.99999999997 254095.00000000003 250566.0 245971.0
9 1.0 314.7436679849809 73.41760698377868 -0.07824799409525712 -0.7883382523994841 -0.4678840405080305 -0.20173951312369431 0.09797054138647107 -0.08314253548907476 11383.0 32054.0 62878.0 99159.0 135950.0 169695.0 198454.0 221544.0 239073.0 251571.0 259740.00000000003 264312.0 265974.0 265327.0 262885.0 259074.00000000003
10 1.0 105.48730242280682 -61.15851606237421 -0.07824799409525712 -0.7883382523994841 -0.4678840405080305 -0.20173951312369431 0.09797054138647107 -0.08314253548907476 15542.0 40916.0 76674.0 117038.0 156650.0 191993.0 221363.0 244350.0 261297.99999999997 272918.0 280045.0 283501.0 284030.0 282274.0 278766.0 273947.0
11 1.0 305.61967991265055 29.00115207145791 -0.07824799409525712 -0.7883382523994841 -0.4678840405080305 -0.20173951312369431 0.09797054138647107 -0.08314253548907476 4107.0 12263.0 25392.0 42033.0 60168.0 78027.0 94393.0 108592.0 120361.0 129714.0 136822.0 141933.0 145323.0 147263.0 148003.0 147765.0
12 1.0 222.43560909030856 -10.75252449069147 -0.07824799409525712 -0.7883382523994841 -0.4678840405080305 -0.20173951312369431 0.09797054138647107 -0.08314253548907476 20475.0 48545.0 85100.0 124240.0 161243.0 193337.0 219390.0 239334.0 253678.00000000003 263184.0 268666.0 270897.0 270559.0 268230.0 264389.0 259425.00000000003
13 1.0 4.765268793203816 -76.23238157454863 -0.07824799409525712 -0.7883382523994841 -0.4678840405080305 -0.20173951312369431 0.09797054138647107 -0.08314253548907476 20073.0 49844.0 89669.0 132871.0 173923.0 209541.0 238371.0 260318.0 275967.0 286197.0 291944.0 294092.0 293416.0 290568.0 286086.0 280403.0
14 1.0 125.00406645559904 35.363366037450106 -0.07824799409525712 -0.7883382523994841 -0.4678840405080305 -0.20173951312369431 0.09797054138647107 -0.08314253548907476 6213.0 15625.0 28704.0 43565.0 58434.0 72088.0 83860.0 93507.0 101053.0 106669.0 110593.0 113081.0 114378.0 114707.0 114259.0 113199.0
15 1.0 53.330709941339414 -45.46822400295233 -0.07824799409525712 -0.7883382523994841 -0.4678840405080305 -0.20173951312369431 0.09797054138647107 -0.08314253548907476 16992.0 44086.0 81704.0 123645.0 164363.0 200334.0 229935.0 252859.0 269546.0 280785.0 287465.0 290447.0 290499.0 288278.0 284330.0 279098.0
16 1.0 353.45858033457114 -82.86920593568681 -0.07824799409525712 -0.7883382523994841 -0.4678840405080305 -0.20173951312369431 0.09797054138647107 -0.08314253548907476 21630.0 52967.0 94379.0 138888.0 180865.0 217042.0 246133.0 268117.0 283648.0 293656.0 299117.0 300942.0 299926.0 296735.0 291914.0 285902.0
17 1.0 172.2133105343957 -79.21002631507682 -0.07824799409525712 -0.7883382523994841 -0.4678840405080305 -0.20173951312369431 0.09797054138647107 -0.08314253548907476 23857.0 58400.0 103910.0 152607.0 198280.0 237384.0 268576.0 291910.0 308163.0 318395.0 323707.0 325112.0 323484.0 319554.0 313917.0 307046.0
18 1.0 179.06089157951857 -79.00586332797828 -0.07824799409525712 -0.7883382523994841 -0.4678840405080305 -0.20173951312369431 0.09797054138647107 -0.08314253548907476 24309.0 59170.0 104890.0 153658.0 199289.0 238283.0 269336.0 292524.0 308639.0 318750.0 323958.0 325275.0 323577.0 319590.0 313907.0 307001.0
19 1.0 230.2101059035405 73.39193234730709 -0.07824799409525712 -0.7883382523994841 -0.4678840405080305 -0.20173951312369431 0.09797054138647107 -0.08314253548907476 8941.0 26076.0 52472.0 84371.0 117457.0 148431.0 175358.0 197429.0 214588.0 227200.0 235831.0 241100.0 243608.0 243895.0 242428.0 239602.0
20 1.0 132.6904582066623 43.17910520923817 -0.07824799409525712 -0.7883382523994841 -0.4678840405080305 -0.20173951312369431 0.09797054138647107 -0.08314253548907476 6512.0 16861.0 31606.000000000004 48659.0 65951.0 81996.0 95957.0 107498.0 116613.0 123479.0 128359.0 131543.0 133313.0 133925.0 133604.0 132543.0
21 1.0 49.284097806815616 71.6512242984723 -0.07824799409525712 -0.7883382523994841 -0.4678840405080305 -0.20173951312369431 0.09797054138647107 -0.08314253548907476 19606.0 46998.0 83018.0 121865.0 158802.0 190994.0 217244.0 237432.0 252033.99999999997 261789.0 267501.0 269936.0 269776.0 267601.0 263892.0 259039.00000000003
22 1.0 295.9623839499284 31.064816033373845 -0.07824799409525712 -0.7883382523994841 -0.4678840405080305 -0.20173951312369431 0.09797054138647107 -0.08314253548907476 4102.0 12226.0 25258.0 41718.0 59600.0 77164.0 93228.0 107143.0 118666.0 127817.99999999999 134770.0 139770.0 143086.0 144985.0 145709.0 145477.0
23 1.0 68.34524828499286 5.2091872255589635 -0.07824799409525712 -0.7883382523994841 -0.4678840405080305 -0.20173951312369431 0.09797054138647107 -0.08314253548907476 20695.0 45833.0 76470.0 107618.0 135849.0 159463.0 177993.0 191682.0 201109.0 206955.0 209894.0 210526.0 209367.0 206842.0 203298.0 199012.0
24 1.0 184.07483371672416 -35.19965441747191 -0.07824799409525712 -0.7883382523994841 -0.4678840405080305 -0.20173951312369431 0.09797054138647107 -0.08314253548907476 19543.0 50225.0 92360.0 138840.0 183480.0 222471.0 254158.0 278336.0 295596.0 306884.0 313228.0 315604.0 314868.0 311747.0 306836.0 300613.0
25 1.0 80.75413043090613 89.63320523916121 -0.07824799409525712 -0.7883382523994841 -0.4678840405080305 -0.20173951312369431 0.09797054138647107 -0.08314253548907476 12815.0 34163.0 64801.0 100005.0 135151.0 167048.0 194031.0 215573.0 231846.0 243384.0 250863.99999999997 254981.0 256378.0 255620.0 253185.0 249471.0
26 1.0 35.22401441785226 -24.805969390909922 -0.07824799409525712 -0.7883382523994841 -0.4678840405080305 -0.20173951312369431 0.09797054138647107 -0.08314253548907476 19233.0 49161.0 90100.0 135174.0 178441.0 216253.0 247024.0 270555.0 287412.0 298498.0 304799.0 307250.0 306677.0 303778.0 299128.0 293191.0
27 1.0 310.388946271806 -5.28318914149628 -0.07824799409525712 -0.7883382523994841 -0.4678840405080305 -0.20173951312369431 0.09797054138647107 -0.08314253548907476 4367.0 11675.0 22357.0 34959.0 47953.0 60197.0 71011.0 80096.0 87404.0 93035.0 97168.0 100004.0 101748.0 102588.0 102690.0 102201.0
28 1.0 350.2510160483269 -21.915868513776886 -0.07824799409525712 -0.7883382523994841 -0.4678840405080305 -0.20173951312369431 0.09797054138647107 -0.08314253548907476 10912.0 28811.0 54332.0 83586.0 112819.0 139444.0 162102.0 180347.0 194296.0 204362.0 211080.0 215002.0 216646.0 216468.0 214858.0 212142.0
29 1.0 345.90047690268005 86.31484728038254 -0.07824799409525712 -0.7883382523994841 -0.4678840405080305 -0.20173951312369431 0.09797054138647107 -0.08314253548907476 13321.0 35485.0 67230.0 103621.0 139858.0 172654.0 200314.0 222317.0 238866.0 250527.99999999997 258017.0 262054.0 263308.0 262363.0 259713.00000000003 255766.0
