idx D_km lam beta x1 y1 z1 x2 y2 z2 flux5 flux6 flux7 flux8 flux9 flux10 flux11 flux12 flux13 flux14 flux15 flux16 flux17 flux18 flux19 flux20
0 1.0 197.5728614138369 73.17998985981222 -0.9271711910937753 -0.1827420460965272 -0.0681824037446394 0.04738340909580808 -0.01774391096588048 0.002442341204148033 207099.0 597902.0 1192526.0 1903662.0 2634966.0 3314658.0 3901825.0 4380319.0 4750108.0 5020075.0 5203090.0 5313026.0 5363132.0 5365271.0 5329648.0 5264824.0
1 1.0 257.468171894071 49.328519885754986 -0.9271711910937753 -0.1827420460965272 -0.0681824037446394 0.04738340909580808 -0.01774391096588048 0.002442341204148033 228599.0 658609.0 1309922.0 2084706.9999999998 2876792.0 3608268.0 4235698.0 4742837.0 5130863.0 5410385.0 5596063.0 5703395.0 5747013.0 5739895.0 5693132.0 5615961.0
2 1.0 216.99481538579178 -30.033872634844457 -0.9271711910937753 -0.1827420460965272 -0.0681824037446394 0.04738340909580808 -0.01774391096588048 0.002442341204148033 82562.0 229913.0 453464.0 724700.0 1010527.0 1284562.0 1530116.0 1738955.0 1908848.0 2041270.0 2139683.0 2208397.0 2251873.0 2274343.0 2279620.0 2271029.0
3 1.0 196.15794587888288 -75.40174980216058 -0.9271711910937753 -0.1827420460965272 -0.0681824037446394 0.04738340909580808 -0.01774391096588048 0.002442341204148033 154251.0 460961.0 943186.0 1535783.0 2159822.0 2752624.0 3275732.0 3711542.0 4056814.0 4316779.0 4500887.0 4620086.0 4685260.0 4706421.0 4692368.0 4650607.0
4 1.0 152.5157277620057 -16.69658914551468 -0.9271711910937753 -0.1827420460965272 -0.0681824037446394 0.04738340909580808 -0.01774391096588048 0.002442341204148033 6424.0 24520.0 60664.0 115043.0 183446.0 259866.0 338528.0 414864.0 485730.0 549257.0 604561.0 651456.0 690217.0 721392.0 745677.0 763828.0
5 1.0 232.5218807039962 -48.19785440923031 -0.9271711910937753 -0.1827420460965272 -0.0681824037446394 0.04738340909580808 -0.01774391096588048 0.002442341204148033 151804.0 435277.0 868553.0 1391895.0 1937227.0 2452041.0 2904811.0 3281530.0 3580068.0 3805220.0 3965190.0 4069359.0000000005 4127011.9999999995 4146679.0 4135861.0 4100968.0
6 1.0 157.5313960545693 -66.15222574356306 -0.9271711910937753 -0.1827420460965272 -0.0681824037446394 0.04738340909580808 -0.01774391096588048 0.002442341204148033 118973.0 359412.0 743023.0 1221340.0 1732349.0 2224903.0 2666209.0 3040012.0 3341871.0 3574599.0 3744843.0 3860833.0 3931032.0 3963405.0 3965076.0 3942214.0
7 1.0 321.03828028154874 -80.38310727837145 -0.9271711910937753 -0.1827420460965272 -0.0681824037446394 0.04738340909580808 -0.01774391096588048 0.002442341204148033 176834.0 533520.0 1095960.0 1786181.0 2510034.0 3193489.0 3791949.0 4285839.0 4672553.0 4959283.0 5157912.0 5281823.0 5344095.0 5356608.0 5329693.0 5272081.0
8 1.0 346.91859378037054 40.60698555790418 -0.9271711910937753 -0.1827420460965272 -0.0681824037446394 0.04738340909580808 -0.01774391096588048 0.002442341204148033 40386.0 122478.0 256650.0 429262.0 620312.0 811664.0 990336.0 1148656.0 1283149.0 1393215.0 1480014.0 1545654.0 1592656.0 1623613.0 1641006.0 1647099.0
9 1.0 138.03894677727996 -87.94305744749441 -0.9271711910937753 -0.1827420460965272 -0.0681824037446394 0.04738340909580808 -0.01774391096588048 0.002442341204148033 175792.0 529788.0 1087581.0 1771842.0 2489342.0 3166808.0 3760105.0 4249848.0 4633443.0 4917991.0 5115246.0 5238446.0 5300538.0 5313285.0 5286918.0 5230089.0
10 1.0 285.02101370975925 48.70453473049972 -0.9271711910937753 -0.1827420460965272 -0.0681824037446394 0.04738340909580808 -0.01774391096588048 0.002442341204148033 187501.0 550685.0 1111795.0 1790963.0 2496406.0 3157845.0 3733948.0 4207307.0 4576448.0 4848954.0 5036642.0 5152589.0 5209466.0 5218729.0 5190310.0 5132585.0
11 1.0 190.40217111104562 -63.549603827932486 -0.9271711910937753 -0.1827420460965272 -0.0681824037446394 0.04738340909580808 -0.01774391096588048 0.002442341204148033 113150.0 337415.0 692374.0 1133128.0 1603117.0 2055896.9999999998 2461694.0 2805708.0 3083845.0 3298613.0 3456034.0 3563594.0 3629020.0 3659601.0 3661867.0 3641485.0
12 1.0 204.49604199381562 -75.68602513438397 -0.9271711910937753 -0.1827420460965272 -0.0681824037446394 0.04738340909580808 -0.01774391096588048 0.002442341204148033 157936.0 471633.0 964230.0 1568760.0 2204464.0 2807447.0 3338690.0 3780493.0 4129790.0 4392107.0 4577213.0 4696359.0 4760688.0 4780428.0 4764549.0 4720691.0
13 1.0 333.214789785358 -73.87145383705104 -0.9271711910937753 -0.1827420460965272 -0.0681824037446394 0.04738340909580808 -0.01774391096588048 0.002442341204148033 165595.0 499614.0 1027261.0 1676510.0 2359621.0 3007041.0 3576390.0 4048605.0 4420585.0 4698550.0 4893284.0 5017112.0 5082186.0 5099619.0 5079121.0 5028939.0
14 1.0 25.5729809512393 30.968605323704594 -0.9271711910937753 -0.1827420460965272 -0.0681824037446394 0.04738340909580808 -0.01774391096588048 0.002442341204148033 61889.0 169452.0 330952.0 525990.0 731394.0 928814.0 1106608.0 1258925.0 1384026.0 1482736.0 1557285.0 1610536.0 1645509.0 1665114.0 1672005.0 1668530.0
15 1.0 31.366547892554657 -45.83390222648794 -0.9271711910937753 -0.1827420460965272 -0.0681824037446394 0.04738340909580808 -0.01774391096588048 0.002442341204148033 113128.0 330362.0 669119.0 1085708.0 1527059.0 1950389.0 2328692.0 2648829.0 2907442.0 3107131.0 3253621.0 3353912.0 3415169.0 3444127.0 3446808.0 3428435.0
16 1.0 7.278623078517259 -14.302895997582283 -0.9271711910937753 -0.1827420460965272 -0.0681824037446394 0.04738340909580808 -0.01774391096588048 0.002442341204148033 8200.0 26516.0 58472.0 102026.0 152811.0 206164.0 258241.0 306369.0 348975.0 385351.0 415394.0 439388.0 457843.0 471371.0 480619.0 486212.0
17 1.0 299.74314439725765 10.326382438305046 -0.9271711910937753 -0.1827420460965272 -0.0681824037446394 0.04738340909580808 -0.01774391096588048 0.002442341204148033 90529.0 280337.0 591262.0 988126.0 1421263.0 1847211.0 2236338.0 2572496.0 2849721.0 3068668.0 3233761.0 3351215.0 3427798.0 3470102.0 3484176.0 3475359.0
18 1.0 280.13643034194615 64.89921128918289 -0.9271711910937753 -0.1827420460965272 -0.0681824037446394 0.04738340909580808 -0.01774391096588048 0.002442341204148033 208325.0 607210.0 1218180.0 1951766.0 2707853.0 3411342.0 4019216.0 4514371.0 4896627.0 5175182.0 5363440.0 5475867.0 5526278.0 5527037.0 5488772.0 5420390.0
19 1.0 313.2043733688549 40.8679672880391 -0.9271711910937753 -0.1827420460965272 -0.0681824037446394 0.04738340909580808 -0.01774391096588048 0.002442341204148033 89858.0 271176.0 562370.0 928932.0 1324939.0 1711346.0 2062193.9999999998 2363804.0 2611556.0 2806593.0 2953256.0 3057342.0 3125026.0 3162254.0 3174436.0 3166322.0
20 1.0 352.30260320379506 -41.34097705703137 -0.9271711910937753 -0.1827420460965272 -0.0681824037446394 0.04738340909580808 -0.01774391096588048 0.002442341204148033 49173.0 153860.0 328447.0 555587.0 808346.0 1061820.0 1298068.0 1506517.0 1682479.0 1825288.0 1936714.0 2019810.9999999998 2078153.0 2115367.0 2134874.0 2139763.0
21 1.0 287.6970831180205 -66.33309612759703 -0.9271711910937753 -0.1827420460965272 -0.0681824037446394 0.04738340909580808 -0.01774391096588048 0.002442341204148033 178570.0 538161.0 1104570.0 1799027.0 2526741.0 3213332.0 3814106.0 4309531.0 4697114.0 4984177.0 5182730.0 5306262.0 5367939.0 5379712.0 5351963.0 5293463.0
22 1.0 166.13257041105547 -80.03262232418437 -0.9271711910937753 -0.1827420460965272 -0.0681824037446394 0.04738340909580808 -0.01774391096588048 0.002442341204148033 161930.0 486696.0 998636.0 1628013.0 2290163.0 2918005.0 3470626.0 3929562.0 4291727.0 4563038.0 4753824.0 4875929.0 4941052.0 4959899.0 4941844.0 4894854.0
23 1.0 280.99050346312396 -35.712245793430355 -0.9271711910937753 -0.1827420460965272 -0.0681824037446394 0.04738340909580808 -0.01774391096588048 0.002442341204148033 180512.0 542050.0 1109973.0 1805006.0 2532378.0 3217989.0 3817448.0 4311465.0 4697699.0 4983553.0 5181072.0 5303748.0 5364738.0 5375971.0 5347810.0 5289006.0
24 1.0 42.57879331281596 -42.818733136857915 -0.9271711910937753 -0.1827420460965272 -0.0681824037446394 0.04738340909580808 -0.01774391096588048 0.002442341204148033 135512.0 391051.0 784507.0 1262966.0 1764710.0 2241326.0 2663170.0 3016566.0 3298829.0 3513801.0 3668615.0 3771631.0 3831231.0 3855184.0 3850366.0 3822687.0
25 1.0 230.3715676779086 -7.894697975913658 -0.9271711910937753 -0.1827420460965272 -0.0681824037446394 0.04738340909580808 -0.01774391096588048 0.002442341204148033 136531.0 364927.0 697891.0 1088667.0 1488702.0 1862270.0 2188739.0 2459512.0 2673929.0 2835864.0 2951352.0 3027118.0 3069746.0 3085253.0 3078919.0 3055260.0
26 1.0 51.607183467256704 32.990640398582485 -0.9271711910937753 -0.1827420460965272 -0.0681824037446394 0.04738340909580808 -0.01774391096588048 0.002442341204148033 163727.0 443457.0 853318.0 1334512.0 1825948.0 2282943.0 2680017.0 3006886.0 3263200.0 3454214.0 3587794.0 3672573.0 3716920.0 3728426.0 3713709.0 3678389.0
27 1.0 340.0808101378502 35.21258021499429 -0.9271711910937753 -0.1827420460965272 -0.0681824037446394 0.04738340909580808 -0.01774391096588048 0.002442341204148033 28527.0 89830.0 193461.0 330420.0 485478.0 643907.0 794578.0 930471.0 1048001.0 1146053.0 1225095.0 1286519.0 1332167.0 1364040.0 1384107.0 1394211.0
28 1.0 187.8653958300258 -38.96660761521 -0.9271711910937753 -0.1827420460965272 -0.0681824037446394 0.04738340909580808 -0.01774391096588048 0.002442341204148033 32714.0 100943.0 214210.0 361706.0 526500.0 692735.0 848772.0 987559.0 1105784.0 1202744.0 1279361.0 1337449.0 1379212.0 1406938.0 1422817.0 1428846.0
29 1.0 149.2782983965885 -21.61314793797831 -0.9271711910937753 -0.1827420460965272 -0.0681824037446394 0.04738340909580808 -0.01774391096588048 0.002442341204148033 12045.0 43355.0 102749.0 188602.0 293124.0 406642.0 520491.00000000006 628209.0 725660.0 810653.0 882438.0 941231.0 987844.0 1023407.0 1049189.0 1066470.0
0 1.0 95.24002035766571 -57.39282688735745 -0.9271711910937753 -0.1827420460965272 -0.0681824037446394 0.04738340909580808 -0.01774391096588048 0.002442341204148033 174940.0 527717.0 1084079.0 1767066.0 2483662.0 3160648.0 3753844.0 4243786.0 4627793.0 4912891.0 5110770.0 5234625.0 5297367.0 5310739.0 5284957.0 5228665.0
1 1.0 278.724128196318 51.93819221517336 -0.9271711910937753 -0.1827420460965272 -0.0681824037446394 0.04738340909580808 -0.01774391096588048 0.002442341204148033 203703.0 595835.0 1198388.0 1923726.0 2672948.0 3371431.0 3976140.0 4469708.0 4851614.0 5130732.0 5320186.0 5434220.0 5486485.0 5489222.0 5452975.0 5386591.0
2 1.0 164.21411959795748 -79.76734624201674 -0.9271711910937753 -0.1827420460965272 -0.0681824037446394 0.04738340909580808 -0.01774391096588048 0.002442341204148033 161359.0 485047.0 995395.0 1622950.0 2283327.0 2909629.0 3461025.0 3919063.0 4280628.0 4551593.0 4742239.0 4864364.0 4929627.0 4948703.0 4930940.0 4884283.0
3 1.0 204.63622159271347 35.459503510497726 -0.9271711910937753 -0.1827420460965272 -0.0681824037446394 0.04738340909580808 -0.01774391096588048 0.002442341204148033 91141.0 254210.0 501055.0 799557.0 1113011.0 1412558.0 1680226.0 1907349.0 2091762.9999999998 2235254.0 2341692.0 2415811.0 2462476.0 2486281.0 2491362.0 2481326.0
4 1.0 6.764328157087851 50.1651712693986 -0.9271711910937753 -0.1827420460965272 -0.0681824037446394 0.04738340909580808 -0.01774391096588048 0.002442341204148033 83514.0 239225.0 480084.0 776019.0 1090618.0 1394227.0 1667725.0 1901393.0 2092288.0 2241705.0 2353264.0 2431614.0 2481639.0 2508015.0 2514982.0 2506258.0
5 1.0 222.34877894731574 49.93336113277556 -0.9271711910937753 -0.1827420460965272 -0.0681824037446394 0.04738340909580808 -0.01774391096588048 0.002442341204148033 181358.0 508811.0 999069.0 1581321.0 2179273.0 2736314.0 3219949.0 3617000.0 3926951.0 4156406.9999999995 4315256.0 4414326.0 4464071.0 4473939.0 4452131.0 4405578.0
6 1.0 220.3544601800717 -43.303938417836115 -0.9271711910937753 -0.1827420460965272 -0.0681824037446394 0.04738340909580808 -0.01774391096588048 0.002442341204148033 111953.0 319074.0 636713.0 1023292.0000000001 1430122.0 1818586.0 2164593.0 2456603.0 2691865.0 2872961.0 3005258.0 3095242.0 3149526.0 3174312.0 3175139.0 3156805.0
7 1.0 222.0962388749125 -22.713635172138936 -0.9271711910937753 -0.1827420460965272 -0.0681824037446394 0.04738340909580808 -0.01774391096588048 0.002442341204148033 97137.0 264758.0 514352.99999999994 812850.0 1123716.0 1418735.0 1680627.0 1901315.0 2079091.0 2216078.0 2316384.0 2384898.0 2426578.0 2446061.0 2447490.0 2434450.0
8 1.0 339.7493082652647 15.76793433535002 -0.9271711910937753 -0.1827420460965272 -0.0681824037446394 0.04738340909580808 -0.01774391096588048 0.002442341204148033 4075.9999999999995 15252.0 37477.0 71063.0 113643.0 161599.0 211291.0 259728.0 304789.0 345173.0 380247.0 409863.0 434193.0 453608.0 468584.0 479634.0
9 1.0 245.45530767725404 -40.892057563595934 -0.9271711910937753 -0.1827420460965272 -0.0681824037446394 0.04738340909580808 -0.01774391096588048 0.002442341204148033 183830.0 524849.0 1041763.9999999999 1660424.0 2298850.0 2895390.0 3414259.0 3840662.0 4173672.0 4420203.0 4590817.0 4697144.0 4750440.0 4760888.0 4737326.0 4687224.0
10 1.0 129.42284420656296 -23.246496140780025 -0.9271711910937753 -0.1827420460965272 -0.0681824037446394 0.04738340909580808 -0.01774391096588048 0.002442341204148033 55098.0 177269.0 385248.0 659562.0 967706.0 1278814.0 1570254.0 1828453.0 2047193.0 2225342.0 2364877.0 2469434.0 2543343.0 2591035.0 2616709.0 2624168.0
11 1.0 157.33150336776293 -54.530229566584865 -0.9271711910937753 -0.1827420460965272 -0.0681824037446394 0.04738340909580808 -0.01774391096588048 0.002442341204148033 76056.0 234057.0 492238.0 821742.0 1181855.0 1536847.0 1862217.0 2144453.0 2378388.0 2564317.0 2705682.0 2807451.0 2875097.0 2913997.0 2929110.0 2924840.0
12 1.0 251.14723053381536 -7.225940923918671 -0.9271711910937753 -0.1827420460965272 -0.0681824037446394 0.04738340909580808 -0.01774391096588048 0.002442341204148033 221210.0 614566.0 1196589.0 1880080.0 2574324.0 3213963.0 3762936.0 4207929.0 4550127.0 4798569.0 4965690.0 5064657.0 5107935.0 5106632.0 5070275.0 5006842.0
13 1.0 21.68116978653714 -81.96978577425946 -0.9271711910937753 -0.1827420460965272 -0.0681824037446394 0.04738340909580808 -0.01774391096588048 0.002442341204148033 177245.0 534401.0 1097246.0 1787643.0 2511406.0 3194549.0 3792554.0 4285915.0 4672080.0 4958280.0 5156421.0 5279898.0 5341793.0 5353988.0 5326809.0 5268983.0
14 1.0 240.03601756044037 53.96325922271123 -0.9271711910937753 -0.1827420460965272 -0.0681824037446394 0.04738340909580808 -0.01774391096588048 0.002442341204148033 218320.0 621276.0 1227201.0 1945694.0 2679774.0 3358462.0 3942071.0 4415567.0 4779746.0 5044040.0 5221646.0 5326611.0 5372260.0 5370470.0 5331430.0 5263662.0
15 1.0 241.4296330625374 -76.1478395424061 -0.9271711910937753 -0.1827420460965272 -0.0681824037446394 0.04738340909580808 -0.01774391096588048 0.002442341204148033 175181.0 523783.0 1070009.0 1737802.0 2436641.0 3095808.0 3672888.0 4149353.9999999995 4522829.0 4800244.0 4992987.0 5113864.0 5175390.0 5188942.0 5164419.0 5110197.0
16 1.0 75.73772198658273 3.3903267896746883 -0.9271711910937753 -0.1827420460965272 -0.0681824037446394 0.04738340909580808 -0.01774391096588048 0.002442341204148033 231311.0 649972.0 1273147.0 2006649.0 2751765.0 3437363.0 4024378.9999999995 4498630.0 4861713.0 5123708.0 5298301.0 5399879.0 5442001.0 5436692.0 5394234.0 5323203.0
17 1.0 46.41346715574719 -34.7741820818647 -0.9271711910937753 -0.1827420460965272 -0.0681824037446394 0.04738340909580808 -0.01774391096588048 0.002442341204148033 136101.0 386690.0 768356.0 1229237.0 1710239.0 2165562.0 2567466.0 2903391.0 3171143.0 3374637.0 3520836.0 3617802.0 3673567.0 3695550.0 3690297.0 3663424.0
18 1.0 113.55420633270619 13.957730789647584 -0.9271711910937753 -0.1827420460965272 -0.0681824037446394 0.04738340909580808 -0.01774391096588048 0.002442341204148033 130816.99999999999 396284.0 820094.0 1348207.0 1911639.0 2453687.0 2938190.0 3347411.0 3676712.0 3929457.0 4113197.9999999995 4237183.0 4310865.0 4343110.0 4341819.0 4313817.0
19 1.0 130.93587753934415 82.69800135001651 -0.9271711910937753 -0.1827420460965272 -0.0681824037446394 0.04738340909580808 -0.01774391096588048 0.002442341204148033 220653.0 640846.0 1281773.0 2048280.9999999998 2835239.0 3564581.0 4192183.0 4701045.0 5091704.0 5374300.0 5563177.0 5673639.0 5720204.0 5715798.0 5671489.0 5596519.0
20 1.0 205.27083735043666 26.20264400208069 -0.9271711910937753 -0.1827420460965272 -0.0681824037446394 0.04738340909580808 -0.01774391096588048 0.002442341204148033 68114.0 187904.0 368652.0 587523.0 818264.0 1039949.9999999999 1239250.0 1409469.0 1548648.0 1657788.0 1739512.0 1797162.0 1834250.0 1854139.0 1859884.0 1854171.0
21 1.0 157.89654484643532 -83.63476156401164 -0.9271711910937753 -0.1827420460965272 -0.0681824037446394 0.04738340909580808 -0.01774391096588048 0.002442341204148033 169863.0 511266.0 1049252.0 1709797.0 2403428.0 3059589.0 3635550.0 4112310.0 4487035.0 4766283.0 4961162.0 5084287.0 5148049.0 5163746.0 5141235.0 5088871.0
22 1.0 355.8145817013214 -12.527560888548976 -0.9271711910937753 -0.1827420460965272 -0.0681824037446394 0.04738340909580808 -0.01774391096588048 0.002442341204148033 3176.0 11686.0 28300.0 52936.0 83578.0 117460.0 151975.0 185115.0 215550.0 242545.0 265808.0 285348.0 301364.0 314158.0 324078.0 331482.0
23 1.0 36.736131869290105 1.803033417285036 -0.9271711910937753 -0.1827420460965272 -0.0681824037446394 0.04738340909580808 -0.01774391096588048 0.002442341204148033 73011.0 193676.0 369963.0 578392.0 794045.0 998081.0 1179159.0 1332094.0 1455897.0 1552068.0 1623377.0 1673085.0 1704486.0 1720660.0 1724360.0 1717980.0
24 1.0 75.19563219414049 6.511949046621353 -0.9271711910937753 -0.1827420460965272 -0.0681824037446394 0.04738340909580808 -0.01774391096588048 0.002442341204148033 231843.0 649543.0 1270012.0 1999401.0 2739744.0 3420599.0 4003358.9999999995 4474068.0 4834384.0 5094352.0 5267570.0 5368325.0 5410075.0 5404752.0 5362558.0 5292002.0
25 1.0 58.07142643859865 32.65065190869082 -0.9271711910937753 -0.1827420460965272 -0.0681824037446394 0.04738340909580808 -0.01774391096588048 0.002442341204148033 189343.0 515507.00000000006 993434.0 1553058.0 2122177.0 2648625.0 3103263.0 3474910.0 3763944.0 3977108.0 4123996.0 4214921.0 4259749.0 4267351.0 4245398.0 4200359.0
26 1.0 235.11899716754343 -40.032702408282105 -0.9271711910937753 -0.1827420460965272 -0.0681824037446394 0.04738340909580808 -0.01774391096588048 0.002442341204148033 155857.0 440300.0 870372.0 1386073.0 1920663.0 2423370.0 2864123.0 3229888.0 3519054.0 3736613.0 3890746.0 3990695.0 4045544.9999999995 4063612.0 4052183.9999999995 4017482.0
27 1.0 91.18497691432157 -66.80509821606236 -0.9271711910937753 -0.1827420460965272 -0.0681824037446394 0.04738340909580808 -0.01774391096588048 0.002442341204148033 177114.0 534189.0 1097068.0 1787649.0 2511726.0 3195266.0 3793701.0 4287491.0 4674059.0 4960619.0 5159071.0 5282808.0 5344913.0 5357271.0 5330213.0 5272471.0
28 1.0 167.87187822827028 -19.31837822152302 -0.9271711910937753 -0.1827420460965272 -0.0681824037446394 0.04738340909580808 -0.01774391096588048 0.002442341204148033 2873.0 11121.0 27824.0 53295.0 85783.0 122616.0 161117.0 199076.0 234898.0 267557.0 296496.0 321507.0 342623.0 360033.0 374020.0 384917.0
29 1.0 87.99321312057698 82.1530301032708 -0.9271711910937753 -0.1827420460965272 -0.0681824037446394 0.04738340909580808 -0.01774391096588048 0.002442341204148033 221107.0 640654.0 1279423.0 2042405.0 2825075.0 3550010.0 4173555.9999999995 4678966.0 5066874.0 5347409.0 5534847.0 5644404.0 5690502.0 5685981.0 5641832.0 5567232.0
0 1.0 57.2290501123871 -56.31643948484795 -0.9271711910937753 -0.1827420460965272 -0.0681824037446394 0.04738340909580808 -0.01774391096588048 0.002442341204148033 176852.0 522320.0 1058835.0 1711058.0 2391149.0 3031168.0 3590691.0 4052266.9999999995 4413893.0 4682431.0 4868965.0 4985910.0 5045374.0 5058360.0 5034441.0 4981719.0
1 1.0 39.73505081914985 72.71711188708267 -0.9271711910937753 -0.1827420460965272 -0.0681824037446394 0.04738340909580808 -0.01774391096588048 0.002442341204148033 200563.0 573386.0 1137262.0 1809652.0 2500413.0 3142598.0 3698029.0 4151556.0000000005 4503026.0 4760620.0 4936275.0 5042911.0 5092906.0 5097375.0 5065905.0 5006559.0
2 1.0 236.27865220749842 7.885071013918747 -0.9271711910937753 -0.1827420460965272 -0.0681824037446394 0.04738340909580808 -0.01774391096588048 0.002442341204148033 176349.0 473722.0 906344.0 1411429.0 1924850.0 2400293.0 2811747.0 3149056.0 3412330.0 3607387.0 3742658.0 3827283.0 3870064.0 3878950.0 3860848.0 3821604.0
3 1.0 49.74586248550097 -7.755944103762147 -0.9271711910937753 -0.1827420460965272 -0.0681824037446394 0.04738340909580808 -0.01774391096588048 0.002442341204148033 134296.0 362271.0 697025.0 1091907.0 1497707.0 1877850.0 2210986.0 2488019.0 2707998.0 2874657.0 2994000.0 3072788.0 3117671.0 3134757.0 3129418.0 3106257.0
4 1.0 70.76965020481926 68.76745384138013 -0.9271711910937753 -0.1827420460965272 -0.0681824037446394 0.04738340909580808 -0.01774391096588048 0.002442341204148033 220295.0 632168.0 1254989.0 1995870.0 2754068.0 3455490.0 4058588.9999999995 4547571.0 4923216.0 5195336.0 5377677.0 5484865.0 5530762.0 5527708.0 5486276.0 5415298.0
5 1.0 132.74106143794708 -7.451286881654539 -0.9271711910937753 -0.1827420460965272 -0.0681824037446394 0.04738340909580808 -0.01774391096588048 0.002442341204148033 36332.0 120714.0 269140.0 470573.0 702737.0 942770.0 1172752.0 1381025.0 1561414.0 1711792.0 1832684.0 1926177.0 1995140.0 2042724.0000000002 2072045.9999999998 2086021.0000000002
6 1.0 295.55756274525663 40.350174590077785 -0.9271711910937753 -0.1827420460965272 -0.0681824037446394 0.04738340909580808 -0.01774391096588048 0.002442341204148033 144719.0 430162.0 878287.0 1429399.0 2010977.0 2565136.0 3056058.0 3467047.0 3794664.0 4043364.9999999995 4221589.0 4339250.0 4406278.0 4431862.0 4424111.0 4389976.0
7 1.0 34.956459285502056 -18.17544209344163 -0.9271711910937753 -0.1827420460965272 -0.0681824037446394 0.04738340909580808 -0.01774391096588048 0.002442341204148033 72844.0 202031.0 397761.0 635381.0 886278.0 1127554.0 1344589.0 1530017.0 1681656.0 1800568.0 1889590.0 1952356.0 1992681.0 2014228.9999999998 2020325.9999999998 2013903.0
8 1.0 301.6601666995694 72.7279907221724 -0.9271711910937753 -0.1827420460965272 -0.0681824037446394 0.04738340909580808 -0.01774391096588048 0.002442341204148033 198455.0 576685.0 1155565.0 1851110.0 2569211.0 3239003.0 3819591.0 4294389.0 4662774.0 4933051.0 5117597.0 5229887.0 5282870.0 5288186.0 5255883.0 5194410.0
9 1.0 34.59542684182671 34.20450363442093 -0.9271711910937753 -0.1827420460965272 -0.0681824037446394 0.04738340909580808 -0.01774391096588048 0.002442341204148033 97245.0 264423.0 512537.0 808372.0 1115646.0 1406580.0 1664337.0 1881199.0 2055686.9999999998 2190042.0 2288399.0 2355615.0 2396576.0 2415833.0 2417435.0 2404882.0
10 1.0 351.5254074048225 35.931969765093015 -0.9271711910937753 -0.1827420460965272 -0.0681824037446394 0.04738340909580808 -0.01774391096588048 0.002442341204148033 26888.0 82930.0 176215.0 298150.0 434967.0 573622.0 704449.0 821513.0 921950.0 1005058.0 1071489.0 1122645.0 1160269.0 1186188.0 1202162.0 1209810.0
11 1.0 168.71443259317257 -31.010327719718596 -0.9271711910937753 -0.1827420460965272 -0.0681824037446394 0.04738340909580808 -0.01774391096588048 0.002442341204148033 11948.0 40907.0 93665.0 167641.0 255521.0 348976.0 440942.0 526426.0 602452.0 667643.0 721751.0 765245.0 798999.0 824082.0 841615.0 852685.0
12 1.0 351.6339917485214 46.22015569264005 -0.9271711910937753 -0.1827420460965272 -0.0681824037446394 0.04738340909580808 -0.01774391096588048 0.002442341204148033 58441.0 172927.0 355503.0 585527.0 835421.0 1081374.0 1307112.0 1503608.0 1667338.0 1798396.0 1898992.0 1972387.0 2022218.0 2052087.0000000002 2065341.0 2064976.0000000002
13 1.0 217.74438710821656 24.490989980485438 -0.9271711910937753 -0.1827420460965272 -0.0681824037446394 0.04738340909580808 -0.01774391096588048 0.002442341204148033 109541.0 296483.0 572419.0 899749.0 1238104.0 1557005.0 1838288.0 2073884.0 2262535.0 2406981.0 2511951.0 2582891.0 2625228.0 2643986.0 2643614.0 2627945.0
14 1.0 266.1348885833886 -46.79635079165228 -0.9271711910937753 -0.1827420460965272 -0.0681824037446394 0.04738340909580808 -0.01774391096588048 0.002442341204148033 197778.0 584967.0 1184780.0 1910732.0 2663421.0 3367078.0 3977576.0 4476775.0 4863707.0 5147044.0 5339871.0 5456482.0 5510620.0 5514634.0 5479173.0 5413181.0
15 1.0 14.107605211555443 -61.103011952653844 -0.9271711910937753 -0.1827420460965272 -0.0681824037446394 0.04738340909580808 -0.01774391096588048 0.002442341204148033 132242.0 394950.0 809535.0 1321810.0 1864791.0 2384385.0 2846670.0 3235445.0 3546938.0 3784865.0 3956787.0 4071759.0 4138942.0 4166863.0 4163090.9999999995 4134137.0
16 1.0 101.81050652750744 53.35046541311971 -0.9271711910937753 -0.1827420460965272 -0.0681824037446394 0.04738340909580808 -0.01774391096588048 0.002442341204148033 215151.0 627443.0 1258616.0 2015635.0 2794731.0 3518344.0 4142301.0 4649286.0 5039446.0 5322555.0 5512648.0 5624789.0 5673316.0 5671022.0 5628885.0 5556081.0
17 1.0 43.270762036740805 82.64998854634004 -0.9271711910937753 -0.1827420460965272 -0.0681824037446394 0.04738340909580808 -0.01774391096588048 0.002442341204148033 215180.0 621669.0 1239750.0 1977929.0 2735661.0 3438380.0 4043894.0 4535844.0 4914596.0 5189700.0 5374756.0 5484321.0 5532240.0 5530865.0 5490799.0 5420910.0
18 1.0 106.61047110797217 -7.535011093192281 -0.9271711910937753 -0.1827420460965272 -0.0681824037446394 0.04738340909580808 -0.01774391096588048 0.002442341204148033 147544.0 447011.0 923539.0 1514558.0 2141559.0 2740894.0 3272697.0 3718080.0 4072852.0 4341640.0 4533565.0 4659443.0 4730153.0 4755775.0 4745211.0 4706086.0
19 1.0 42.74197882352786 16.377149758263286 -0.9271711910937753 -0.1827420460965272 -0.0681824037446394 0.04738340909580808 -0.01774391096588048 0.002442341204148033 107376.0 284516.0 542031.0 844587.0 1155410.0 1447155.0 1703695.0 1917966.0 2088995.9999999998 2219382.0 2313505.0 2376389.0 2413040.0 2428094.0 2425660.0 2409281.0
20 1.0 114.47394458183138 64.39007595483983 -0.9271711910937753 -0.1827420460965272 -0.0681824037446394 0.04738340909580808 -0.01774391096588048 0.002442341204148033 209710.0 611433.0 1226737.0 1965377.0 2726431.0 3434259.0 4045594.0000000005 4543289.0 4927240.0 5206772.0 5395426.0 5507796.0 5557808.0 5557918.0 5518828.0 5449502.0
21 1.0 149.13467802528118 -7.699778396305732 -0.9271711910937753 -0.1827420460965272 -0.0681824037446394 0.04738340909580808 -0.01774391096588048 0.002442341204148033 6054.0 23658.0 59519.0 114320.0 184146.0 263003.0 344903.0 424962.0 499716.0 567023.0 625802.0 675746.0 717067.0 750302.0 776165.0 795449.0
22 1.0 23.09309868556237 81.3374058298925 -0.9271711910937753 -0.1827420460965272 -0.0681824037446394 0.04738340909580808 -0.01774391096588048 0.002442341204148033 209324.0 603905.0 1203766.0 1920576.0 2657125.0 3341137.0 3931536.0 4412211.0 4783270.0 5053768.0 5236743.0 5346215.0 5395554.0 5396718.0 5359987.0 5293978.0
23 1.0 249.28996297320714 13.63520916807704 -0.9271711910937753 -0.1827420460965272 -0.0681824037446394 0.04738340909580808 -0.01774391096588048 0.002442341204148033 226876.0 627750.0 1218662.0 1910509.0 2611461.0 3255820.0 3807649.0 4253962.0 4596307.0 4844057.0 5009920.0 5107268.0 5148723.0 5145500.0 5107202.0 5041857.0
24 1.0 203.97652351436705 57.738081726236686 -0.9271711910937753 -0.1827420460965272 -0.0681824037446394 0.04738340909580808 -0.01774391096588048 0.002442341204148033 167228.0 475307.0 941775.0 1500575.0 2078490.0 2620158.0 3093137.0 3483702.0 3790590.0 4019649.0000000005 4180104.0 4282225.0 4336025.0 4350608.0 4333909.0 4292665.0
25 1.0 95.54021673820034 73.5918693142929 -0.9271711910937753 -0.1827420460965272 -0.0681824037446394 0.04738340909580808 -0.01774391096588048 0.002442341204148033 223102.0 646703.0 1291712.0 2062064.0 2852094.0 3583579.0 4212462.0 4721899.0 5112601.0 5394863.0 5583154.0 5692870.0 5738598.0 5733312.0 5688115.0 5612268.0
26 1.0 188.36929924801188 56.7942873783424 -0.9271711910937753 -0.1827420460965272 -0.0681824037446394 0.04738340909580808 -0.01774391096588048 0.002442341204148033 144318.0 413140.0 823828.0 1320046.0 1837520.0 2326542.0 2757149.0 3115922.0 3400705.0 3615939.0 3769331.0 3869736.0 3925936.0 3946014.0 3937082.0 3905220.0
27 1.0 33.818583873039 -61.30539657918793 -0.9271711910937753 -0.1827420460965272 -0.0681824037446394 0.04738340909580808 -0.01774391096588048 0.002442341204148033 153250.0 454586.0 925958.0 1503442.0 2110467.0 2686557.0 3194756.0 3618230.0 3953961.0 4207062.0 4386681.0 4503395.0 4567715.0 4589306.0 4576668.0 4537054.0
28 1.0 207.34073840022455 23.201719031106066 -0.9271711910937753 -0.1827420460965272 -0.0681824037446394 0.04738340909580808 -0.01774391096588048 0.002442341204148033 67970.0 185995.0 362932.0 576221.0 800377.0 1015295.0000000001 1208283.0 1373027.0 1507733.0 1613413.0 1692608.0 1748534.0 1784564.0 1803927.0 1809562.0 1804056.0
29 1.0 334.5466311274371 -18.28183344845813 -0.9271711910937753 -0.1827420460965272 -0.0681824037446394 0.04738340909580808 -0.01774391096588048 0.002442341204148033 10964.0 39574.0 93973.0 172749.0 268828.0 373402.0 478562.0 578396.0 669089.0 748588.0 816142.0 871883.0 916489.0 950941.0 976355.0 993870.0
0 1.0 114.68482288247652 -78.71166863579778 -0.9271711910937753 -0.1827420460965272 -0.0681824037446394 0.04738340909580808 -0.01774391096588048 0.002442341204148033 169894.0 512563.0 1053447.0 1718231.0 2416729.0 3077688.0 3657897.0 4138110.0 4515426.0 4796448.0 4992385.0 5115974.0 5179726.0 5195049.0 5171894.0 5118692.0
1 1.0 240.2677367869254 -13.674194659828444 -0.9271711910937753 -0.1827420460965272 -0.0681824037446394 0.04738340909580808 -0.01774391096588048 0.002442341204148033 181101.0 493075.0 951123.0 1488828.0 2037141.9999999998 2545756.0 2986234.0 3347367.0 3629138.0 3837769.0 3982327.0 4072656.0000000005 4118228.0 4127588.0000000005 4108149.0 4066178.0
2 1.0 47.447230465581185 -43.436867959906614 -0.9271711910937753 -0.1827420460965272 -0.0681824037446394 0.04738340909580808 -0.01774391096588048 0.002442341204148033 149867.0 432368.0 866152.0 1391772.0 1940738.0 2459883.0 2917089.0 3297935.0 3600052.0 3828139.0 3990393.0 4096243.0000000005 4155046.9999999995 4175417.9999999995 4164937.0 4130086.9999999995
3 1.0 257.8777934826836 62.82689551713193 -0.9271711910937753 -0.1827420460965272 -0.0681824037446394 0.04738340909580808 -0.01774391096588048 0.002442341204148033 223863.0 648626.0 1295112.0 2066930.0000000002 2858191.0 3590580.0 4220041.0 4729777.0 5120560.0 5402743.0 5590843.0 5700296.0 5745718.0 5740102.0 5694566.0 5618383.0
4 1.0 104.1861934609924 -84.00516722159469 -0.9271711910937753 -0.1827420460965272 -0.0681824037446394 0.04738340909580808 -0.01774391096588048 0.002442341204148033 175473.0 529162.0 1086774.0 1771090.0 2488876.0 3166790.0 3760614.0 4250901.0 4635012.0 4920025.0 5117684.0 5241226.0 5303599.0 5316572.0 5290383.0 5233690.0
5 1.0 65.94889032256206 82.61688993542523 -0.9271711910937753 -0.1827420460965272 -0.0681824037446394 0.04738340909580808 -0.01774391096588048 0.002442341204148033 218871.0 633211.0 1263554.0 2016306.9999999998 2788618.0 3504288.0 4120303.0 4620096.0 5004196.0 5282490.0 5468970.0 5578571.0 5625472.0 5622305.0 5579897.0 5507293.0
6 1.0 211.14465653162995 -26.033607275052667 -0.9271711910937753 -0.1827420460965272 -0.0681824037446394 0.04738340909580808 -0.01774391096588048 0.002442341204148033 59261.0 164526.0 324577.0 519723.99999999994 726790.0 927041.0 1108361.0 1264495.0 1393410.0 1495743.0 1573613.0 1629832.0 1667405.0 1689245.0 1698030.0 1696134.0
7 1.0 7.238716627497679 -25.792759727542276 -0.9271711910937753 -0.1827420460965272 -0.0681824037446394 0.04738340909580808 -0.01774391096588048 0.002442341204148033 21094.0 66143.0 142337.0 243308.0 358063.0 475824.0 588335.0 690285.0 778875.0 853139.0 913316.0 960356.0 995577.0 1020434.0000000001 1036381.0 1044786.0
8 1.0 298.4184105182507 -87.06086951693258 -0.9271711910937753 -0.1827420460965272 -0.0681824037446394 0.04738340909580808 -0.01774391096588048 0.002442341204148033 178667.0 538429.0 1105046.0 1799668.0 2527444.0 3213977.0 3814581.0 4309752.0 4697027.0 4983758.0 5181975.0 5305185.0 5366564.0 5378069.0 5350084.0 5291383.0
9 1.0 1.6903714293169436 -56.65818145748689 -0.9271711910937753 -0.1827420460965272 -0.0681824037446394 0.04738340909580808 -0.01774391096588048 0.002442341204148033 108098.0 325362.0 671939.0 1104799.0 1568478.0 2016857.0 2420032.0 2762892.0 3041008.0 3256586.0 3415405.0 3524763.0 3592241.0 3625019.0 3629550.0 3611439.0
10 1.0 244.01395324664284 -17.773289855350427 -0.9271711910937753 -0.1827420460965272 -0.0681824037446394 0.04738340909580808 -0.01774391096588048 0.002442341204148033 193080.0 531694.0 1031847.0 1620404.0 2220797.0 2777232.0 3258303.0 3651779.0 3957830.0 4183486.0000000005 4338869.0 4434902.0 4482058.0 4489755.0 4466145.0 4418102.0
11 1.0 97.20287034917935 77.27245511448851 -0.9271711910937753 -0.1827420460965272 -0.0681824037446394 0.04738340909580808 -0.01774391096588048 0.002442341204148033 223003.0 646582.0 1291741.0 2062465.0 2853061.0 3585231.0 4214843.0 4724992.0 5116349.0 5399186.0 5587962.0 5698076.0 5744117.0 5739069.0 5694044.0 5618312.0
12 1.0 264.66984796413414 -72.06931256017117 -0.9271711910937753 -0.1827420460965272 -0.0681824037446394 0.04738340909580808 -0.01774391096588048 0.002442341204148033 182254.0 546178.0 1116707.0 1813775.0 2542251.0 3228053.0 3826999.0 4320044.0 4705063.0 4989621.0 5185866.0 5307354.0 5367274.0 5377567.0 5348595.0 5289103.0
13 1.0 346.38787624227774 80.15427602623433 -0.9271711910937753 -0.1827420460965272 -0.0681824037446394 0.04738340909580808 -0.01774391096588048 0.002442341204148033 202490.0 584930.0 1167428.0 1864852.0 2582918.0 3251158.0 3829232.0 4301053.0 4666374.0 4933741.0 5115666.0 5225691.0 5276776.0 5280546.0 5247020.0 5184608.0
14 1.0 89.55113166718489 66.5079354983938 -0.9271711910937753 -0.1827420460965272 -0.0681824037446394 0.04738340909580808 -0.01774391096588048 0.002442341204148033 224816.0 650334.0 1297113.0 2068556.0 2858888.0 3590035.0 4218170.0 4726654.0 5116349.0 5397645.0 5585060.0 5694016.0 5739101.0 5733284.0 5687656.0 5611465.0
15 1.0 207.4166403904213 -8.25076855664068 -0.9271711910937753 -0.1827420460965272 -0.0681824037446394 0.04738340909580808 -0.01774391096588048 0.002442341204148033 39343.0 105343.0 202635.0 318746.0 440172.0 556475.0 661123.0 750872.0 824778.0 883331.0 927806.0 959840.0 981165.0 993454.0 998246.0 996906.0
16 1.0 213.13509525786205 -31.19384128171319 -0.9271711910937753 -0.1827420460965272 -0.0681824037446394 0.04738340909580808 -0.01774391096588048 0.002442341204148033 70286.0 197792.0 393220.0 632417.0 886478.0 1131872.0 1353353.0 1543097.0 1698648.0 1820945.0 1912801.0 1977881.0 2020061.0 2043070.0000000002 2050301.9999999998 2044741.9999999998
17 1.0 206.01068608471442 -48.10605672976977 -0.9271711910937753 -0.1827420460965272 -0.0681824037446394 0.04738340909580808 -0.01774391096588048 0.002442341204148033 84526.0 247414.0 503444.0 821377.0 1161830.0 1492091.0 1790739.0 2046668.0 2256289.0 2420774.0 2543924.0 2630733.0 2686499.0 2716313.0 2724807.0 2716053.0
18 1.0 80.30938775062259 20.603647165837387 -0.9271711910937753 -0.1827420460965272 -0.0681824037446394 0.04738340909580808 -0.01774391096588048 0.002442341204148033 237163.0 672270.0 1323049.0 2090606.0000000002 2870608.0 3587791.0 4200913.0 4695122.0 5072282.0 5343192.0 5522416.0 5625211.0 5665914.0 5657209.0 5609918.0 5533047.0
19 1.0 342.9896441461146 -84.04657353440899 -0.9271711910937753 -0.1827420460965272 -0.0681824037446394 0.04738340909580808 -0.01774391096588048 0.002442341204148033 177948.0 536782.0 1102411.0 1796267.0 2523612.0 3210037.0 3810783.0 4306261.0 4693939.0 4981111.0 5179774.0 5303410.0 5365184.0 5377043.0 5349374.0 5290948.0
20 1.0 160.96513630234585 -87.19090839957092 -0.9271711910937753 -0.1827420460965272 -0.0681824037446394 0.04738340909580808 -0.01774391096588048 0.002442341204148033 174921.0 526887.0 1081357.0 1761539.0 2474867.0 3148571.0 3738787.0 4226212.0 4608218.0 4891814.0 5088637.0 5211814.0 5274190.0 5287446.0 5261745.0 5205686.0
21 1.0 304.707122089606 -12.816769950317195 -0.9271711910937753 -0.1827420460965272 -0.0681824037446394 0.04738340909580808 -0.01774391096588048 0.002442341204148033 73412.0 232030.0 497008.0 840782.0 1221350.0 1600520.0 1951317.0 2258301.0 2515029.0 2721087.0 2879623.0 2995594.0 3074627.0 3122342.0 3143982.0 3144245.0
22 1.0 251.81253911430156 -77.74666668455036 -0.9271711910937753 -0.1827420460965272 -0.0681824037446394 0.04738340909580808 -0.01774391096588048 0.002442341204148033 178094.0 533949.0 1092370.0 1775436.0 2490208.0 3164071.0 3753528.0 4239648.0 4620097.0 4902086.0 5097374.0 5219155.0 5280301.0 5292497.0 5265897.0 5209085.0
23 1.0 107.07730230784811 -44.65062211570328 -0.9271711910937753 -0.1827420460965272 -0.0681824037446394 0.04738340909580808 -0.01774391096588048 0.002442341204148033 150232.0 456230.0 943392.0 1547277.0 2187216.0 2798028.0 3339089.0 3791341.0 4150760.0 4422294.0 4615425.0 4741309.0 4811118.0 4835174.0 4822572.0 4781087.0
24 1.0 292.9672150928918 -50.19103523770491 -0.9271711910937753 -0.1827420460965272 -0.0681824037446394 0.04738340909580808 -0.01774391096588048 0.002442341204148033 161396.0 488631.0 1007344.0 1647452.0 2322639.0 2963992.0 3529203.0 3998982.0 4369900.0 4647851.0 4843333.0 4968444.0 5035163.0 5054466.0 5035969.0 4987845.0
25 1.0 142.74206670491446 -44.425585129886656 -0.9271711910937753 -0.1827420460965272 -0.0681824037446394 0.04738340909580808 -0.01774391096588048 0.002442341204148033 61938.0 195035.0 417252.0 705909.0 1026175.0000000001 1346147.0 1643080.0 1903768.0 2122533.0 2298792.0 2435018.0 2535264.0 2604198.0 2646518.0 2666636.0 2668514.0
26 1.0 317.1971509600182 -66.4100583812536 -0.9271711910937753 -0.1827420460965272 -0.0681824037446394 0.04738340909580808 -0.01774391096588048 0.002442341204148033 156442.0 473165.0 975198.0 1595077.0 2249589.0 2872167.0 3421791.0 3879602.0 4242049.0 4514619.0 4707293.0 4831647.0 4899189.0 4920496.0 4904855.0 4860179.0
27 1.0 209.25823414890914 -87.83347987842222 -0.9271711910937753 -0.1827420460965272 -0.0681824037446394 0.04738340909580808 -0.01774391096588048 0.002442341204148033 176384.0 531175.0 1089891.0 1775006.0 2493195.0 3171174.0 3764832.0 4254818.0 4638567.0 4923204.0 5120497.0 5243698.0 5305759.0 5318451.0 5292010.0 5235090.0
28 1.0 317.424730267747 -69.21282651502534 -0.9271711910937753 -0.1827420460965272 -0.0681824037446394 0.04738340909580808 -0.01774391096588048 0.002442341204148033 162165.0 490046.0 1008907.9999999999 1648374.0 2322211.0 2961788.0 3525085.0 3993031.0 4362323.0 4638909.0 4833293.0 4957552.0 5023631.0 5042471.0 5023653.0 4975324.0
29 1.0 249.3113724279957 21.32644671229461 -0.9271711910937753 -0.1827420460965272 -0.0681824037446394 0.04738340909580808 -0.01774391096588048 0.002442341204148033 228588.0 635600.0 1237318.0 1942858.0 2658120.0 3315671.0 3878620.0 4333649.0 4682373.0 4934428.0 5102858.0 5201378.0 5242912.0 5238934.0 5199262.0 5132092.0
0 1.0 261.09154073507057 85.36611830724905 -0.9271711910937753 -0.1827420460965272 -0.0681824037446394 0.04738340909580808 -0.01774391096588048 0.002442341204148033 219738.0 638012.0 1275957.0 2038936.0 2822381.0 3548616.0 4173714.9999999995 4680722.0 5070130.0 5351996.0 5540568.0 5651058.0 5697902.0 5693959.0 5650244.0 5575954.0
1 1.0 180.47677749361281 88.26210028096091 -0.9271711910937753 -0.1827420460965272 -0.0681824037446394 0.04738340909580808 -0.01774391096588048 0.002442341204148033 220129.0 639038.0 1277791.0 2041537.0 2825553.0 3552108.0 4177283.0 4684167.0 5073308.0 5354813.0 5542972.0 5653027.0 5699438.0 5695078.0 5650971.0 5576320.0
2 1.0 344.1901085003606 -16.37026283284891 -0.9271711910937753 -0.1827420460965272 -0.0681824037446394 0.04738340909580808 -0.01774391096588048 0.002442341204148033 5179.0 19529.0 47980.0 90632.0 144146.0 203746.0 264807.0 323666.0 377828.0 425850.0 467109.0 501552.0 529497.0 551472.0 568107.0 580060.0
3 1.0 231.83647172266947 -60.66820331161104 -0.9271711910937753 -0.1827420460965272 -0.0681824037446394 0.04738340909580808 -0.01774391096588048 0.002442341204148033 159922.0 468292.0 945777.0 1526504.0 2133566.0 2707109.0 3211089.0 3629511.0 3959991.0 4208060.0 4383113.0 4495847.0 4556807.0 4575642.0 4560806.0 4519491.0
4 1.0 152.5878174809447 24.977116325975274 -0.9271711910937753 -0.1827420460965272 -0.0681824037446394 0.04738340909580808 -0.01774391096588048 0.002442341204148033 28209.0 91132.0 199805.0 345727.0 512889.99999999994 685145.0 849938.0 999145.0 1128492.0 1236538.0 1323689.0 1391438.0 1441818.0 1477053.0 1499339.0 1510726.0
5 1.0 218.30155708605275 -1.7450376212273113 -0.9271711910937753 -0.1827420460965272 -0.0681824037446394 0.04738340909580808 -0.01774391096588048 0.002442341204148033 80821.0 213865.0 407623.0 636033.0 871735.0 1094217.0 1291242.0 1457293.0 1591396.0 1695260.0 1771952.0 1825060.0 1858196.0 1874734.0 1877689.0 1869683.0
6 1.0 6.909551391360069 88.09375991119765 -0.9271711910937753 -0.1827420460965272 -0.0681824037446394 0.04738340909580808 -0.01774391096588048 0.002442341204148033 218732.0 634024.0 1266750.0 2023092.9999999998 2799599.0 3519468.0 4139266.0 4642205.0 5028746.0 5308801.0 5496438.0 5606689.0 5653828.0 5650575.0 5607834.0 5534715.0
7 1.0 108.56693400283775 -78.24524271267956 -0.9271711910937753 -0.1827420460965272 -0.0681824037446394 0.04738340909580808 -0.01774391096588048 0.002442341204148033 171781.0 518323.0 1065225.0 1737175.0 2442880.0 3110289.0 3695780.0 4179992.0000000005 4560095.0 4842847.0 5039648.0 5163415.0 5226823.0 5241415.0 5217252.0 5162852.0
8 1.0 237.66247349736662 50.98219889648635 -0.9271711910937753 -0.1827420460965272 -0.0681824037446394 0.04738340909580808 -0.01774391096588048 0.002442341204148033 213834.0 605060.0 1191403.0 1885620.0 2594606.0 3250325.0 3814719.0 4273320.0 4626813.0 4884166.0 5057976.0 5161677.0 5208037.0 5208451.0 5172710.0 5109019.0
9 1.0 104.42793859575987 -38.0882704803311 -0.9271711910937753 -0.1827420460965272 -0.0681824037446394 0.04738340909580808 -0.01774391096588048 0.002442341204148033 154775.0 469346.0 969247.0 1587799.0 2242064.0 2865335.0 3416278.0 3875714.0 4239846.0 4514005.0 4708086.0 4833637.0 4902165.0 4924266.0 4909252.0 4865064.0
10 1.0 222.48555443958296 -46.54464838621668 -0.9271711910937753 -0.1827420460965272 -0.0681824037446394 0.04738340909580808 -0.01774391096588048 0.002442341204148033 122694.0 351472.0 702803.0 1130058.0 1578780.0 2006034.9999999998 2385311.0 2704176.0 2959969.0 3155876.0 3298080.0 3393912.0 3450768.0 3475531.0 3474313.0 3452382.0
11 1.0 154.35673234047582 29.250822875881667 -0.9271711910937753 -0.1827420460965272 -0.0681824037446394 0.04738340909580808 -0.01774391096588048 0.002442341204148033 35902.0 113419.0 244472.0 417337.0 612324.0 810489.0 997669.0 1165109.0 1308543.0 1426889.0 1521068.0 1593115.0 1645577.0 1681127.0 1702344.0 1711597.0
12 1.0 48.770663120082084 -45.70862670162639 -0.9271711910937753 -0.1827420460965272 -0.0681824037446394 0.04738340909580808 -0.01774391096588048 0.002442341204148033 155854.0 451401.0 905961.0 1456872.0 2031866.0 2574919.0 3052314.0 3449053.0 3762858.0 3998865.0 4165854.9999999995 4273855.0 4332775.0 4351703.0 4338617.0 4300316.0
13 1.0 107.38163734417108 29.854641160653784 -0.9271711910937753 -0.1827420460965272 -0.0681824037446394 0.04738340909580808 -0.01774391096588048 0.002442341204148033 178486.0 529017.0 1074969.0 1739949.0 2434207.0 3088058.0 3659907.0 4131725.9999999995 4501366.0 4775808.0 4966385.0 5085801.0 5146459.0 5159620.0 5135083.0 5081136.0
14 1.0 205.18736785245537 3.11553309641198 -0.9271711910937753 -0.1827420460965272 -0.0681824037446394 0.04738340909580808 -0.01774391096588048 0.002442341204148033 36616.0 97825.0 187756.0 294745.0 406327.0 512970.00000000006 608783.0 690887.0 758491.0 812085.0 852856.0 882304.0 902008.0 913487.0 918135.0 917191.0
15 1.0 212.71419404934235 -13.663982081547132 -0.9271711910937753 -0.1827420460965272 -0.0681824037446394 0.04738340909580808 -0.01774391096588048 0.002442341204148033 57517.0 154204.0 297137.0 467927.0 646315.0 816524.0 968731.0 1098188.0 1203708.0 1286281.0 1348059.0 1391677.0 1419845.0 1435129.0 1439839.0 1435989.0
16 1.0 206.75708958584838 9.843805559055411 -0.9271711910937753 -0.1827420460965272 -0.0681824037446394 0.04738340909580808 -0.01774391096588048 0.002442341204148033 45731.0 122888.0 237209.0 374190.0 517753.0 655257.0 778707.0 884111.0 970333.0 1038021.0000000001 1088804.0 1124746.0 1148011.0 1160672.0 1164613.0 1161492.0
17 1.0 235.1522951485681 -38.330726414466646 -0.9271711910937753 -0.1827420460965272 -0.0681824037446394 0.04738340909580808 -0.01774391096588048 0.002442341204148033 155566.0 438056.0 864251.0 1374627.0 1903252.0 2400074.0 2835501.0 3196748.0 3482288.0 3697088.0 3849252.0 3947920.0 4002067.0000000005 4019904.9999999995 4008632.0000000005 3974385.0
18 1.0 234.757177200608 37.1834471291362 -0.9271711910937753 -0.1827420460965272 -0.0681824037446394 0.04738340909580808 -0.01774391096588048 0.002442341204148033 196784.0 544411.0 1058774.0 1664233.0 2281586.0 2853212.0 3346769.0 3749753.0 4062463.0 4292260.0 4449671.0 4546030.0 4592185.0 4597879.0 4571534.0 4520247.0
19 1.0 155.31063675623062 -15.325763519958471 -0.9271711910937753 -0.1827420460965272 -0.0681824037446394 0.04738340909580808 -0.01774391096588048 0.002442341204148033 4260.0 16865.0 42902.0 83109.0 134702.0 193221.0 254161.00000000003 313848.0 369702.0 420151.0 464418.0 502299.99999999994 533965.0 559810.0 580349.0 596150.0
20 1.0 322.75677450638267 -25.101799112539396 -0.9271711910937753 -0.1827420460965272 -0.0681824037446394 0.04738340909580808 -0.01774391096588048 0.002442341204148033 36566.0 120543.0 267128.0 464801.0 691450.0 924821.0 1147728.0 1349157.0 1523390.0 1668553.0 1785269.0 1875605.0 1942345.0 1988517.0 2017105.0 2030895.9999999998
21 1.0 132.32227321724275 59.158244620032804 -0.9271711910937753 -0.1827420460965272 -0.0681824037446394 0.04738340909580808 -0.01774391096588048 0.002442341204148033 177563.0 519315.0 1046478.0 1684643.0 2348326.0 2971919.0 3516626.0 3965870.0 4317931.0 4579584.0 4761630.0 4876112.0 4934766.0 4948243.0 4925810.0 4875313.0
22 1.0 156.91137309562566 76.4940441515746 -0.9271711910937753 -0.1827420460965272 -0.0681824037446394 0.04738340909580808 -0.01774391096588048 0.002442341204148033 210510.0 611108.0 1222742.0 1955497.0 2709530.0 3410280.0 4015226.0 4507603.0 4887413.0 5163930.0 5350556.0 5461725.0 5511202.0 5511297.0 5472592.0 5403949.0
23 1.0 321.092407805642 -81.71868404028655 -0.9271711910937753 -0.1827420460965272 -0.0681824037446394 0.04738340909580808 -0.01774391096588048 0.002442341204148033 177669.0 535959.0 1100787.0 1793744.0 2520248.0 3205984.0 3806230.0 4301395.0 4688920.0 4976071.0 5174810.0 5298593.0 5360560.0 5372644.0 5345214.0 5287035.0
24 1.0 290.22983605659084 -48.12714129064221 -0.9271711910937753 -0.1827420460965272 -0.0681824037446394 0.04738340909580808 -0.01774391096588048 0.002442341204148033 164897.0 498676.0 1027007.0 1678054.0 2363800.0 3014250.0 3586628.0 4061607.9999999995 4435951.0 4715840.0 4912068.0 5037006.0 5102863.0 5120804.0 5100593.0 5050519.0
25 1.0 253.39989007453187 -27.266513491338614 -0.9271711910937753 -0.1827420460965272 -0.0681824037446394 0.04738340909580808 -0.01774391096588048 0.002442341204148033 209908.0 595843.0 1176135.0 1865049.0 2570247.0 3223793.0 3787380.0 4246186.0 4600570.0 4859238.0 5034601.0 5139965.0 5188013.0 5190086.0 5155945.0 5093774.0
26 1.0 36.0816794324284 56.693966286644525 -0.9271711910937753 -0.1827420460965272 -0.0681824037446394 0.04738340909580808 -0.01774391096588048 0.002442341204148033 158664.0 444181.0 872496.0 1383141.0 1910198.0 2404134.0 2835964.0 3193387.0 3475195.0 3686534.0 3835588.0 3931517.0 3983286.0 3999082.0 3986069.0 3950352.0
27 1.0 331.0137409480825 87.38845697579356 -0.9271711910937753 -0.1827420460965272 -0.0681824037446394 0.04738340909580808 -0.01774391096588048 0.002442341204148033 217487.0 630572.0 1260128.0 2012909.0 2785992.0 3502913.0 4120381.0 4621621.0 5007030.0 5286435.0 5473807.0 5584092.0 5631490.0 5628659.0 5586457.0 5513953.0
28 1.0 257.1268678376801 84.41490684066332 -0.9271711910937753 -0.1827420460965272 -0.0681824037446394 0.04738340909580808 -0.01774391096588048 0.002442341204148033 219998.0 638838.0 1277678.0 2041729.0000000002 2826248.0 3553439.0 4179311.0 4686893.0 5076691.0 5358787.0 5547458.0 5657944.0 5704707.0 5700626.0 5656731.0 5582235.0
29 1.0 359.5849223644319 72.89070219898684 -0.9271711910937753 -0.1827420460965272 -0.0681824037446394 0.04738340909580808 -0.01774391096588048 0.002442341204148033 178525.0 512762.00000000006 1021643.0000000001 1632561.0 2264472.0 2856095.0 3371645.0 3796138.0 4128387.0 4375037.0 4546405.0 4653920.0 4708677.0 4720736.0 4698846.0 4650415.0
0 1.0 53.80138967687775 -36.619872288474625 -0.9271711910937753 -0.1827420460965272 -0.0681824037446394 0.04738340909580808 -0.01774391096588048 0.002442341204148033 162025.0 462129.0 918363.0 1466882.0 2036058.9999999998 2571256.0 3040094.0 3428552.0 3734930.0 3964635.0 4126503.9999999995 4230504.0 4286419.0 4303193.0 4288660.0 4249487.0
1 1.0 312.52538065255715 88.56202381460534 -0.9271711910937753 -0.1827420460965272 -0.0681824037446394 0.04738340909580808 -0.01774391096588048 0.002442341204148033 218921.0 635046.0 1269345.0 2027753.9999999998 2806447.0 3528327.0 4149784.9999999995 4653975.0 5041369.0 5321931.0 5509791.0 5620043.0 5667019.0 5663485.0 5620383.0 5546849.0
2 1.0 58.497456483494936 -45.10439260983878 -0.9271711910937753 -0.1827420460965272 -0.0681824037446394 0.04738340909580808 -0.01774391096588048 0.002442341204148033 176616.0 512912.99999999994 1029177.9999999999 1652372.0 2299400.0 2906761.0 3437025.0 3874272.0 4216943.0 4471677.0 4648991.0 4760598.0 4817899.0 4831243.0 4809636.0 4760700.0
3 1.0 221.6014431421839 -70.9368921211982 -0.9271711910937753 -0.1827420460965272 -0.0681824037446394 0.04738340909580808 -0.01774391096588048 0.002442341204148033 159900.0 474643.0 966626.0 1568519.0 2200067.0 2798170.0 3324509.0 3761858.0 4107396.9999999995 4366730.0 4549604.0 4667187.0 4730524.0 4749735.0 4733694.0 4689957.0
4 1.0 44.57519382579895 81.17146998997094 -0.9271711910937753 -0.1827420460965272 -0.0681824037446394 0.04738340909580808 -0.01774391096588048 0.002442341204148033 214204.0 618119.0 1231854.0 1964606.0 2716709.0 3414271.0 4015474.0 4504092.0 4880468.0 5154046.0 5338288.0 5447613.0 5495738.0 5494905.0 5455626.0 5386697.0
5 1.0 305.2829625560044 -47.98435401574267 -0.9271711910937753 -0.1827420460965272 -0.0681824037446394 0.04738340909580808 -0.01774391096588048 0.002442341204148033 131535.0 401334.0 833851.0 1373837.0 1950225.0 2504506.0 2999409.0 3416743.0 3751860.0 4008353.9999999995 4194112.9999999995 4318737.0 4392000.0 4423041.0 4419985.0 4389831.0
6 1.0 290.63482514100383 34.15828771399508 -0.9271711910937753 -0.1827420460965272 -0.0681824037446394 0.04738340909580808 -0.01774391096588048 0.002442341204148033 153684.0 457390.0 933878.0 1518977.0 2135179.0 2720956.0 3238507.0 3670446.0 4013465.0 4272579.0 4456961.0 4577284.0 4644188.0 4667480.0 4655795.0 4616515.0
7 1.0 204.8762659012536 -79.49585538349405 -0.9271711910937753 -0.1827420460965272 -0.0681824037446394 0.04738340909580808 -0.01774391096588048 0.002442341204148033 165630.0 496136.0 1015546.0000000001 1652582.0 2321453.0 2954543.0 3510845.0 3972040.0 4335290.0 4606771.0 4797053.0 4918175.0 4981992.0 4999331.0 4979656.0 4930996.0
8 1.0 146.58598700135988 41.52763784294572 -0.9271711910937753 -0.1827420460965272 -0.0681824037446394 0.04738340909580808 -0.01774391096588048 0.002442341204148033 87766.0 263494.0 544752.0 898134.0 1279507.0 1651421.0 1988972.0 2279020.0 2517120.0 2704369.0 2844951.0 2944465.0 3008882.0 3043955.0 3054920.0 3046376.0
9 1.0 24.900118363849696 68.70963822009114 -0.9271711910937753 -0.1827420460965272 -0.0681824037446394 0.04738340909580808 -0.01774391096588048 0.002442341204148033 177841.0 506335.0 1003444.0 1597979.0 2211469.0 2784966.0 3284250.0 3695149.0 4016723.0 4255516.0 4421563.0 4525928.0 4579332.0 4591484.0 4570823.0 4524487.0
10 1.0 251.07435833204292 -40.96135881612675 -0.9271711910937753 -0.1827420460965272 -0.0681824037446394 0.04738340909580808 -0.01774391096588048 0.002442341204148033 194735.0 560003.0 1115350.0 1780265.0 2465619.0 3104607.0 3658755.0 4112471.0 4465180.0 4724711.0 4902733.0 5011968.0 5064654.0 5071806.0 5042946.0 4986095.0
11 1.0 163.27536576410478 -21.76975870606286 -0.9271711910937753 -0.1827420460965272 -0.0681824037446394 0.04738340909580808 -0.01774391096588048 0.002442341204148033 4561.0 17306.0 42726.0 81054.0 129428.99999999999 183634.0 239510.0 293697.0 343852.0 388569.0 427189.0 459591.0 486008.0 506885.99999999994 522779.0 534283.0
12 1.0 259.94001580932525 -22.6266870022351 -0.9271711910937753 -0.1827420460965272 -0.0681824037446394 0.04738340909580808 -0.01774391096588048 0.002442341204148033 219576.0 630544.0 1252268.0 1992107.0 2749505.0 3450455.0 4053410.9999999995 4542529.0 4918514.0 5191103.0 5373981.0 5481726.0 5528163.0 5525612.0 5484633.0 5414054.0
13 1.0 311.8976373343065 44.781886357223954 -0.9271711910937753 -0.1827420460965272 -0.0681824037446394 0.04738340909580808 -0.01774391096588048 0.002442341204148033 104511.0 312473.0 642984.0 1055133.0 1496564.0 1923834.0 2308770.0 2637073.0 2904452.0 3112847.0 3267559.0 3375343.0 3443250.0 3477982.0 3485586.0 3471337.0
14 1.0 351.1877418010389 -47.19469634297301 -0.9271711910937753 -0.1827420460965272 -0.0681824037446394 0.04738340909580808 -0.01774391096588048 0.002442341204148033 69221.0 213084.0 448614.0 749932.0 1080131.0 1406608.0 1706859.0 1968342.0 2186119.0 2360258.0 2493729.0 2590933.0 2656764.0 2696059.0 2713299.0 2712482.0
15 1.0 308.08920326133995 -59.06644217142426 -0.9271711910937753 -0.1827420460965272 -0.0681824037446394 0.04738340909580808 -0.01774391096588048 0.002442341204148033 150027.0 454935.0 939742.0 1540134.0 2175906.0 2782412.0 3319455.0 3768246.0 4124885.0 4394341.0 4586049.0 4711087.0 4780532.0 4804615.0 4792348.0 4751431.0
16 1.0 4.21707030660071 -9.127503236207147 -0.9271711910937753 -0.1827420460965272 -0.0681824037446394 0.04738340909580808 -0.01774391096588048 0.002442341204148033 4873.0 15684.0 34560.0 60393.0 90752.0 123013.0 154984.0 185089.0 212339.0 236218.0 256552.99999999997 273405.0 286980.0 297569.0 305496.0 311099.0
17 1.0 129.592103212211 -35.19568667208249 -0.9271711910937753 -0.1827420460965272 -0.0681824037446394 0.04738340909580808 -0.01774391096588048 0.002442341204148033 71384.0 224933.0 480781.0 812024.0 1178051.0 1542125.0 1878443.0 2172359.0 2417882.0 2614781.0 2766197.0 2876959.0 2952501.0 2998219.0 3019129.0 3019709.0
18 1.0 262.7966024726609 61.05404200655744 -0.9271711910937753 -0.1827420460965272 -0.0681824037446394 0.04738340909580808 -0.01774391096588048 0.002442341204148033 222143.0 644831.0 1289156.0 2059272.0 2849485.0 3581428.0 4210900.0 4720945.0 5112210.0 5394954.0 5583637.0 5693659.0 5739616.0 5734493.0 5689404.0 5613623.0
19 1.0 61.78668381411859 -47.20647131718502 -0.9271711910937753 -0.1827420460965272 -0.0681824037446394 0.04738340909580808 -0.01774391096588048 0.002442341204148033 182343.0 532633.0 1071992.0 1723766.0 2400426.0 3035091.0 3588437.0 4043851.0 4399852.0 4663568.0 4846170.0 4960047.0 5017230.0 5028613.0 5003660.0 4950369.0
20 1.0 187.57317823348654 0.4301023480670665 -0.9271711910937753 -0.1827420460965272 -0.0681824037446394 0.04738340909580808 -0.01774391096588048 0.002442341204148033 6047.0 17930.0 37208.0 61969.0 89342.0 116664.0 142008.0 164235.0 182846.0 197784.0 209263.0 217642.0 223338.0 226773.0 228345.0 228416.0
21 1.0 19.561675802131305 79.66504794562746 -0.9271711910937753 -0.1827420460965272 -0.0681824037446394 0.04738340909580808 -0.01774391096588048 0.002442341204148033 205440.0 591788.0 1178840.0 1880467.0 2601836.0 3272334.0 3851709.0 4324053.0 4689312.0 4956204.0 5137381.0 5246490.0 5296570.0 5299303.0 5264742.0 5201324.0
22 1.0 71.99874896270403 24.119585594038938 -0.9271711910937753 -0.1827420460965272 -0.0681824037446394 0.04738340909580808 -0.01774391096588048 0.002442341204148033 229078.0 636101.0 1237287.0 1941809.0 2655789.0 3312016.0 3873748.0 4327746.0 4675647.0 4927079.0 5095064.0 5193287.0 5234647.0 5230591.0 5190917.0 5123805.0
23 1.0 6.66784600582103 66.11209298324366 -0.9271711910937753 -0.1827420460965272 -0.0681824037446394 0.04738340909580808 -0.01774391096588048 0.002442341204148033 153380.0 438188.0 871985.0 1394498.0 1937680.0 2449354.0 2898414.0 3271234.0 3565980.0 3787657.0 3944594.0 4046236.9999999995 4101886.0000000005 4120053.9999999995 4108202.9999999995 4072692.0
24 1.0 285.7311732086714 79.23774408385813 -0.9271711910937753 -0.1827420460965272 -0.0681824037446394 0.04738340909580808 -0.01774391096588048 0.002442341204148033 214293.0 622473.0 1245659.0 1991915.0 2759272.0 3471713.0 4086018.0 4585282.0 4969698.0 5248875.0 5436591.0 5547632.0 5596071.0 5594469.0 5553609.0 5482508.0
25 1.0 80.61288770173685 45.13767513954335 -0.9271711910937753 -0.1827420460965272 -0.0681824037446394 0.04738340909580808 -0.01774391096588048 0.002442341204148033 231880.0 661485.0 1307321.0 2071807.9999999998 2850782.0 3568532.0 4183220.0000000005 4679491.0 5058852.0 5331889.0 5513050.0 5617547.0 5659708.0 5652235.0 5605972.0 5529953.0
26 1.0 124.32660505088496 35.92351084045525 -0.9271711910937753 -0.1827420460965272 -0.0681824037446394 0.04738340909580808 -0.01774391096588048 0.002442341204148033 128465.0 384572.0 790060.0 1292728.0 1827214.0 2340243.0 2798054.0 3184232.0 3494651.0 3732658.0 3905498.0 4021970.9999999995 4091043.0 4121100.0 4119607.0000000005 4092997.9999999995
27 1.0 334.1092656476127 84.23380198876086 -0.9271711910937753 -0.1827420460965272 -0.0681824037446394 0.04738340909580808 -0.01774391096588048 0.002442341204148033 212391.0 615174.0 1228980.0 1963304.0 2718128.0 3418990.0 4023570.9999999995 4515300.0 4894336.0 5170053.0 5355918.0 5466396.0 5515265.0 5514837.0 5475688.0 5406671.0
28 1.0 253.5891846924718 88.99214213658229 -0.9271711910937753 -0.1827420460965272 -0.0681824037446394 0.04738340909580808 -0.01774391096588048 0.002442341204148033 220023.0 638470.0 1276398.0 2039129.0 2822154.0 3547891.0 4172488.0000000005 4679036.0 5068056.0 5349610.0 5537945.0 5648264.0 5694995.0 5690986.0 5647244.0 5572957.0
29 1.0 11.462014631270826 -8.672097119443265 -0.9271711910937753 -0.1827420460965272 -0.0681824037446394 0.04738340909580808 -0.01774391096588048 0.002442341204148033 9613.0 28826.0 60141.0 100544.0 145592.0 191232.0 234522.0 273663.0 307764.0 336565.0 360200.0 379031.0 393534.0 404224.0 411614.0 416189.0
0 1.0 59.289896339248585 -77.2434399268425 -0.9271711910937753 -0.1827420460965272 -0.0681824037446394 0.04738340909580808 -0.01774391096588048 0.002442341204148033 179128.0 539530.0 1106907.0 1802238.0 2530581.0 3217514.0 3818369.0 4313669.0 4700983.0 4987686.0 5185830.0 5308937.0 5370195.0 5381566.0 5353444.0 5294604.0
1 1.0 223.73222453991488 -37.29707434070661 -0.9271711910937753 -0.1827420460965272 -0.0681824037446394 0.04738340909580808 -0.01774391096588048 0.002442341204148033 115326.0 323896.0 640240.0 1022335.0 1422276.0 1802652.0 2140439.0 2424832.0 2653483.0 2829124.0 2957110.0 3043826.0 3095745.0 3118921.0 3118754.0 3099918.0
2 1.0 207.80229189750034 -62.57615297620852 -0.9271711910937753 -0.1827420460965272 -0.0681824037446394 0.04738340909580808 -0.01774391096588048 0.002442341204148033 127767.99999999999 377090.0 767645.0 1248323.0 1756860.0 2243197.0 2675965.0 3040159.0 3332250.0 3555646.0 3717344.0 3825746.0 3889373.0 3916177.0 3913226.0 3886612.0
3 1.0 85.64141569482311 -14.852452536717877 -0.9271711910937753 -0.1827420460965272 -0.0681824037446394 0.04738340909580808 -0.01774391096588048 0.002442341204148033 214737.0 628330.0 1262528.0 2023639.0000000002 2806993.0 3534373.0 4161284.0 4670344.0 5061779.0 5345500.0 5535690.0 5647549.0 5695525.0 5692501.0 5649521.0 5575813.0
4 1.0 336.3170392529258 -66.36792087481392 -0.9271711910937753 -0.1827420460965272 -0.0681824037446394 0.04738340909580808 -0.01774391096588048 0.002442341204148033 144737.0 437214.0 901407.0 1475982.0 2084581.0 2665595.0 3180629.0 3611636.0 3954768.0 4214656.0 4400217.0 4521968.0 4590448.0 4615406.0 4605437.0 4567897.0
5 1.0 221.02774414772256 18.741204723758756 -0.9271711910937753 -0.1827420460965272 -0.0681824037446394 0.04738340909580808 -0.01774391096588048 0.002442341204148033 114674.0 307054.0 588617.0 920593.0 1262131.0 1582742.0 1864474.0 2099538.0 2286952.0 2429692.0 2532681.0 2601516.0 2641734.0 2658435.0 2656120.0 2638652.0
6 1.0 192.827809088985 -21.094549351586267 -0.9271711910937753 -0.1827420460965272 -0.0681824037446394 0.04738340909580808 -0.01774391096588048 0.002442341204148033 14587.0 43098.0 89229.0 148617.0 214848.0 281981.0 345602.0 402939.0 452572.0 494056.0 527582.0 553715.0 573213.0 586903.0 595611.0 600113.0
7 1.0 212.36759148764554 71.1694591718778 -0.9271711910937753 -0.1827420460965272 -0.0681824037446394 0.04738340909580808 -0.01774391096588048 0.002442341204148033 209842.0 604543.0 1203939.0 1919671.0 2654730.0 3337091.0 3925878.0 4405105.0 4774943.0 5044463.0 5226695.0 5335636.0 5384627.0 5385597.0 5348799.0 5282823.0
8 1.0 262.8439306260371 84.20304092373033 -0.9271711910937753 -0.1827420460965272 -0.0681824037446394 0.04738340909580808 -0.01774391096588048 0.002442341204148033 219833.0 638299.0 1276552.0 2039917.0 2823773.0 3550404.0 4175854.0 4683153.0 5072795.0 5354837.0 5543534.0 5654104.0 5700993.0 5697065.0 5653340.0 5579021.0
9 1.0 112.30019837265667 8.43928230049599 -0.9271711910937753 -0.1827420460965272 -0.0681824037446394 0.04738340909580808 -0.01774391096588048 0.002442341204148033 131029.0 397745.0 824197.0 1356137.0 1924041.0 2470651.0 2959389.0 3372271.0 3704556.0 3959596.0 4144990.0 4270063.0 4344355.0 4376815.0 4375424.0 4347073.0
10 1.0 143.35958239779308 -40.531757423832616 -0.9271711910937753 -0.1827420460965272 -0.0681824037446394 0.04738340909580808 -0.01774391096588048 0.002442341204148033 51180.0 163196.0 352668.0 601616.0 880729.0 1162386.0 1426379.0 1660561.0 1859305.0 2021503.0 2148829.0 2244465.0 2312240.0 2356107.0 2379835.0 2386860.0
11 1.0 75.54374963104397 16.601475377130626 -0.9271711910937753 -0.1827420460965272 -0.0681824037446394 0.04738340909580808 -0.01774391096588048 0.002442341204148033 234365.0 655862.0 1281208.0 2015553.9999999998 2760216.0 3444428.0 4029543.0000000005 4501709.0 4862750.0 5122874.0 5295829.0 5396023.0 5437006.0 5430784.0 5387612.0 5316038.0
12 1.0 67.02948211692102 71.41700848039378 -0.9271711910937753 -0.1827420460965272 -0.0681824037446394 0.04738340909580808 -0.01774391096588048 0.002442341204148033 218110.0 626335.0 1244118.0 1979523.0 2732617.0 3429770.0 4029600.0000000005 4516291.0 4890504.0 5161898.0 5344070.0 5451512.0 5497973.0 5495703.0 5455205.0 5385257.0
13 1.0 339.9740603942161 -16.787997749565307 -0.9271711910937753 -0.1827420460965272 -0.0681824037446394 0.04738340909580808 -0.01774391096588048 0.002442341204148033 6685.0 24983.0 60882.0 114123.0 180248.0 253239.0 327491.0 398715.0 464087.0 522037.0 571936.0 613792.0 648007.0 675207.0 696116.0 711486.0
14 1.0 266.2382862177435 9.374089804554757 -0.9271711910937753 -0.1827420460965272 -0.0681824037446394 0.04738340909580808 -0.01774391096588048 0.002442341204148033 227957.0 660023.0 1316504.0 2098789.0 2899251.0 3638725.0 4273001.0 4785513.0 5177417.0 5459465.0 5646528.0 5754330.0 5797708.0 5789822.0 5741907.0 5663320.0
15 1.0 176.56517110232414 -41.10250183089374 -0.9271711910937753 -0.1827420460965272 -0.0681824037446394 0.04738340909580808 -0.01774391096588048 0.002442341204148033 30749.0 97325.0 210084.0 359027.0 527260.0 698527.0 860675.0 1006180.0000000001 1131342.0 1235163.0 1318348.0 1382556.0 1429892.0 1462584.0 1482796.0 1492526.0
16 1.0 81.86926607039636 -8.020053098995149 -0.9271711910937753 -0.1827420460965272 -0.0681824037446394 0.04738340909580808 -0.01774391096588048 0.002442341204148033 224928.0 648378.0 1290071.0 2053871.0 2835306.0 3557595.0 4177805.0 4679756.0 5064437.0 5342162.0 5527276.0 5634991.0 5679687.0 5674146.0 5629297.0 5554259.0
17 1.0 91.56833343734147 -17.69156363167224 -0.9271711910937753 -0.1827420460965272 -0.0681824037446394 0.04738340909580808 -0.01774391096588048 0.002442341204148033 199532.0 592176.0 1201915.0 1940872.0 2707499.0 3424219.0 4045814.0 4553696.0 4946890.0 5234303.0 5429358.0 5546707.0 5600423.0 5603140.0 5565747.0 5497375.0
18 1.0 20.89049771659522 -45.28557628506522 -0.9271711910937753 -0.1827420460965272 -0.0681824037446394 0.04738340909580808 -0.01774391096588048 0.002442341204148033 89284.0 264393.0 541630.0 887204.0 1257862.0 1617516.0 1942545.0 2220768.0 2448332.0 2626627.0 2759915.0 2853729.0 2913898.0 2945996.0 2955073.0 2945546.0
19 1.0 156.3899852009235 1.0559490885555078 -0.9271711910937753 -0.1827420460965272 -0.0681824037446394 0.04738340909580808 -0.01774391096588048 0.002442341204148033 2423.0 10291.0 27524.0 55365.0 92382.0 135580.0 181608.0 227540.0 271190.0 311133.0 346586.0 377248.0 403150.0 424537.0 441770.0 455269.0
20 1.0 112.24651751787692 -34.13145132363395 -0.9271711910937753 -0.1827420460965272 -0.0681824037446394 0.04738340909580808 -0.01774391096588048 0.002442341204148033 127092.00000000001 389053.0 810535.0 1338484.0 1903769.0 2449006.0 2937305.0 3350375.0 3683232.0 3939063.0 4125362.0 4251387.0 4326638.0 4360042.0 4359565.0 4332091.0
21 1.0 250.6836559735654 -22.85372450146545 -0.9271711910937753 -0.1827420460965272 -0.0681824037446394 0.04738340909580808 -0.01774391096588048 0.002442341204148033 208414.0 585311.0 1148135.0 1813723.0 2493627.0 3123127.0 3665860.0 4107821.9999999995 4449439.0 4699073.0 4868611.0 4970796.0 5017781.0 5020446.0 4988160.0 4928789.0
22 1.0 135.99066214529313 4.494679605767573 -0.9271711910937753 -0.1827420460965272 -0.0681824037446394 0.04738340909580808 -0.01774391096588048 0.002442341204148033 31040.0 103809.0 232764.0 408990.0 613472.0 826332.0 1031743.0000000001 1219207.0 1382972.0 1520833.0 1632954.0 1720924.0 1787080.0 1834059.0 1864519.0 1880977.0
23 1.0 64.65732392146853 45.10710412721775 -0.9271711910937753 -0.1827420460965272 -0.0681824037446394 0.04738340909580808 -0.01774391096588048 0.002442341204148033 212644.0 592624.0 1156402.0 1819967.0 2495325.0 3118750.0 3654847.0 4090335.9999999995 4426093.0 4670710.0 4836144.0 4935117.0 4979708.0 4980693.0 4947337.0 4887402.0
24 1.0 8.884342220879242 -29.968656157570443 -0.9271711910937753 -0.1827420460965272 -0.0681824037446394 0.04738340909580808 -0.01774391096588048 0.002442341204148033 29663.0 92023.0 196134.0 332393.0 485339.0 640292.0 786341.0 916767.0 1028311.0 1120168.0 1193078.0 1248645.0 1288872.0 1315860.0 1331640.0 1338074.0
25 1.0 24.20986732676949 76.34857799173744 -0.9271711910937753 -0.1827420460965272 -0.0681824037446394 0.04738340909580808 -0.01774391096588048 0.002442341204148033 198700.0 570399.0 1134342.0 1808236.0 2501561.0 3146799.0 3705295.0 4161589.0 4515380.0 4774809.0 4951842.0 5059455.0 5110096.0 5114943.0 5083645.0 5024314.0
26 1.0 244.58139845948423 65.21733843046243 -0.9271711910937753 -0.1827420460965272 -0.0681824037446394 0.04738340909580808 -0.01774391096588048 0.002442341204148033 222709.0 642439.0 1279302.0 2038260.0000000002 2815586.0 3534801.0 4152976.0 4653788.0 5038043.0 5315878.0 5501486.0 5609955.0 5655576.0 5651057.0 5607281.0 5533328.0
27 1.0 163.33086404017632 -81.23574672440486 -0.9271711910937753 -0.1827420460965272 -0.0681824037446394 0.04738340909580808 -0.01774391096588048 0.002442341204148033 164798.0 495589.0 1016969.0 1657655.0 2331247.0 2969408.0 3530567.0 3996063.0 4362895.0 4637203.0 4829596.0 4952189.0 5016927.0 5034730.0 5015144.0 4966277.0
28 1.0 193.16851599914 -44.3443456337719 -0.9271711910937753 -0.1827420460965272 -0.0681824037446394 0.04738340909580808 -0.01774391096588048 0.002442341204148033 52840.0 158487.0 328992.0 545720.0 782788.0 1017455.9999999999 1233984.0 1423514.0 1582450.0 1710680.0 1810140.0 1883796.0 1934995.0 1967077.0 1983161.0 1986051.0
29 1.0 322.80166549452315 -9.695607721343649 -0.9271711910937753 -0.1827420460965272 -0.0681824037446394 0.04738340909580808 -0.01774391096588048 0.002442341204148033 17514.0 61864.0 144451.0 261828.0 402439.0 552787.0 701324.0 839865.0 963509.0 1069963.0 1158762.0 1230595.0 1286810.0 1329064.0 1359102.0 1378627.0
0 1.0 356.52202106281356 -71.16698002635466 -0.9271711910937753 -0.1827420460965272 -0.0681824037446394 0.04738340909580808 -0.01774391096588048 0.002442341204148033 156531.0 470952.0 967435.0 1578939.0 2223522.0 2835928.0 3376102.0 3825746.0 4181542.0000000005 4448995.0 4637976.0 4759895.0 4826068.0 4846885.0 4831461.0 4787560.0
1 1.0 78.08291438345061 -27.274321973970522 -0.9271711910937753 -0.1827420460965272 -0.0681824037446394 0.04738340909580808 -0.01774391096588048 0.002442341204148033 210402.0 611865.0 1225289.0 1960408.0 2716931.0 3419969.0 4026834.0 4520708.0 4901613.0 5178870.0 5365948.0 5477335.0 5526852.0 5526852.0 5487951.0 5419040.0
2 1.0 238.70815311603627 43.21755461118286 -0.9271711910937753 -0.1827420460965272 -0.0681824037446394 0.04738340909580808 -0.01774391096588048 0.002442341204148033 211560.0 592795.0 1160576.0 1830438.0 2513251.0 3144208.0 3687185.0 4128530.9999999995 4469003.0 4717228.0 4885278.0 4986013.0 5031654.0 5033111.0 4999761.0 4939465.0
3 1.0 94.79605562537424 32.49260660570866 -0.9271711910937753 -0.1827420460965272 -0.0681824037446394 0.04738340909580808 -0.01774391096588048 0.002442341204148033 218494.0 637525.0 1278841.0 2047483.0000000002 2837754.0 3570851.0 4202076.0 4714086.0 5107273.0 5391761.0 5581949.0 5693224.0 5740197.0 5735880.0 5691416.0 5616109.0
4 1.0 7.434359807662325 22.02919714188087 -0.9271711910937753 -0.1827420460965272 -0.0681824037446394 0.04738340909580808 -0.01774391096588048 0.002442341204148033 12778.0 38191.0 79622.0 133243.0 193270.0 254269.00000000003 312161.0 364357.0 409517.0 447210.0 477598.0 501201.0 518719.00000000006 530918.0 538563.0 542374.0
5 1.0 273.01631538101094 37.895112490022214 -0.9271711910937753 -0.1827420460965272 -0.0681824037446394 0.04738340909580808 -0.01774391096588048 0.002442341204148033 212044.0 620141.0 1246432.0 1999019.0 2774747.0 3496189.0 4119035.0 4625736.0 5016206.0 5300018.0 5491059.0 5604281.0 5653945.0 5652796.0 5611777.0 5540044.0
6 1.0 115.20617429608842 -53.113736347253685 -0.9271711910937753 -0.1827420460965272 -0.0681824037446394 0.04738340909580808 -0.01774391096588048 0.002442341204148033 138914.0 422619.0 875752.0 1439459.0 2039086.9999999998 2613743.0 3125041.0 3554578.0 3898017.0 4159498.0 4347516.0 4472249.0 4543981.0 4572272.0 4565594.0 4531218.0
7 1.0 138.04700190188328 -28.494339324348218 -0.9271711910937753 -0.1827420460965272 -0.0681824037446394 0.04738340909580808 -0.01774391096588048 0.002442341204148033 38347.0 125986.99999999999 278461.0 483509.0 718047.0 959006.0 1188663.0 1395731.0 1574412.0 1722877.0 1841860.0 1933572.0 2000945.0000000002 2047146.9999999998 2075289.0000000002 2088267.0
8 1.0 211.79416087929806 31.723646809943318 -0.9271711910937753 -0.1827420460965272 -0.0681824037446394 0.04738340909580808 -0.01774391096588048 0.002442341204148033 103287.0 283750.0 553304.0 875859.0 1211594.0 1529924.0 1812278.0 2050097.0 2241674.0 2389381.0 2497673.0 2571810.0 2617101.0 2638504.0 2640443.0 2626750.0
9 1.0 299.17744388502854 68.26225734563889 -0.9271711910937753 -0.1827420460965272 -0.0681824037446394 0.04738340909580808 -0.01774391096588048 0.002442341204148033 191932.0 558783.0 1121544.0 1799225.0 2500407.0 3155863.0 3725345.0 4192259.0 4555635.0 4823296.0 5007123.0 5120143.0 5174928.0 5182808.0 5153592.0 5095541.0
10 1.0 226.43346369281355 7.86204968905713 -0.9271711910937753 -0.1827420460965272 -0.0681824037446394 0.04738340909580808 -0.01774391096588048 0.002442341204148033 127561.00000000001 338739.0 645397.0 1004629.9999999999 1372134.0 1715333.0 2015388.9999999998 2264421.0 2461795.0 2611030.0 2717640.0 2787781.0 2827485.0 2842274.0 2836995.0 2815789.0
11 1.0 314.1542359610623 -39.11406282980341 -0.9271711910937753 -0.1827420460965272 -0.0681824037446394 0.04738340909580808 -0.01774391096588048 0.002442341204148033 88779.0 275946.0 583145.0 975553.0 1403897.0 1825098.0 2209860.0 2542273.0 2816503.0 3033241.0 3196875.0 3313542.0 3389907.0 3432455.0 3447132.0 3439185.0
12 1.0 98.47513253362888 -84.55765355892314 -0.9271711910937753 -0.1827420460965272 -0.0681824037446394 0.04738340909580808 -0.01774391096588048 0.002442341204148033 176079.0 531044.0 1090654.0 1777351.0 2497519.0 3177547.0 3773081.0 4264639.0 4649612.0 4935135.0 5133017.0 5256557.0 5318759.0 5331436.0 5304863.0 5247726.0
13 1.0 287.29686020852296 37.8606292153584 -0.9271711910937753 -0.1827420460965272 -0.0681824037446394 0.04738340909580808 -0.01774391096588048 0.002442341204148033 169834.0 502577.99999999994 1020979.0000000001 1653284.0 2314844.0 2939596.0 3487769.0 3941790.0 4299144.0 4566055.0 4752986.0 4871805.0 4934182.0 4950767.0 4930871.0 4882397.0
14 1.0 66.8289399501428 -88.58086136848073 -0.9271711910937753 -0.1827420460965272 -0.0681824037446394 0.04738340909580808 -0.01774391096588048 0.002442341204148033 177754.0 535924.0 1100326.0 1792565.0 2518178.0 3202979.0 3802348.0 4296751.0 4683655.0 4970325.0 5168717.0 5292266.0 5354098.0 5366126.0 5338705.0 5280583.0
15 1.0 343.0049965099 -22.9177674322208 -0.9271711910937753 -0.1827420460965272 -0.0681824037446394 0.04738340909580808 -0.01774391096588048 0.002442341204148033 11658.0 40883.0 95130.0 172189.0 264637.0 363794.0 462208.0 554553.0 637584.0 709714.0 770528.0 820366.0 860008.0 890453.0 912780.0 928059.0
16 1.0 247.4957794996135 5.496698621300723 -0.9271711910937753 -0.1827420460965272 -0.0681824037446394 0.04738340909580808 -0.01774391096588048 0.002442341204148033 219059.0 601693.0 1163634.0 1820691.0 2486477.0 3099182.0 3624887.0 4051186.9999999995 4379340.0 4617994.0 4778983.0 4874826.0 4917375.0 4917194.0 4883360.0 4823477.0
17 1.0 77.58276376088104 75.98006311809476 -0.9271711910937753 -0.1827420460965272 -0.0681824037446394 0.04738340909580808 -0.01774391096588048 0.002442341204148033 221287.0 639195.0 1274031.0 2031248.0000000002 2807347.0 3525862.0 4143776.0 4644649.0 5029178.0 5307412.0 5493485.0 5602443.0 5648548.0 5644496.0 5601158.0 5527612.0
18 1.0 341.0534125760127 -73.89098189407798 -0.9271711910937753 -0.1827420460965272 -0.0681824037446394 0.04738340909580808 -0.01774391096588048 0.002442341204148033 163935.0 494341.0 1016213.0 1658435.0 2334349.0 2975217.0 3539107.0 4007109.0 4376084.0 4652121.0 4845827.0 4969352.0 5034689.0 5052811.0 5033314.0 4984353.0
19 1.0 263.1080904372568 -16.930382045708924 -0.9271711910937753 -0.1827420460965272 -0.0681824037446394 0.04738340909580808 -0.01774391096588048 0.002442341204148033 222641.0 642697.0 1280075.0 2039536.0 2817227.0 3536640.0 4154867.9999999995 4655627.0 5039758.0 5317425.0 5502842.0 5611112.0 5656534.0 5651824.0 5607866.0 5533745.0
20 1.0 91.4189913342093 -85.6236240521716 -0.9271711910937753 -0.1827420460965272 -0.0681824037446394 0.04738340909580808 -0.01774391096588048 0.002442341204148033 176750.0 533049.0 1094687.0 1783754.0 2506261.0 3188342.0 3785521.0 4278293.0 4664081.0 4950078.0 5148156.0 5271676.0 5333695.0 5346071.0 5319112.0 5261533.0
21 1.0 76.79231185229351 -28.33002281851374 -0.9271711910937753 -0.1827420460965272 -0.0681824037446394 0.04738340909580808 -0.01774391096588048 0.002442341204148033 209379.0 607975.0 1216501.0 1945489.0 2695664.0 3392919.0 3994987.0 4485193.0 4863518.0 5139154.0 5325403.0 5436592.0 5486392.0 5487034.0 5449034.0 5381201.0
22 1.0 186.55225701503878 22.00159059116308 -0.9271711910937753 -0.1827420460965272 -0.0681824037446394 0.04738340909580808 -0.01774391096588048 0.002442341204148033 21082.0 63034.99999999999 131307.0 219225.0 316933.0 415418.0 508148.99999999994 591187.0 662658.0 722116.0 770003.0 807255.0 835036.0 854572.0 867054.0 873586.0
23 1.0 9.238578499631366 -39.767769318852295 -0.9271711910937753 -0.1827420460965272 -0.0681824037446394 0.04738340909580808 -0.01774391096588048 0.002442341204148033 54666.0 166145.0 347722.0 579932.0 835026.0 1088317.0 1322524.0 1527784.0 1699972.0 1838807.0 1946296.0 2025618.0000000002 2080404.9999999998 2114303.0 2130733.0 2132774.0
24 1.0 74.68922715879938 -52.245009061985684 -0.9271711910937753 -0.1827420460965272 -0.0681824037446394 0.04738340909580808 -0.01774391096588048 0.002442341204148033 190057.0 564975.0 1148586.0 1857758.0 2595610.0 3287605.0 3889861.0 4383929.0 4768310.0 5051105.0 5244884.0 5363510.0 5420387.0 5427602.0 5395612.0 5333219.0
25 1.0 152.88676875054225 -69.17341800112314 -0.9271711910937753 -0.1827420460965272 -0.0681824037446394 0.04738340909580808 -0.01774391096588048 0.002442341204148033 131908.0 397918.0 820778.0 1345790.0 1904112.0 2439635.0 2916887.0 3318723.0 3640935.0 3887157.0 4065089.9999999995 4184043.0 4253470.0 4282201.0 4278082.0 4247872.0
26 1.0 134.7011929203212 13.88524392366152 -0.9271711910937753 -0.1827420460965272 -0.0681824037446394 0.04738340909580808 -0.01774391096588048 0.002442341204148033 44899.0 144830.0 316060.0 543695.0 801637.0 1064452.0 1312974.0 1535273.0 1725474.0 1882016.0 2006073.0000000002 2100357.0 2168289.0 2213481.0 2239426.0 2249335.0
27 1.0 166.88715277133184 35.14860106284348 -0.9271711910937753 -0.1827420460965272 -0.0681824037446394 0.04738340909580808 -0.01774391096588048 0.002442341204148033 44321.0 134813.0 282902.0 473461.0 684247.0 895062.0 1091450.0 1264891.0 1411574.0 1530916.0 1624309.0 1694199.0 1743476.0 1775099.0 1791879.0 1796368.0
28 1.0 99.94633426610349 30.95228530724802 -0.9271711910937753 -0.1827420460965272 -0.0681824037446394 0.04738340909580808 -0.01774391096588048 0.002442341204148033 204184.0 600081.0 1210470.0 1946765.0 2708250.0 3418650.0 4033839.0000000005 4535926.0 4924274.0 5207886.0 5400133.0 5515549.0 5568064.0 5570173.0 5532636.0 5464478.0
29 1.0 211.24236472494076 80.79498372969132 -0.9271711910937753 -0.1827420460965272 -0.0681824037446394 0.04738340909580808 -0.01774391096588048 0.002442341204148033 219752.0 637467.0 1274135.0 2035273.9999999998 2816634.0 3540836.0 4164144.0000000005 4669691.0 5057990.0 5339072.0 5527144.0 5637369.0 5684136.0 5680261.0 5636725.0 5562697.0
0 1.0 310.9880181323633 -89.51342149916951 -0.9271711910937753 -0.1827420460965272 -0.0681824037446394 0.04738340909580808 -0.01774391096588048 0.002442341204148033 178341.0 537530.0 1103401.0 1797330.0 2524628.0 3210963.0 3811635.0 4307086.0 4694789.0 4982036.0 5180811.0 5304584.0 5366507.0 5378522.0 5351005.0 5292725.0
1 1.0 42.31146814633191 26.49539770092649 -0.9271711910937753 -0.1827420460965272 -0.0681824037446394 0.04738340909580808 -0.01774391096588048 0.002442341204148033 116104.0 310564.0 594899.0 929883.0 1274284.0 1597384.0 1881136.0 2117740.0 2306251.0 2449706.0 2553094.0 2622071.0 2662229.0 2678714.0 2676064.0 2658172.0
2 1.0 186.2564785754811 18.070602677575124 -0.9271711910937753 -0.1827420460965272 -0.0681824037446394 0.04738340909580808 -0.01774391096588048 0.002442341204148033 14738.0 44888.0 94794.0 159951.0 233155.0 307534.0 377948.0 441202.0 495721.0 541081.0 577591.0 605971.0 627131.0 642034.0 651614.0 656733.0
3 1.0 47.54451828425519 15.973129794651868 -0.9271711910937753 -0.1827420460965272 -0.0681824037446394 0.04738340909580808 -0.01774391096588048 0.002442341204148033 130025.0 345522.0 658502.0 1025083.0 1399977.0 1749929.0 2055743.9999999998 2309428.0 2510381.0 2662229.0 2770616.0 2841836.0 2882046.0 2896877.0 2891268.0 2869442.0
4 1.0 258.06948522933374 83.29865757124364 -0.9271711910937753 -0.1827420460965272 -0.0681824037446394 0.04738340909580808 -0.01774391096588048 0.002442341204148033 219893.0 638620.0 1277351.0 2041324.0 2825799.0 3552973.0 4178846.0 4686439.0 5076252.0 5358364.0 5547050.0 5657550.0 5704325.0 5700253.0 5656367.0 5581877.0
5 1.0 142.58149301062573 -86.96309879339286 -0.9271711910937753 -0.1827420460965272 -0.0681824037446394 0.04738340909580808 -0.01774391096588048 0.002442341204148033 175311.0 528192.0 1084204.0 1766351.0 2481785.0 3157496.0 3749470.0 4238336.0 4621453.0 4905852.0 5103210.0 5226696.0 5289198.0 5302435.0 5276603.0 5220328.0
6 1.0 203.55167226906323 35.36683752626102 -0.9271711910937753 -0.1827420460965272 -0.0681824037446394 0.04738340909580808 -0.01774391096588048 0.002442341204148033 88122.0 246083.0 485561.0 775570.0 1080516.0 1372316.0 1633409.0 1855271.0 2035707.0 2176386.0 2281019.0 2354174.0 2400558.0 2424627.0 2430396.0 2421371.0
7 1.0 65.9807410370683 56.462156946335426 -0.9271711910937753 -0.1827420460965272 -0.0681824037446394 0.04738340909580808 -0.01774391096588048 0.002442341204148033 216262.0 611474.0 1203291.0 1903443.0 2617964.0 3278319.0 3846276.0 4307390.0 4662474.0 4920655.0 5094693.0 5198165.0 5243958.0 5243564.0 5206849.0 5142075.0
8 1.0 52.1451933636158 1.7652953918851466 -0.9271711910937753 -0.1827420460965272 -0.0681824037446394 0.04738340909580808 -0.01774391096588048 0.002442341204148033 147125.0 393479.0 752243.0 1172584.0 1602024.0 2002179.0 2351063.0 2639665.0 2867483.0 3038834.0 3160316.0 3239228.0 3282688.0 3297186.0 3288407.0 3261205.0
9 1.0 175.70026103362363 -29.886323472574354 -0.9271711910937753 -0.1827420460965272 -0.0681824037446394 0.04738340909580808 -0.01774391096588048 0.002442341204148033 10803.0 36517.0 82868.0 147403.0 223776.0 304919.0 384897.0 459512.0 526226.0 583816.0 631996.0 671083.0 701749.0 724849.0 741299.0 752007.0
10 1.0 128.020585625984 52.35122938093289 -0.9271711910937753 -0.1827420460965272 -0.0681824037446394 0.04738340909580808 -0.01774391096588048 0.002442341204148033 164552.0 483780.0 979126.0 1582040.0 2212280.0 2807415.0 3329920.0 3763226.0 4104960.0 4360981.0 4541145.0 4656638.0 4718461.0 4736668.0 4720053.0 4676091.0
11 1.0 338.5555002910127 -72.49627338616357 -0.9271711910937753 -0.1827420460965272 -0.0681824037446394 0.04738340909580808 -0.01774391096588048 0.002442341204148033 161097.0 485910.0 999298.0 1631602.0 2297687.0 2929869.0 3486731.0 3949481.0 4314867.0 4588748.0 4781474.0 4904945.0 4970934.0 4990230.0 4972280.0 4925119.0
12 1.0 275.5170913705075 -10.43358520861345 -0.9271711910937753 -0.1827420460965272 -0.0681824037446394 0.04738340909580808 -0.01774391096588048 0.002442341204148033 198109.0 587697.0 1192723.0 1926200.0 2687494.0 3399636.0 4017667.9999999995 4523027.0 4914631.0 5201232.0 5396086.0 5513696.0 5568008.0 5571558.0 5535154.0 5467868.0
13 1.0 269.51890314619703 3.5914274227508827 -0.9271711910937753 -0.1827420460965272 -0.0681824037446394 0.04738340909580808 -0.01774391096588048 0.002442341204148033 219500.0 641080.0 1286359.0 2059508.9999999998 2854005.0 3590556.0 4224300.0 4737931.0 5131978.0 5416726.0 5606725.0 5717493.0 5763742.0 5758564.0 5713160.0 5636877.0
14 1.0 325.33910630853603 34.91215396821855 -0.9271711910937753 -0.1827420460965272 -0.0681824037446394 0.04738340909580808 -0.01774391096588048 0.002442341204148033 45412.0 141966.0 303241.0 513611.00000000006 748518.0 985110.0 1206798.0 1403679.0 1571205.0 1708517.0 1817009.0 1899289.0 1958486.0 1997819.0 2020362.0 2028914.0
15 1.0 30.032076759126678 -73.6405682341663 -0.9271711910937753 -0.1827420460965272 -0.0681824037446394 0.04738340909580808 -0.01774391096588048 0.002442341204148033 171150.0 513754.00000000006 1052489.0 1712974.0 2405792.0 3060644.0 3635078.0 4110309.0 4483640.0 4761700.0 4955622.0 5078015.0 5141249.0 5156596.0 5133881.0 5081433.0
16 1.0 198.78928917206636 -49.00328972318503 -0.9271711910937753 -0.1827420460965272 -0.0681824037446394 0.04738340909580808 -0.01774391096588048 0.002442341204148033 73812.0 218794.0 449362.0 738434.0 1050555.0 1355614.0 1633456.0 1873272.0 2071208.0 2227891.0 2346489.0 2431377.0 2487293.0 2518853.0 2530295.0 2525369.0
17 1.0 210.4113848240768 -16.14571871577739 -0.9271711910937753 -0.1827420460965272 -0.0681824037446394 0.04738340909580808 -0.01774391096588048 0.002442341204148033 50125.0 135661.0 263287.0 416984.0 578620.0 733794.0 873341.0 992663.0 1090433.0 1167364.0 1225287.0 1266527.0 1293518.0 1308587.0 1313843.0 1311142.0
18 1.0 346.2970962770024 22.193041143623518 -0.9271711910937753 -0.1827420460965272 -0.0681824037446394 0.04738340909580808 -0.01774391096588048 0.002442341204148033 6238.0 21846.0 50969.0 92754.0 143557.0 198888.0 254699.0 307919.0 356525.0 399385.0 436043.0 466511.0 491101.0 510297.0 524667.0 534803.0
19 1.0 105.17310964531758 69.65294061913514 -0.9271711910937753 -0.1827420460965272 -0.0681824037446394 0.04738340909580808 -0.01774391096588048 0.002442341204148033 220007.0 639493.0 1279761.0 2045850.0000000002 2832676.0 3562128.0 4190006.9999999995 4699239.0 5090305.0 5373306.0 5562564.0 5673371.0 5720238.0 5716091.0 5672002.0 5597213.0
20 1.0 86.69836076956085 21.388710283447764 -0.9271711910937753 -0.1827420460965272 -0.0681824037446394 0.04738340909580808 -0.01774391096588048 0.002442341204148033 231955.0 668429.0 1329109.0 2114307.0 2916167.0 3655790.0 4289370.0 4800708.0 5191227.0 5471851.0 5657553.0 5764107.0 5806371.0 5797506.0 5748741.0 5669420.0
21 1.0 36.10581921557922 -65.9769352317118 -0.9271711910937753 -0.1827420460965272 -0.0681824037446394 0.04738340909580808 -0.01774391096588048 0.002442341204148033 163449.0 487210.0 994453.0 1615582.0 2267329.0 2884188.0 3426434.0 3876291.0 4230959.0 4496379.0 4682764.0 4801773.0 4864900.0 4882661.0 4864256.0 4817502.0
22 1.0 5.9146666529307135 86.50442390171082 -0.9271711910937753 -0.1827420460965272 -0.0681824037446394 0.04738340909580808 -0.01774391096588048 0.002442341204148033 216386.0 626741.0 1251739.0 1998848.0 2766051.0 3477587.0 4090557.9999999995 4588328.0 4971271.0 5249098.0 5435637.0 5545684.0 5593304.0 5591041.0 5549656.0 5478144.0
23 1.0 334.6305540451886 66.92143225598872 -0.9271711910937753 -0.1827420460965272 -0.0681824037446394 0.04738340909580808 -0.01774391096588048 0.002442341204148033 155945.0 451257.0 904954.0 1454289.0 2027191.9999999998 2567970.0 3043216.0 3438148.0 3750594.0 3985712.0 4152242.0 4260145.0 4319250.0 4338571.0 4326016.0 4288332.0
24 1.0 241.16995677272763 0.4897370061583217 -0.9271711910937753 -0.1827420460965272 -0.0681824037446394 0.04738340909580808 -0.01774391096588048 0.002442341204148033 193581.0 523910.0 1005940.0 1568830.0 2140139.0 2667764.0 3122742.0 3494091.0 3782365.0 3994463.0 4140100.9999999995 4229689.0 4273167.0 4279455.0 4256258.0 4210068.0
25 1.0 282.6550483283296 76.02263672339393 -0.9271711910937753 -0.1827420460965272 -0.0681824037446394 0.04738340909580808 -0.01774391096588048 0.002442341204148033 213158.0 619556.0 1240366.0 1984110.0 2749168.0 3459710.0 4072572.0 4570829.0 4954617.0 5233475.0 5421120.0 5532276.0 5580969.0 5579721.0 5539283.0 5468650.0
26 1.0 101.42283807142167 7.448542876284435 -0.9271711910937753 -0.1827420460965272 -0.0681824037446394 0.04738340909580808 -0.01774391096588048 0.002442341204148033 180274.0 537498.0 1096035.0 1777807.0 2490364.0 3161704.0 3748778.0 4232905.0 4611834.0 4892765.0 5087400.0 5208858.0 5269937.0 5282253.0 5255910.0 5199445.0
27 1.0 211.1076598270776 76.19509222004936 -0.9271711910937753 -0.1827420460965272 -0.0681824037446394 0.04738340909580808 -0.01774391096588048 0.002442341204148033 215980.0 624867.0 1247166.0 1990743.0 2754173.0 3462186.0 4072177.0 4567626.0 4948906.0 5225663.0 5411633.0 5521515.0 5569283.0 5567403.0 5526571.0 5455733.0
28 1.0 23.023895803553206 59.38152634860177 -0.9271711910937753 -0.1827420460965272 -0.0681824037446394 0.04738340909580808 -0.01774391096588048 0.002442341204148033 143510.0 404914.0 800213.0 1274778.0 1767679.0 2232360.0 2641028.0 2981401.0 3251672.0 3456138.0 3602096.0 3697889.0 3751780.0 3771373.0 3763367.0 3733497.0
29 1.0 174.82593453646425 84.29155385297352 -0.9271711910937753 -0.1827420460965272 -0.0681824037446394 0.04738340909580808 -0.01774391096588048 0.002442341204148033 220846.0 641151.0 1282068.0 2048428.0 2835148.0 3564218.0 4191563.9999999995 4700210.0 5090706.0 5373190.0 5562003.0 5672441.0 5719012.0 5714636.0 5670374.0 5595462.0
0 1.0 351.89825030800085 75.5609059400685 -0.9271711910937753 -0.1827420460965272 -0.0681824037446394 0.04738340909580808 -0.01774391096588048 0.002442341204148033 187254.0 539477.0 1076153.0 1720042.0 2385062.0 3006334.0 3546218.0 3989211.0 4334419.0 4589188.0 4764675.0 4873129.0 4926385.0 4935125.0 4908606.0 4854637.0
1 1.0 315.54188831397266 -83.5139128628575 -0.9271711910937753 -0.1827420460965272 -0.0681824037446394 0.04738340909580808 -0.01774391096588048 0.002442341204148033 178238.0 537603.0 1103989.0 1798669.0 2526765.0 3213785.0 3814943.0 4310661.0 4698429.0 4985577.0 5184129.0 5307595.0 5369159.0 5380786.0 5352875.0 5294204.0
2 1.0 121.73722266126443 -58.54103925103081 -0.9271711910937753 -0.1827420460965272 -0.0681824037446394 0.04738340909580808 -0.01774391096588048 0.002442341204148033 135476.0 411834.0 853282.0 1402753.0 1987685.0 2548753.0 3048451.0 3468705.0 3805158.0 4061746.0000000005 4246679.0 4369831.0 4441199.0 4470093.0 4464764.0 4432302.0
3 1.0 346.16525563493946 -19.95575812178656 -0.9271711910937753 -0.1827420460965272 -0.0681824037446394 0.04738340909580808 -0.01774391096588048 0.002442341204148033 7641.0 27561.0 65565.0 120816.0 188407.0 262079.0 336151.0 406359.0 469968.0 525535.0 572573.0 611233.0 642053.0 665779.0 683237.0 695259.0
4 1.0 83.41258552963363 81.38568551317573 -0.9271711910937753 -0.1827420460965272 -0.0681824037446394 0.04738340909580808 -0.01774391096588048 0.002442341204148033 221458.0 641264.0 1280136.0 2043030.0 2825485.0 3550163.0 4173473.9999999995 4678710.0 5066512.0 5347006.0 5534460.0 5644072.0 5690255.0 5685835.0 5641796.0 5567307.0
5 1.0 341.75477606964535 -35.99479449433267 -0.9271711910937753 -0.1827420460965272 -0.0681824037446394 0.04738340909580808 -0.01774391096588048 0.002442341204148033 36926.0 118942.0 259460.00000000003 446330.0 658175.0 874129.0 1078464.0 1261400.0 1418135.0 1547403.0 1650178.0 1728678.0 1785696.0 1824168.0 1846932.0 1856591.0
6 1.0 338.8959736943395 -61.11582410023181 -0.9271711910937753 -0.1827420460965272 -0.0681824037446394 0.04738340909580808 -0.01774391096588048 0.002442341204148033 125911.0 381299.0 788913.0 1296781.0 1838596.0 2359850.0 2825763.0 3219258.0 3535852.0 3778763.0 3955249.0 4074207.0000000005 4144739.9999999995 4175385.0000000005 4173755.0 4146426.0
7 1.0 287.71293144686103 69.53483989558077 -0.9271711910937753 -0.1827420460965272 -0.0681824037446394 0.04738340909580808 -0.01774391096588048 0.002442341204148033 205021.0 596876.0 1196861.0 1917404.0 2660481.0 3352459.0 3951042.0 4439283.0 4816829.0 5092559.0 5279517.0 5391827.0 5443012.0 5445195.0 5408813.0 5342624.0
8 1.0 226.9612572720448 -9.649005213023472 -0.9271711910937753 -0.1827420460965272 -0.0681824037446394 0.04738340909580808 -0.01774391096588048 0.002442341204148033 118885.0 317373.0 607261.0 948554.0 1299276.0 1628160.0 1916831.0 2157341.0 2348732.0 2494108.0 2598572.0 2667917.0 2707870.0 2723705.0 2720072.0 2700959.0
9 1.0 314.7436679849809 73.41760698377868 -0.9271711910937753 -0.1827420460965272 -0.0681824037446394 0.04738340909580808 -0.01774391096588048 0.002442341204148033 191193.0 554534.0 1110462.0 1778858.0 2469765.0 3115240.0 3675871.0 4135471.0 4493173.0 4756717.0 4937808.0 5049266.0 5103450.0 5111498.0 5083047.0 5026215.0
10 1.0 105.48730242280682 -61.15851606237421 -0.9271711910937753 -0.1827420460965272 -0.0681824037446394 0.04738340909580808 -0.01774391096588048 0.002442341204148033 162910.0 492880.0 1015441.0 1659708.0 2338676.0 2983056.0 3550424.0 4021535.0 4393079.0 4671092.0 4866205.0 4990635.0 5056454.0 5074718.0 5055101.0 5005822.0
11 1.0 305.61967991265055 29.00115207145791 -0.9271711910937753 -0.1827420460965272 -0.0681824037446394 0.04738340909580808 -0.01774391096588048 0.002442341204148033 87130.0 266751.0 558605.0 929191.0 1332325.0 1728033.0 2089290.9999999998 2401497.0 2659350.0 2863546.0 3018179.0 3128946.0 3202028.0 3243438.0 3258695.0 3252674.0
12 1.0 222.43560909030856 -10.75252449069147 -0.9271711910937753 -0.1827420460965272 -0.0681824037446394 0.04738340909580808 -0.01774391096588048 0.002442341204148033 97107.0 258919.0 495729.0 775600.0 1064691.0 1337488.0 1578693.0 1781366.0 1944252.0 2069477.0 2160893.0 2223022.0 2260421.0 2277350.0 2277614.0 2264512.0
13 1.0 4.765268793203816 -76.23238157454863 -0.9271711910937753 -0.1827420460965272 -0.0681824037446394 0.04738340909580808 -0.01774391096588048 0.002442341204148033 169059.0 508928.00000000006 1044627.0 1702536.0 2393586.0 3047494.0 3621655.0 4097089.9999999995 4470927.0 4749658.0 4944322.0 5067467.0 5131426.0 5147449.0 5125354.0 5073467.0
14 1.0 125.00406645559904 35.363366037450106 -0.9271711910937753 -0.1827420460965272 -0.0681824037446394 0.04738340909580808 -0.01774391096588048 0.002442341204148033 124713.0 373872.0 769086.0 1259901.0 1782712.0 2285422.0 2734825.0 3114617.0 3420521.0 3655620.0 3826866.0 3942786.0 4012105.0 4043014.0000000005 4042817.0000000005 4017825.0
15 1.0 53.330709941339414 -45.46822400295233 -0.9271711910937753 -0.1827420460965272 -0.0681824037446394 0.04738340909580808 -0.01774391096588048 0.002442341204148033 166155.0 481520.0 965856.0 1551491.0 2160985.0 2734763.0 3237359.0 3653358.0 3980845.0 4225696.0 4397534.0 4507201.0 4565324.0 4581596.0 4564482.0 4521173.0
16 1.0 353.45858033457114 -82.86920593568681 -0.9271711910937753 -0.1827420460965272 -0.0681824037446394 0.04738340909580808 -0.01774391096588048 0.002442341204148033 177227.0 534552.0 1097834.0 1788907.0 2513480.0 3197454.0 3796229.0 4290251.0 4676953.0 4963564.0 5162002.0 5285677.0 5347686.0 5359927.0 5332740.0 5274864.0
17 1.0 172.2133105343957 -79.21002631507682 -0.9271711910937753 -0.1827420460965272 -0.0681824037446394 0.04738340909580808 -0.01774391096588048 0.002442341204148033 159885.0 480164.0 984936.0 1605622.0 2258900.0 2878682.0 3424583.0 3878309.0 4236718.0 4505561.0 4694961.0 4816554.0 4881849.0 4901394.0 4884427.0 4838807.0
18 1.0 179.06089157951857 -79.00586332797828 -0.9271711910937753 -0.1827420460965272 -0.0681824037446394 0.04738340909580808 -0.01774391096588048 0.002442341204148033 159724.0 479296.0 982687.0 1601485.0 2252667.0 2870409.0 3414498.0 3866717.0 4223945.0 4491914.0 4680711.0 4801932.0 4867044.0 4886558.0 4869681.0 4824244.0
19 1.0 230.2101059035405 73.39193234730709 -0.9271711910937753 -0.1827420460965272 -0.0681824037446394 0.04738340909580808 -0.01774391096588048 0.002442341204148033 219437.0 634508.0 1265676.0 2019161.0 2792019.0 3508040.0 4124240.0000000005 4624095.0 5008170.0 5286384.0 5472751.0 5582222.0 5628984.0 5625677.0 5583131.0 5510394.0
20 1.0 132.6904582066623 43.17910520923817 -0.9271711910937753 -0.1827420460965272 -0.0681824037446394 0.04738340909580808 -0.01774391096588048 0.002442341204148033 124817.0 371504.0 760668.0 1242214.0 1753914.0 2245166.0 2683893.0 3054440.0 3352784.0 3581999.0 3748882.0 3861741.0 3929076.0 3958863.0 3958225.0 3933321.0
21 1.0 49.284097806815616 71.6512242984723 -0.9271711910937753 -0.1827420460965272 -0.0681824037446394 0.04738340909580808 -0.01774391096588048 0.002442341204148033 206370.0 589954.0 1169583.0 1859901.0 2568045.0 3225306.0 3792720.0 4255035.0 4612377.0 4873372.0 5050435.0 5156933.0 5205628.0 5207950.0 5173738.0 5111253.0
22 1.0 295.9623839499284 31.064816033373845 -0.9271711910937753 -0.1827420460965272 -0.0681824037446394 0.04738340909580808 -0.01774391096588048 0.002442341204148033 128403.99999999999 385662.0 793980.0 1300983.0 1840689.0 2359164.0 2822157.0 3212971.0 3527352.0 3768624.0 3944064.0 4062534.9999999995 4133073.9999999995 4164137.0 4163256.9999999995 4136929.0000000005
23 1.0 68.34524828499286 5.2091872255589635 -0.9271711910937753 -0.1827420460965272 -0.0681824037446394 0.04738340909580808 -0.01774391096588048 0.002442341204148033 217331.0 598051.0 1158080.0 1813700.0 2478674.0 3091135.0 3617025.0 4043794.0 4372579.0 4611940.0 4773653.0 4870199.0 4913408.0 4913834.0 4880547.0 4821153.0
24 1.0 184.07483371672416 -35.19965441747191 -0.9271711910937753 -0.1827420460965272 -0.0681824037446394 0.04738340909580808 -0.01774391096588048 0.002442341204148033 22573.0 70992.0 153013.0 261772.99999999997 385356.0 512061.0 632913.0 742150.0 836759.0 915733.0 979381.0 1028785.0000000001 1065421.0 1090904.0 1106841.0 1114738.0
25 1.0 80.75413043090613 89.63320523916121 -0.9271711910937753 -0.1827420460965272 -0.0681824037446394 0.04738340909580808 -0.01774391096588048 0.002442341204148033 219946.0 638113.0 1275510.0 2037529.9999999998 2819781.0 3544777.0 4168732.0000000005 4674764.0 5063397.0 5344681.0 5532848.0 5643083.0 5689797.0 5685823.0 5642153.0 5567968.0
26 1.0 35.22401441785226 -24.805969390909922 -0.9271711910937753 -0.1827420460965272 -0.0681824037446394 0.04738340909580808 -0.01774391096588048 0.002442341204148033 82229.0 231136.0 458612.0 735869.0 1028959.0 1310613.0 1563489.0 1778972.0 1954657.0 2091978.9999999998 2194436.0 2266408.0 2312440.0 2336847.0 2343521.0 2335860.0
27 1.0 310.388946271806 -5.28318914149628 -0.9271711910937753 -0.1827420460965272 -0.0681824037446394 0.04738340909580808 -0.01774391096588048 0.002442341204148033 46637.0 152077.0 334100.0 577127.0 853108.0 1134516.0 1400583.0 1638418.0 1841726.0 2008900.0000000002 2141278.0 2241836.0 2314290.0 2362535.0 2390321.0 2401078.0
28 1.0 350.2510160483269 -21.915868513776886 -0.9271711910937753 -0.1827420460965272 -0.0681824037446394 0.04738340909580808 -0.01774391096588048 0.002442341204148033 9264.0 32391.999999999996 75366.0 136626.0 210451.0 289971.0 369144.0 443543.0 510399.99999999994 568316.0 616887.0 656370.0 687412.0 710861.0 727642.0 738672.0
29 1.0 345.90047690268005 86.31484728038254 -0.9271711910937753 -0.1827420460965272 -0.0681824037446394 0.04738340909580808 -0.01774391096588048 0.002442341204148033 215739.0 625067.0 1248705.0 1994404.0 2760362.0 3470924.0 4083216.0 4580574.0 4963325.0 5241131.0 5427775.0 5538016.0 5585888.0 5583914.0 5542837.0 5471642.0
