idx D_km lam beta x1 y1 z1 x2 y2 z2 flux5 flux6 flux7 flux8 flux9 flux10 flux11 flux12 flux13 flux14 flux15 flux16 flux17 flux18 flux19 flux20
0 1.0 197.5728614138369 73.17998985981222 -0.19592930082703086 0.7569696552424271 0.23234422888256162 0.14193984190239373 -0.1133425197026764 -0.14480092700915553 9019.0 25393.0 49924.0 79030.0 108869.0 136603.0 160619.0 180279.0 195576.0 206857.0 214625.0 219429.0 221794.0 222190.0 221027.0 218648.0
1 1.0 257.468171894071 49.328519885754986 -0.19592930082703086 0.7569696552424271 0.23234422888256162 0.14193984190239373 -0.1133425197026764 -0.14480092700915553 19978.0 51932.0 95994.0 144658.0 191403.0 232226.0 265398.0 290710.0 308788.0 320624.0 327295.0 329819.0 329093.0 325873.0 320781.0 314316.0
2 1.0 216.99481538579178 -30.033872634844457 -0.19592930082703086 0.7569696552424271 0.23234422888256162 0.14193984190239373 -0.1133425197026764 -0.14480092700915553 19483.0 48698.0 87951.0 130662.0 171351.0 206743.0 235469.0 257411.99999999997 273136.0 283496.0 289411.0 291750.0 291275.0 288632.0 284351.0 278863.0
3 1.0 196.15794587888288 -75.40174980216058 -0.19592930082703086 0.7569696552424271 0.23234422888256162 0.14193984190239373 -0.1133425197026764 -0.14480092700915553 15170.0 39583.0 73663.0 111868.0 149182.0 182371.0 209905.0 231442.0 247331.0 258249.0 264978.0 268285.0 268861.0 267302.0 264105.0 259676.00000000003
4 1.0 152.5157277620057 -16.69658914551468 -0.19592930082703086 0.7569696552424271 0.23234422888256162 0.14193984190239373 -0.1133425197026764 -0.14480092700915553 11077.0 28613.0 53117.0 80777.0 108080.0 132692.0 153444.0 169998.0 182521.0 191433.0 197254.0 200507.0 201679.0 201195.0 199418.0 196647.0
5 1.0 232.5218807039962 -48.19785440923031 -0.19592930082703086 0.7569696552424271 0.23234422888256162 0.14193984190239373 -0.1133425197026764 -0.14480092700915553 11953.0 30197.0 55229.0 83100.0 110315.0 134623.0 154951.0 171039.0 183108.0 191610.0 197079.0 200044.0 200989.0 200333.0 198430.0 195574.0
6 1.0 157.5313960545693 -66.15222574356306 -0.19592930082703086 0.7569696552424271 0.23234422888256162 0.14193984190239373 -0.1133425197026764 -0.14480092700915553 20231.0 52464.0 96850.0 145828.0 192840.0 233868.0 267180.0 292576.0 310692.0 322531.0 329178.0 331660.0 330880.0 327598.0 322440.0 315907.0
7 1.0 321.03828028154874 -80.38310727837145 -0.19592930082703086 0.7569696552424271 0.23234422888256162 0.14193984190239373 -0.1133425197026764 -0.14480092700915553 8688.0 23540.0 45188.0 70436.0 96042.0 119686.0 140089.0 156767.0 169748.0 179337.0 185963.0 190087.0 192147.0 192538.0 191602.0 189626.0
8 1.0 346.91859378037054 40.60698555790418 -0.19592930082703086 0.7569696552424271 0.23234422888256162 0.14193984190239373 -0.1133425197026764 -0.14480092700915553 15214.0 41383.0 78989.0 121902.0 164276.0 202219.0 233820.0 258589.0 276876.0 289437.0 297167.0 300950.0 301587.0 299770.0 296073.0 290968.0
9 1.0 138.03894677727996 -87.94305744749441 -0.19592930082703086 0.7569696552424271 0.23234422888256162 0.14193984190239373 -0.1133425197026764 -0.14480092700915553 13644.0 36094.0 67857.0 103862.0 139374.0 171256.0 197956.0 219061.0 234835.0 245873.0 252888.99999999997 256595.00000000003 257641.0 256592.0 253921.0 250019.0
10 1.0 285.02101370975925 48.70453473049972 -0.19592930082703086 0.7569696552424271 0.23234422888256162 0.14193984190239373 -0.1133425197026764 -0.14480092700915553 17826.0 46335.0 85821.0 129701.00000000001 172159.0 209548.0 240225.0 263912.0 281098.0 292623.0 299424.0 302401.0 302354.0 299964.0 295797.0 290310.0
11 1.0 190.40217111104562 -63.549603827932486 -0.19592930082703086 0.7569696552424271 0.23234422888256162 0.14193984190239373 -0.1133425197026764 -0.14480092700915553 18124.0 46861.0 86487.0 130374.99999999999 172727.0 209937.0 240400.0 263869.0 280852.0 292200.0 298851.0 301706.0 301563.0 299101.0 294881.0 289358.0
12 1.0 204.49604199381562 -75.68602513438397 -0.19592930082703086 0.7569696552424271 0.23234422888256162 0.14193984190239373 -0.1133425197026764 -0.14480092700915553 14307.0 37371.0 69650.0 105944.0 141511.0 173263.0 199714.0 220503.0 235930.0 246617.0 253295.0 256683.0 257438.0 256124.00000000003 253218.0 249110.0
13 1.0 333.214789785358 -73.87145383705104 -0.19592930082703086 0.7569696552424271 0.23234422888256162 0.14193984190239373 -0.1133425197026764 -0.14480092700915553 6747.0 18671.0 36441.0 57563.0 79347.0 99778.0 117678.0 132544.0 144323.0 153222.0 159570.0 163736.0 166085.0 166946.0 166612.0 165330.0
14 1.0 25.5729809512393 30.968605323704594 -0.19592930082703086 0.7569696552424271 0.23234422888256162 0.14193984190239373 -0.1133425197026764 -0.14480092700915553 15980.000000000002 42738.0 80670.0 123541.0 165569.0 202985.0 233992.0 258176.00000000003 275932.0 288037.0 295392.0 298877.0 299286.0 297299.0 293484.0 288303.0
15 1.0 31.366547892554657 -45.83390222648794 -0.19592930082703086 0.7569696552424271 0.23234422888256162 0.14193984190239373 -0.1133425197026764 -0.14480092700915553 15536.0 41806.0 79286.0 121876.0 163824.0 201331.0 232543.0 256998.99999999997 275053.0 287455.0 295090.0 298830.0 299463.0 297670.0 294019.0 288974.0
16 1.0 7.278623078517259 -14.302895997582283 -0.19592930082703086 0.7569696552424271 0.23234422888256162 0.14193984190239373 -0.1133425197026764 -0.14480092700915553 10629.0 29617.0 57718.0 90692.0 124147.0 154935.0 181329.0 202701.0 219119.0 231027.0 239026.0 243751.0 245804.0 245718.0 243950.0 240884.0
17 1.0 299.74314439725765 10.326382438305046 -0.19592930082703086 0.7569696552424271 0.23234422888256162 0.14193984190239373 -0.1133425197026764 -0.14480092700915553 4636.0 12024.0 22573.0 34807.0 47250.0 58838.0 68961.0 77366.0 84037.0 89088.0 92703.0 95084.0 96433.0 96933.0 96748.0 96017.0
18 1.0 280.13643034194615 64.89921128918289 -0.19592930082703086 0.7569696552424271 0.23234422888256162 0.14193984190239373 -0.1133425197026764 -0.14480092700915553 17178.0 46248.0 87550.0 134189.0 179781.0 220196.0 253495.00000000003 279275.0 298012.0 310595.0 318034.0 321307.0 321290.0 318727.0 314235.0 308317.0
19 1.0 313.2043733688549 40.8679672880391 -0.19592930082703086 0.7569696552424271 0.23234422888256162 0.14193984190239373 -0.1133425197026764 -0.14480092700915553 14117.0 37373.0 70240.0 107432.0 144034.0 176808.0 204173.0 225726.0 241757.0 252898.0 259898.00000000003 263500.0 264377.0 263115.0 260203.00000000003 256044.0
20 1.0 352.30260320379506 -41.34097705703137 -0.19592930082703086 0.7569696552424271 0.23234422888256162 0.14193984190239373 -0.1133425197026764 -0.14480092700915553 3937.0000000000005 11776.0 24310.0 40058.0 57066.0 73672.0 88768.0 101770.0 112477.0 120934.0 127324.0 131891.0 134896.0 136592.0 137209.0 136950.0
21 1.0 287.6970831180205 -66.33309612759703 -0.19592930082703086 0.7569696552424271 0.23234422888256162 0.14193984190239373 -0.1133425197026764 -0.14480092700915553 4173.0 11567.0 22691.0 36075.0 50067.0 63380.00000000001 75227.0 85237.0 93330.0 99599.0 104227.0 107430.0 109430.0 110432.0 110620.0 110153.0
22 1.0 166.13257041105547 -80.03262232418437 -0.19592930082703086 0.7569696552424271 0.23234422888256162 0.14193984190239373 -0.1133425197026764 -0.14480092700915553 16049.999999999998 42027.0 78321.0 118980.0 158630.0 193823.0 222947.0 245660.0 262351.0 273756.0 280717.0 284055.0 284507.0 282708.0 279186.0 274372.0
23 1.0 280.99050346312396 -35.712245793430355 -0.19592930082703086 0.7569696552424271 0.23234422888256162 0.14193984190239373 -0.1133425197026764 -0.14480092700915553 1270.0 3416.0 6600.0 10424.0 14444.0 18306.0 21783.0 24759.0 27199.0 29117.0 30558.0 31578.000000000004 32238.000000000004 32597.0 32709.000000000004 32620.999999999996
24 1.0 42.57879331281596 -42.818733136857915 -0.19592930082703086 0.7569696552424271 0.23234422888256162 0.14193984190239373 -0.1133425197026764 -0.14480092700915553 19208.0 50701.0 94673.0 143660.0 191009.0 232556.0 266446.0 292398.0 311006.0 323255.0 330230.0 332964.0 332370.0 329220.0 324148.0 317667.0
25 1.0 230.3715676779086 -7.894697975913658 -0.19592930082703086 0.7569696552424271 0.23234422888256162 0.14193984190239373 -0.1133425197026764 -0.14480092700915553 20369.0 49406.0 87587.0 128550.0 167198.0 200578.0 227520.0 247998.0 262591.0 272131.0 277497.0 279511.0 278890.0 276241.0 272062.0 266755.0
26 1.0 51.607183467256704 32.990640398582485 -0.19592930082703086 0.7569696552424271 0.23234422888256162 0.14193984190239373 -0.1133425197026764 -0.14480092700915553 10689.0 27874.0 52099.0 79620.0 106920.0 131627.0 152529.0 169262.0 181972.0 191071.0 197072.0 200497.0 201831.0 201498.0 199861.0 197220.0
27 1.0 340.0808101378502 35.21258021499429 -0.19592930082703086 0.7569696552424271 0.23234422888256162 0.14193984190239373 -0.1133425197026764 -0.14480092700915553 13771.0 37380.0 71362.0 110274.0 148875.0 183633.0 212771.0 235793.0 252965.0 264936.0 272492.0 276418.0 277435.0 276165.0 273132.0 268768.0
28 1.0 187.8653958300258 -38.96660761521 -0.19592930082703086 0.7569696552424271 0.23234422888256162 0.14193984190239373 -0.1133425197026764 -0.14480092700915553 21328.0 54998.0 101098.0 151716.0 200083.0 242105.0 276063.0 301809.0 320041.0 331822.0 338287.0 340503.0 339403.0 335771.0 330246.0 323344.0
29 1.0 149.2782983965885 -21.61314793797831 -0.19592930082703086 0.7569696552424271 0.23234422888256162 0.14193984190239373 -0.1133425197026764 -0.14480092700915553 12462.0 31882.0 58750.0 88815.0 118258.0 144597.0 166631.0 184057.0 197103.0 206258.0 212104.0 215220.0 216135.0 215310.0 213136.0 209933.0
0 1.0 95.24002035766571 -57.39282688735745 -0.19592930082703086 0.7569696552424271 0.23234422888256162 0.14193984190239373 -0.1133425197026764 -0.14480092700915553 22607.0 57696.0 105272.0 157105.0 206308.0 248801.0 282939.0 308651.0 326708.0 338226.0 344379.0 346261.0 344822.0 340858.0 335015.0 327811.0
1 1.0 278.724128196318 51.93819221517336 -0.19592930082703086 0.7569696552424271 0.23234422888256162 0.14193984190239373 -0.1133425197026764 -0.14480092700915553 18559.0 48489.0 90023.0 136174.0 180771.0 219959.0 252017.0 276672.0 294464.0 306296.0 313167.0 316036.0 315749.0 313028.0 308467.0 302546.0
2 1.0 164.21411959795748 -79.76734624201674 -0.19592930082703086 0.7569696552424271 0.23234422888256162 0.14193984190239373 -0.1133425197026764 -0.14480092700915553 16202.000000000002 42416.0 79024.0 120012.0 159961.0 195398.0 224703.0 247538.0 264302.0 275738.0 282697.0 286010.0 286420.0 284566.0 280982.0 276100.0
3 1.0 204.63622159271347 35.459503510497726 -0.19592930082703086 0.7569696552424271 0.23234422888256162 0.14193984190239373 -0.1133425197026764 -0.14480092700915553 15024.0 40547.0 77083.0 118723.0 159851.0 196724.0 227498.0 251688.00000000003 269617.0 282004.0 289704.0 293566.0 294361.0 292754.0 289303.0 284465.0
4 1.0 6.764328157087851 50.1651712693986 -0.19592930082703086 0.7569696552424271 0.23234422888256162 0.14193984190239373 -0.1133425197026764 -0.14480092700915553 15238.0 41473.0 79185.0 122222.0 164715.0 202757.0 234432.0 259249.0 277562.0 290129.0 297852.0 301618.0 302231.0 300384.0 296656.0 291518.0
5 1.0 222.34877894731574 49.93336113277556 -0.19592930082703086 0.7569696552424271 0.23234422888256162 0.14193984190239373 -0.1133425197026764 -0.14480092700915553 16696.0 44921.0 85067.0 130490.0 175003.0 214573.0 247282.0 272706.0 291279.0 303844.0 311374.0 314813.0 315011.0 312694.0 308466.0 302816.0
6 1.0 220.3544601800717 -43.303938417836115 -0.19592930082703086 0.7569696552424271 0.23234422888256162 0.14193984190239373 -0.1133425197026764 -0.14480092700915553 16112.999999999998 40572.0 73791.0 110339.0 145552.0 176545.0 202028.0 221791.0 236231.0 246023.0 251919.99999999997 254651.00000000003 254863.99999999997 253114.99999999997 249868.0 245498.0
7 1.0 222.0962388749125 -22.713635172138936 -0.19592930082703086 0.7569696552424271 0.23234422888256162 0.14193984190239373 -0.1133425197026764 -0.14480092700915553 19638.0 48531.0 87042.0 128741.0 168341.0 202715.0 230575.0 251832.99999999997 267047.0 277051.0 282740.0 284957.0 284441.0 281820.0 277609.0 272224.0
8 1.0 339.7493082652647 15.76793433535002 -0.19592930082703086 0.7569696552424271 0.23234422888256162 0.14193984190239373 -0.1133425197026764 -0.14480092700915553 8744.0 24194.0 47032.0 73882.0 101229.0 126526.0 148353.0 166167.0 179992.0 190157.0 197133.0 201421.0 203500.0 203799.0 202688.0 200479.0
9 1.0 245.45530767725404 -40.892057563595934 -0.19592930082703086 0.7569696552424271 0.23234422888256162 0.14193984190239373 -0.1133425197026764 -0.14480092700915553 8782.0 21902.0 39846.0 59876.0 79551.0 97278.0 112265.0 124290.0 133470.0 140097.0 144527.0 147122.0 148218.0 148113.0 147060.0 145270.0
10 1.0 129.42284420656296 -23.246496140780025 -0.19592930082703086 0.7569696552424271 0.23234422888256162 0.14193984190239373 -0.1133425197026764 -0.14480092700915553 11535.0 28636.0 51824.0 77463.0 102390.0 124595.0 143124.0 157759.0 168710.0 176394.0 181303.0 183923.0 184695.0 184007.0 182184.0 179493.0
11 1.0 157.33150336776293 -54.530229566584865 -0.19592930082703086 0.7569696552424271 0.23234422888256162 0.14193984190239373 -0.1133425197026764 -0.14480092700915553 21414.0 55206.0 101458.0 152226.0 200719.0 242835.0 276857.0 302639.0 320886.0 332665.0 339116.0 341310.0 340182.0 336519.0 330962.0 324027.0
12 1.0 251.14723053381536 -7.225940923918671 -0.19592930082703086 0.7569696552424271 0.23234422888256162 0.14193984190239373 -0.1133425197026764 -0.14480092700915553 12897.0 30196.0 52596.0 76576.0 99331.0 119204.0 135496.0 148136.0 157399.0 163717.0 167563.0 169393.0 169612.0 168569.0 166554.0 163807.0
13 1.0 21.68116978653714 -81.96978577425946 -0.19592930082703086 0.7569696552424271 0.23234422888256162 0.14193984190239373 -0.1133425197026764 -0.14480092700915553 12049.0 32271.0 61251.0 94470.0 127567.99999999999 157571.0 182944.0 203215.0 218559.0 229483.0 236620.0 240618.0 242075.0 241513.0 239379.0 236041.0
14 1.0 240.03601756044037 53.96325922271123 -0.19592930082703086 0.7569696552424271 0.23234422888256162 0.14193984190239373 -0.1133425197026764 -0.14480092700915553 18426.0 49103.0 92261.0 140608.0 187542.0 228877.0 262712.0 288719.0 307452.0 319868.0 327031.0 329960.0 329560.0 326597.0 321704.0 315390.0
15 1.0 241.4296330625374 -76.1478395424061 -0.19592930082703086 0.7569696552424271 0.23234422888256162 0.14193984190239373 -0.1133425197026764 -0.14480092700915553 10474.0 27646.0 52063.0 79969.0 107773.0 133029.0 154471.0 171696.0 184838.0 194300.0 200598.0 204259.0 205772.0 205571.0 204024.0 201438.0
16 1.0 75.73772198658273 3.3903267896746883 -0.19592930082703086 0.7569696552424271 0.23234422888256162 0.14193984190239373 -0.1133425197026764 -0.14480092700915553 11151.0 26328.0 46178.0 67624.0 88156.0 106254.0 121239.0 133002.0 141750.0 147845.0 151691.0 153686.0 154189.0 153511.0 151915.0 149618.0
17 1.0 46.41346715574719 -34.7741820818647 -0.19592930082703086 0.7569696552424271 0.23234422888256162 0.14193984190239373 -0.1133425197026764 -0.14480092700915553 21237.0 55176.0 101844.0 153192.0 202295.0 244956.0 279414.0 305512.0 323967.0 335861.0 342355.0 344538.0 343359.0 339617.0 333963.0 326919.0
18 1.0 113.55420633270619 13.957730789647584 -0.19592930082703086 0.7569696552424271 0.23234422888256162 0.14193984190239373 -0.1133425197026764 -0.14480092700915553 1342.0 3379.0 6209.0 9412.0 12597.0 15498.0 17978.0 19992.0 21555.0 22712.0 23517.0 24030.0 24302.0 24381.0 24307.0 24114.0
19 1.0 130.93587753934415 82.69800135001651 -0.19592930082703086 0.7569696552424271 0.23234422888256162 0.14193984190239373 -0.1133425197026764 -0.14480092700915553 7127.0 20248.0 40138.0 64019.00000000001 88796.0 112114.0 132577.0 149579.0 163041.0 173190.0 180400.0 185096.0 187698.0 188589.0 188106.0 186537.0
20 1.0 205.27083735043666 26.20264400208069 -0.19592930082703086 0.7569696552424271 0.23234422888256162 0.14193984190239373 -0.1133425197026764 -0.14480092700915553 17168.0 45725.0 86033.0 131408.0 175714.0 214997.0 247401.0 272539.0 290867.0 303234.0 310609.0 313935.0 314053.0 311685.0 307426.0 301764.0
21 1.0 157.89654484643532 -83.63476156401164 -0.19592930082703086 0.7569696552424271 0.23234422888256162 0.14193984190239373 -0.1133425197026764 -0.14480092700915553 15110.0 39727.0 74288.0 113182.0 151276.0 185237.0 213471.0 235608.0 251987.00000000003 263287.0 270300.0 273807.0 274509.0 273016.0 269835.0 265381.0
22 1.0 355.8145817013214 -12.527560888548976 -0.19592930082703086 0.7569696552424271 0.23234422888256162 0.14193984190239373 -0.1133425197026764 -0.14480092700915553 6942.0 19850.0 39537.0 63294.0 88048.0 111432.0 132024.0 149188.0 162821.0 173134.0 180492.0 185316.0 188023.0 188997.0 188578.0 187057.0
23 1.0 36.736131869290105 1.803033417285036 -0.19592930082703086 0.7569696552424271 0.23234422888256162 0.14193984190239373 -0.1133425197026764 -0.14480092700915553 19382.0 50322.0 93009.0 140217.0 185649.0 225418.0 257825.00000000003 282641.0 300451.0 312198.0 318915.0 321585.0 321074.0 318114.0 313310.0 307148.0
24 1.0 75.19563219414049 6.511949046621353 -0.19592930082703086 0.7569696552424271 0.23234422888256162 0.14193984190239373 -0.1133425197026764 -0.14480092700915553 10351.0 24526.0 43140.0 63324.00000000001 82718.0 99874.0 114136.0 125384.0 133800.0 139713.0 143499.0 145527.0 146134.0 145613.0 144209.0 142130.0
25 1.0 58.07142643859865 32.65065190869082 -0.19592930082703086 0.7569696552424271 0.23234422888256162 0.14193984190239373 -0.1133425197026764 -0.14480092700915553 9024.0 23422.0 43736.0 66900.0 90002.0 111050.0 128997.0 143493.0 154626.0 162708.0 168151.0 171381.0 172800.0 172764.0 171581.0 169506.0
26 1.0 235.11899716754343 -40.032702408282105 -0.19592930082703086 0.7569696552424271 0.23234422888256162 0.14193984190239373 -0.1133425197026764 -0.14480092700915553 12196.0 30337.0 54939.0 82116.0 108499.0 131952.0 151474.0 166849.0 178312.0 186319.0 191397.0 194066.0 194797.0 194001.0 192019.0 189135.0
27 1.0 91.18497691432157 -66.80509821606236 -0.19592930082703086 0.7569696552424271 0.23234422888256162 0.14193984190239373 -0.1133425197026764 -0.14480092700915553 20651.0 53695.0 99250.0 149523.0 197750.0 239787.0 273862.0 299779.0 318204.0 330179.0 336829.0 339215.0 338267.0 334769.0 329363.0 322563.0
28 1.0 167.87187822827028 -19.31837822152302 -0.19592930082703086 0.7569696552424271 0.23234422888256162 0.14193984190239373 -0.1133425197026764 -0.14480092700915553 15450.0 40110.0 74388.0 112697.0 150024.0 183159.0 210600.0 232023.0 247792.0 258589.0 265203.0 268401.0 268877.0 267227.0 263946.0 259442.0
29 1.0 87.99321312057698 82.1530301032708 -0.19592930082703086 0.7569696552424271 0.23234422888256162 0.14193984190239373 -0.1133425197026764 -0.14480092700915553 7363.0 20810.0 41093.0 65343.0 90411.0 113922.0 134487.0 151517.0 164952.0 175038.0 182163.0 186763.0 189264.0 190055.0 189476.0 187816.0
0 1.0 57.2290501123871 -56.31643948484795 -0.19592930082703086 0.7569696552424271 0.23234422888256162 0.14193984190239373 -0.1133425197026764 -0.14480092700915553 19899.0 52137.0 96870.0 146480.0 194257.0 236048.0 270035.0 295978.0 314505.0 326629.0 333452.0 336023.0 335262.0 331947.0 326716.0 320083.0
1 1.0 39.73505081914985 72.71711188708267 -0.19592930082703086 0.7569696552424271 0.23234422888256162 0.14193984190239373 -0.1133425197026764 -0.14480092700915553 9264.0 25680.0 49943.0 78443.0 107433.0 134210.0 157273.0 176060.0 190601.0 201256.0 208528.0 212951.0 215036.0 215240.0 213955.0 211513.0
2 1.0 236.27865220749842 7.885071013918747 -0.19592930082703086 0.7569696552424271 0.23234422888256162 0.14193984190239373 -0.1133425197026764 -0.14480092700915553 21636.0 52402.0 92753.0 135929.0 176545.0 211510.0 239625.0 260895.0 275956.0 285704.0 291076.0 292945.0 292070.0 289090.0 284529.0 278807.0
3 1.0 49.74586248550097 -7.755944103762147 -0.19592930082703086 0.7569696552424271 0.23234422888256162 0.14193984190239373 -0.1133425197026764 -0.14480092700915553 20591.0 51579.0 93248.0 138579.0 181720.0 219183.0 249520.0 272621.0 289099.0 299873.0 305932.0 308203.0 307504.0 304520.0 299819.0 293855.0
4 1.0 70.76965020481926 68.76745384138013 -0.19592930082703086 0.7569696552424271 0.23234422888256162 0.14193984190239373 -0.1133425197026764 -0.14480092700915553 5806.0 16418.0 32509.000000000004 51883.0 72072.0 91175.0 108042.0 122154.0 133418.0 141995.0 148170.0 152278.0 154651.0 155600.0 155398.0 154279.0
5 1.0 132.74106143794708 -7.451286881654539 -0.19592930082703086 0.7569696552424271 0.23234422888256162 0.14193984190239373 -0.1133425197026764 -0.14480092700915553 5329.0 13668.0 25419.0 38878.0 52407.0 64859.0 75612.0 84433.0 91344.0 96503.0 100128.0 102453.0 103700.0 104072.0 103743.0 102859.0
6 1.0 295.55756274525663 40.350174590077785 -0.19592930082703086 0.7569696552424271 0.23234422888256162 0.14193984190239373 -0.1133425197026764 -0.14480092700915553 15026.0 38848.0 71914.0 108870.0 144914.0 176964.0 203564.0 224392.0 239780.0 250377.00000000003 256932.0 260178.00000000003 260780.0 259309.99999999997 256247.99999999997 251987.00000000003
7 1.0 34.956459285502056 -18.17544209344163 -0.19592930082703086 0.7569696552424271 0.23234422888256162 0.14193984190239373 -0.1133425197026764 -0.14480092700915553 19663.0 51808.0 96561.0 146277.0 194204.0 236145.0 270263.0 296309.0 314911.0 327085.0 333938.0 336523.0 335765.0 332445.0 327203.0 320554.0
8 1.0 301.6601666995694 72.7279907221724 -0.19592930082703086 0.7569696552424271 0.23234422888256162 0.14193984190239373 -0.1133425197026764 -0.14480092700915553 15269.0 41631.0 79582.0 122936.0 165773.0 204143.0 236105.0 261155.00000000003 279646.0 292341.0 300148.0 303962.0 304594.0 302743.0 298993.0 293820.0
9 1.0 34.59542684182671 34.20450363442093 -0.19592930082703086 0.7569696552424271 0.23234422888256162 0.14193984190239373 -0.1133425197026764 -0.14480092700915553 14329.0 37993.0 71455.0 109319.0 146568.0 179902.0 207714.0 229597.0 245854.0 257132.00000000003 264196.0 267804.0 268644.0 267312.0 264307.0 260037.00000000003
10 1.0 351.5254074048225 35.931969765093015 -0.19592930082703086 0.7569696552424271 0.23234422888256162 0.14193984190239373 -0.1133425197026764 -0.14480092700915553 14967.0 40785.0 77955.0 120435.0 162439.0 200100.0 231507.0 256159.00000000003 274391.0 286944.0 294701.0 298535.0 299240.0 297501.0 293888.0 288870.0
11 1.0 168.71443259317257 -31.010327719718596 -0.19592930082703086 0.7569696552424271 0.23234422888256162 0.14193984190239373 -0.1133425197026764 -0.14480092700915553 18891.0 48743.0 89791.0 135126.0 178751.0 216964.0 248146.0 272076.0 289304.0 300726.0 307324.0 310033.0 309678.0 306961.0 302458.0 296638.0
12 1.0 351.6339917485214 46.22015569264005 -0.19592930082703086 0.7569696552424271 0.23234422888256162 0.14193984190239373 -0.1133425197026764 -0.14480092700915553 15713.000000000002 42802.0 81727.0 126103.0 169851.0 208942.0 241412.0 266777.0 285420.0 298142.0 305882.0 309562.0 310015.0 307957.0 303984.0 298582.0
13 1.0 217.74438710821656 24.490989980485438 -0.19592930082703086 0.7569696552424271 0.23234422888256162 0.14193984190239373 -0.1133425197026764 -0.14480092700915553 21222.0 55168.0 101871.0 153278.0 202452.0 245185.0 279705.0 305854.0 324345.0 336265.0 342775.0 344965.0 343788.0 340042.0 334380.0 327326.0
14 1.0 266.1348885833886 -46.79635079165228 -0.19592930082703086 0.7569696552424271 0.23234422888256162 0.14193984190239373 -0.1133425197026764 -0.14480092700915553 3688.0 9641.0 18206.0 28204.0 38432.0 48007.0 56410.0 63417.0 69003.0 73257.0 76324.0 78372.0 79564.0 80053.0 79975.0 79444.0
15 1.0 14.107605211555443 -61.103011952653844 -0.19592930082703086 0.7569696552424271 0.23234422888256162 0.14193984190239373 -0.1133425197026764 -0.14480092700915553 9889.0 27242.0 52785.0 82709.0 113087.0 141099.0 165187.0 184774.0 199906.0 210969.0 218495.0 223048.0 225166.0 225327.0 223942.0 221357.0
16 1.0 101.81050652750744 53.35046541311971 -0.19592930082703086 0.7569696552424271 0.23234422888256162 0.14193984190239373 -0.1133425197026764 -0.14480092700915553 1415.0 4316.0 9082.0 15232.0 22051.0 28884.0 35262.0 40912.0 45710.0 49640.0 52745.0 55104.0 56807.0 57948.0 58613.0 58883.0
17 1.0 43.270762036740805 82.64998854634004 -0.19592930082703086 0.7569696552424271 0.23234422888256162 0.14193984190239373 -0.1133425197026764 -0.14480092700915553 9183.0 25625.0 50058.0 78878.0 108287.0 135521.0 159028.0 178208.0 193076.0 203985.0 211440.0 215984.0 218135.0 218361.0 217062.0 214578.0
18 1.0 106.61047110797217 -7.535011093192281 -0.19592930082703086 0.7569696552424271 0.23234422888256162 0.14193984190239373 -0.1133425197026764 -0.14480092700915553 7139.0 16787.0 29396.0 43043.0 56151.0 67755.0 77422.0 85072.0 90830.0 94918.0 97586.0 99082.0 99627.0 99416.0 98612.0 97351.0
19 1.0 42.74197882352786 16.377149758263286 -0.19592930082703086 0.7569696552424271 0.23234422888256162 0.14193984190239373 -0.1133425197026764 -0.14480092700915553 16402.0 42168.0 77698.0 117169.0 155442.0 189274.0 217176.0 238867.0 254747.99999999997 265542.0 272069.0 275122.0 275412.0 273549.0 270041.0 265302.0
20 1.0 114.47394458183138 64.39007595483983 -0.19592930082703086 0.7569696552424271 0.23234422888256162 0.14193984190239373 -0.1133425197026764 -0.14480092700915553 2308.0 7011.0 14674.0 24476.0 35244.0 45931.0 55804.0 64448.00000000001 71690.0 77525.0 82040.0 85374.0 87683.0 89121.0 89832.0 89947.0
21 1.0 149.13467802528118 -7.699778396305732 -0.19592930082703086 0.7569696552424271 0.23234422888256162 0.14193984190239373 -0.1133425197026764 -0.14480092700915553 7190.0 18882.0 35581.0 54828.0 74214.0 92047.0 107405.0 119952.0 129724.0 136956.0 141973.0 145119.0 146722.0 147074.0 146432.0 145008.0
22 1.0 23.09309868556237 81.3374058298925 -0.19592930082703086 0.7569696552424271 0.23234422888256162 0.14193984190239373 -0.1133425197026764 -0.14480092700915553 10176.0 28247.0 54926.0 86191.0 117891.0 147052.0 172045.0 192277.0 207814.0 219076.0 226634.0 231093.0 233021.0 232925.0 231239.0 228326.0
23 1.0 249.28996297320714 13.63520916807704 -0.19592930082703086 0.7569696552424271 0.23234422888256162 0.14193984190239373 -0.1133425197026764 -0.14480092700915553 19010.0 45404.0 79843.0 116689.0 151456.0 181540.0 205898.0 224492.0 237822.0 246615.0 251647.0 253643.99999999997 253249.99999999997 251006.99999999997 247362.0 242678.0
24 1.0 203.97652351436705 57.738081726236686 -0.19592930082703086 0.7569696552424271 0.23234422888256162 0.14193984190239373 -0.1133425197026764 -0.14480092700915553 11035.0 30644.0 59572.0 93432.0 127709.99999999999 159190.0 186118.0 207870.0 224529.0 236561.0 244591.0 249276.0 251234.0 251015.0 249087.0 245843.0
25 1.0 95.54021673820034 73.5918693142929 -0.19592930082703086 0.7569696552424271 0.23234422888256162 0.14193984190239373 -0.1133425197026764 -0.14480092700915553 4916.0 14167.0 28453.0 45915.0 64351.00000000001 82002.0 97763.0 111098.0 121870.0 130187.0 136285.0 140455.0 142993.0 144181.0 144268.0 143474.0
26 1.0 188.36929924801188 56.7942873783424 -0.19592930082703086 0.7569696552424271 0.23234422888256162 0.14193984190239373 -0.1133425197026764 -0.14480092700915553 7561.0 21554.0 42824.0 68403.0 94957.0 119937.0 141828.0 159972.0 174287.0 185024.0 192594.0 197464.0 200092.0 200894.0 200237.0 198432.0
27 1.0 33.818583873039 -61.30539657918793 -0.19592930082703086 0.7569696552424271 0.23234422888256162 0.14193984190239373 -0.1133425197026764 -0.14480092700915553 14304.0 38456.0 72999.0 112404.0 151403.0 186466.0 215830.0 239008.0 256280.0 268304.0 275873.0 279783.0 280757.0 279426.0 276318.0 271868.0
28 1.0 207.34073840022455 23.201719031106066 -0.19592930082703086 0.7569696552424271 0.23234422888256162 0.14193984190239373 -0.1133425197026764 -0.14480092700915553 18497.0 48915.0 91516.0 139134.0 185322.0 225999.0 259315.00000000003 284951.0 303448.0 315738.0 322863.0 325821.0 325497.0 322643.0 317879.0 311708.0
29 1.0 334.5466311274371 -18.28183344845813 -0.19592930082703086 0.7569696552424271 0.23234422888256162 0.14193984190239373 -0.1133425197026764 -0.14480092700915553 1611.0 5096.0 10989.0 18759.0 27516.0 36404.0 44783.0 52261.0 58650.0 63903.0 68066.0 71234.0 73522.0 75054.0 75947.0 76308.0
0 1.0 114.68482288247652 -78.71166863579778 -0.19592930082703086 0.7569696552424271 0.23234422888256162 0.14193984190239373 -0.1133425197026764 -0.14480092700915553 17504.0 45892.0 85487.0 129708.99999999999 172656.0 210585.0 241779.0 265916.0 283468.0 295273.0 302272.0 305378.0 305402.0 303039.0 298863.0 293339.0
1 1.0 240.2677367869254 -13.674194659828444 -0.19592930082703086 0.7569696552424271 0.23234422888256162 0.14193984190239373 -0.1133425197026764 -0.14480092700915553 15630.999999999998 37265.0 65556.0 95958.0 124817.0 149976.0 170536.0 186419.0 197991.0 205818.0 210513.0 212660.0 212780.0 211316.0 208637.0 205046.0
2 1.0 47.447230465581185 -43.436867959906614 -0.19592930082703086 0.7569696552424271 0.23234422888256162 0.14193984190239373 -0.1133425197026764 -0.14480092700915553 20337.0 53261.0 98872.0 149353.0 197864.0 240198.0 274538.0 300669.0 319257.0 331345.0 338067.0 340492.0 339557.0 336053.0 330628.0 323799.0
3 1.0 257.8777934826836 62.82689551713193 -0.19592930082703086 0.7569696552424271 0.23234422888256162 0.14193984190239373 -0.1133425197026764 -0.14480092700915553 17381.0 46725.0 88356.0 135314.0 181173.0 221785.0 255215.00000000003 281070.0 299837.0 312415.0 319826.0 323054.0 322980.0 320354.0 315796.0 309810.0
4 1.0 104.1861934609924 -84.00516722159469 -0.19592930082703086 0.7569696552424271 0.23234422888256162 0.14193984190239373 -0.1133425197026764 -0.14480092700915553 15248.0 40220.0 75360.0 114960.0 153781.0 188411.0 217213.0 239799.0 256509.0 268035.0 275182.0 278747.0 279449.0 277907.0 274642.0 270079.0
5 1.0 65.94889032256206 82.61688993542523 -0.19592930082703086 0.7569696552424271 0.23234422888256162 0.14193984190239373 -0.1133425197026764 -0.14480092700915553 8229.0 23098.0 45350.0 71771.0 98905.0 124197.0 146178.0 164254.0 178398.0 188903.0 196214.0 200813.0 203172.0 203715.0 202811.0 200774.0
6 1.0 211.14465653162995 -26.033607275052667 -0.19592930082703086 0.7569696552424271 0.23234422888256162 0.14193984190239373 -0.1133425197026764 -0.14480092700915553 21171.0 53361.0 96736.0 143915.0 188753.0 227604.0 258975.99999999997 282778.0 299671.0 310633.0 316704.0 318859.0 317949.0 314692.0 309673.0 303366.0
7 1.0 7.238716627497679 -25.792759727542276 -0.19592930082703086 0.7569696552424271 0.23234422888256162 0.14193984190239373 -0.1133425197026764 -0.14480092700915553 9154.0 25761.0 50627.0 80123.0 110355.0 138454.0 162787.0 182711.0 198220.0 209661.0 217546.0 222427.0 224835.0 225247.0 224077.0 221671.0
8 1.0 298.4184105182507 -87.06086951693258 -0.19592930082703086 0.7569696552424271 0.23234422888256162 0.14193984190239373 -0.1133425197026764 -0.14480092700915553 11442.0 30497.0 57742.0 88959.0 120089.0 148356.0 172318.0 191518.0 206103.0 216533.0 223394.0 227283.0 228761.0 228318.0 226373.0 223275.0
9 1.0 1.6903714293169436 -56.65818145748689 -0.19592930082703086 0.7569696552424271 0.23234422888256162 0.14193984190239373 -0.1133425197026764 -0.14480092700915553 6872.0 19461.0 38554.0 61533.0 85452.0 108049.0 127961.99999999999 144579.0 157799.0 167822.0 174994.0 179718.0 182394.0 183391.0 183036.0 181608.0
10 1.0 244.01395324664284 -17.773289855350427 -0.19592930082703086 0.7569696552424271 0.23234422888256162 0.14193984190239373 -0.1133425197026764 -0.14480092700915553 13159.0 31312.0 55098.0 80754.0 105219.0 126662.0 144296.0 158025.0 168134.0 175083.0 179377.0 181500.0 181887.0 180910.0 178880.0 176052.0
11 1.0 97.20287034917935 77.27245511448851 -0.19592930082703086 0.7569696552424271 0.23234422888256162 0.14193984190239373 -0.1133425197026764 -0.14480092700915553 5788.0 16564.0 33060.0 53057.0 73994.0 93868.0 111456.0 126193.0 137971.0 146950.0 153428.0 157752.0 160272.0 161310.0 161153.0 160045.0
12 1.0 264.66984796413414 -72.06931256017117 -0.19592930082703086 0.7569696552424271 0.23234422888256162 0.14193984190239373 -0.1133425197026764 -0.14480092700915553 7414.0 19832.0 37815.0 58745.0 79982.0 99637.0 116654.0 130622.99999999999 141551.0 149673.0 155335.0 158907.0 160749.0 161187.0 160502.0 158936.0
13 1.0 346.38787624227774 80.15427602623433 -0.19592930082703086 0.7569696552424271 0.23234422888256162 0.14193984190239373 -0.1133425197026764 -0.14480092700915553 12076.0 33293.0 64304.0 100279.0 136383.0 169255.0 197127.0 219426.0 236313.0 248332.0 256176.00000000003 260556.99999999997 262135.0 261490.0 259114.0 255415.99999999997
14 1.0 89.55113166718489 66.5079354983938 -0.19592930082703086 0.7569696552424271 0.23234422888256162 0.14193984190239373 -0.1133425197026764 -0.14480092700915553 3863.0 11199.0 22620.0 36690.0 51654.0 66087.0 79073.0 90158.0 99207.0 106292.0 111588.0 115320.0 117719.0 119007.0 119382.0 119019.0
15 1.0 207.4166403904213 -8.25076855664068 -0.19592930082703086 0.7569696552424271 0.23234422888256162 0.14193984190239373 -0.1133425197026764 -0.14480092700915553 22412.0 57307.0 104697.0 156390.0 205506.0 247957.0 282085.0 307810.0 325894.0 337446.0 343637.0 345558.0 344158.0 340230.0 334423.0 327252.0
16 1.0 213.13509525786205 -31.19384128171319 -0.19592930082703086 0.7569696552424271 0.23234422888256162 0.14193984190239373 -0.1133425197026764 -0.14480092700915553 20071.0 50472.0 91447.0 136084.0 178606.0 215564.0 245521.0 268361.0 284682.0 295387.0 301447.0 303773.0 303167.0 300306.0 295744.0 289932.0
17 1.0 206.01068608471442 -48.10605672976977 -0.19592930082703086 0.7569696552424271 0.23234422888256162 0.14193984190239373 -0.1133425197026764 -0.14480092700915553 18505.0 47205.0 86379.0 129471.0 170859.0 207093.0 236674.0 259400.00000000003 275795.0 286699.0 293035.0 295682.0 295418.0 292905.0 288689.0 283212.0
18 1.0 80.30938775062259 20.603647165837387 -0.19592930082703086 0.7569696552424271 0.23234422888256162 0.14193984190239373 -0.1133425197026764 -0.14480092700915553 5343.0 13022.0 23424.0 35017.0 46435.0 56774.0 65575.0 72695.0 78190.0 82218.0 84977.0 86671.0 87490.0 87604.0 87158.0 86274.0
19 1.0 342.9896441461146 -84.04657353440899 -0.19592930082703086 0.7569696552424271 0.23234422888256162 0.14193984190239373 -0.1133425197026764 -0.14480092700915553 10653.0 28602.0 54458.0 84277.0 114186.0 141494.0 164772.0 183536.0 197891.0 208252.0 215165.0 219195.0 220873.0 220672.0 218994.0 216177.0
20 1.0 160.96513630234585 -87.19090839957092 -0.19592930082703086 0.7569696552424271 0.23234422888256162 0.14193984190239373 -0.1133425197026764 -0.14480092700915553 13773.0 36388.0 68343.0 104529.0 140188.0 172173.0 198937.0 220074.0 235853.0 246877.0 253865.99999999997 257536.0 258542.0 257448.0 254733.0 250788.0
21 1.0 304.707122089606 -12.816769950317195 -0.19592930082703086 0.7569696552424271 0.23234422888256162 0.14193984190239373 -0.1133425197026764 -0.14480092700915553 717.0 2093.0 4294.0 7099.0 10194.0 13292.0 16185.000000000002 18748.0 20922.0 22697.0 24093.0 25143.0 25890.0 26378.0 26648.0 26738.0
22 1.0 251.81253911430156 -77.74666668455036 -0.19592930082703086 0.7569696552424271 0.23234422888256162 0.14193984190239373 -0.1133425197026764 -0.14480092700915553 9802.0 26015.0 49206.0 75847.0 102514.0 126843.00000000001 147589.0 164335.0 177182.0 186500.0 192771.0 196493.0 198134.0 198107.0 196767.0 194408.0
23 1.0 107.07730230784811 -44.65062211570328 -0.19592930082703086 0.7569696552424271 0.23234422888256162 0.14193984190239373 -0.1133425197026764 -0.14480092700915553 21390.0 52949.0 94949.0 140287.0 183172.0 220216.0 250066.0 272678.0 288703.0 299082.0 304809.0 306813.0 305903.0 302760.0 297943.0 291899.0
24 1.0 292.9672150928918 -50.19103523770491 -0.19592930082703086 0.7569696552424271 0.23234422888256162 0.14193984190239373 -0.1133425197026764 -0.14480092700915553 1214.0 3562.0 7322.0 12107.0 17366.0 22610.0 27487.0 31792.0 35434.0 38402.0 40733.0 42487.0 43737.0 44556.0 45013.0 45171.0
25 1.0 142.74206670491446 -44.425585129886656 -0.19592930082703086 0.7569696552424271 0.23234422888256162 0.14193984190239373 -0.1133425197026764 -0.14480092700915553 20091.0 50992.0 92908.0 138746.0 182516.0 220608.0 251506.0 275065.0 291894.0 302920.0 309145.0 311513.0 310854.0 307868.0 303130.0 297105.0
26 1.0 317.1971509600182 -66.4100583812536 -0.19592930082703086 0.7569696552424271 0.23234422888256162 0.14193984190239373 -0.1133425197026764 -0.14480092700915553 3806.0 10875.0 21793.0 35201.0 49464.0 63253.00000000001 75710.0 86399.0 95181.0 102108.0 107335.0 111063.0 113507.0 114873.0 115347.0 115096.0
27 1.0 209.25823414890914 -87.83347987842222 -0.19592930082703086 0.7569696552424271 0.23234422888256162 0.14193984190239373 -0.1133425197026764 -0.14480092700915553 12860.0 34052.0 64107.0 98277.0 132088.0 162545.0 188145.0 208463.0 223720.0 234463.0 241359.0 245080.0 246242.0 245381.0 242952.0 239329.0
28 1.0 317.424730267747 -69.21282651502534 -0.19592930082703086 0.7569696552424271 0.23234422888256162 0.14193984190239373 -0.1133425197026764 -0.14480092700915553 4605.0 12984.0 25753.0 41253.0 57571.0 73190.0 87161.0 99017.0 108640.0 116115.0 121644.0 125475.0 127862.0 129049.0 129254.00000000001 128666.0
29 1.0 249.3113724279957 21.32644671229461 -0.19592930082703086 0.7569696552424271 0.23234422888256162 0.14193984190239373 -0.1133425197026764 -0.14480092700915553 20415.0 49504.0 87785.0 128897.00000000001 167725.0 201290.0 228402.0 249026.0 263736.0 273364.0 278793.0 280847.0 280250.0 277612.0 273432.0 268116.0
0 1.0 261.09154073507057 85.36611830724905 -0.19592930082703086 0.7569696552424271 0.23234422888256162 0.14193984190239373 -0.1133425197026764 -0.14480092700915553 11043.0 30648.0 59526.0 93267.0 127361.0 158614.0 185300.0 206816.0 223264.0 235117.0 243005.0 247585.0 249470.0 249207.0 247260.0 244017.0
1 1.0 180.47677749361281 88.26210028096091 -0.19592930082703086 0.7569696552424271 0.23234422888256162 0.14193984190239373 -0.1133425197026764 -0.14480092700915553 9362.0 26200.0 51275.0 80880.0 111100.0 139075.0 163204.0 182868.0 198088.0 209232.0 216827.0 221434.0 223592.0 223780.0 222414.0 219842.0
2 1.0 344.1901085003606 -16.37026283284891 -0.19592930082703086 0.7569696552424271 0.23234422888256162 0.14193984190239373 -0.1133425197026764 -0.14480092700915553 3362.0 10093.0 20906.0 34565.0 49402.0 63977.99999999999 77315.0 88878.0 98464.0 106088.0 111892.0 116077.0 118865.0 120476.0 121110.0 120948.0
3 1.0 231.83647172266947 -60.66820331161104 -0.19592930082703086 0.7569696552424271 0.23234422888256162 0.14193984190239373 -0.1133425197026764 -0.14480092700915553 11266.0 29053.0 53869.0 81842.0 109420.0 134253.0 155166.0 171829.0 184415.0 193356.0 199177.0 202411.0 203549.0 203021.0 201192.0 198367.0
4 1.0 152.5878174809447 24.977116325975274 -0.19592930082703086 0.7569696552424271 0.23234422888256162 0.14193984190239373 -0.1133425197026764 -0.14480092700915553 1456.0 4497.0 9570.0 16221.0 23706.0 31314.0 38509.0 44958.0 50491.0 55063.0 58704.0 61489.0 63513.0 64879.00000000001 65686.0 66025.0
5 1.0 218.30155708605275 -1.7450376212273113 -0.19592930082703086 0.7569696552424271 0.23234422888256162 0.14193984190239373 -0.1133425197026764 -0.14480092700915553 23154.0 57986.0 104574.0 154900.0 202412.0 243301.0 276072.0 300716.0 318000.0 329008.0 334871.0 336638.0 335219.0 331376.0 325726.0 318767.0
6 1.0 6.909551391360069 88.09375991119765 -0.19592930082703086 0.7569696552424271 0.23234422888256162 0.14193984190239373 -0.1133425197026764 -0.14480092700915553 9963.0 27760.0 54126.0 85113.0 116603.0 145633.0 170562.0 190787.0 206358.0 217685.0 225329.0 229887.0 231921.0 231934.0 230357.0 227550.0
7 1.0 108.56693400283775 -78.24524271267956 -0.19592930082703086 0.7569696552424271 0.23234422888256162 0.14193984190239373 -0.1133425197026764 -0.14480092700915553 17603.0 46163.0 86000.0 130483.99999999999 173673.0 211802.0 243147.0 267388.0 285003.0 296838.0 303844.0 306938.0 306937.0 304539.0 300322.0 294754.0
8 1.0 237.66247349736662 50.98219889648635 -0.19592930082703086 0.7569696552424271 0.23234422888256162 0.14193984190239373 -0.1133425197026764 -0.14480092700915553 18922.0 50211.0 94056.0 143014.0 190410.0 232046.0 266041.0 292099.0 310803.0 323136.0 330181.0 332973.0 332426.0 329313.0 324271.0 317812.0
9 1.0 104.42793859575987 -38.0882704803311 -0.19592930082703086 0.7569696552424271 0.23234422888256162 0.14193984190239373 -0.1133425197026764 -0.14480092700915553 19743.0 48186.0 85774.0 126252.0 164560.0 197738.0 224590.0 245060.0 259703.00000000003 269331.0 274806.0 276940.0 276443.0 273918.0 269859.0 264666.0
10 1.0 222.48555443958296 -46.54464838621668 -0.19592930082703086 0.7569696552424271 0.23234422888256162 0.14193984190239373 -0.1133425197026764 -0.14480092700915553 15018.0 37909.0 69116.0 103584.0 136926.0 166398.0 190743.0 209727.0 223694.0 233258.0 239120.0 241959.0 242384.0 240921.0 238009.0 234006.0
11 1.0 154.35673234047582 29.250822875881667 -0.19592930082703086 0.7569696552424271 0.23234422888256162 0.14193984190239373 -0.1133425197026764 -0.14480092700915553 1414.0 4454.0 9606.0 16429.0 24162.0 32058.999999999996 39551.0 46281.0 52070.0 56866.0 60698.0 63644.99999999999 65804.0 67281.0 68179.0 68591.0
12 1.0 48.770663120082084 -45.70862670162639 -0.19592930082703086 0.7569696552424271 0.23234422888256162 0.14193984190239373 -0.1133425197026764 -0.14480092700915553 20268.0 53089.0 98574.0 148935.0 197349.0 239613.0 273909.0 300020.0 318604.0 330700.0 337439.0 339886.0 338976.0 335499.0 330101.0 323299.0
13 1.0 107.38163734417108 29.854641160653784 -0.19592930082703086 0.7569696552424271 0.23234422888256162 0.14193984190239373 -0.1133425197026764 -0.14480092700915553 662.0 1823.0 3583.0 5733.0 8035.000000000001 10292.0 12377.0 14217.0 15782.999999999998 17074.0 18105.0 18897.0 19480.0 19880.0 20124.0 20238.0
14 1.0 205.18736785245537 3.11553309641198 -0.19592930082703086 0.7569696552424271 0.23234422888256162 0.14193984190239373 -0.1133425197026764 -0.14480092700915553 21221.0 55043.0 101537.0 152703.0 201655.0 244210.0 278604.0 304675.0 323128.0 335040.0 341563.0 343782.0 342643.0 338942.0 333329.0 326324.0
15 1.0 212.71419404934235 -13.663982081547132 -0.19592930082703086 0.7569696552424271 0.23234422888256162 0.14193984190239373 -0.1133425197026764 -0.14480092700915553 22475.0 56610.0 102491.0 152239.0 199348.0 239999.0 272666.0 297304.0 314650.0 325762.0 331755.0 333665.0 332394.0 328697.0 323190.0 316368.0
16 1.0 206.75708958584838 9.843805559055411 -0.19592930082703086 0.7569696552424271 0.23234422888256162 0.14193984190239373 -0.1133425197026764 -0.14480092700915553 20709.0 53950.0 99819.0 150451.0 199013.0 241324.0 275598.0 301642.0 320135.0 332129.0 338763.0 341107.0 340101.0 336534.0 331052.0 324175.0
17 1.0 235.1522951485681 -38.330726414466646 -0.19592930082703086 0.7569696552424271 0.23234422888256162 0.14193984190239373 -0.1133425197026764 -0.14480092700915553 12445.0 30853.0 55744.0 83183.0 109771.0 133370.0 152984.0 168406.0 179881.0 187873.0 192917.0 195538.0 196213.0 195354.0 193307.0 190358.0
18 1.0 234.757177200608 37.1834471291362 -0.19592930082703086 0.7569696552424271 0.23234422888256162 0.14193984190239373 -0.1133425197026764 -0.14480092700915553 21570.0 55610.0 102145.0 153157.0 201820.0 244028.0 278080.0 303847.0 322051.0 333769.0 340152.0 342276.0 341079.0 337349.0 331730.0 324737.0
19 1.0 155.31063675623062 -15.325763519958471 -0.19592930082703086 0.7569696552424271 0.23234422888256162 0.14193984190239373 -0.1133425197026764 -0.14480092700915553 11144.0 28898.0 53777.0 81910.0 109708.0 134780.0 155921.0 172782.0 185531.0 194598.0 200514.0 203815.0 204999.0 204499.0 202685.0 199864.0
20 1.0 322.75677450638267 -25.101799112539396 -0.19592930082703086 0.7569696552424271 0.23234422888256162 0.14193984190239373 -0.1133425197026764 -0.14480092700915553 465.0 1616.0 3739.0 6744.0 10337.0 14178.0 17978.0 21532.0 24719.0 27481.0 29805.0 31708.0 33221.0 34385.0 35241.0 35832.0
21 1.0 132.32227321724275 59.158244620032804 -0.19592930082703086 0.7569696552424271 0.23234422888256162 0.14193984190239373 -0.1133425197026764 -0.14480092700915553 1432.0 4591.0 10000.0 17203.0 25388.0 33754.0 41693.0 48820.0 54944.0 60009.0 64048.99999999999 67146.0 69408.0 70945.0 71868.0 72278.0
22 1.0 156.91137309562566 76.4940441515746 -0.19592930082703086 0.7569696552424271 0.23234422888256162 0.14193984190239373 -0.1133425197026764 -0.14480092700915553 5998.0 17292.0 34676.0 55825.0 78026.0 99152.0 117895.0 133647.0 146281.0 155957.0 162983.0 167719.0 170530.0 171755.0 171694.0 170609.0
23 1.0 321.092407805642 -81.71868404028655 -0.19592930082703086 0.7569696552424271 0.23234422888256162 0.14193984190239373 -0.1133425197026764 -0.14480092700915553 9218.0 24890.0 47643.0 74084.0 100807.0 125402.99999999999 146554.0 163779.0 177125.0 186926.0 193639.0 197751.0 199724.0 199973.0 198853.0 196667.0
24 1.0 290.22983605659084 -48.12714129064221 -0.19592930082703086 0.7569696552424271 0.23234422888256162 0.14193984190239373 -0.1133425197026764 -0.14480092700915553 1185.0 3429.0 6985.0 11481.0 16407.0 21314.0 25880.0 29915.0 33333.0 36120.0 38306.0 39948.0 41112.0 41864.0 42270.0 42391.0
25 1.0 253.39989007453187 -27.266513491338614 -0.19592930082703086 0.7569696552424271 0.23234422888256162 0.14193984190239373 -0.1133425197026764 -0.14480092700915553 7792.0 18741.0 33323.0 49326.0 64875.0 78780.0 90473.0 99813.0 106912.0 112005.0 115378.0 117316.0 118082.0 117911.0 116999.0 115515.0
26 1.0 36.0816794324284 56.693966286644525 -0.19592930082703086 0.7569696552424271 0.23234422888256162 0.14193984190239373 -0.1133425197026764 -0.14480092700915553 10795.0 29378.0 56364.0 87606.0 118982.0 147620.0 171997.0 191606.0 206565.0 217323.0 224464.0 228591.0 230264.0 229983.0 228169.0 225176.0
27 1.0 331.0137409480825 87.38845697579356 -0.19592930082703086 0.7569696552424271 0.23234422888256162 0.14193984190239373 -0.1133425197026764 -0.14480092700915553 10477.0 29122.0 56658.0 88915.0 121595.0 151627.0 177337.0 198127.0 214073.0 225617.0 233354.0 237908.0 239865.0 239748.0 238001.0 234997.0
28 1.0 257.1268678376801 84.41490684066332 -0.19592930082703086 0.7569696552424271 0.23234422888256162 0.14193984190239373 -0.1133425197026764 -0.14480092700915553 11238.0 31165.0 60488.0 94716.0 129270.0 160913.0 187903.0 209640.0 226232.0 238166.0 246083.0 250649.99999999997 252494.0 252166.99999999997 250139.99999999997 246807.0
29 1.0 359.5849223644319 72.89070219898684 -0.19592930082703086 0.7569696552424271 0.23234422888256162 0.14193984190239373 -0.1133425197026764 -0.14480092700915553 12814.0 35182.0 67716.0 105284.0 142823.0 176852.0 205572.0 228430.0 245632.0 257770.0 265584.0 269825.0 271185.0 270270.0 267590.0 263568.0
0 1.0 53.80138967687775 -36.619872288474625 -0.19592930082703086 0.7569696552424271 0.23234422888256162 0.14193984190239373 -0.1133425197026764 -0.14480092700915553 22389.0 57348.0 104867.0 156720.0 205993.0 248579.0 282812.0 308612.0 326743.0 338319.0 344518.0 346432.0 345017.0 341067.0 335232.0 328032.0
1 1.0 312.52538065255715 88.56202381460534 -0.19592930082703086 0.7569696552424271 0.23234422888256162 0.14193984190239373 -0.1133425197026764 -0.14480092700915553 10177.0 28341.0 55224.0 86781.0 118813.0 148307.0 173604.0 194102.0 209861.0 221306.0 229011.0 233585.0 235602.0 235572.0 233933.0 231050.0
2 1.0 58.497456483494936 -45.10439260983878 -0.19592930082703086 0.7569696552424271 0.23234422888256162 0.14193984190239373 -0.1133425197026764 -0.14480092700915553 22116.0 56947.0 104482.0 156491.0 206003.0 248851.0 283330.0 309338.0 327633.0 339330.0 345611.0 347577.0 346187.0 342244.0 336401.0 329183.0
3 1.0 221.6014431421839 -70.9368921211982 -0.19592930082703086 0.7569696552424271 0.23234422888256162 0.14193984190239373 -0.1133425197026764 -0.14480092700915553 12689.0 33062.0 61613.0 93819.0 125518.99999999999 153975.0 177840.0 196759.0 210960.0 220963.0 227394.0 230874.0 231975.0 231194.0 228949.0 225589.0
4 1.0 44.57519382579895 81.17146998997094 -0.19592930082703086 0.7569696552424271 0.23234422888256162 0.14193984190239373 -0.1133425197026764 -0.14480092700915553 9048.0 25243.0 49317.0 77722.0 106724.0 133599.0 156814.0 175776.0 190495.0 201315.0 208730.0 213273.0 215454.0 215731.0 214500.0 212095.0
5 1.0 305.2829625560044 -47.98435401574267 -0.19592930082703086 0.7569696552424271 0.23234422888256162 0.14193984190239373 -0.1133425197026764 -0.14480092700915553 738.0 2314.0 4995.0 8573.0 12664.0 16884.0 20932.0 24614.0 27828.0 30539.0 32755.0 34510.0 35851.0 36829.0 37495.0 37897.0
6 1.0 290.63482514100383 34.15828771399508 -0.19592930082703086 0.7569696552424271 0.23234422888256162 0.14193984190239373 -0.1133425197026764 -0.14480092700915553 13765.0 35009.0 64249.0 96816.0 128563.00000000001 156831.0 180361.0 198866.0 212628.0 222202.0 228230.0 231348.0 232130.0 231073.0 228595.0 225039.0
7 1.0 204.8762659012536 -79.49585538349405 -0.19592930082703086 0.7569696552424271 0.23234422888256162 0.14193984190239373 -0.1133425197026764 -0.14480092700915553 13812.0 36225.0 67721.0 103259.0 138192.0 169471.0 195604.0 216211.0 231563.0 242257.0 249000.0 252496.0 253385.00000000003 252224.99999999997 249481.0 245538.0
8 1.0 146.58598700135988 41.52763784294572 -0.19592930082703086 0.7569696552424271 0.23234422888256162 0.14193984190239373 -0.1133425197026764 -0.14480092700915553 659.0 2305.0 5351.0 9670.0 14846.0 20391.0 25882.0 31017.0 35607.0 39560.0 42854.0 45510.0 47574.0 49109.0 50179.0 50850.0
9 1.0 24.900118363849696 68.70963822009114 -0.19592930082703086 0.7569696552424271 0.23234422888256162 0.14193984190239373 -0.1133425197026764 -0.14480092700915553 11114.0 30547.0 58953.0 91963.0 125184.99999999999 155537.0 181375.0 202142.0 217957.0 229296.0 236780.0 241053.0 242718.0 242306.0 240272.0 236992.0
10 1.0 251.07435833204292 -40.96135881612675 -0.19592930082703086 0.7569696552424271 0.23234422888256162 0.14193984190239373 -0.1133425197026764 -0.14480092700915553 7142.0 17862.0 32611.0 49178.0 65552.0 80395.0 93024.0 103227.0 111084.0 116823.0 120732.0 123106.0 124223.0 124327.0 123627.0 122301.0
11 1.0 163.27536576410478 -21.76975870606286 -0.19592930082703086 0.7569696552424271 0.23234422888256162 0.14193984190239373 -0.1133425197026764 -0.14480092700915553 15164.0 39207.0 72546.0 109761.0 146009.0 178199.0 204879.0 225740.0 241129.0 251703.0 258220.0 261420.0 261971.0 260448.0 257332.0 253017.0
12 1.0 259.94001580932525 -22.6266870022351 -0.19592930082703086 0.7569696552424271 0.23234422888256162 0.14193984190239373 -0.1133425197026764 -0.14480092700915553 6450.0 15266.0 26865.0 39490.0 51677.0 62515.0 71585.0 78798.0 84259.0 88165.0 90746.0 92228.0 92818.0 92696.0 92014.0 90899.0
13 1.0 311.8976373343065 44.781886357223954 -0.19592930082703086 0.7569696552424271 0.23234422888256162 0.14193984190239373 -0.1133425197026764 -0.14480092700915553 15165.0 40186.0 75491.0 115332.0 154410.0 189268.0 218246.0 240950.0 257726.0 269273.0 276410.0 279940.0 280592.0 278991.0 275662.0 271032.0
14 1.0 351.1877418010389 -47.19469634297301 -0.19592930082703086 0.7569696552424271 0.23234422888256162 0.14193984190239373 -0.1133425197026764 -0.14480092700915553 3943.9999999999995 11746.0 24180.0 39774.0 56593.0 72999.0 87901.0 100726.0 111279.0 119607.0 125892.0 130375.99999999999 133319.0 134972.0 135561.0 135287.0
15 1.0 308.08920326133995 -59.06644217142426 -0.19592930082703086 0.7569696552424271 0.23234422888256162 0.14193984190239373 -0.1133425197026764 -0.14480092700915553 2011.0000000000002 5958.0 12295.0 20349.0 29185.0 37967.0 46108.0 53267.0 59294.0 64176.0 67976.0 70802.0 72775.0 74023.0 74661.0 74798.0
16 1.0 4.21707030660071 -9.127503236207147 -0.19592930082703086 0.7569696552424271 0.23234422888256162 0.14193984190239373 -0.1133425197026764 -0.14480092700915553 10302.0 28748.0 56095.0 88234.0 120890.0 150986.0 176825.0 197785.0 213923.0 225661.0 233584.0 238307.0 240415.0 240425.0 238785.0 235868.0
17 1.0 129.592103212211 -35.19568667208249 -0.19592930082703086 0.7569696552424271 0.23234422888256162 0.14193984190239373 -0.1133425197026764 -0.14480092700915553 16825.0 41844.0 75488.0 112240.0 147460.0 178325.0 203607.0 223142.0 237356.0 246937.0 252647.99999999997 255215.00000000003 255287.0 253417.0 250064.99999999997 245605.0
18 1.0 262.7966024726609 61.05404200655744 -0.19592930082703086 0.7569696552424271 0.23234422888256162 0.14193984190239373 -0.1133425197026764 -0.14480092700915553 17942.0 47992.0 90421.0 138091.0 184486.0 225446.0 259058.0 284964.0 303690.0 316165.0 323432.0 326495.0 326244.0 323439.0 318705.0 312548.0
19 1.0 61.78668381411859 -47.20647131718502 -0.19592930082703086 0.7569696552424271 0.23234422888256162 0.14193984190239373 -0.1133425197026764 -0.14480092700915553 22252.0 57210.0 104859.0 156946.0 206498.0 249357.0 283826.0 309812.0 328078.0 339744.0 345994.0 347930.0 346512.0 342543.0 336677.0 329436.0
20 1.0 187.57317823348654 0.4301023480670665 -0.19592930082703086 0.7569696552424271 0.23234422888256162 0.14193984190239373 -0.1133425197026764 -0.14480092700915553 16171.999999999998 42683.0 79941.0 121838.0 162797.0 199209.0 229367.0 252892.0 270173.0 281967.0 289146.0 292562.0 292985.0 291072.0 287376.0 282343.0
21 1.0 19.561675802131305 79.66504794562746 -0.19592930082703086 0.7569696552424271 0.23234422888256162 0.14193984190239373 -0.1133425197026764 -0.14480092700915553 10494.0 29073.0 56437.0 88433.0 120804.0 150519.0 175929.0 196448.0 212161.0 223507.0 231081.0 235502.0 237355.0 237157.0 235352.0 232308.0
22 1.0 71.99874896270403 24.119585594038938 -0.19592930082703086 0.7569696552424271 0.23234422888256162 0.14193984190239373 -0.1133425197026764 -0.14480092700915553 6662.0 16686.0 30538.0 46180.0 61730.0 75912.0 88052.0 97923.0 105573.0 111198.0 115059.0 117431.0 118574.0 118724.0 118081.0 116819.0
23 1.0 6.66784600582103 66.11209298324366 -0.19592930082703086 0.7569696552424271 0.23234422888256162 0.14193984190239373 -0.1133425197026764 -0.14480092700915553 13333.0 36481.0 70025.0 108628.0 147078.0 181823.0 211052.0 234229.0 251593.0 263770.0 271532.0 275655.0 276853.0 275745.0 272857.0 268617.0
24 1.0 285.7311732086714 79.23774408385813 -0.19592930082703086 0.7569696552424271 0.23234422888256162 0.14193984190239373 -0.1133425197026764 -0.14480092700915553 13401.0 36812.0 70845.0 110098.0 149255.0 184675.0 214487.0 238132.0 255842.0 268253.0 276151.0 280330.0 281520.0 280357.0 277376.0 273019.0
25 1.0 80.61288770173685 45.13767513954335 -0.19592930082703086 0.7569696552424271 0.23234422888256162 0.14193984190239373 -0.1133425197026764 -0.14480092700915553 3026.0 8438.0 16650.0 26614.0 37113.0 47178.0 56197.0 63867.99999999999 70108.0 74972.0 78589.0 81116.0 82718.0 83550.0 83752.0 83446.0
26 1.0 124.32660505088496 35.92351084045525 -0.19592930082703086 0.7569696552424271 0.23234422888256162 0.14193984190239373 -0.1133425197026764 -0.14480092700915553 253.00000000000003 843.0 1903.0 3382.0 5145.0 7041.0 8939.0 10745.0 12399.0 13867.0 15135.0 16204.0 17083.0 17786.0 18330.0 18733.0
27 1.0 334.1092656476127 84.23380198876086 -0.19592930082703086 0.7569696552424271 0.23234422888256162 0.14193984190239373 -0.1133425197026764 -0.14480092700915553 11375.0 31475.000000000004 60988.0 95370.0 130020.0 161697.0 188672.0 210358.0 226876.0 238726.0 246557.0 251041.0 252807.99999999997 252411.0 250323.00000000003 246937.0
28 1.0 253.5891846924718 88.99214213658229 -0.19592930082703086 0.7569696552424271 0.23234422888256162 0.14193984190239373 -0.1133425197026764 -0.14480092700915553 9946.0 27738.0 54119.0 85139.0 116679.0 145765.0 170754.0 191035.0 206660.0 218035.0 225722.0 230317.0 232383.0 232424.0 230869.0 228080.0
29 1.0 11.462014631270826 -8.672097119443265 -0.19592930082703086 0.7569696552424271 0.23234422888256162 0.14193984190239373 -0.1133425197026764 -0.14480092700915553 12949.0 35646.0 68738.0 107021.0 145323.0 180073.0 209415.0 232768.0 250334.99999999997 262719.0 270675.0 274975.0 276327.0 275354.0 272579.0 268435.0
0 1.0 59.289896339248585 -77.2434399268425 -0.19592930082703086 0.7569696552424271 0.23234422888256162 0.14193984190239373 -0.1133425197026764 -0.14480092700915553 15426.0 40896.0 76865.0 117490.0 157368.0 192964.0 222572.0 245778.0 262929.0 274735.0 282029.0 285632.0 286288.0 284637.0 281218.0 276468.0
1 1.0 223.73222453991488 -37.29707434070661 -0.19592930082703086 0.7569696552424271 0.23234422888256162 0.14193984190239373 -0.1133425197026764 -0.14480092700915553 16237.999999999998 40512.0 73259.0 109130.0 143593.0 173867.0 198729.0 217995.0 232063.0 241597.0 247332.0 249978.0 250168.0 248441.0 245249.0 240959.0
2 1.0 207.80229189750034 -62.57615297620852 -0.19592930082703086 0.7569696552424271 0.23234422888256162 0.14193984190239373 -0.1133425197026764 -0.14480092700915553 15768.999999999998 40648.0 75030.0 113293.0 150457.0 183368.0 210566.0 231761.0 247332.0 257967.99999999997 264455.0 267560.0 267968.0 266272.0 262962.0 258442.0
3 1.0 85.64141569482311 -14.852452536717877 -0.19592930082703086 0.7569696552424271 0.23234422888256162 0.14193984190239373 -0.1133425197026764 -0.14480092700915553 14738.0 34541.0 60153.0 87502.0 113363.0 135851.0 154193.0 168340.0 178631.0 185579.0 189735.0 191625.0 191713.0 190396.0 188002.0 184799.0
4 1.0 336.3170392529258 -66.36792087481392 -0.19592930082703086 0.7569696552424271 0.23234422888256162 0.14193984190239373 -0.1133425197026764 -0.14480092700915553 4848.0 13814.0 27581.0 44370.0 62086.0 79052.0 94213.0 107054.0 117444.0 125484.00000000001 131400.0 135470.0 137977.0 139190.0 139349.0 138662.0
5 1.0 221.02774414772256 18.741204723758756 -0.19592930082703086 0.7569696552424271 0.23234422888256162 0.14193984190239373 -0.1133425197026764 -0.14480092700915553 22671.0 57926.0 105747.0 157848.0 207294.0 249982.0 284259.0 310061.0 328165.0 339696.0 345838.0 347691.0 346210.0 342197.0 336300.0 329040.0
6 1.0 192.827809088985 -21.094549351586267 -0.19592930082703086 0.7569696552424271 0.23234422888256162 0.14193984190239373 -0.1133425197026764 -0.14480092700915553 21157.0 54724.0 100798.0 151474.0 199959.0 242124.0 276227.0 302103.0 320446.0 332314.0 338845.0 341109.0 340040.0 336426.0 330910.0 324009.0
7 1.0 212.36759148764554 71.1694591718778 -0.19592930082703086 0.7569696552424271 0.23234422888256162 0.14193984190239373 -0.1133425197026764 -0.14480092700915553 10922.0 30382.0 59123.0 92786.0 126877.99999999999 158195.0 184992.0 206644.0 223235.0 235225.0 243237.0 247922.0 249895.0 249701.0 247807.0 244603.0
8 1.0 262.8439306260371 84.20304092373033 -0.19592930082703086 0.7569696552424271 0.23234422888256162 0.14193984190239373 -0.1133425197026764 -0.14480092700915553 11428.0 31662.000000000004 61402.0 96077.0 131045.0 163032.0 190286.0 212207.0 228914.0 240904.0 248833.0 253378.0 255174.0 254780.99999999997 252674.99999999997 249256.0
9 1.0 112.30019837265667 8.43928230049599 -0.19592930082703086 0.7569696552424271 0.23234422888256162 0.14193984190239373 -0.1133425197026764 -0.14480092700915553 2307.0 5577.0 9948.0 14758.0 19440.0 23642.0 27194.0 30060.0 32274.999999999996 33907.0 35040.0 35756.0 36128.0 36224.0 36098.0 35797.0
10 1.0 143.35958239779308 -40.531757423832616 -0.19592930082703086 0.7569696552424271 0.23234422888256162 0.14193984190239373 -0.1133425197026764 -0.14480092700915553 19039.0 48215.0 87797.0 131145.0 172633.0 208848.0 238334.0 260928.0 277176.0 287935.0 294136.0 296664.0 296297.0 293695.0 289404.0 283863.0
11 1.0 75.54374963104397 16.601475377130626 -0.19592930082703086 0.7569696552424271 0.23234422888256162 0.14193984190239373 -0.1133425197026764 -0.14480092700915553 7370.0 17859.0 31947.999999999996 47519.0 62736.0 76418.0 87987.0 97285.0 104409.0 109579.0 113066.0 115143.0 116067.0 116060.0 115316.0 113998.0
12 1.0 67.02948211692102 71.41700848039378 -0.19592930082703086 0.7569696552424271 0.23234422888256162 0.14193984190239373 -0.1133425197026764 -0.14480092700915553 6497.0 18307.0 36126.0 57475.0 79608.0 100434.0 118712.0 133899.0 145922.0 154983.0 161415.0 165599.0 167910.0 168692.0 168248.0 166834.0
13 1.0 339.9740603942161 -16.787997749565307 -0.19592930082703086 0.7569696552424271 0.23234422888256162 0.14193984190239373 -0.1133425197026764 -0.14480092700915553 2529.0 7740.0 16268.000000000002 27209.0 39257.0 51245.0 62357.0 72123.0 80348.0 87013.0 92209.0 96082.0 98800.0 100531.0 101434.0 101651.0
14 1.0 266.2382862177435 9.374089804554757 -0.19592930082703086 0.7569696552424271 0.23234422888256162 0.14193984190239373 -0.1133425197026764 -0.14480092700915553 11880.0 27912.0 48770.0 71205.0 92598.0 111380.0 126869.00000000001 138970.0 147919.0 154101.0 157949.0 159881.0 160273.0 159452.0 157690.0 155213.0
15 1.0 176.56517110232414 -41.10250183089374 -0.19592930082703086 0.7569696552424271 0.23234422888256162 0.14193984190239373 -0.1133425197026764 -0.14480092700915553 21110.0 54529.0 100359.0 150744.0 198937.0 240848.0 274748.0 300476.0 318721.0 330534.0 337044.0 339313.0 338269.0 334695.0 329228.0 322382.0
16 1.0 81.86926607039636 -8.020053098995149 -0.19592930082703086 0.7569696552424271 0.23234422888256162 0.14193984190239373 -0.1133425197026764 -0.14480092700915553 13197.0 30868.0 53734.0 78200.0 101407.0 121667.0 138271.0 151147.0 160578.0 167005.0 170911.0 172758.0 172962.0 171879.0 169804.0 166981.0
17 1.0 91.56833343734147 -17.69156363167224 -0.19592930082703086 0.7569696552424271 0.23234422888256162 0.14193984190239373 -0.1133425197026764 -0.14480092700915553 14290.0 33550.0 58499.0 85176.0 110433.0 132425.0 150388.0 164264.0 174381.0 181232.0 185355.0 187261.0 187401.0 186162.0 183866.0 180775.0
18 1.0 20.89049771659522 -45.28557628506522 -0.19592930082703086 0.7569696552424271 0.23234422888256162 0.14193984190239373 -0.1133425197026764 -0.14480092700915553 12244.0 33548.0 64590.99999999999 100561.0 136658.0 169540.0 197443.0 219786.0 236724.0 248791.0 256676.00000000003 261089.00000000003 262688.0 262054.0 259680.00000000003 255975.99999999997
19 1.0 156.3899852009235 1.0559490885555078 -0.19592930082703086 0.7569696552424271 0.23234422888256162 0.14193984190239373 -0.1133425197026764 -0.14480092700915553 6008.0 16230.000000000002 31204.0 48814.0 66860.0 83726.0 98479.0 110733.0 120455.0 127816.99999999999 133088.0 136567.0 138550.0 139304.0 139067.0 138041.0
20 1.0 112.24651751787692 -34.13145132363395 -0.19592930082703086 0.7569696552424271 0.23234422888256162 0.14193984190239373 -0.1133425197026764 -0.14480092700915553 17463.0 42508.0 75658.0 111483.0 145545.0 175209.0 199376.0 217952.0 231388.0 240375.0 245659.0 247945.0 247860.0 245934.0 242605.0 238230.0
21 1.0 250.6836559735654 -22.85372450146545 -0.19592930082703086 0.7569696552424271 0.23234422888256162 0.14193984190239373 -0.1133425197026764 -0.14480092700915553 9458.0 22555.0 39837.0 58646.0 76772.0 92845.0 106237.0 116817.0 124749.0 130333.0 133919.0 135854.0 136451.0 135988.0 134696.0 132769.0
22 1.0 135.99066214529313 4.494679605767573 -0.19592930082703086 0.7569696552424271 0.23234422888256162 0.14193984190239373 -0.1133425197026764 -0.14480092700915553 2452.0 6662.0 12940.0 20482.0 28392.0 35962.0 42746.0 48524.0 53234.0 56914.0 59659.0 61583.0 62809.00000000001 63451.99999999999 63617.00000000001 63395.00000000001
23 1.0 64.65732392146853 45.10710412721775 -0.19592930082703086 0.7569696552424271 0.23234422888256162 0.14193984190239373 -0.1133425197026764 -0.14480092700915553 5973.0 16145.0 31050.0 48577.0 66532.0 83298.0 97943.0 110076.0 119667.0 126889.0 132015.0 135346.0 137183.0 137796.0 137425.0 136276.0
24 1.0 8.884342220879242 -29.968656157570443 -0.19592930082703086 0.7569696552424271 0.23234422888256162 0.14193984190239373 -0.1133425197026764 -0.14480092700915553 9323.0 26187.0 51394.0 81253.0 111820.0 140201.0 164755.0 184839.0 200454.0 211958.0 219869.0 224747.0 227131.0 227502.0 226278.0 223811.0
25 1.0 24.20986732676949 76.34857799173744 -0.19592930082703086 0.7569696552424271 0.23234422888256162 0.14193984190239373 -0.1133425197026764 -0.14480092700915553 10475.0 28972.0 56182.0 87976.0 120127.0 149633.0 174863.0 195236.0 210836.0 222100.0 229617.0 234002.0 235835.0 235629.0 233825.0 230791.0
26 1.0 244.58139845948423 65.21733843046243 -0.19592930082703086 0.7569696552424271 0.23234422888256162 0.14193984190239373 -0.1133425197026764 -0.14480092700915553 15906.0 43131.0 82124.0 126485.99999999999 170161.0 209150.0 241515.0 266786.0 285350.0 298011.0 305705.0 309352.0 309784.0 307714.0 303735.0 298331.0
27 1.0 163.33086404017632 -81.23574672440486 -0.19592930082703086 0.7569696552424271 0.23234422888256162 0.14193984190239373 -0.1133425197026764 -0.14480092700915553 15765.999999999998 41337.0 77115.0 117252.0 156443.0 191275.0 220140.0 242687.0 259290.00000000003 270668.0 277648.0 281038.0 281566.0 279859.0 276439.0 271732.0
28 1.0 193.16851599914 -44.3443456337719 -0.19592930082703086 0.7569696552424271 0.23234422888256162 0.14193984190239373 -0.1133425197026764 -0.14480092700915553 20747.0 53321.0 97850.0 146732.0 193469.0 234131.0 267058.0 292094.0 309899.0 321481.0 327927.0 330257.0 329368.0 326013.0 320809.0 314255.0
29 1.0 322.80166549452315 -9.695607721343649 -0.19592930082703086 0.7569696552424271 0.23234422888256162 0.14193984190239373 -0.1133425197026764 -0.14480092700915553 1340.0 4126.0 8739.0 14731.0 21411.0 28141.0 34457.0 40083.0 44893.0 48860.0 52022.0 54450.0 56229.0 57449.0 58192.0 58538.0
0 1.0 356.52202106281356 -71.16698002635466 -0.19592930082703086 0.7569696552424271 0.23234422888256162 0.14193984190239373 -0.1133425197026764 -0.14480092700915553 8089.000000000001 22324.0 43412.0 68320.0 93846.0 117631.0 138325.0 155376.0 168757.0 178737.0 185722.0 190160.0 192488.0 193099.0 192340.0 190503.0
1 1.0 78.08291438345061 -27.274321973970522 -0.19592930082703086 0.7569696552424271 0.23234422888256162 0.14193984190239373 -0.1133425197026764 -0.14480092700915553 20821.0 50092.0 88358.0 129259.00000000001 167745.0 200912.0 227627.0 247888.0 262286.0 271659.0 276887.0 278790.0 278084.0 275373.0 271151.0 265816.0
2 1.0 238.70815311603627 43.21755461118286 -0.19592930082703086 0.7569696552424271 0.23234422888256162 0.14193984190239373 -0.1133425197026764 -0.14480092700915553 20750.0 53988.0 99775.0 150247.0 198605.0 240707.0 274792.0 300681.0 319057.0 330971.0 337555.0 339876.0 338866.0 335311.0 329852.0 323006.0
3 1.0 94.79605562537424 32.49260660570866 -0.19592930082703086 0.7569696552424271 0.23234422888256162 0.14193984190239373 -0.1133425197026764 -0.14480092700915553 1514.0 4032.0 7746.0 12195.0 16867.0 21357.0 25408.0 28884.0 31745.000000000004 34005.0 35712.0 36931.0 37729.0 38173.0 38324.0 38237.0
4 1.0 7.434359807662325 22.02919714188087 -0.19592930082703086 0.7569696552424271 0.23234422888256162 0.14193984190239373 -0.1133425197026764 -0.14480092700915553 15491.0 42222.0 80671.0 124551.0 167857.0 206601.0 238827.0 264043.0 282617.0 295331.0 303108.0 306858.0 307402.0 305449.0 301588.0 296300.0
5 1.0 273.01631538101094 37.895112490022214 -0.19592930082703086 0.7569696552424271 0.23234422888256162 0.14193984190239373 -0.1133425197026764 -0.14480092700915553 17844.0 44835.0 81389.0 121475.0 159958.0 193696.0 221315.0 242622.0 258085.99999999997 268469.0 274610.0 277315.0 277297.0 275165.0 271423.0 266483.0
6 1.0 115.20617429608842 -53.113736347253685 -0.19592930082703086 0.7569696552424271 0.23234422888256162 0.14193984190239373 -0.1133425197026764 -0.14480092700915553 22163.0 56012.0 101633.0 151194.0 198195.0 238803.0 271472.0 296140.0 313531.0 324696.0 330744.0 332707.0 331488.0 327839.0 322377.0 315597.0
7 1.0 138.04700190188328 -28.494339324348218 -0.19592930082703086 0.7569696552424271 0.23234422888256162 0.14193984190239373 -0.1133425197026764 -0.14480092700915553 14169.0 35577.0 64696.0 96844.0 127970.0 155533.0 178367.0 196242.0 209466.0 218600.0 224282.0 227136.0 227725.0 226533.0 223968.0 220363.0
8 1.0 211.79416087929806 31.723646809943318 -0.19592930082703086 0.7569696552424271 0.23234422888256162 0.14193984190239373 -0.1133425197026764 -0.14480092700915553 18124.0 48146.0 90351.0 137657.0 183640.0 224213.0 257502.0 283163.0 301719.0 314089.0 321303.0 324353.0 324120.0 321355.0 316675.0 310583.0
9 1.0 299.17744388502854 68.26225734563889 -0.19592930082703086 0.7569696552424271 0.23234422888256162 0.14193984190239373 -0.1133425197026764 -0.14480092700915553 16264.0 44106.0 83945.0 129203.00000000001 173683.0 213312.0 246131.0 271685.0 290391.0 303081.0 310722.0 314258.0 314539.0 312292.0 308122.0 302522.0
10 1.0 226.43346369281355 7.86204968905713 -0.19592930082703086 0.7569696552424271 0.23234422888256162 0.14193984190239373 -0.1133425197026764 -0.14480092700915553 23301.0 57722.0 103432.0 152603.0 198908.0 238701.0 270568.0 294520.0 311316.0 322011.0 327706.0 329420.0 328035.0 324292.0 318790.0 312013.0
11 1.0 314.1542359610623 -39.11406282980341 -0.19592930082703086 0.7569696552424271 0.23234422888256162 0.14193984190239373 -0.1133425197026764 -0.14480092700915553 291.0 1052.0 2509.0 4635.0 7242.0 10089.0 12953.0 15668.999999999998 18131.0 20283.0 22107.0 23608.0 24809.0 25739.0 26428.0 26911.0
12 1.0 98.47513253362888 -84.55765355892314 -0.19592930082703086 0.7569696552424271 0.23234422888256162 0.14193984190239373 -0.1133425197026764 -0.14480092700915553 14929.0 39424.0 73941.0 112896.0 151138.0 185300.0 213758.0 236114.0 252692.00000000003 264164.0 271320.0 274938.0 275725.0 274292.0 271149.0 266717.0
13 1.0 287.29686020852296 37.8606292153584 -0.19592930082703086 0.7569696552424271 0.23234422888256162 0.14193984190239373 -0.1133425197026764 -0.14480092700915553 15388.0 39180.0 71840.0 108076.0 143236.0 174380.0 200152.0 220279.0 235114.0 245300.0 251572.00000000003 254645.0 255162.99999999997 253681.0 250661.00000000003 246483.0
14 1.0 66.8289399501428 -88.58086136848073 -0.19592930082703086 0.7569696552424271 0.23234422888256162 0.14193984190239373 -0.1133425197026764 -0.14480092700915553 13087.0 34725.0 65446.00000000001 100381.0 134943.0 166063.0 192204.0 212936.0 228493.0 239438.0 246457.0 250237.0 251407.0 250518.00000000003 248031.0 244329.0
15 1.0 343.0049965099 -22.9177674322208 -0.19592930082703086 0.7569696552424271 0.23234422888256162 0.14193984190239373 -0.1133425197026764 -0.14480092700915553 2529.0 7808.0 16513.0 27748.0 40183.0 52609.0 64168.0 74356.0 82954.0 89933.0 95379.0 99440.0 102289.0 104100.0 105040.0 105259.0
16 1.0 247.4957794996135 5.496698621300723 -0.19592930082703086 0.7569696552424271 0.23234422888256162 0.14193984190239373 -0.1133425197026764 -0.14480092700915553 17800.0 42097.0 73614.0 107243.0 138952.0 166409.0 188685.0 205747.0 218041.0 226220.0 230979.0 232971.0 232773.0 230876.0 227684.0 223527.0
17 1.0 77.58276376088104 75.98006311809476 -0.19592930082703086 0.7569696552424271 0.23234422888256162 0.14193984190239373 -0.1133425197026764 -0.14480092700915553 6375.0 18081.0 35838.0 57196.0 79401.0 100342.0 118758.0 134089.0 146253.0 155448.0 162005.0 166304.0 168720.0 169597.0 169238.0 167901.0
18 1.0 341.0534125760127 -73.89098189407798 -0.19592930082703086 0.7569696552424271 0.23234422888256162 0.14193984190239373 -0.1133425197026764 -0.14480092700915553 7261.0 20055.0 39056.0 61570.0 84720.0 106370.0 125286.00000000001 140952.0 153325.0 162636.0 169239.0 173532.0 175901.0 176701.0 176240.0 174781.0
19 1.0 263.1080904372568 -16.930382045708924 -0.19592930082703086 0.7569696552424271 0.23234422888256162 0.14193984190239373 -0.1133425197026764 -0.14480092700915553 6467.0 15074.0 26241.0 38273.0 49799.0 59985.0 68455.0 75139.0 80147.0 83671.0 85934.0 87154.0 87532.0 87241.0 86428.0 85216.0
20 1.0 91.4189913342093 -85.6236240521716 -0.19592930082703086 0.7569696552424271 0.23234422888256162 0.14193984190239373 -0.1133425197026764 -0.14480092700915553 14382.0 38043.0 71461.0 109262.0 146455.0 179759.0 207572.0 229486.0 245798.0 257147.0 264291.0 267982.0 268904.0 267649.0 264713.0 260507.0
21 1.0 76.79231185229351 -28.33002281851374 -0.19592930082703086 0.7569696552424271 0.23234422888256162 0.14193984190239373 -0.1133425197026764 -0.14480092700915553 21315.0 51459.0 90933.0 133147.0 172861.0 207064.0 234587.0 255432.0 270217.0 279813.0 285132.0 287023.0 286228.0 283370.0 278959.0 273408.0
22 1.0 186.55225701503878 22.00159059116308 -0.19592930082703086 0.7569696552424271 0.23234422888256162 0.14193984190239373 -0.1133425197026764 -0.14480092700915553 10904.0 29767.0 57269.0 89226.0 121433.0 150929.0 176124.0 196468.0 212057.0 223336.0 230889.0 235328.0 237227.0 237095.0 235366.0 232404.0
23 1.0 9.238578499631366 -39.767769318852295 -0.19592930082703086 0.7569696552424271 0.23234422888256162 0.14193984190239373 -0.1133425197026764 -0.14480092700915553 8715.0 24529.0 48256.0 76467.0 105459.0 132480.0 155949.0 175227.0 190290.0 201458.0 209210.0 214070.0 216542.0 217083.0 216088.0 213893.0
24 1.0 74.68922715879938 -52.245009061985684 -0.19592930082703086 0.7569696552424271 0.23234422888256162 0.14193984190239373 -0.1133425197026764 -0.14480092700915553 22700.0 58005.0 105898.0 158081.0 207607.0 250363.0 284693.0 310531.0 328658.0 340200.0 346343.0 348191.0 346701.0 342673.0 336760.0 329483.0
25 1.0 152.88676875054225 -69.17341800112314 -0.19592930082703086 0.7569696552424271 0.23234422888256162 0.14193984190239373 -0.1133425197026764 -0.14480092700915553 19817.0 51470.0 95135.0 143400.0 189803.0 230366.0 263362.0 288571.0 306605.0 318442.0 325145.0 327725.0 327069.0 323930.0 318923.0 312545.0
26 1.0 134.7011929203212 13.88524392366152 -0.19592930082703086 0.7569696552424271 0.23234422888256162 0.14193984190239373 -0.1133425197026764 -0.14480092700915553 1130.0 3231.0 6524.0 10651.0 15150.0 19619.0 23777.0 27459.0 30591.0 33163.0 35200.0 36749.0 37867.0 38612.0 39040.0 39204.0
27 1.0 166.88715277133184 35.14860106284348 -0.19592930082703086 0.7569696552424271 0.23234422888256162 0.14193984190239373 -0.1133425197026764 -0.14480092700915553 3093.0 9326.0 19405.0 32221.0 46228.0 60069.0 72802.0 83898.0 93145.0 100542.0 106210.0 110334.0 113121.0 114776.0 115492.0 115437.0
28 1.0 99.94633426610349 30.95228530724802 -0.19592930082703086 0.7569696552424271 0.23234422888256162 0.14193984190239373 -0.1133425197026764 -0.14480092700915553 1066.0 2869.0 5545.0 8764.0 12160.0 15447.0 18438.0 21038.0 23212.0 24965.0 26326.0 27337.0 28041.0 28485.0 28708.0 28750.0
29 1.0 211.24236472494076 80.79498372969132 -0.19592930082703086 0.7569696552424271 0.23234422888256162 0.14193984190239373 -0.1133425197026764 -0.14480092700915553 9990.0 27913.0 54528.0 85857.0 117736.0 147158.0 172456.0 193009.0 208863.0 220424.0 228258.0 232963.0 235106.0 235195.0 233664.0 230878.0
0 1.0 310.9880181323633 -89.51342149916951 -0.19592930082703086 0.7569696552424271 0.23234422888256162 0.14193984190239373 -0.1133425197026764 -0.14480092700915553 12542.0 33307.0 62842.99999999999 96507.0 129890.0 160024.0 185405.0 205594.0 220795.0 231538.0 238475.0 242265.0 243515.0 242756.0 240434.0 236922.0
1 1.0 42.31146814633191 26.49539770092649 -0.19592930082703086 0.7569696552424271 0.23234422888256162 0.14193984190239373 -0.1133425197026764 -0.14480092700915553 14324.0 37273.0 69314.0 105295.0 140529.0 171974.0 198166.0 218755.0 234039.0 244632.0 251257.0 254625.0 255384.99999999997 254096.0 251226.0 247164.0
2 1.0 186.2564785754811 18.070602677575124 -0.19592930082703086 0.7569696552424271 0.23234422888256162 0.14193984190239373 -0.1133425197026764 -0.14480092700915553 11603.0 31468.999999999996 60242.0 93488.0 126826.0 157216.0 183055.0 203816.0 219633.0 230990.0 238507.0 242827.0 244548.0 244196.0 242223.0 239003.0
3 1.0 47.54451828425519 15.973129794651868 -0.19592930082703086 0.7569696552424271 0.23234422888256162 0.14193984190239373 -0.1133425197026764 -0.14480092700915553 15558.0 39571.0 72501.0 109004.0 144395.0 175721.0 201622.0 221833.0 236714.0 246916.0 253180.00000000003 256228.99999999997 256711.00000000003 255185.0 252116.0 247886.0
4 1.0 258.06948522933374 83.29865757124364 -0.19592930082703086 0.7569696552424271 0.23234422888256162 0.14193984190239373 -0.1133425197026764 -0.14480092700915553 11586.0 32082.0 62183.0 97253.0 132592.0 164894.0 192392.0 214488.0 231307.0 243357.0 251304.00000000003 255834.0 257591.0 257141.99999999997 254967.99999999997 251471.99999999997
5 1.0 142.58149301062573 -86.96309879339286 -0.19592930082703086 0.7569696552424271 0.23234422888256162 0.14193984190239373 -0.1133425197026764 -0.14480092700915553 14051.0 37112.0 69670.0 106503.0 142762.0 175251.0 202406.0 223824.0 239789.0 250919.0 257951.0 261615.0 262576.0 261411.0 258604.0 254552.99999999997
6 1.0 203.55167226906323 35.36683752626102 -0.19592930082703086 0.7569696552424271 0.23234422888256162 0.14193984190239373 -0.1133425197026764 -0.14480092700915553 14671.0 39658.0 75496.0 116416.0 156905.0 193271.0 223679.0 247633.0 265435.0 277781.0 285505.0 289438.0 290337.0 288856.0 285546.0 280856.0
7 1.0 65.9807410370683 56.462156946335426 -0.19592930082703086 0.7569696552424271 0.23234422888256162 0.14193984190239373 -0.1133425197026764 -0.14480092700915553 5575.0 15497.0 30360.0 48108.0 66493.0 83804.0 99027.0 111717.0 121810.0 129468.0 134962.0 138601.0 140690.0 141508.0 141302.0 140284.0
8 1.0 52.1451933636158 1.7652953918851466 -0.19592930082703086 0.7569696552424271 0.23234422888256162 0.14193984190239373 -0.1133425197026764 -0.14480092700915553 18208.0 45276.0 81654.0 121340.0 159297.0 192476.0 219569.0 240421.0 255514.00000000003 265611.0 271545.0 274110.0 274009.0 271841.0 268101.0 263190.0
9 1.0 175.70026103362363 -29.886323472574354 -0.19592930082703086 0.7569696552424271 0.23234422888256162 0.14193984190239373 -0.1133425197026764 -0.14480092700915553 19710.0 50995.0 94039.0 141549.0 187194.0 227087.0 259543.00000000003 284351.0 302112.0 313783.0 320408.0 322977.0 322362.0 319299.0 314395.0 308139.0
10 1.0 128.020585625984 52.35122938093289 -0.19592930082703086 0.7569696552424271 0.23234422888256162 0.14193984190239373 -0.1133425197026764 -0.14480092700915553 730.0 2452.0 5533.0 9786.0 14777.0 20039.0 25188.0 29962.0 34205.0 37850.0 40883.0 43333.0 45244.0 46673.0 47680.0 48323.0
11 1.0 338.5555002910127 -72.49627338616357 -0.19592930082703086 0.7569696552424271 0.23234422888256162 0.14193984190239373 -0.1133425197026764 -0.14480092700915553 6666.0 18517.0 36230.0 57333.0 79139.0 99625.0 117602.0 132557.0 144430.0 153419.0 159852.0 164094.0 166509.0 167426.0 167137.0 165891.0
12 1.0 275.5170913705075 -10.43358520861345 -0.19592930082703086 0.7569696552424271 0.23234422888256162 0.14193984190239373 -0.1133425197026764 -0.14480092700915553 4384.0 10157.0 17552.0 25405.0 32816.0 39269.0 44560.0 48681.0 51731.0 53852.0 55196.0 55906.0 56108.0 55909.0 55399.0 54652.0
13 1.0 269.51890314619703 3.5914274227508827 -0.19592930082703086 0.7569696552424271 0.23234422888256162 0.14193984190239373 -0.1133425197026764 -0.14480092700915553 9137.0 21282.0 37006.0 53886.0 69980.0 84127.0 95827.0 105011.0 111855.0 116646.0 119702.0 121332.0 121812.0 121380.0 120240.0 118555.0
14 1.0 325.33910630853603 34.91215396821855 -0.19592930082703086 0.7569696552424271 0.23234422888256162 0.14193984190239373 -0.1133425197026764 -0.14480092700915553 12567.0 33737.0 64052.0 98729.0 133178.0 164297.0 190509.0 211353.0 227038.0 238113.0 245256.0 249148.0 250417.99999999997 249614.0 247199.0 243558.0
15 1.0 30.032076759126678 -73.6405682341663 -0.19592930082703086 0.7569696552424271 0.23234422888256162 0.14193984190239373 -0.1133425197026764 -0.14480092700915553 12717.0 34179.0 64971.0 100261.0 135391.0 167193.0 194044.0 215453.0 231617.0 243081.0 250526.00000000003 254641.0 256062.99999999997 255352.00000000003 252979.99999999997 249338.0
16 1.0 198.78928917206636 -49.00328972318503 -0.19592930082703086 0.7569696552424271 0.23234422888256162 0.14193984190239373 -0.1133425197026764 -0.14480092700915553 19499.0 49981.0 91653.0 137476.0 181410.0 219768.0 250967.0 274823.0 291921.0 303179.0 309598.0 312125.0 311593.0 308708.0 304050.0 298086.0
17 1.0 210.4113848240768 -16.14571871577739 -0.19592930082703086 0.7569696552424271 0.23234422888256162 0.14193984190239373 -0.1133425197026764 -0.14480092700915553 22348.0 56505.0 102547.0 152559.0 199975.0 240926.0 273854.0 298700.0 316200.0 327418.0 333474.0 335413.0 334145.0 330432.0 324894.0 318030.0
18 1.0 346.2970962770024 22.193041143623518 -0.19592930082703086 0.7569696552424271 0.23234422888256162 0.14193984190239373 -0.1133425197026764 -0.14480092700915553 11661.0 31977.0 61582.0 95883.0 130301.0 161647.0 188244.0 209540.0 225686.0 237192.0 244716.0 248934.0 250473.99999999997 249889.0 247648.0 244141.0
19 1.0 105.17310964531758 69.65294061913514 -0.19592930082703086 0.7569696552424271 0.23234422888256162 0.14193984190239373 -0.1133425197026764 -0.14480092700915553 3616.0 10630.0 21683.0 35431.0 50174.0 64501.0 77489.0 88658.0 97849.0 105109.0 110596.0 114520.0 117102.0 118558.0 119083.0 118851.0
20 1.0 86.69836076956085 21.388710283447764 -0.19592930082703086 0.7569696552424271 0.23234422888256162 0.14193984190239373 -0.1133425197026764 -0.14480092700915553 3807.0 9262.0 16641.0 24875.0 33016.0 40434.0 46800.0 52001.0 56062.0 59080.0 61184.0 62512.0 63196.0 63353.99999999999 63089.99999999999 62494.0
21 1.0 36.10581921557922 -65.9769352317118 -0.19592930082703086 0.7569696552424271 0.23234422888256162 0.14193984190239373 -0.1133425197026764 -0.14480092700915553 14255.0 38234.0 72476.0 111503.0 150114.0 184828.0 213905.0 236868.0 253992.0 265926.0 273452.0 277354.0 278347.0 277055.0 273998.0 269608.0
22 1.0 5.9146666529307135 86.50442390171082 -0.19592930082703086 0.7569696552424271 0.23234422888256162 0.14193984190239373 -0.1133425197026764 -0.14480092700915553 10203.0 28381.0 55262.0 86795.0 118787.0 148229.0 173470.0 193910.0 209615.0 221008.0 228667.0 233199.0 235180.0 235119.0 233455.0 230552.0
23 1.0 334.6305540451886 66.92143225598872 -0.19592930082703086 0.7569696552424271 0.23234422888256162 0.14193984190239373 -0.1133425197026764 -0.14480092700915553 15301.0 41737.0 79795.0 123265.0 166203.0 204650.0 236658.0 261731.0 280224.0 292907.0 300692.0 304478.0 305078.0 303194.0 299411.0 294207.0
24 1.0 241.16995677272763 0.4897370061583217 -0.19592930082703086 0.7569696552424271 0.23234422888256162 0.14193984190239373 -0.1133425197026764 -0.14480092700915553 18812.0 44789.0 78594.0 114701.0 148731.0 178154.0 201965.0 220133.0 233153.0 241739.0 246647.0 248591.0 248198.0 245996.0 242426.0 237839.0
25 1.0 282.6550483283296 76.02263672339393 -0.19592930082703086 0.7569696552424271 0.23234422888256162 0.14193984190239373 -0.1133425197026764 -0.14480092700915553 14383.0 39354.0 75466.0 116904.0 158029.0 195034.0 226008.0 250421.0 268569.0 281154.0 289027.0 293035.0 293951.0 292443.0 289073.0 284300.0
26 1.0 101.42283807142167 7.448542876284435 -0.19592930082703086 0.7569696552424271 0.23234422888256162 0.14193984190239373 -0.1133425197026764 -0.14480092700915553 3843.0 8960.0 15550.0 22574.0 29217.0 35006.0 39747.0 43431.0 46144.0 48016.0 49185.0 49783.0 49925.0 49709.0 49219.0 48519.0
27 1.0 211.1076598270776 76.19509222004936 -0.19592930082703086 0.7569696552424271 0.23234422888256162 0.14193984190239373 -0.1133425197026764 -0.14480092700915553 10296.0 28739.0 56084.0 88226.0 120889.0 150995.0 176847.0 197819.0 213968.0 225717.0 233649.0 238379.0 240491.0 240505.0 238867.0 235951.0
28 1.0 23.023895803553206 59.38152634860177 -0.19592930082703086 0.7569696552424271 0.23234422888256162 0.14193984190239373 -0.1133425197026764 -0.14480092700915553 12468.0 33986.0 65148.0 101057.0 136910.0 169409.0 196852.0 218712.0 235181.0 246820.0 254330.99999999997 258427.00000000003 259768.0 258929.00000000003 256399.0 252581.99999999997
29 1.0 174.82593453646425 84.29155385297352 -0.19592930082703086 0.7569696552424271 0.23234422888256162 0.14193984190239373 -0.1133425197026764 -0.14480092700915553 8549.0 24073.0 47353.0 75022.0 103444.0 129921.00000000001 152904.0 171763.0 186475.0 197354.0 204873.0 209547.0 211876.0 212309.0 211238.0 208992.0
0 1.0 351.89825030800085 75.5609059400685 -0.19592930082703086 0.7569696552424271 0.23234422888256162 0.14193984190239373 -0.1133425197026764 -0.14480092700915553 12797.0 35168.0 67732.0 105357.0 142970.0 177080.0 205879.0 228808.0 246069.0 258253.99999999997 266103.0 270367.0 271742.0 270833.0 268153.0 264126.0
1 1.0 315.54188831397266 -83.5139128628575 -0.19592930082703086 0.7569696552424271 0.23234422888256162 0.14193984190239373 -0.1133425197026764 -0.14480092700915553 9896.0 26595.0 50710.0 78600.0 106663.0 132379.0 154394.0 172232.0 185970.0 195978.0 202752.0 206811.0 208646.0 208695.0 207333.0 204875.0
2 1.0 121.73722266126443 -58.54103925103081 -0.19592930082703086 0.7569696552424271 0.23234422888256162 0.14193984190239373 -0.1133425197026764 -0.14480092700915553 22140.0 56631.0 103511.0 154700.0 203389.0 245523.0 279443.0 305055.0 323102.0 334672.0 340922.0 342928.0 341631.0 337817.0 332126.0 325074.0
3 1.0 346.16525563493946 -19.95575812178656 -0.19592930082703086 0.7569696552424271 0.23234422888256162 0.14193984190239373 -0.1133425197026764 -0.14480092700915553 3423.0 10303.0 21378.0 35385.0 50611.0 65572.0 79255.0 91107.0 100920.0 108710.0 114626.0 118878.0 121698.0 123311.0 123927.0 123731.0
4 1.0 83.41258552963363 81.38568551317573 -0.19592930082703086 0.7569696552424271 0.23234422888256162 0.14193984190239373 -0.1133425197026764 -0.14480092700915553 7315.0 20668.0 40805.0 64880.99999999999 89766.0 113107.0 133524.0 150433.0 163774.0 173791.0 180871.0 185446.0 187938.0 188733.0 188168.0 186531.0
5 1.0 341.75477606964535 -35.99479449433267 -0.19592930082703086 0.7569696552424271 0.23234422888256162 0.14193984190239373 -0.1133425197026764 -0.14480092700915553 1927.0 6138.0 13281.0 22710.0 33344.0 44146.0 54349.0 63477.00000000001 71300.0 77758.0 82900.0 86832.0 89693.0 91625.0 92768.0 93251.0
6 1.0 338.8959736943395 -61.11582410023181 -0.19592930082703086 0.7569696552424271 0.23234422888256162 0.14193984190239373 -0.1133425197026764 -0.14480092700915553 3914.0 11413.0 23183.0 37802.0 53475.0 68704.0 82501.0 94348.0 104072.0 111720.0 117463.0 121528.0 124157.0 125585.0 126025.0 125665.0
7 1.0 287.71293144686103 69.53483989558077 -0.19592930082703086 0.7569696552424271 0.23234422888256162 0.14193984190239373 -0.1133425197026764 -0.14480092700915553 16164.000000000002 43851.0 83490.0 128548.0 172857.0 212359.0 245097.0 270608.0 289302.0 302003.0 309671.0 313245.0 313570.0 311371.0 307251.0 301699.0
8 1.0 226.9612572720448 -9.649005213023472 -0.19592930082703086 0.7569696552424271 0.23234422888256162 0.14193984190239373 -0.1133425197026764 -0.14480092700915553 20890.0 51044.0 90859.0 133658.0 174066.0 208958.0 237096.0 258448.99999999997 273626.0 283505.0 289010.0 291008.0 290253.0 287385.0 282924.0 277293.0
9 1.0 314.7436679849809 73.41760698377868 -0.19592930082703086 0.7569696552424271 0.23234422888256162 0.14193984190239373 -0.1133425197026764 -0.14480092700915553 14834.0 40523.0 77588.0 120021.0 162033.0 199744.0 231225.0 255962.00000000003 274281.0 286916.0 294749.0 298651.0 299415.0 297725.0 294155.0 289173.0
10 1.0 105.48730242280682 -61.15851606237421 -0.19592930082703086 0.7569696552424271 0.23234422888256162 0.14193984190239373 -0.1133425197026764 -0.14480092700915553 22117.0 56790.0 104044.0 155717.0 204905.0 247484.0 281761.0 307633.0 325849.0 337514.0 343798.0 345793.0 344449.0 340564.0 334787.0 327637.0
11 1.0 305.61967991265055 29.00115207145791 -0.19592930082703086 0.7569696552424271 0.23234422888256162 0.14193984190239373 -0.1133425197026764 -0.14480092700915553 10399.0 27165.0 50844.0 77792.0 104565.0 128832.0 149394.0 165882.0 178431.0 187437.0 193400.0 196831.0 198202.0 197931.0 196373.0 193824.0
12 1.0 222.43560909030856 -10.75252449069147 -0.19592930082703086 0.7569696552424271 0.23234422888256162 0.14193984190239373 -0.1133425197026764 -0.14480092700915553 21639.0 53417.0 95610.0 141079.0 184027.0 221081.0 250903.0 273462.0 289421.0 299729.0 305384.0 307316.0 306339.0 303134.0 298259.0 292163.0
13 1.0 4.765268793203816 -76.23238157454863 -0.19592930082703086 0.7569696552424271 0.23234422888256162 0.14193984190239373 -0.1133425197026764 -0.14480092700915553 9972.0 27087.0 52010.0 81000.0 110286.0 137193.0 160263.0 178969.0 193373.0 203856.0 210937.0 215163.0 217052.0 217066.0 215604.0 212997.0
14 1.0 125.00406645559904 35.363366037450106 -0.19592930082703086 0.7569696552424271 0.23234422888256162 0.14193984190239373 -0.1133425197026764 -0.14480092700915553 248.99999999999997 830.0 1873.0 3330.0 5069.0 6940.0 8815.0 10602.0 12240.0 13695.0 14954.0 16015.999999999998 16891.0 17591.0 18135.0 18538.0
15 1.0 53.330709941339414 -45.46822400295233 -0.19592930082703086 0.7569696552424271 0.23234422888256162 0.14193984190239373 -0.1133425197026764 -0.14480092700915553 21245.0 55211.0 101934.0 153359.0 202546.0 245288.0 279814.0 305966.0 324459.0 336378.0 342885.0 345072.0 343891.0 340141.0 334475.0 327417.0
16 1.0 353.45858033457114 -82.86920593568681 -0.19592930082703086 0.7569696552424271 0.23234422888256162 0.14193984190239373 -0.1133425197026764 -0.14480092700915553 10654.0 28656.0 54622.0 84594.0 114673.0 142146.0 165569.0 184451.0 198894.0 209317.0 216267.0 220317.0 222000.0 221793.0 220101.0 217264.0
17 1.0 172.2133105343957 -79.21002631507682 -0.19592930082703086 0.7569696552424271 0.23234422888256162 0.14193984190239373 -0.1133425197026764 -0.14480092700915553 16011.000000000002 41895.0 78041.0 118522.0 157990.0 193020.0 222008.0 244614.0 261229.0 272584.0 279516.0 282843.0 283300.0 281516.0 278017.0 273232.0
18 1.0 179.06089157951857 -79.00586332797828 -0.19592930082703086 0.7569696552424271 0.23234422888256162 0.14193984190239373 -0.1133425197026764 -0.14480092700915553 15668.999999999998 41000.0 76398.0 116076.0 154799.0 189205.0 217711.0 239975.0 256367.99999999997 267603.0 274497.0 277848.0 278375.0 276697.0 273327.0 268688.0
19 1.0 230.2101059035405 73.39193234730709 -0.19592930082703086 0.7569696552424271 0.23234422888256162 0.14193984190239373 -0.1133425197026764 -0.14480092700915553 12540.0 34589.0 66819.0 104195.0 141682.0 175777.0 204644.0 227690.0 245090.0 257417.0 265400.0 269785.0 271264.0 270443.0 267835.0 263867.0
20 1.0 132.6904582066623 43.17910520923817 -0.19592930082703086 0.7569696552424271 0.23234422888256162 0.14193984190239373 -0.1133425197026764 -0.14480092700915553 308.0 1129.0 2715.0 5041.0 7900.000000000001 11026.0 14177.0 17172.0 19896.0 22288.0 24328.0 26021.0 27389.0 28463.0 29274.0 29856.0
21 1.0 49.284097806815616 71.6512242984723 -0.19592930082703086 0.7569696552424271 0.23234422888256162 0.14193984190239373 -0.1133425197026764 -0.14480092700915553 8312.0 23124.0 45134.0 71127.0 97705.0 122382.0 143752.0 161263.0 174915.0 185013.0 192001.0 196362.0 198555.0 198997.0 198048.0 196010.0
22 1.0 295.9623839499284 31.064816033373845 -0.19592930082703086 0.7569696552424271 0.23234422888256162 0.14193984190239373 -0.1133425197026764 -0.14480092700915553 11946.0 30606.0 56517.0 85616.0 114209.0 139868.0 161401.0 178488.0 191334.0 200403.0 206252.0 209441.0 210482.0 209823.0 207840.0 204846.0
23 1.0 68.34524828499286 5.2091872255589635 -0.19592930082703086 0.7569696552424271 0.23234422888256162 0.14193984190239373 -0.1133425197026764 -0.14480092700915553 12857.0 30862.0 54668.0 80531.0 105342.0 127199.0 145257.0 159378.0 169828.0 177057.0 181571.0 183860.0 184366.0 183468.0 181484.0 178677.0
24 1.0 184.07483371672416 -35.19965441747191 -0.19592930082703086 0.7569696552424271 0.23234422888256162 0.14193984190239373 -0.1133425197026764 -0.14480092700915553 21175.0 54717.0 100719.0 151294.0 199665.0 241723.0 275736.0 301543.0 319835.0 331670.0 338183.0 340440.0 339374.0 335769.0 330267.0 323383.0
25 1.0 80.75413043090613 89.63320523916121 -0.19592930082703086 0.7569696552424271 0.23234422888256162 0.14193984190239373 -0.1133425197026764 -0.14480092700915553 9576.0 26753.0 52279.0 82363.0 113020.0 141356.0 165756.0 185608.0 200943.0 212144.0 219749.0 224332.0 226441.0 226562.0 225117.0 222459.0
26 1.0 35.22401441785226 -24.805969390909922 -0.19592930082703086 0.7569696552424271 0.23234422888256162 0.14193984190239373 -0.1133425197026764 -0.14480092700915553 19297.0 51034.0 95372.0 144763.0 192481.0 234322.0 268422.0 294506.0 313181.0 325447.0 332402.0 335090.0 334432.0 331208.0 326055.0 319491.0
27 1.0 310.388946271806 -5.28318914149628 -0.19592930082703086 0.7569696552424271 0.23234422888256162 0.14193984190239373 -0.1133425197026764 -0.14480092700915553 1321.0 3851.0 7865.000000000001 12925.0 18448.0 23928.0 29012.0 33500.0 37304.0 40415.0 42869.0 44727.0 46061.0 46945.0 47446.0 47630.0
28 1.0 350.2510160483269 -21.915868513776886 -0.19592930082703086 0.7569696552424271 0.23234422888256162 0.14193984190239373 -0.1133425197026764 -0.14480092700915553 4186.0 12443.0 25555.0 41937.0 59539.0 76643.0 92119.0 105382.0 116244.0 124768.0 131155.0 135665.0 138575.0 140150.0 140629.0 140222.0
29 1.0 345.90047690268005 86.31484728038254 -0.19592930082703086 0.7569696552424271 0.23234422888256162 0.14193984190239373 -0.1133425197026764 -0.14480092700915553 10605.0 29451.0 57253.0 89790.0 122724.0 152964.0 178829.0 199723.0 215731.0 227303.0 235040.0 239575.0 241498.0 241337.0 239540.0 236482.0
