idx D_km lam beta x1 y1 z1 x2 y2 z2 flux5 flux6 flux7 flux8 flux9 flux10 flux11 flux12 flux13 flux14 flux15 flux16 flux17 flux18 flux19 flux20
0 1.0 197.5728614138369 73.17998985981222 0.934297306403859 0.01270211288476095 0.0053637112964260115 -0.029556849261736764 -0.19222492657958823 -0.08458201530111165 12974.0 37459.0 74605.0 118840.0 164098.0 205916.0 241802.0 270819.0 293029.0 309034.0 319672.0 325828.0 328338.0 327944.0 325281.0 320878.0
1 1.0 257.468171894071 49.328519885754986 0.934297306403859 0.01270211288476095 0.0053637112964260115 -0.029556849261736764 -0.19222492657958823 -0.08458201530111165 10101.0 29995.0 61027.0 98863.0 138394.0 175644.0 208235.0 235136.0 256216.99999999997 271874.0 282750.0 289568.0 293034.0 293791.0 292396.0 289323.0
2 1.0 216.99481538579178 -30.033872634844457 0.934297306403859 0.01270211288476095 0.0053637112964260115 -0.029556849261736764 -0.19222492657958823 -0.08458201530111165 4396.0 12172.0 23892.0 38044.0 52916.0 67157.0 79920.0 90787.0 99645.0 106566.0 111726.0 115344.0 117647.0 118853.0 119158.0 118733.0
3 1.0 196.15794587888288 -75.40174980216058 0.934297306403859 0.01270211288476095 0.0053637112964260115 -0.029556849261736764 -0.19222492657958823 -0.08458201530111165 13783.0 37632.0 72347.0 112591.0 153029.0 189937.0 221335.0 246563.0 265775.0 279556.0 288663.0 293878.0 295934.0 295473.0 293044.0 289105.0
4 1.0 152.5157277620057 -16.69658914551468 0.934297306403859 0.01270211288476095 0.0053637112964260115 -0.029556849261736764 -0.19222492657958823 -0.08458201530111165 30130.0 67491.0 113422.0 160370.0 203054.0 238806.0 266859.0 287552.0 301752.0 310498.0 314816.0 315629.0 313726.0 309761.0 304263.0 297655.0
5 1.0 232.5218807039962 -48.19785440923031 0.934297306403859 0.01270211288476095 0.0053637112964260115 -0.029556849261736764 -0.19222492657958823 -0.08458201530111165 6432.0 18296.0 36479.0 58621.0 81963.0 104312.0 124295.0 141245.0 154993.0 165673.0 173577.0 179063.0 182497.0 184226.0 184560.0 183771.0
6 1.0 157.5313960545693 -66.15222574356306 0.934297306403859 0.01270211288476095 0.0053637112964260115 -0.029556849261736764 -0.19222492657958823 -0.08458201530111165 15600.0 41602.0 78673.0 120960.0 162897.0 200737.0 232587.0 257897.0 276931.0 290358.0 299003.0 303696.0 305201.0 304183.0 301206.0 296738.0
7 1.0 321.03828028154874 -80.38310727837145 0.934297306403859 0.01270211288476095 0.0053637112964260115 -0.029556849261736764 -0.19222492657958823 -0.08458201530111165 18186.0 49562.0 94814.0 146622.0 197925.0 243972.0 282402.0 312581.0 334905.0 350274.0 359768.0 364456.0 365309.0 363167.0 358731.0 352576.0
8 1.0 346.91859378037054 40.60698555790418 0.934297306403859 0.01270211288476095 0.0053637112964260115 -0.029556849261736764 -0.19222492657958823 -0.08458201530111165 11235.0 28998.0 54052.0 82678.0 111317.0 137513.0 159951.0 178178.0 192275.0 202609.0 209673.0 213983.0 216029.0 216247.0 215015.0 212650.0
9 1.0 138.03894677727996 -87.94305744749441 0.934297306403859 0.01270211288476095 0.0053637112964260115 -0.029556849261736764 -0.19222492657958823 -0.08458201530111165 16791.0 45928.0 88161.0 136763.0 185152.0 228838.0 265534.0 294573.0 316264.0 331407.0 340984.0 345982.0 347306.0 345742.0 341951.0 336477.0
10 1.0 285.02101370975925 48.70453473049972 0.934297306403859 0.01270211288476095 0.0053637112964260115 -0.029556849261736764 -0.19222492657958823 -0.08458201530111165 11969.0 35144.0 70822.0 113783.0 158130.0 199416.0 235086.0 264123.0 286512.0 302795.0 313765.0 320277.0 323147.0 323105.0 320778.0 316690.0
11 1.0 190.40217111104562 -63.549603827932486 0.934297306403859 0.01270211288476095 0.0053637112964260115 -0.029556849261736764 -0.19222492657958823 -0.08458201530111165 11960.0 32132.0 61259.0 94939.0 128814.00000000001 159835.0 186365.0 207835.0 224345.0 236349.0 244452.0 249288.0 251452.0 251473.0 249804.0 246826.0
12 1.0 204.49604199381562 -75.68602513438397 0.934297306403859 0.01270211288476095 0.0053637112964260115 -0.029556849261736764 -0.19222492657958823 -0.08458201530111165 13612.0 37259.0 71762.0 111833.0 152162.0 189023.0 220428.0 245701.0 264984.0 278850.0 288049.0 293357.0 295501.0 295123.0 292771.0 288899.0
13 1.0 333.214789785358 -73.87145383705104 0.934297306403859 0.01270211288476095 0.0053637112964260115 -0.029556849261736764 -0.19222492657958823 -0.08458201530111165 20257.0 54445.0 103058.0 158048.0 211915.0 259774.0 299306.0 330002.0 352395.0 367513.0 376536.0 380614.0 380776.0 377903.0 372725.0 365836.0
14 1.0 25.5729809512393 30.968605323704594 0.934297306403859 0.01270211288476095 0.0053637112964260115 -0.029556849261736764 -0.19222492657958823 -0.08458201530111165 4286.0 11841.0 23226.0 36977.0 51427.0 65262.0 77661.0 88220.0 96836.0 103585.0 108637.0 112207.0 114514.0 115765.0 116148.0 115827.0
15 1.0 31.366547892554657 -45.83390222648794 0.934297306403859 0.01270211288476095 0.0053637112964260115 -0.029556849261736764 -0.19222492657958823 -0.08458201530111165 18078.0 45629.0 83236.0 124839.0 165163.0 200885.0 230475.0 253628.00000000003 270744.0 282551.0 289882.0 293548.0 294283.0 292716.0 289376.0 284695.0
16 1.0 7.278623078517259 -14.302895997582283 0.934297306403859 0.01270211288476095 0.0053637112964260115 -0.029556849261736764 -0.19222492657958823 -0.08458201530111165 20537.0 45040.0 74554.0 104259.0 130949.00000000001 153103.0 170366.0 183028.0 191673.0 196965.0 199545.0 199983.0 198761.0 196279.0 192858.0 188755.0
17 1.0 299.74314439725765 10.326382438305046 0.934297306403859 0.01270211288476095 0.0053637112964260115 -0.029556849261736764 -0.19222492657958823 -0.08458201530111165 22602.0 59032.0 109699.0 166133.0 220780.0 268880.0 308278.0 338609.0 360514.0 375090.0 383563.0 387107.0 386765.0 383426.0 377821.0 370542.0
18 1.0 280.13643034194615 64.89921128918289 0.934297306403859 0.01270211288476095 0.0053637112964260115 -0.029556849261736764 -0.19222492657958823 -0.08458201530111165 11167.0 33073.0 67079.0 108315.0 151142.0 191238.0 226073.0 254596.0 276735.0 292973.0 304049.0 310774.0 313930.0 314219.0 312249.0 308530.0
19 1.0 313.2043733688549 40.8679672880391 0.934297306403859 0.01270211288476095 0.0053637112964260115 -0.029556849261736764 -0.19222492657958823 -0.08458201530111165 15290.0 41335.0 78961.0 122327.0 165688.0 205077.0 238424.0 265068.0 285219.0 299534.0 308846.0 314009.0 315816.0 314961.0 312035.0 307527.0
20 1.0 352.30260320379506 -41.34097705703137 0.934297306403859 0.01270211288476095 0.0053637112964260115 -0.029556849261736764 -0.19222492657958823 -0.08458201530111165 29981.0 69678.0 119999.0 172550.0 221086.0 262245.0 294889.0 319231.0 336162.0 346818.0 352350.0 353809.0 352099.0 347975.0 342049.0 334813.0
21 1.0 287.6970831180205 -66.33309612759703 0.934297306403859 0.01270211288476095 0.0053637112964260115 -0.029556849261736764 -0.19222492657958823 -0.08458201530111165 16663.0 45884.0 88489.0 137731.0 186910.0 231411.0 268856.0 298526.0 320711.0 336214.0 346031.0 351166.0 352544.0 350969.0 347117.0 341544.0
22 1.0 166.13257041105547 -80.03262232418437 0.934297306403859 0.01270211288476095 0.0053637112964260115 -0.029556849261736764 -0.19222492657958823 -0.08458201530111165 15618.0 42592.0 81682.0 126739.99999999999 171728.0 212498.0 246910.0 274306.0 294932.0 309495.0 318878.0 323980.0 325627.0 324544.0 321343.0 316531.0
23 1.0 280.99050346312396 -35.712245793430355 0.934297306403859 0.01270211288476095 0.0053637112964260115 -0.029556849261736764 -0.19222492657958823 -0.08458201530111165 14388.0 40678.0 79938.0 126167.0 173049.0 216045.0 252682.00000000003 282092.0 304415.0 320325.0 330722.0 336538.0 338645.0 337814.0 334698.0 329839.0
24 1.0 42.57879331281596 -42.818733136857915 0.934297306403859 0.01270211288476095 0.0053637112964260115 -0.029556849261736764 -0.19222492657958823 -0.08458201530111165 15489.0 40080.0 74393.0 113009.0 150978.0 185050.0 213628.0 236287.0 253300.00000000003 265286.0 272989.0 277153.0 278461.0 277509.0 274798.0 270747.0
25 1.0 230.3715676779086 -7.894697975913658 0.934297306403859 0.01270211288476095 0.0053637112964260115 -0.029556849261736764 -0.19222492657958823 -0.08458201530111165 3056.0 9057.0 18668.0 30834.0 44111.0 57240.0 69348.0 79945.0 88835.0 96011.0 101586.0 105724.0 108613.0 110441.0 111379.0 111585.0
26 1.0 51.607183467256704 32.990640398582485 0.934297306403859 0.01270211288476095 0.0053637112964260115 -0.029556849261736764 -0.19222492657958823 -0.08458201530111165 3155.0 9623.0 20235.0 33919.0 49077.0 64255.00000000001 78406.0 90910.0 101490.0 110100.0 116838.0 121879.0 125431.99999999999 127707.99999999999 128910.0 129223.0
27 1.0 340.0808101378502 35.21258021499429 0.934297306403859 0.01270211288476095 0.0053637112964260115 -0.029556849261736764 -0.19222492657958823 -0.08458201530111165 14336.0 35722.0 64946.00000000001 97520.0 129443.0 158106.0 182226.0 201458.0 216018.0 226404.0 233217.0 237062.0 238498.0 238013.0 236023.0 232874.0
28 1.0 187.8653958300258 -38.96660761521 0.934297306403859 0.01270211288476095 0.0053637112964260115 -0.029556849261736764 -0.19222492657958823 -0.08458201530111165 10215.0 25602.0 46736.0 70412.0 93742.0 114823.0 132696.0 147083.0 158110.0 166113.0 171513.0 174734.0 176173.0 176181.0 175057.0 173053.0
29 1.0 149.2782983965885 -21.61314793797831 0.934297306403859 0.01270211288476095 0.0053637112964260115 -0.029556849261736764 -0.19222492657958823 -0.08458201530111165 28960.0 66209.0 112847.0 161176.0 205590.0 243129.0 272836.0 294950.0 310307.0 319952.0 324939.0 326225.0 324631.0 320843.0 315417.0 308800.0
0 1.0 95.24002035766571 -57.39282688735745 0.934297306403859 0.01270211288476095 0.0053637112964260115 -0.029556849261736764 -0.19222492657958823 -0.08458201530111165 18157.0 49452.0 94560.0 146182.0 197287.0 243154.0 281434.0 311500.0 333746.0 349070.0 358544.0 363232.0 364101.0 361986.0 357586.0 351471.0
1 1.0 278.724128196318 51.93819221517336 0.934297306403859 0.01270211288476095 0.0053637112964260115 -0.029556849261736764 -0.19222492657958823 -0.08458201530111165 11406.0 33730.0 68326.0 110214.0 153654.0 194266.0 229497.0 258295.0 280604.0 296926.0 308018.0 314708.0 317790.0 317980.0 315894.0 312047.0
2 1.0 164.21411959795748 -79.76734624201674 0.934297306403859 0.01270211288476095 0.0053637112964260115 -0.029556849261736764 -0.19222492657958823 -0.08458201530111165 15656.0 42680.0 81828.0 126939.0 171968.0 212766.0 247194.0 274596.0 295221.0 309776.0 319149.0 324238.0 325872.0 324776.0 321562.0 316737.0
3 1.0 204.63622159271347 35.459503510497726 0.934297306403859 0.01270211288476095 0.0053637112964260115 -0.029556849261736764 -0.19222492657958823 -0.08458201530111165 11858.0 30432.0 56491.0 86136.0 115687.0 142623.0 165620.0 184235.0 198573.0 209031.0 216124.0 220393.0 222345.0 222431.0 221040.0 218500.0
4 1.0 6.764328157087851 50.1651712693986 0.934297306403859 0.01270211288476095 0.0053637112964260115 -0.029556849261736764 -0.19222492657958823 -0.08458201530111165 6812.0 19158.0 37885.0 60489.0 84121.0 106562.0 126452.00000000001 143161.0 156564.0 166832.0 174293.0 179328.0 182326.0 183644.0 183601.0 182472.0
5 1.0 222.34877894731574 49.93336113277556 0.934297306403859 0.01270211288476095 0.0053637112964260115 -0.029556849261736764 -0.19222492657958823 -0.08458201530111165 10697.0 30227.0 59613.0 94614.0 130612.0 164167.0 193297.0 217198.0 235834.0 249608.0 259118.00000000003 265023.0 267955.0 268488.0 267117.0 264261.0
6 1.0 220.3544601800717 -43.303938417836115 0.934297306403859 0.01270211288476095 0.0053637112964260115 -0.029556849261736764 -0.19222492657958823 -0.08458201530111165 5761.0 16062.0 31611.0 50361.0 70000.0 88728.0 105431.0 119579.0 131045.0 139946.0 146529.0 151093.0 153943.0 155367.0 155624.0 154940.0
7 1.0 222.0962388749125 -22.713635172138936 0.934297306403859 0.01270211288476095 0.0053637112964260115 -0.029556849261736764 -0.19222492657958823 -0.08458201530111165 3553.0 10089.0 20174.0 32586.999999999996 45843.0 58721.0 70416.0 80504.0 88837.0 95450.0 100474.0 104092.0 106500.0 107888.0 108431.0 108285.0
8 1.0 339.7493082652647 15.76793433535002 0.934297306403859 0.01270211288476095 0.0053637112964260115 -0.029556849261736764 -0.19222492657958823 -0.08458201530111165 23276.0 52436.0 88650.0 126080.0 160522.0 189756.0 213051.0 230573.0 242932.0 250904.00000000003 255273.00000000003 256757.0 255977.99999999997 253457.0 249621.0 244812.0
9 1.0 245.45530767725404 -40.892057563595934 0.934297306403859 0.01270211288476095 0.0053637112964260115 -0.029556849261736764 -0.19222492657958823 -0.08458201530111165 5733.0 16863.0 34454.0 56408.0 80021.0 103017.0 123885.0 141824.0 156562.0 168162.0 176877.0 183047.0 187037.0 189201.0 189861.0 189304.0
10 1.0 129.42284420656296 -23.246496140780025 0.934297306403859 0.01270211288476095 0.0053637112964260115 -0.029556849261736764 -0.19222492657958823 -0.08458201530111165 28696.0 70332.0 125245.0 184088.0 239386.0 286855.0 324853.0 353413.0 373445.0 386207.0 393007.0 395059.0 393412.0 388945.0 382376.0 374279.0
11 1.0 157.33150336776293 -54.530229566584865 0.934297306403859 0.01270211288476095 0.0053637112964260115 -0.029556849261736764 -0.19222492657958823 -0.08458201530111165 16553.0 42670.0 78948.0 119606.0 159421.0 195004.0 224718.0 248163.0 265658.0 277880.0 285626.0 289687.0 290785.0 289547.0 286499.0 282076.0
12 1.0 251.14723053381536 -7.225940923918671 0.934297306403859 0.01270211288476095 0.0053637112964260115 -0.029556849261736764 -0.19222492657958823 -0.08458201530111165 4029.9999999999995 12644.0 27030.0 45747.0 66554.0 87382.0 106746.0 123774.0 138085.0 149631.0 158566.0 165150.0 169684.0 172474.0 173806.0 173940.0
13 1.0 21.68116978653714 -81.96978577425946 0.934297306403859 0.01270211288476095 0.0053637112964260115 -0.029556849261736764 -0.19222492657958823 -0.08458201530111165 18548.0 50414.0 96246.0 148600.0 200338.0 246689.0 285300.0 315560.0 337889.0 353210.0 362618.0 367198.0 367930.0 365662.0 361098.0 354816.0
14 1.0 240.03601756044037 53.96325922271123 0.934297306403859 0.01270211288476095 0.0053637112964260115 -0.029556849261736764 -0.19222492657958823 -0.08458201530111165 10352.0 30275.0 60997.0 98167.0 136793.0 173048.0 204675.0 230714.0 251074.00000000003 266157.0 276600.0 283112.0 286381.0 287030.0 285601.0 282553.0
15 1.0 241.4296330625374 -76.1478395424061 0.934297306403859 0.01270211288476095 0.0053637112964260115 -0.029556849261736764 -0.19222492657958823 -0.08458201530111165 13860.0 38259.0 74086.0 115872.0 158051.0 196681.0 229638.0 256182.00000000003 276442.0 291007.0 300660.0 306215.0 308437.0 308002.0 305488.0 301377.0
16 1.0 75.73772198658273 3.3903267896746883 0.934297306403859 0.01270211288476095 0.0053637112964260115 -0.029556849261736764 -0.19222492657958823 -0.08458201530111165 6536.0 19211.0 39173.0 63965.99999999999 90479.0 116133.0 139251.0 158977.0 175051.0 187586.0 196898.0 203390.0 207486.0 209588.0 210059.0 209215.0
17 1.0 46.41346715574719 -34.7741820818647 0.934297306403859 0.01270211288476095 0.0053637112964260115 -0.029556849261736764 -0.19222492657958823 -0.08458201530111165 12825.0 33446.0 62520.00000000001 95573.0 128401.99999999999 158169.0 183414.0 203687.0 219148.0 230278.0 237679.0 241971.0 243728.0 243461.0 241602.0 238513.0
18 1.0 113.55420633270619 13.957730789647584 0.934297306403859 0.01270211288476095 0.0053637112964260115 -0.029556849261736764 -0.19222492657958823 -0.08458201530111165 23515.0 61984.0 115599.0 175222.0 232747.0 283125.0 324131.0 355454.0 377840.0 392503.0 400773.0 403911.0 403028.0 399064.0 392788.0 384820.0
19 1.0 130.93587753934415 82.69800135001651 0.934297306403859 0.01270211288476095 0.0053637112964260115 -0.029556849261736764 -0.19222492657958823 -0.08458201530111165 11154.0 33044.0 67038.0 108273.0 151114.0 191236.0 226103.0 254659.00000000003 276830.0 293097.0 304197.0 310941.0 314112.0 314411.0 312448.0 308734.0
20 1.0 205.27083735043666 26.20264400208069 0.934297306403859 0.01270211288476095 0.0053637112964260115 -0.029556849261736764 -0.19222492657958823 -0.08458201530111165 10240.0 25794.0 47352.0 71722.0 95942.0 118001.0 136843.0 152117.0 163909.0 172538.0 178423.0 182000.0 183680.0 183833.0 182774.0 180769.0
21 1.0 157.89654484643532 -83.63476156401164 0.934297306403859 0.01270211288476095 0.0053637112964260115 -0.029556849261736764 -0.19222492657958823 -0.08458201530111165 16169.0 44189.0 84818.0 131630.0 178316.0 220555.0 256127.0 284364.0 305538.0 320401.0 329886.0 334935.0 336415.0 335083.0 331576.0 326420.0
22 1.0 355.8145817013214 -12.527560888548976 0.934297306403859 0.01270211288476095 0.0053637112964260115 -0.029556849261736764 -0.19222492657958823 -0.08458201530111165 27176.0 58501.0 95427.0 131864.0 163973.0 190090.0 209976.0 224146.0 233424.0 238693.0 240774.0 240379.0 238100.0 234415.0 229707.0 224277.0
23 1.0 36.736131869290105 1.803033417285036 0.934297306403859 0.01270211288476095 0.0053637112964260115 -0.029556849261736764 -0.19222492657958823 -0.08458201530111165 5054.0 13369.0 25415.0 39524.0 53985.0 67533.0 79433.0 89366.0 97297.0 103352.0 107738.0 110688.0 112435.0 113192.0 113146.0 112461.0
24 1.0 75.19563219414049 6.511949046621353 0.934297306403859 0.01270211288476095 0.0053637112964260115 -0.029556849261736764 -0.19222492657958823 -0.08458201530111165 6091.0 18051.0 37044.0 60797.0 86349.0 111205.0 133715.0 153014.0 168820.0 181215.0 190489.0 197020.0 201211.0 203447.0 204081.0 203420.0
25 1.0 58.07142643859865 32.65065190869082 0.934297306403859 0.01270211288476095 0.0053637112964260115 -0.029556849261736764 -0.19222492657958823 -0.08458201530111165 3271.0 10146.0 21575.0 36443.0 53007.0 69650.0 85201.0 98962.0 110620.0 120123.0 127579.0 133181.0 137157.0 139741.0 141154.0 141596.0
26 1.0 235.11899716754343 -40.032702408282105 0.934297306403859 0.01270211288476095 0.0053637112964260115 -0.029556849261736764 -0.19222492657958823 -0.08458201530111165 5056.0 14649.0 29650.0 48251.0 68181.0 87553.0 105125.0 120248.0 132706.0 142559.0 150018.0 155365.0 158902.0 160917.0 161676.0 161412.0
27 1.0 91.18497691432157 -66.80509821606236 0.934297306403859 0.01270211288476095 0.0053637112964260115 -0.029556849261736764 -0.19222492657958823 -0.08458201530111165 18110.0 49338.0 94362.0 145902.0 196938.0 242752.0 280997.0 311044.0 333283.0 348609.0 358092.0 362794.0 363680.0 361583.0 357202.0 351106.0
28 1.0 167.87187822827028 -19.31837822152302 0.934297306403859 0.01270211288476095 0.0053637112964260115 -0.029556849261736764 -0.19222492657958823 -0.08458201530111165 22378.0 49622.0 82875.0 116742.0 147497.0 173275.0 193547.0 208561.0 218933.0 225402.0 228697.0 229473.0 228293.0 225621.0 221838.0 217244.0
29 1.0 87.99321312057698 82.1530301032708 0.934297306403859 0.01270211288476095 0.0053637112964260115 -0.029556849261736764 -0.19222492657958823 -0.08458201530111165 10101.0 30142.0 61524.0 99890.0 140047.0 177937.0 211120.0 238528.0 260019.99999999997 275990.0 287091.0 294058.0 297609.0 298399.0 296996.0 293882.0
0 1.0 57.2290501123871 -56.31643948484795 0.934297306403859 0.01270211288476095 0.0053637112964260115 -0.029556849261736764 -0.19222492657958823 -0.08458201530111165 17446.0 46709.0 88409.0 135839.0 182665.0 224673.0 259780.99999999997 287435.0 307994.0 322261.0 331197.0 335759.0 336818.0 335129.0 331323.0 325921.0
1 1.0 39.73505081914985 72.71711188708267 0.934297306403859 0.01270211288476095 0.0053637112964260115 -0.029556849261736764 -0.19222492657958823 -0.08458201530111165 7738.0 23250.0 47847.0 78337.0 110723.0 141756.0 169389.0 192640.0 211274.0 225507.0 235792.0 242668.0 246685.0 248354.0 248127.0 246395.0
2 1.0 236.27865220749842 7.885071013918747 0.934297306403859 0.01270211288476095 0.0053637112964260115 -0.029556849261736764 -0.19222492657958823 -0.08458201530111165 3922.0 11759.0 24369.0 40337.0 57736.0 74885.0 90638.0 104355.0 115788.0 124942.0 131972.0 137103.0 140591.0 142686.0 143621.0 143603.0
3 1.0 49.74586248550097 -7.755944103762147 0.934297306403859 0.01270211288476095 0.0053637112964260115 -0.029556849261736764 -0.19222492657958823 -0.08458201530111165 5849.0 15982.0 31025.0 48937.0 67506.0 85049.0 100557.0 113574.0 124020.0 132038.0 137885.0 141857.0 144252.0 145346.0 145384.0 144577.0
4 1.0 70.76965020481926 68.76745384138013 0.934297306403859 0.01270211288476095 0.0053637112964260115 -0.029556849261736764 -0.19222492657958823 -0.08458201530111165 7933.000000000001 24014.0 49652.0 81550.0 115515.0 148116.0 177176.0 201638.0 221240.0 236202.0 246994.0 254185.0 258355.0 260044.0 259732.00000000003 257834.0
5 1.0 132.74106143794708 -7.451286881654539 0.934297306403859 0.01270211288476095 0.0053637112964260115 -0.029556849261736764 -0.19222492657958823 -0.08458201530111165 34248.0 80803.0 140267.0 202486.0 259843.0 308252.0 346360.0 374470.0 393700.0 405462.0 411170.0 412102.0 409354.0 403829.0 396260.0 387227.0
6 1.0 295.55756274525663 40.350174590077785 0.934297306403859 0.01270211288476095 0.0053637112964260115 -0.029556849261736764 -0.19222492657958823 -0.08458201530111165 13996.0 39832.0 78540.0 124198.0 170551.0 213097.0 249382.0 278539.0 300700.0 316527.0 326902.0 332746.0 334918.0 334179.0 331173.0 326436.0
7 1.0 34.956459285502056 -18.17544209344163 0.934297306403859 0.01270211288476095 0.0053637112964260115 -0.029556849261736764 -0.19222492657958823 -0.08458201530111165 9580.0 24074.0 44044.0 66476.0 88638.0 108714.0 125778.0 139550.0 150138.0 157855.0 163092.0 166253.0 167712.0 167801.0 166807.0 164967.0
8 1.0 301.6601666995694 72.7279907221724 0.934297306403859 0.01270211288476095 0.0053637112964260115 -0.029556849261736764 -0.19222492657958823 -0.08458201530111165 10616.0 31409.0 63712.00000000001 102952.0 143805.0 182170.0 215620.0 243124.0 264584.0 280435.0 291360.0 298115.0 301438.0 301994.0 300360.0 297023.0
9 1.0 34.59542684182671 34.20450363442093 0.934297306403859 0.01270211288476095 0.0053637112964260115 -0.029556849261736764 -0.19222492657958823 -0.08458201530111165 3592.0 10414.0 21123.0 34465.0 48839.0 62893.00000000001 75718.0 86823.0 96027.0 103353.0 108938.0 112978.0 115685.0 117267.0 117916.0 117804.0
10 1.0 351.5254074048225 35.931969765093015 0.934297306403859 0.01270211288476095 0.0053637112964260115 -0.029556849261736764 -0.19222492657958823 -0.08458201530111165 11210.0 28136.0 51499.0 77808.0 103856.0 127491.0 147600.0 163831.0 176300.0 185367.0 191495.0 195160.0 196807.0 196832.0 195577.0 193324.0
11 1.0 168.71443259317257 -31.010327719718596 0.934297306403859 0.01270211288476095 0.0053637112964260115 -0.029556849261736764 -0.19222492657958823 -0.08458201530111165 18354.0 42660.0 73753.0 106659.0 137553.0 164265.0 185950.0 202597.0 214644.0 222714.0 227473.0 229546.0 229486.0 227762.0 224767.0 220818.0
12 1.0 351.6339917485214 46.22015569264005 0.934297306403859 0.01270211288476095 0.0053637112964260115 -0.029556849261736764 -0.19222492657958823 -0.08458201530111165 9235.0 24865.0 47691.0 74450.0 101769.0 127178.99999999999 149272.0 167478.0 181773.0 192444.0 199925.0 204692.0 207207.0 207890.0 207109.0 205175.0
13 1.0 217.74438710821656 24.490989980485438 0.934297306403859 0.01270211288476095 0.0053637112964260115 -0.029556849261736764 -0.19222492657958823 -0.08458201530111165 7051.0 19171.0 37092.0 58357.0 80326.0 101011.0 119230.0 134460.0 146621.0 155893.0 162586.0 167059.0 169666.0 170737.0 170565.0 169401.0
14 1.0 266.1348885833886 -46.79635079165228 0.934297306403859 0.01270211288476095 0.0053637112964260115 -0.029556849261736764 -0.19222492657958823 -0.08458201530111165 10251.0 29510.0 59015.0 94668.0 131779.0 166729.0 197356.0 222713.0 242678.0 257604.0 268073.0 274747.0 278273.0 279241.0 278170.0 275499.0
15 1.0 14.107605211555443 -61.103011952653844 0.934297306403859 0.01270211288476095 0.0053637112964260115 -0.029556849261736764 -0.19222492657958823 -0.08458201530111165 22220.0 57033.0 104825.0 157634.0 208536.0 253237.0 289831.0 318027.0 338435.0 352075.0 360072.0 363505.0 363334.0 360372.0 355294.0 348647.0
16 1.0 101.81050652750744 53.35046541311971 0.934297306403859 0.01270211288476095 0.0053637112964260115 -0.029556849261736764 -0.19222492657958823 -0.08458201530111165 11333.0 33442.0 67687.0 109156.0 152185.0 192445.0 227403.0 256010.00000000003 278200.0 294463.0 305542.0 312253.0 315381.0 315635.0 313623.0 309858.0
17 1.0 43.270762036740805 82.64998854634004 0.934297306403859 0.01270211288476095 0.0053637112964260115 -0.029556849261736764 -0.19222492657958823 -0.08458201530111165 9440.0 28221.0 57726.0 93925.0 131961.0 167996.0 199691.0 225996.0 246738.0 262260.0 273157.0 280110.0 283793.0 284820.0 283732.0 280985.0
18 1.0 106.61047110797217 -7.535011093192281 0.934297306403859 0.01270211288476095 0.0053637112964260115 -0.029556849261736764 -0.19222492657958823 -0.08458201530111165 20466.0 55165.0 104558.0 160428.0 215121.0 263659.0 303693.0 334719.0 357296.0 372482.0 381485.0 385478.0 385512.0 382481.0 377128.0 370055.0
19 1.0 42.74197882352786 16.377149758263286 0.934297306403859 0.01270211288476095 0.0053637112964260115 -0.029556849261736764 -0.19222492657958823 -0.08458201530111165 3347.0 9534.0 19113.0 30938.0 43602.0 55939.0 67178.0 76906.0 84975.0 91409.0 96328.0 99900.0 102306.0 103727.0 104328.0 104257.0
20 1.0 114.47394458183138 64.39007595483983 0.934297306403859 0.01270211288476095 0.0053637112964260115 -0.029556849261736764 -0.19222492657958823 -0.08458201530111165 12603.0 36816.0 73883.0 118296.0 163925.0 206211.0 242576.0 272030.0 294607.0 310902.0 321754.0 328059.0 330662.0 330317.0 327667.0 323250.0
21 1.0 149.13467802528118 -7.699778396305732 0.934297306403859 0.01270211288476095 0.0053637112964260115 -0.029556849261736764 -0.19222492657958823 -0.08458201530111165 34490.0 76652.0 128011.99999999999 180071.0 227016.0 266006.0 296311.0 318403.0 333310.0 342229.0 346318.0 346611.0 343984.0 339156.0 332709.0 325103.0
22 1.0 23.09309868556237 81.3374058298925 0.934297306403859 0.01270211288476095 0.0053637112964260115 -0.029556849261736764 -0.19222492657958823 -0.08458201530111165 9214.0 27525.0 56292.0 91606.0 128746.0 163974.0 195008.0 220812.0 241207.0 256518.00000000003 267316.0 274258.0 277997.0 279131.0 278184.0 275602.0
23 1.0 249.28996297320714 13.63520916807704 0.934297306403859 0.01270211288476095 0.0053637112964260115 -0.029556849261736764 -0.19222492657958823 -0.08458201530111165 5176.0 15837.0 33162.0 55169.0 79115.0 102623.0 124079.0 142612.0 157900.0 169986.0 179113.0 185622.0 189883.0 192256.0 193073.0 192626.0
24 1.0 203.97652351436705 57.738081726236686 0.934297306403859 0.01270211288476095 0.0053637112964260115 -0.029556849261736764 -0.19222492657958823 -0.08458201530111165 13549.0 37372.0 72384.0 113274.0 154605.0 192511.0 224893.0 251012.0 270980.0 285368.0 294935.0 300479.0 302746.0 302400.0 300008.0 296041.0
25 1.0 95.54021673820034 73.5918693142929 0.934297306403859 0.01270211288476095 0.0053637112964260115 -0.029556849261736764 -0.19222492657958823 -0.08458201530111165 10049.0 30021.0 61336.0 99663.0 139821.0 177747.0 210990.0 238470.0 260038.0 276082.0 287249.0 294273.0 297872.0 298699.0 297326.0 294235.0
26 1.0 188.36929924801188 56.7942873783424 0.934297306403859 0.01270211288476095 0.0053637112964260115 -0.029556849261736764 -0.19222492657958823 -0.08458201530111165 16049.999999999998 42877.0 81274.0 125233.00000000001 168962.0 208517.0 241879.0 268437.0 288439.0 302571.0 311687.0 316653.0 318268.0 317232.0 314136.0 309472.0
27 1.0 33.818583873039 -61.30539657918793 0.934297306403859 0.01270211288476095 0.0053637112964260115 -0.029556849261736764 -0.19222492657958823 -0.08458201530111165 19824.0 51954.0 96868.0 147193.0 196259.0 239789.0 275778.0 303806.0 324362.0 338363.0 346857.0 350867.0 351312.0 348978.0 344522.0 338477.0
28 1.0 207.34073840022455 23.201719031106066 0.934297306403859 0.01270211288476095 0.0053637112964260115 -0.029556849261736764 -0.19222492657958823 -0.08458201530111165 9125.0 23164.0 42775.0 65090.99999999999 87403.0 107843.0 125402.00000000001 139724.0 150859.0 159080.0 164760.0 168291.0 170050.0 170373.0 169553.0 167837.0
29 1.0 334.5466311274371 -18.28183344845813 0.934297306403859 0.01270211288476095 0.0053637112964260115 -0.029556849261736764 -0.19222492657958823 -0.08458201530111165 37236.0 82314.0 136912.0 191975.0 241395.0 282244.0 313824.0 336693.0 351978.0 360966.0 364896.0 364864.0 361797.0 356452.0 349438.0 341238.0
0 1.0 114.68482288247652 -78.71166863579778 0.934297306403859 0.01270211288476095 0.0053637112964260115 -0.029556849261736764 -0.19222492657958823 -0.08458201530111165 17208.0 46914.0 89825.0 139068.0 187970.0 232011.0 268913.0 298034.0 319712.0 334774.0 344225.0 349068.0 350222.0 348482.0 344515.0 338871.0
1 1.0 240.2677367869254 -13.674194659828444 0.934297306403859 0.01270211288476095 0.0053637112964260115 -0.029556849261736764 -0.19222492657958823 -0.08458201530111165 3117.0 9576.0 20251.0 34093.0 49498.0 64976.00000000001 79443.0 92255.0 103113.0 111967.0 118912.0 124126.0 127819.99999999999 130213.0 131510.0 131900.0
2 1.0 47.447230465581185 -43.436867959906614 0.934297306403859 0.01270211288476095 0.0053637112964260115 -0.029556849261736764 -0.19222492657958823 -0.08458201530111165 15145.0 39659.0 74180.0 113277.0 151892.0 186660.0 215897.0 239129.0 256610.0 268956.0 276922.0 281265.0 282683.0 281785.0 279087.0 275014.0
3 1.0 257.8777934826836 62.82689551713193 0.934297306403859 0.01270211288476095 0.0053637112964260115 -0.029556849261736764 -0.19222492657958823 -0.08458201530111165 11025.0 32658.0 66257.0 107024.0 149394.0 189096.0 223620.0 251917.99999999997 273911.0 290070.0 301120.0 307860.0 311060.0 311416.0 309527.0 305899.0
4 1.0 104.1861934609924 -84.00516722159469 0.934297306403859 0.01270211288476095 0.0053637112964260115 -0.029556849261736764 -0.19222492657958823 -0.08458201530111165 17206.0 46993.0 90083.0 139577.0 188757.0 233066.0 270205.0 299521.0 321349.0 336521.0 346046.0 350935.0 352110.0 350371.0 346391.0 340722.0
5 1.0 65.94889032256206 82.61688993542523 0.934297306403859 0.01270211288476095 0.0053637112964260115 -0.029556849261736764 -0.19222492657958823 -0.08458201530111165 9688.0 28957.0 59203.0 96272.0 135170.0 171966.0 204279.0 231048.0 252110.99999999997 267832.0 278830.0 285806.0 289453.0 290402.0 289203.0 286324.0
6 1.0 211.14465653162995 -26.033607275052667 0.934297306403859 0.01270211288476095 0.0053637112964260115 -0.029556849261736764 -0.19222492657958823 -0.08458201530111165 4672.0 12599.0 24268.0 38104.0 52423.0 65956.0 77943.0 88041.0 96189.0 102494.0 107144.0 110361.0 112365.0 113364.0 113541.0 113056.0
7 1.0 7.238716627497679 -25.792759727542276 0.934297306403859 0.01270211288476095 0.0053637112964260115 -0.029556849261736764 -0.19222492657958823 -0.08458201530111165 23033.0 51589.0 86793.0 122932.0 155970.0 183835.0 205896.0 222367.0 233875.0 241191.0 245080.0 246238.0 245263.0 242651.0 238810.0 234065.0
8 1.0 298.4184105182507 -87.06086951693258 0.934297306403859 0.01270211288476095 0.0053637112964260115 -0.029556849261736764 -0.19222492657958823 -0.08458201530111165 16958.0 46421.0 89140.0 138307.0 187252.0 231428.0 268520.0 297855.0 319747.0 335010.0 344641.0 349640.0 350925.0 349291.0 345410.0 339831.0
9 1.0 1.6903714293169436 -56.65818145748689 0.934297306403859 0.01270211288476095 0.0053637112964260115 -0.029556849261736764 -0.19222492657958823 -0.08458201530111165 24751.0 61838.0 111642.0 165802.0 217362.0 262172.0 298502.0 326213.0 346026.0 359032.0 366401.0 369238.0 368513.0 365046.0 359511.0 352454.0
10 1.0 244.01395324664284 -17.773289855350427 0.934297306403859 0.01270211288476095 0.0053637112964260115 -0.029556849261736764 -0.19222492657958823 -0.08458201530111165 3417.0 10558.0 22402.0 37784.0 54904.0 72097.0 88160.0 102379.0 114433.0 124267.0 131992.0 137804.0 141937.0 144631.0 146110.0 146583.0
11 1.0 97.20287034917935 77.27245511448851 0.934297306403859 0.01270211288476095 0.0053637112964260115 -0.029556849261736764 -0.19222492657958823 -0.08458201530111165 10245.0 30558.0 62351.0 101197.0 141835.0 180155.0 213692.0 241370.0 263052.0 279142.0 290304.0 297285.0 300814.0 301554.0 300081.0 296883.0
12 1.0 264.66984796413414 -72.06931256017117 0.934297306403859 0.01270211288476095 0.0053637112964260115 -0.029556849261736764 -0.19222492657958823 -0.08458201530111165 14279.0 39573.0 76807.0 120284.0 164174.0 204347.0 238579.0 266103.0 287060.0 302076.0 311975.0 317615.0 319796.0 319226.0 316508.0 312143.0
13 1.0 346.38787624227774 80.15427602623433 0.934297306403859 0.01270211288476095 0.0053637112964260115 -0.029556849261736764 -0.19222492657958823 -0.08458201530111165 9527.0 28348.0 57803.0 93839.0 131622.0 167358.0 198751.0 224779.0 245286.0 260621.0 271379.0 278237.0 281860.0 282860.0 281767.0 279035.0
14 1.0 89.55113166718489 66.5079354983938 0.934297306403859 0.01270211288476095 0.0053637112964260115 -0.029556849261736764 -0.19222492657958823 -0.08458201530111165 9258.0 27830.0 57165.0 93315.0 131438.0 167671.0 199636.0 226243.0 247292.0 263106.0 274268.0 281455.0 285336.0 286530.0 285577.0 282937.0
15 1.0 207.4166403904213 -8.25076855664068 0.934297306403859 0.01270211288476095 0.0053637112964260115 -0.029556849261736764 -0.19222492657958823 -0.08458201530111165 5460.0 13853.0 25603.0 39027.0 52528.0 64990.99999999999 75808.0 84749.0 91823.0 97174.0 101005.0 103537.0 104983.0 105539.0 105373.0 104633.0
16 1.0 213.13509525786205 -31.19384128171319 0.934297306403859 0.01270211288476095 0.0053637112964260115 -0.029556849261736764 -0.19222492657958823 -0.08458201530111165 4827.0 13162.0 25544.0 40327.0 55715.0 70332.0 83338.0 94340.0 103252.0 110169.0 115286.0 118833.0 121048.0 122155.0 122354.0 121819.0
17 1.0 206.01068608471442 -48.10605672976977 0.934297306403859 0.01270211288476095 0.0053637112964260115 -0.029556849261736764 -0.19222492657958823 -0.08458201530111165 7697.0 20735.0 39779.0 62126.0 84979.0 106294.0 124899.0 140314.0 152508.0 161710.0 168267.0 172564.0 174976.0 175847.0 175477.0 174123.0
18 1.0 80.30938775062259 20.603647165837387 0.934297306403859 0.01270211288476095 0.0053637112964260115 -0.029556849261736764 -0.19222492657958823 -0.08458201530111165 6272.0 19065.0 39746.0 65890.0 94206.0 121870.0 146991.0 168565.0 186248.0 200117.0 210485.0 217774.0 222431.0 224892.0 225550.0 224753.0
19 1.0 342.9896441461146 -84.04657353440899 0.934297306403859 0.01270211288476095 0.0053637112964260115 -0.029556849261736764 -0.19222492657958823 -0.08458201530111165 17986.0 49049.0 93885.0 145260.0 196178.0 241925.0 280143.0 310194.0 332458.0 347822.0 357349.0 362097.0 363029.0 360977.0 356638.0 350582.0
20 1.0 160.96513630234585 -87.19090839957092 0.934297306403859 0.01270211288476095 0.0053637112964260115 -0.029556849261736764 -0.19222492657958823 -0.08458201530111165 16543.0 45267.0 86929.0 134915.0 182734.0 225950.0 262292.0 291089.0 312634.0 327710.0 337281.0 342320.0 343717.0 342250.0 338572.0 333220.0
21 1.0 304.707122089606 -12.816769950317195 0.934297306403859 0.01270211288476095 0.0053637112964260115 -0.029556849261736764 -0.19222492657958823 -0.08458201530111165 29848.0 74190.0 133194.0 196686.0 256417.0 307629.0 348496.0 379056.0 400319.0 413680.0 420586.0 422371.0 420188.0 414999.0 407584.0 398565.0
22 1.0 251.81253911430156 -77.74666668455036 0.934297306403859 0.01270211288476095 0.0053637112964260115 -0.029556849261736764 -0.19222492657958823 -0.08458201530111165 14614.0 40309.0 77959.0 121754.0 165825.0 206048.0 240229.0 267631.0 288426.0 303262.0 312976.0 318436.0 320450.0 319728.0 316873.0 312389.0
23 1.0 107.07730230784811 -44.65062211570328 0.934297306403859 0.01270211288476095 0.0053637112964260115 -0.029556849261736764 -0.19222492657958823 -0.08458201530111165 19496.0 52594.0 99854.0 153518.0 206279.0 253324.0 292332.0 322750.0 345061.0 360240.0 369426.0 373733.0 374166.0 371587.0 366712.0 360127.0
24 1.0 292.9672150928918 -50.19103523770491 0.934297306403859 0.01270211288476095 0.0053637112964260115 -0.029556849261736764 -0.19222492657958823 -0.08458201530111165 19109.0 52030.0 99358.0 153328.0 206534.0 254058.99999999997 293511.0 324300.0 346898.0 362284.0 371607.0 375993.0 376459.0 373878.0 368976.0 362344.0
25 1.0 142.74206670491446 -44.425585129886656 0.934297306403859 0.01270211288476095 0.0053637112964260115 -0.029556849261736764 -0.19222492657958823 -0.08458201530111165 21033.0 52875.0 96031.0 143409.0 188958.0 228959.0 261772.0 287153.0 305638.0 318113.0 325565.0 328936.0 329070.0 326685.0 322377.0 316634.0
26 1.0 317.1971509600182 -66.4100583812536 0.934297306403859 0.01270211288476095 0.0053637112964260115 -0.029556849261736764 -0.19222492657958823 -0.08458201530111165 21325.0 56941.0 107244.0 163819.0 218955.0 267704.0 307774.0 338717.0 361139.0 376128.0 384916.0 388691.0 388510.0 385275.0 379730.0 372477.0
27 1.0 209.25823414890914 -87.83347987842222 0.934297306403859 0.01270211288476095 0.0053637112964260115 -0.029556849261736764 -0.19222492657958823 -0.08458201530111165 16443.0 45032.0 86532.0 134365.0 182061.0 225189.0 261479.00000000003 290253.0 311797.0 326888.0 336485.0 341556.0 342989.0 341560.0 337919.0 332605.0
28 1.0 317.424730267747 -69.21282651502534 0.934297306403859 0.01270211288476095 0.0053637112964260115 -0.029556849261736764 -0.19222492657958823 -0.08458201530111165 20532.0 55153.0 104333.0 159902.0 214276.0 262526.0 302329.0 333187.0 355654.0 370778.0 379759.0 383760.0 383822.0 380835.0 375535.0 368520.0
29 1.0 249.3113724279957 21.32644671229461 0.934297306403859 0.01270211288476095 0.0053637112964260115 -0.029556849261736764 -0.19222492657958823 -0.08458201530111165 6052.0 18321.0 38012.0 62740.00000000001 89361.0 115226.0 138592.0 158558.0 174837.0 187529.0 196947.0 203497.0 207608.0 209688.0 210110.0 209195.0
0 1.0 261.09154073507057 85.36611830724905 0.934297306403859 0.01270211288476095 0.0053637112964260115 -0.029556849261736764 -0.19222492657958823 -0.08458201530111165 10808.0 32110.0 65284.99999999999 105627.0 147635.0 187064.0 221409.0 249608.0 271566.0 287740.0 298839.0 305652.0 308941.0 309393.0 307604.0 304077.0
1 1.0 180.47677749361281 88.26210028096091 0.934297306403859 0.01270211288476095 0.0053637112964260115 -0.029556849261736764 -0.19222492657958823 -0.08458201530111165 10813.0 32124.0 65317.0 105687.0 147734.0 187209.0 221602.0 249849.0 271852.0 288065.0 299198.0 306038.0 309347.0 309815.0 308038.0 304518.0
2 1.0 344.1901085003606 -16.37026283284891 0.934297306403859 0.01270211288476095 0.0053637112964260115 -0.029556849261736764 -0.19222492657958823 -0.08458201530111165 33985.0 73703.0 120968.0 168014.0 209811.0 244066.0 270342.0 289210.0 301682.0 308878.0 311856.0 311546.0 308725.0 304029.0 297965.0 290933.0
3 1.0 231.83647172266947 -60.66820331161104 0.934297306403859 0.01270211288476095 0.0053637112964260115 -0.029556849261736764 -0.19222492657958823 -0.08458201530111165 9377.0 26186.0 51360.0 81351.0 112302.0 141315.0 166689.0 187700.0 204272.0 216704.0 225474.0 231120.0 234169.0 235101.0 234339.0 232242.0
4 1.0 152.5878174809447 24.977116325975274 0.934297306403859 0.01270211288476095 0.0053637112964260115 -0.029556849261736764 -0.19222492657958823 -0.08458201530111165 34399.0 78141.0 132528.0 188518.0 239631.0 282524.0 316181.0 340967.0 357914.0 368279.0 373308.0 374125.0 371687.0 366789.0 360071.0 352044.0
5 1.0 218.30155708605275 -1.7450376212273113 0.934297306403859 0.01270211288476095 0.0053637112964260115 -0.029556849261736764 -0.19222492657958823 -0.08458201530111165 3899.0 10791.0 21195.0 33783.0 47034.0 59741.0 71146.0 80875.0 88825.0 95065.0 99748.0 103070.0 105230.0 106420.0 106811.0 106555.0
6 1.0 6.909551391360069 88.09375991119765 0.934297306403859 0.01270211288476095 0.0053637112964260115 -0.029556849261736764 -0.19222492657958823 -0.08458201530111165 10269.0 30592.0 62358.0 101125.0 141637.0 179801.0 213172.0 240688.0 262224.0 278189.0 289249.0 296151.0 299622.0 300323.0 298827.0 295620.0
7 1.0 108.56693400283775 -78.24524271267956 0.934297306403859 0.01270211288476095 0.0053637112964260115 -0.029556849261736764 -0.19222492657958823 -0.08458201530111165 17394.0 47424.0 90793.0 140540.0 189915.0 234353.0 271559.0 300893.0 322704.0 337833.0 347300.0 352121.0 353224.0 351413.0 347362.0 341625.0
8 1.0 237.66247349736662 50.98219889648635 0.934297306403859 0.01270211288476095 0.0053637112964260115 -0.029556849261736764 -0.19222492657958823 -0.08458201530111165 10019.0 29195.0 58718.0 94433.0 131574.0 166482.0 196991.0 222169.0 241915.0 256603.00000000003 266834.0 273277.0 276590.0 277366.0 276126.0 273309.0
9 1.0 104.42793859575987 -38.0882704803311 0.934297306403859 0.01270211288476095 0.0053637112964260115 -0.029556849261736764 -0.19222492657958823 -0.08458201530111165 19334.0 52305.0 99495.0 153168.0 205998.0 253147.0 292267.0 322791.0 345194.0 360448.0 369691.0 374041.0 374504.0 371943.0 367079.0 360498.0
10 1.0 222.48555443958296 -46.54464838621668 0.934297306403859 0.01270211288476095 0.0053637112964260115 -0.029556849261736764 -0.19222492657958823 -0.08458201530111165 6243.0 17450.0 34384.0 54806.0 76180.0 96532.0 114641.0 129927.99999999999 142262.0 151779.0 158756.0 163530.0 166440.0 167806.0 167916.0 167018.0
11 1.0 154.35673234047582 29.250822875881667 0.934297306403859 0.01270211288476095 0.0053637112964260115 -0.029556849261736764 -0.19222492657958823 -0.08458201530111165 32675.999999999996 75034.0 128248.0 183476.0 234239.0 277103.0 310948.0 336053.0 353386.0 364161.0 369598.0 370802.0 368725.0 364156.0 357735.0 349975.0
12 1.0 48.770663120082084 -45.70862670162639 0.934297306403859 0.01270211288476095 0.0053637112964260115 -0.029556849261736764 -0.19222492657958823 -0.08458201530111165 15632.0 41086.0 76995.0 117682.0 157851.0 193981.0 224320.0 248382.0 266443.0 279158.0 287318.0 291720.0 293091.0 292068.0 289187.0 284890.0
13 1.0 107.38163734417108 29.854641160653784 0.934297306403859 0.01270211288476095 0.0053637112964260115 -0.029556849261736764 -0.19222492657958823 -0.08458201530111165 16649.0 46530.0 90460.0 141418.0 192359.0 238422.0 277110.0 307677.0 330443.0 346261.0 356182.0 361263.0 362470.0 360643.0 356485.0 350573.0
14 1.0 205.18736785245537 3.11553309641198 0.934297306403859 0.01270211288476095 0.0053637112964260115 -0.029556849261736764 -0.19222492657958823 -0.08458201530111165 7055.0 17337.0 31309.999999999996 46902.0 62269.0 76194.0 88059.0 97675.0 105114.0 110587.0 114356.0 116693.0 117852.0 118058.0 117506.0 116360.0
15 1.0 212.71419404934235 -13.663982081547132 0.934297306403859 0.01270211288476095 0.0053637112964260115 -0.029556849261736764 -0.19222492657958823 -0.08458201530111165 4186.0 11250.0 21646.0 33988.0 46787.0 58912.0 69673.0 78753.0 86083.0 91750.0 95921.0 98792.0 100564.0 101423.0 101540.0 101059.0
16 1.0 206.75708958584838 9.843805559055411 0.934297306403859 0.01270211288476095 0.0053637112964260115 -0.029556849261736764 -0.19222492657958823 -0.08458201530111165 7438.0 18487.0 33664.0 50745.0 67703.0 83173.0 96445.0 107279.0 115729.0 122007.0 126389.0 129166.0 130614.00000000001 130980.99999999999 130481.00000000001 129297.0
17 1.0 235.1522951485681 -38.330726414466646 0.934297306403859 0.01270211288476095 0.0053637112964260115 -0.029556849261736764 -0.19222492657958823 -0.08458201530111165 4799.0 13951.0 28319.0 46196.0 65412.0 84143.0 101181.0 115883.0 128027.0 137660.0 144978.0 150250.0 153764.0 155798.0 156608.0 156421.0
18 1.0 234.757177200608 37.1834471291362 0.934297306403859 0.01270211288476095 0.0053637112964260115 -0.029556849261736764 -0.19222492657958823 -0.08458201530111165 7915.999999999999 22992.0 46305.0 74724.0 104560.0 132908.0 157986.0 178971.0 195703.0 208415.0 217538.0 223576.0 227033.0 228376.0 228017.0 226308.0
19 1.0 155.31063675623062 -15.325763519958471 0.934297306403859 0.01270211288476095 0.0053637112964260115 -0.029556849261736764 -0.19222492657958823 -0.08458201530111165 29737.0 66025.0 110276.0 155232.0 195908.0 229842.0 256376.0 275880.0 289211.0 297373.0 301349.0 302017.0 300124.0 296289.0 291012.0 284691.0
20 1.0 322.75677450638267 -25.101799112539396 0.934297306403859 0.01270211288476095 0.0053637112964260115 -0.029556849261736764 -0.19222492657958823 -0.08458201530111165 37093.0 85873.0 147208.0 210655.0 268622.0 317165.0 355091.0 382828.0 401586.0 412835.0 418025.0 418456.0 415235.0 409271.0 401297.0 391894.0
21 1.0 132.32227321724275 59.158244620032804 0.934297306403859 0.01270211288476095 0.0053637112964260115 -0.029556849261736764 -0.19222492657958823 -0.08458201530111165 16897.0 47009.0 91106.0 142117.0 193009.0 238956.0 277497.0 307913.0 330537.0 346232.0 356049.0 361046.0 362188.0 360310.0 356113.0 350174.0
22 1.0 156.91137309562566 76.4940441515746 0.934297306403859 0.01270211288476095 0.0053637112964260115 -0.029556849261736764 -0.19222492657958823 -0.08458201530111165 12858.0 37424.0 74909.0 119705.0 165634.0 208121.0 244600.0 274098.0 296669.0 312922.0 323711.0 329938.0 332457.0 332024.0 329287.0 324785.0
23 1.0 321.092407805642 -81.71868404028655 0.934297306403859 0.01270211288476095 0.0053637112964260115 -0.029556849261736764 -0.19222492657958823 -0.08458201530111165 17960.0 48998.0 93814.0 145181.0 196102.0 241859.0 280091.0 310156.0 332433.0 347807.0 357342.0 362097.0 363034.0 360985.0 356648.0 350593.0
24 1.0 290.22983605659084 -48.12714129064221 0.934297306403859 0.01270211288476095 0.0053637112964260115 -0.029556849261736764 -0.19222492657958823 -0.08458201530111165 18244.0 49994.0 95932.0 148598.0 200762.0 247559.0 286574.0 317166.0 339747.0 355245.0 364766.0 369405.0 370156.0 367875.0 363276.0 356943.0
25 1.0 253.39989007453187 -27.266513491338614 0.934297306403859 0.01270211288476095 0.0053637112964260115 -0.029556849261736764 -0.19222492657958823 -0.08458201530111165 4963.0 15217.0 32000.0 53482.0 77032.0 100309.0 121692.0 140276.0 155707.0 167997.0 177365.0 184136.0 188666.0 191308.0 192388.0 192193.0
26 1.0 36.0816794324284 56.693966286644525 0.934297306403859 0.01270211288476095 0.0053637112964260115 -0.029556849261736764 -0.19222492657958823 -0.08458201530111165 5281.0 15864.0 32802.0 54074.0 77011.0 99353.0 119606.0 136987.0 151237.0 162429.0 170820.0 176750.0 180579.0 182653.0 183285.0 182752.0
27 1.0 331.0137409480825 87.38845697579356 0.934297306403859 0.01270211288476095 0.0053637112964260115 -0.029556849261736764 -0.19222492657958823 -0.08458201530111165 10294.0 30657.0 62473.0 101288.0 141839.0 180028.0 213410.0 240927.0 262455.0 278407.0 289450.0 296334.0 299786.0 300468.0 298955.0 295732.0
28 1.0 257.1268678376801 84.41490684066332 0.934297306403859 0.01270211288476095 0.0053637112964260115 -0.029556849261736764 -0.19222492657958823 -0.08458201530111165 10913.0 32401.0 65843.0 106482.0 148773.0 188442.0 222973.0 251304.00000000003 273347.0 289565.0 300677.0 307478.0 310736.0 311145.0 309305.0 305721.0
29 1.0 359.5849223644319 72.89070219898684 0.934297306403859 0.01270211288476095 0.0053637112964260115 -0.029556849261736764 -0.19222492657958823 -0.08458201530111165 8569.0 25381.0 51686.0 83940.0 117882.0 150133.0 178617.0 202381.0 221245.0 235485.0 245609.0 252206.0 255863.0 257121.0 256455.0 254274.0
0 1.0 53.80138967687775 -36.619872288474625 0.934297306403859 0.01270211288476095 0.0053637112964260115 -0.029556849261736764 -0.19222492657958823 -0.08458201530111165 12962.0 34414.0 65054.0 100182.0 135261.0 167177.0 194301.0 216103.0 232735.0 244700.0 252647.0 257245.0 259114.99999999997 258809.99999999997 256798.00000000003 253471.0
1 1.0 312.52538065255715 88.56202381460534 0.934297306403859 0.01270211288476095 0.0053637112964260115 -0.029556849261736764 -0.19222492657958823 -0.08458201530111165 10469.0 31155.0 63445.0 102801.0 143875.0 182519.0 216264.0 244046.0 265752.0 281807.0 292894.0 299773.0 303185.0 303801.0 302202.0 298881.0
2 1.0 58.497456483494936 -45.10439260983878 0.934297306403859 0.01270211288476095 0.0053637112964260115 -0.029556849261736764 -0.19222492657958823 -0.08458201530111165 15101.0 40377.0 76513.0 117838.0 158917.0 196068.0 227410.0 252383.00000000003 271222.0 284569.0 293221.0 297986.0 299608.0 298740.0 295935.0 291649.0
3 1.0 221.6014431421839 -70.9368921211982 0.934297306403859 0.01270211288476095 0.0053637112964260115 -0.029556849261736764 -0.19222492657958823 -0.08458201530111165 12118.0 33382.0 64669.00000000001 101303.0 138469.0 172714.0 202137.0 226037.0 244475.0 257929.00000000003 267053.0 272542.0 275055.0 275179.0 273419.0 270197.0
4 1.0 44.57519382579895 81.17146998997094 0.934297306403859 0.01270211288476095 0.0053637112964260115 -0.029556849261736764 -0.19222492657958823 -0.08458201530111165 9206.0 27548.0 56405.0 91867.0 129188.0 164606.0 195816.0 221772.0 242288.0 257687.0 268544.0 275520.0 279272.0 280402.0 279439.0 276831.0
5 1.0 305.2829625560044 -47.98435401574267 0.934297306403859 0.01270211288476095 0.0053637112964260115 -0.029556849261736764 -0.19222492657958823 -0.08458201530111165 24393.0 63779.0 118308.0 178652.0 236650.0 287277.0 328360.0 359640.0 381905.0 396401.0 404479.0 407416.0 406331.0 402170.0 395706.0 387560.0
6 1.0 290.63482514100383 34.15828771399508 0.934297306403859 0.01270211288476095 0.0053637112964260115 -0.029556849261736764 -0.19222492657958823 -0.08458201530111165 14125.0 40406.0 79895.0 126531.0 173886.0 217330.0 254340.99999999997 284036.0 306556.0 322590.0 333049.0 338882.0 340972.0 340099.0 336924.0 331995.0
7 1.0 204.8762659012536 -79.49585538349405 0.934297306403859 0.01270211288476095 0.0053637112964260115 -0.029556849261736764 -0.19222492657958823 -0.08458201530111165 14521.0 39786.0 76608.0 119284.0 162122.0 201155.0 234292.0 260845.0 280995.0 295376.0 304802.0 310111.0 312083.0 311405.0 308658.0 304329.0
8 1.0 146.58598700135988 41.52763784294572 0.934297306403859 0.01270211288476095 0.0053637112964260115 -0.029556849261736764 -0.19222492657958823 -0.08458201530111165 27576.0 67857.0 121372.0 179126.0 233767.0 280978.0 319020.0 347827.0 368222.0 381405.0 388642.0 391121.0 389877.0 385783.0 379553.0 371759.0
9 1.0 24.900118363849696 68.70963822009114 0.934297306403859 0.01270211288476095 0.0053637112964260115 -0.029556849261736764 -0.19222492657958823 -0.08458201530111165 7253.0 21649.0 44403.0 72587.0 102545.0 131302.0 156970.0 178632.0 196053.0 209416.0 219125.0 225668.0 229547.0 231231.0 231138.0 229629.0
10 1.0 251.07435833204292 -40.96135881612675 0.934297306403859 0.01270211288476095 0.0053637112964260115 -0.029556849261736764 -0.19222492657958823 -0.08458201530111165 6375.0 18808.0 38462.0 62942.0 89184.0 114629.0 137602.0 157241.0 173276.0 185809.0 195145.0 201681.0 205833.0 207999.0 208538.0 207764.0
11 1.0 163.27536576410478 -21.76975870606286 0.934297306403859 0.01270211288476095 0.0053637112964260115 -0.029556849261736764 -0.19222492657958823 -0.08458201530111165 23891.0 53473.0 89904.0 127263.99999999999 161384.0 190130.0 212859.0 229803.0 241615.0 249096.0 253040.0 254166.99999999997 253095.0 250338.99999999997 246319.0 241370.0
12 1.0 259.94001580932525 -22.6266870022351 0.934297306403859 0.01270211288476095 0.0053637112964260115 -0.029556849261736764 -0.19222492657958823 -0.08458201530111165 6046.0 18499.0 38740.0 64433.00000000001 92353.0 119704.0 144602.0 166035.0 183646.0 197497.0 207888.0 215228.0 219958.0 222504.0 223256.0 222556.0
13 1.0 311.8976373343065 44.781886357223954 0.934297306403859 0.01270211288476095 0.0053637112964260115 -0.029556849261736764 -0.19222492657958823 -0.08458201530111165 14174.0 39058.0 75553.0 118070.0 160930.0 200127.0 233509.0 260339.0 280763.0 295395.0 305039.0 310531.0 312652.0 312091.0 309437.0 305178.0
14 1.0 351.1877418010389 -47.19469634297301 0.934297306403859 0.01270211288476095 0.0053637112964260115 -0.029556849261736764 -0.19222492657958823 -0.08458201530111165 28917.0 68982.0 120821.0 175720.0 226934.0 270697.0 305628.0 331833.0 350187.0 361860.0 368060.0 369897.0 368335.0 364178.0 358084.0 350578.0
15 1.0 308.08920326133995 -59.06644217142426 0.934297306403859 0.01270211288476095 0.0053637112964260115 -0.029556849261736764 -0.19222492657958823 -0.08458201530111165 21950.0 58417.0 109737.0 167270.0 223174.0 272461.0 312853.0 343941.0 366372.0 381275.0 389913.0 393497.0 393102.0 389641.0 383868.0 376392.0
16 1.0 4.21707030660071 -9.127503236207147 0.934297306403859 0.01270211288476095 0.0053637112964260115 -0.029556849261736764 -0.19222492657958823 -0.08458201530111165 21043.0 45690.0 74994.0 104105.0 129897.00000000001 150961.0 167051.0 178547.0 186096.0 190403.0 192132.0 191860.0 190067.0 187144.0 183401.0 179082.0
17 1.0 129.592103212211 -35.19568667208249 0.934297306403859 0.01270211288476095 0.0053637112964260115 -0.029556849261736764 -0.19222492657958823 -0.08458201530111165 24514.0 61760.0 112078.0 167004.0 219421.0 265048.0 302082.0 330351.0 350576.0 363862.0 371400.0 374314.0 373596.0 370083.0 364463.0 357291.0
18 1.0 262.7966024726609 61.05404200655744 0.934297306403859 0.01270211288476095 0.0053637112964260115 -0.029556849261736764 -0.19222492657958823 -0.08458201530111165 10996.0 32612.000000000004 66217.0 107020.0 149448.0 189217.0 223808.0 252166.99999999997 274211.0 290411.0 301493.0 308255.0 311471.0 311835.0 309951.0 306324.0
19 1.0 61.78668381411859 -47.20647131718502 0.934297306403859 0.01270211288476095 0.0053637112964260115 -0.029556849261736764 -0.19222492657958823 -0.08458201530111165 15573.0 41833.0 79470.0 122550.0 165368.0 204060.0 236654.0 262568.0 282056.0 295800.0 304640.0 309429.0 310948.0 309884.0 306815.0 302219.0
20 1.0 187.57317823348654 0.4301023480670665 0.934297306403859 0.01270211288476095 0.0053637112964260115 -0.029556849261736764 -0.19222492657958823 -0.08458201530111165 15713.000000000002 34682.0 57630.0 80771.0 101557.0 118763.0 132090.0 141764.0 148251.0 152086.0 153787.0 153816.0 152561.0 150343.0 147420.0 143997.0
21 1.0 19.561675802131305 79.66504794562746 0.934297306403859 0.01270211288476095 0.0053637112964260115 -0.029556849261736764 -0.19222492657958823 -0.08458201530111165 8977.0 26811.0 54844.0 89288.0 125552.0 159994.0 190380.0 215690.0 235740.0 250834.0 261523.0 268444.0 272229.0 273458.0 272643.0 270219.0
22 1.0 71.99874896270403 24.119585594038938 0.934297306403859 0.01270211288476095 0.0053637112964260115 -0.029556849261736764 -0.19222492657958823 -0.08458201530111165 4394.0 13647.0 28979.0 48807.0 70737.0 92584.0 112801.0 130494.0 145290.0 157161.0 166287.0 172957.0 177495.0 180227.0 181459.0 181461.0
23 1.0 6.66784600582103 66.11209298324366 0.934297306403859 0.01270211288476095 0.0053637112964260115 -0.029556849261736764 -0.19222492657958823 -0.08458201530111165 7655.0 22518.0 45731.0 74222.0 104290.0 132978.0 158451.0 179843.0 196966.0 210033.0 219467.0 225769.0 229443.0 230958.0 230730.0 229116.0
24 1.0 285.7311732086714 79.23774408385813 0.934297306403859 0.01270211288476095 0.0053637112964260115 -0.029556849261736764 -0.19222492657958823 -0.08458201530111165 10714.0 31826.0 64709.0 104710.0 146377.0 185506.0 219605.0 247621.0 269454.0 285552.0 296616.0 303427.0 306738.0 307232.0 305499.0 302036.0
25 1.0 80.61288770173685 45.13767513954335 0.934297306403859 0.01270211288476095 0.0053637112964260115 -0.029556849261736764 -0.19222492657958823 -0.08458201530111165 6515.0 20102.0 42225.0 70267.0 100637.0 130253.00000000001 157060.0 179984.0 198669.0 213219.0 223991.0 231454.0 236106.0 238420.0 238828.0 237705.0
26 1.0 124.32660505088496 35.92351084045525 0.934297306403859 0.01270211288476095 0.0053637112964260115 -0.029556849261736764 -0.19222492657958823 -0.08458201530111165 24207.0 63072.0 116825.0 176323.0 233557.0 283581.0 324240.0 355258.0 377397.0 391870.0 400000.0 403041.0 402096.0 398096.0 391805.0 383837.0
27 1.0 334.1092656476127 84.23380198876086 0.934297306403859 0.01270211288476095 0.0053637112964260115 -0.029556849261736764 -0.19222492657958823 -0.08458201530111165 10019.0 29842.0 60842.0 98708.0 138324.0 175693.0 208415.0 235440.0 256631.0 272379.0 283325.0 290195.0 293698.0 294477.0 293095.0 290026.0
28 1.0 253.5891846924718 88.99214213658229 0.934297306403859 0.01270211288476095 0.0053637112964260115 -0.029556849261736764 -0.19222492657958823 -0.08458201530111165 10624.0 31593.999999999996 64295.00000000001 104113.0 145629.0 184649.0 218685.0 246674.0 268509.0 284630.0 295732.0 302588.0 305949.0 306493.0 304809.0 301394.0
29 1.0 11.462014631270826 -8.672097119443265 0.934297306403859 0.01270211288476095 0.0053637112964260115 -0.029556849261736764 -0.19222492657958823 -0.08458201530111165 16425.0 36388.0 60679.0 85327.0 107632.0 126274.0 140907.0 151739.0 159233.0 163929.0 166353.0 166975.0 166193.0 164340.0 161682.0 158437.0
0 1.0 59.289896339248585 -77.2434399268425 0.934297306403859 0.01270211288476095 0.0053637112964260115 -0.029556849261736764 -0.19222492657958823 -0.08458201530111165 18521.0 50328.0 96072.0 148326.0 199973.0 246253.0 284817.0 315052.0 337376.0 352707.0 362136.0 366743.0 367507.0 365271.0 360741.0 354493.0
1 1.0 223.73222453991488 -37.29707434070661 0.934297306403859 0.01270211288476095 0.0053637112964260115 -0.029556849261736764 -0.19222492657958823 -0.08458201530111165 4727.0 13372.0 26619.0 42801.0 59948.0 76479.0 91383.0 104149.0 114626.0 122884.0 129111.0 133553.0 136465.0 138094.0 138662.0 138367.0
2 1.0 207.80229189750034 -62.57615297620852 0.934297306403859 0.01270211288476095 0.0053637112964260115 -0.029556849261736764 -0.19222492657958823 -0.08458201530111165 10371.0 28290.0 54554.0 85311.0 116597.0 145554.0 170585.0 191078.0 207049.0 218866.0 227049.0 232159.0 234735.0 235261.0 234155.0 231771.0
3 1.0 85.64141569482311 -14.852452536717877 0.934297306403859 0.01270211288476095 0.0053637112964260115 -0.029556849261736764 -0.19222492657958823 -0.08458201530111165 11983.0 33670.0 66124.0 104599.0 144004.0 180584.0 212207.0 238030.0 258052.99999999997 272741.0 282771.0 288875.0 291755.0 292042.0 290279.0 286925.0
4 1.0 336.3170392529258 -66.36792087481392 0.934297306403859 0.01270211288476095 0.0053637112964260115 -0.029556849261736764 -0.19222492657958823 -0.08458201530111165 22938.0 60140.0 111887.0 169442.0 225053.0 273874.0 313743.0 344328.0 366315.0 380848.0 389189.0 392544.0 391978.0 388395.0 382539.0 375011.0
5 1.0 221.02774414772256 18.741204723758756 0.934297306403859 0.01270211288476095 0.0053637112964260115 -0.029556849261736764 -0.19222492657958823 -0.08458201530111165 5709.0 15855.000000000002 31148.0 49577.0 68869.0 87252.0 103629.0 117477.0 128674.00000000001 137337.0 143714.0 148100.0 150801.0 152102.0 152261.0 151501.0
6 1.0 192.827809088985 -21.094549351586267 0.934297306403859 0.01270211288476095 0.0053637112964260115 -0.029556849261736764 -0.19222492657958823 -0.08458201530111165 9368.0 22222.0 39075.0 57322.0 74837.0 90320.0 103191.0 113349.0 120966.0 126342.00000000001 129817.99999999999 131727.0 132371.0 132011.0 130866.00000000001 129120.00000000001
7 1.0 212.36759148764554 71.1694591718778 0.934297306403859 0.01270211288476095 0.0053637112964260115 -0.029556849261736764 -0.19222492657958823 -0.08458201530111165 12507.0 36220.0 72315.0 115431.0 159670.0 200662.0 235940.0 264555.0 286538.0 302458.0 313118.0 319374.0 322039.0 321838.0 319392.0 315219.0
8 1.0 262.8439306260371 84.20304092373033 0.934297306403859 0.01270211288476095 0.0053637112964260115 -0.029556849261736764 -0.19222492657958823 -0.08458201530111165 10850.0 32227.0 65508.0 105968.0 148087.0 187609.0 222024.0 250271.00000000003 272258.0 288445.0 299546.0 306350.0 309624.0 310056.0 308246.0 304695.0
9 1.0 112.30019837265667 8.43928230049599 0.934297306403859 0.01270211288476095 0.0053637112964260115 -0.029556849261736764 -0.19222492657958823 -0.08458201530111165 23305.0 61531.0 114883.0 174277.0 231632.0 281898.0 322846.0 354149.0 376544.0 391236.0 399547.0 402734.0 401904.0 397994.0 391772.0 383857.0
10 1.0 143.35958239779308 -40.531757423832616 0.934297306403859 0.01270211288476095 0.0053637112964260115 -0.029556849261736764 -0.19222492657958823 -0.08458201530111165 22245.0 55073.0 99017.0 146830.0 192479.0 232333.0 264848.0 289855.0 307943.0 320034.0 327130.0 330185.0 330043.0 327422.0 322915.0 317005.0
11 1.0 75.54374963104397 16.601475377130626 0.934297306403859 0.01270211288476095 0.0053637112964260115 -0.029556849261736764 -0.19222492657958823 -0.08458201530111165 5291.0 16118.0 33727.0 56150.0 80619.0 104709.0 126757.00000000001 145854.0 161656.0 174193.0 183706.0 190540.0 195069.0 197660.0 198650.0 198336.0
12 1.0 67.02948211692102 71.41700848039378 0.934297306403859 0.01270211288476095 0.0053637112964260115 -0.029556849261736764 -0.19222492657958823 -0.08458201530111165 8122.000000000001 24523.0 50603.0 82973.0 117369.0 150318.0 179632.0 204260.0 223953.0 238946.0 249724.0 256870.0 260971.99999999997 262578.0 262175.0 260180.00000000003
13 1.0 339.9740603942161 -16.787997749565307 0.934297306403859 0.01270211288476095 0.0053637112964260115 -0.029556849261736764 -0.19222492657958823 -0.08458201530111165 35599.0 77715.0 128147.00000000001 178582.0 223556.0 260535.00000000003 288991.0 309502.0 323135.0 331080.0 334471.0 334303.0 331412.0 326481.0 320059.0 312577.0
14 1.0 266.2382862177435 9.374089804554757 0.934297306403859 0.01270211288476095 0.0053637112964260115 -0.029556849261736764 -0.19222492657958823 -0.08458201530111165 7771.0 23673.0 49180.0 81061.0 115133.0 147931.0 177237.0 201958.0 221807.0 236992.0 247977.0 255330.0 259633.0 261429.00000000003 261203.00000000003 259371.00000000003
15 1.0 176.56517110232414 -41.10250183089374 0.934297306403859 0.01270211288476095 0.0053637112964260115 -0.029556849261736764 -0.19222492657958823 -0.08458201530111165 13493.0 33241.0 59877.0 89245.0 117767.0 143184.0 164430.0 181266.0 193930.0 202892.0 208703.0 211907.0 213000.0 212417.0 210522.0 207619.0
16 1.0 81.86926607039636 -8.020053098995149 0.934297306403859 0.01270211288476095 0.0053637112964260115 -0.029556849261736764 -0.19222492657958823 -0.08458201530111165 9750.0 27792.0 55252.0 88330.0 122731.0 155157.0 183634.0 207291.0 226005.0 240085.0 250054.0 256504.99999999997 260029.0 261164.0 260384.99999999997 258095.00000000003
17 1.0 91.56833343734147 -17.69156363167224 0.934297306403859 0.01270211288476095 0.0053637112964260115 -0.029556849261736764 -0.19222492657958823 -0.08458201530111165 14321.0 39858.0 77586.0 121748.0 166407.0 207336.0 242242.0 270324.0 291714.0 307044.0 317150.0 322907.0 325131.0 324545.0 321766.0 317306.0
18 1.0 20.89049771659522 -45.28557628506522 0.934297306403859 0.01270211288476095 0.0053637112964260115 -0.029556849261736764 -0.19222492657958823 -0.08458201530111165 20500.0 50365.0 90213.0 133554.0 174994.0 211272.0 240981.0 263944.0 280667.0 291959.0 298711.0 301777.0 301914.0 299771.0 295886.0 290696.0
19 1.0 156.3899852009235 1.0559490885555078 0.934297306403859 0.01270211288476095 0.0053637112964260115 -0.029556849261736764 -0.19222492657958823 -0.08458201530111165 34574.0 75123.0 123464.0 171647.0 214501.0 249655.0 276644.0 296046.0 308893.0 316329.0 319438.0 319171.0 316326.0 311554.0 305374.0 298197.0
20 1.0 112.24651751787692 -34.13145132363395 0.934297306403859 0.01270211288476095 0.0053637112964260115 -0.029556849261736764 -0.19222492657958823 -0.08458201530111165 21516.0 57129.0 107222.0 163417.0 218098.0 266399.0 306080.0 336714.0 358910.0 373749.0 382451.0 386190.0 386012.0 382809.0 377316.0 370131.0
21 1.0 250.6836559735654 -22.85372450146545 0.934297306403859 0.01270211288476095 0.0053637112964260115 -0.029556849261736764 -0.19222492657958823 -0.08458201530111165 4265.0 13198.0 27976.0 47080.0 68220.0 89307.0 108852.0 125992.0 140356.0 151910.0 160820.0 167354.0 171823.0 174539.0 175793.0 175847.0
22 1.0 135.99066214529313 4.494679605767573 0.934297306403859 0.01270211288476095 0.0053637112964260115 -0.029556849261736764 -0.19222492657958823 -0.08458201530111165 36903.0 85546.0 146771.0 210150.0 268086.0 316628.0 354569.0 382331.0 401119.0 412399.0 417620.0 418081.0 414887.0 408949.0 400998.0 391615.0
23 1.0 64.65732392146853 45.10710412721775 0.934297306403859 0.01270211288476095 0.0053637112964260115 -0.029556849261736764 -0.19222492657958823 -0.08458201530111165 4493.0 14024.0 29826.0 50236.0 72765.0 95158.0 115829.0 133873.0 148918.0 160947.0 170155.0 176843.0 181350.0 184013.0 185145.0 185027.0
24 1.0 8.884342220879242 -29.968656157570443 0.934297306403859 0.01270211288476095 0.0053637112964260115 -0.029556849261736764 -0.19222492657958823 -0.08458201530111165 22850.0 51971.0 88403.0 126239.99999999999 161173.0 190897.0 214633.0 232520.0 245160.0 253330.99999999997 257824.0 259368.0 258596.0 256039.00000000003 252133.0 247230.0
25 1.0 24.20986732676949 76.34857799173744 0.934297306403859 0.01270211288476095 0.0053637112964260115 -0.029556849261736764 -0.19222492657958823 -0.08458201530111165 8415.0 25155.0 51533.0 84037.0 118366.0 151077.0 180041.0 204265.0 223546.0 238151.0 248585.0 255437.00000000003 259297.99999999997 260714.99999999997 260168.99999999997 258071.0
26 1.0 244.58139845948423 65.21733843046243 0.934297306403859 0.01270211288476095 0.0053637112964260115 -0.029556849261736764 -0.19222492657958823 -0.08458201530111165 11241.0 33093.0 66862.0 107687.0 150002.0 189567.0 223911.0 252015.0 273823.0 289817.0 300727.0 307353.0 310463.0 310751.0 308812.0 305151.0
27 1.0 163.33086404017632 -81.23574672440486 0.934297306403859 0.01270211288476095 0.0053637112964260115 -0.029556849261736764 -0.19222492657958823 -0.08458201530111165 15824.000000000002 43187.0 82849.0 128560.00000000001 174181.0 215502.0 250353.0 278070.0 298909.0 313594.0 323024.0 328114.0 329706.0 328537.0 325227.0 320290.0
28 1.0 193.16851599914 -44.3443456337719 0.934297306403859 0.01270211288476095 0.0053637112964260115 -0.029556849261736764 -0.19222492657958823 -0.08458201530111165 9188.0 23813.0 44474.0 68113.0 91803.0 113520.0 132176.0 147382.0 159194.0 167902.0 173904.0 177619.0 179449.0 179752.0 178841.0 176979.0
29 1.0 322.80166549452315 -9.695607721343649 0.934297306403859 0.01270211288476095 0.0053637112964260115 -0.029556849261736764 -0.19222492657958823 -0.08458201530111165 36672.0 83376.0 141362.0 200902.0 255075.0 300348.0 335696.0 361558.0 379076.0 389616.0 394523.0 394999.0 392068.0 386573.0 379193.0 370467.0
0 1.0 356.52202106281356 -71.16698002635466 0.934297306403859 0.01270211288476095 0.0053637112964260115 -0.029556849261736764 -0.19222492657958823 -0.08458201530111165 21357.0 56593.0 106101.0 161620.0 215648.0 263393.0 302645.0 332980.0 354990.0 369739.0 378424.0 382202.0 382104.0 379007.0 373640.0 366591.0
1 1.0 78.08291438345061 -27.274321973970522 0.934297306403859 0.01270211288476095 0.0053637112964260115 -0.029556849261736764 -0.19222492657958823 -0.08458201530111165 12486.0 34533.0 67044.0 105153.0 143832.0 179471.0 210084.0 234938.0 254099.00000000003 268062.0 277513.0 283176.0 285738.0 285811.0 283922.0 280513.0
2 1.0 238.70815311603627 43.21755461118286 0.934297306403859 0.01270211288476095 0.0053637112964260115 -0.029556849261736764 -0.19222492657958823 -0.08458201530111165 8848.0 25850.0 52169.0 84200.0 117725.0 149452.0 177386.0 200634.0 219048.0 232919.0 242757.0 249143.0 252655.00000000003 253823.00000000003 253112.99999999997 250921.99999999997
3 1.0 94.79605562537424 32.49260660570866 0.934297306403859 0.01270211288476095 0.0053637112964260115 -0.029556849261736764 -0.19222492657958823 -0.08458201530111165 10430.0 30807.0 62531.0 101197.0 141608.0 179708.0 213063.0 240609.0 262205.0 278251.0 289401.0 296391.0 299946.0 300722.0 299291.0 296139.0
4 1.0 7.434359807662325 22.02919714188087 0.934297306403859 0.01270211288476095 0.0053637112964260115 -0.029556849261736764 -0.19222492657958823 -0.08458201530111165 9485.0 22554.0 39754.0 58459.0 76493.0 92511.0 105890.0 116503.0 124505.0 130192.0 133905.0 135984.0 136737.0 136436.0 135309.0 133545.0
5 1.0 273.01631538101094 37.895112490022214 0.934297306403859 0.01270211288476095 0.0053637112964260115 -0.029556849261736764 -0.19222492657958823 -0.08458201530111165 10740.0 31918.000000000004 64920.00000000001 105080.0 146928.0 186238.0 220505.0 248664.0 270614.0 286800.0 297928.0 304779.0 308111.0 308609.0 306868.0 303387.0
6 1.0 115.20617429608842 -53.113736347253685 0.934297306403859 0.01270211288476095 0.0053637112964260115 -0.029556849261736764 -0.19222492657958823 -0.08458201530111165 19389.0 51992.0 98347.0 150857.0 202419.0 248376.0 286488.0 316231.0 338075.0 352970.0 362021.0 366312.0 366817.0 364376.0 359686.0 353317.0
7 1.0 138.04700190188328 -28.494339324348218 0.934297306403859 0.01270211288476095 0.0053637112964260115 -0.029556849261736764 -0.19222492657958823 -0.08458201530111165 27456.0 66099.0 116506.0 170225.0 220601.0 263854.0 298542.0 324707.0 343163.0 355034.0 361492.0 363622.0 362371.0 358529.0 352746.0 345543.0
8 1.0 211.79416087929806 31.723646809943318 0.934297306403859 0.01270211288476095 0.0053637112964260115 -0.029556849261736764 -0.19222492657958823 -0.08458201530111165 9305.0 24645.0 46777.0 72516.0 98647.0 122860.0 143857.0 161128.0 174672.0 184774.0 191850.0 196352.0 198721.0 199352.0 198593.0 196740.0
9 1.0 299.17744388502854 68.26225734563889 0.934297306403859 0.01270211288476095 0.0053637112964260115 -0.029556849261736764 -0.19222492657958823 -0.08458201530111165 10840.0 31981.000000000004 64734.0 104428.0 145670.0 184325.0 217965.0 245572.0 267066.0 282898.0 293766.0 300442.0 303670.0 304123.0 302382.0 298938.0
10 1.0 226.43346369281355 7.86204968905713 0.934297306403859 0.01270211288476095 0.0053637112964260115 -0.029556849261736764 -0.19222492657958823 -0.08458201530111165 4033.0 11625.0 23466.0 38132.0 53846.0 69128.0 83001.0 94950.0 104796.0 112581.0 118468.0 122678.0 125447.0 127006.00000000001 127566.00000000001 127313.00000000001
11 1.0 314.1542359610623 -39.11406282980341 0.934297306403859 0.01270211288476095 0.0053637112964260115 -0.029556849261736764 -0.19222492657958823 -0.08458201530111165 30738.0 76105.0 136186.0 200565.0 260901.0 312447.0 353429.0 383947.0 405062.0 418213.0 424874.0 426400.0 423959.0 418517.0 410861.0 401616.0
12 1.0 98.47513253362888 -84.55765355892314 0.934297306403859 0.01270211288476095 0.0053637112964260115 -0.029556849261736764 -0.19222492657958823 -0.08458201530111165 17266.0 47158.0 90395.0 140051.0 189382.0 233819.0 271054.0 300437.0 322307.0 337499.0 347028.0 351907.0 353063.0 351299.0 347289.0 341587.0
13 1.0 287.29686020852296 37.8606292153584 0.934297306403859 0.01270211288476095 0.0053637112964260115 -0.029556849261736764 -0.19222492657958823 -0.08458201530111165 13050.0 37861.0 75616.0 120644.0 166737.0 209321.0 245841.0 275338.0 297881.0 314090.0 324824.0 330993.0 333451.0 332960.0 330167.0 325611.0
14 1.0 66.8289399501428 -88.58086136848073 0.934297306403859 0.01270211288476095 0.0053637112964260115 -0.029556849261736764 -0.19222492657958823 -0.08458201530111165 17140.0 46866.0 89915.0 139406.0 188621.0 232995.0 270214.0 299615.0 321525.0 336772.0 346362.0 351304.0 352522.0 350817.0 346862.0 341209.0
15 1.0 343.0049965099 -22.9177674322208 0.934297306403859 0.01270211288476095 0.0053637112964260115 -0.029556849261736764 -0.19222492657958823 -0.08458201530111165 34962.0 76839.0 127316.00000000001 178063.0 223522.0 261056.99999999997 290067.0 311088.0 325161.0 333470.0 337147.0 337195.0 334458.0 329629.0 323264.0 315802.0
16 1.0 247.4957794996135 5.496698621300723 0.934297306403859 0.01270211288476095 0.0053637112964260115 -0.029556849261736764 -0.19222492657958823 -0.08458201530111165 4273.0 13200.0 27887.0 46761.0 67529.0 88139.0 107160.0 123781.0 137671.0 148819.0 157400.0 163684.0 167975.0 170576.0 171769.0 171806.0
17 1.0 77.58276376088104 75.98006311809476 0.934297306403859 0.01270211288476095 0.0053637112964260115 -0.029556849261736764 -0.19222492657958823 -0.08458201530111165 9207.0 27635.0 56703.0 92487.0 130197.0 166017.0 197602.0 223883.0 244667.0 260274.99999999997 271289.0 278377.0 282202.0 283374.0 282428.0 279818.0
18 1.0 341.0534125760127 -73.89098189407798 0.934297306403859 0.01270211288476095 0.0053637112964260115 -0.029556849261736764 -0.19222492657958823 -0.08458201530111165 20497.0 54936.0 103788.0 158948.0 212905.0 260788.00000000003 300297.0 330942.0 353269.0 368317.0 377270.0 381281.0 381381.0 378451.0 373222.0 366288.0
19 1.0 263.1080904372568 -16.930382045708924 0.934297306403859 0.01270211288476095 0.0053637112964260115 -0.029556849261736764 -0.19222492657958823 -0.08458201530111165 6462.0 19836.0 41565.0 69094.0 98917.0 128023.0 154401.0 176990.0 195434.0 209826.0 220512.0 227945.0 232609.0 234970.0 235448.0 234412.0
20 1.0 91.4189913342093 -85.6236240521716 0.934297306403859 0.01270211288476095 0.0053637112964260115 -0.029556849261736764 -0.19222492657958823 -0.08458201530111165 17290.0 47234.0 90556.0 140314.0 189751.0 234286.0 271605.0 301053.0 322972.0 338198.0 347747.0 352635.0 353792.0 352022.0 348002.0 342284.0
21 1.0 76.79231185229351 -28.33002281851374 0.934297306403859 0.01270211288476095 0.0053637112964260115 -0.029556849261736764 -0.19222492657958823 -0.08458201530111165 12487.0 34473.0 66850.0 104759.0 143203.0 178601.0 208988.0 233644.0 252639.99999999997 266475.0 275831.0 281429.0 283952.0 284009.0 282121.0 278727.0
22 1.0 186.55225701503878 22.00159059116308 0.934297306403859 0.01270211288476095 0.0053637112964260115 -0.029556849261736764 -0.19222492657958823 -0.08458201530111165 18616.0 42231.0 71804.0 102617.0 131198.0 155659.0 175330.0 190282.0 200976.0 208021.0 212050.0 213647.0 213325.0 211516.0 208577.0 204795.0
23 1.0 9.238578499631366 -39.767769318852295 0.934297306403859 0.01270211288476095 0.0053637112964260115 -0.029556849261736764 -0.19222492657958823 -0.08458201530111165 23845.0 56034.0 97406.0 141186.0 182155.0 217375.0 245739.0 267286.0 282654.0 292726.0 298422.0 300597.0 300001.0 297265.0 292908.0 287350.0
24 1.0 74.68922715879938 -52.245009061985684 0.934297306403859 0.01270211288476095 0.0053637112964260115 -0.029556849261736764 -0.19222492657958823 -0.08458201530111165 16838.0 45753.0 87450.0 135273.0 182777.0 225598.0 261529.99999999997 289944.0 311157.0 325959.0 335316.0 340193.0 341474.0 339930.0 336206.0 330835.0
25 1.0 152.88676875054225 -69.17341800112314 0.934297306403859 0.01270211288476095 0.0053637112964260115 -0.029556849261736764 -0.19222492657958823 -0.08458201530111165 15907.000000000002 42703.0 81069.0 124934.0 168481.0 207779.0 240837.0 267077.0 286769.0 300618.0 309485.0 314241.0 315684.0 314513.0 311315.0 306578.0
26 1.0 134.7011929203212 13.88524392366152 0.934297306403859 0.01270211288476095 0.0053637112964260115 -0.029556849261736764 -0.19222492657958823 -0.08458201530111165 35974.0 84572.0 146436.0 210971.0 270289.0 320194.0 359336.0 388073.0 407600.0 419402.0 424959.0 425605.0 422476.0 416511.0 408465.0 398937.0
27 1.0 166.88715277133184 35.14860106284348 0.934297306403859 0.01270211288476095 0.0053637112964260115 -0.029556849261736764 -0.19222492657958823 -0.08458201530111165 26950.0 62710.0 108356.0 156434.0 201257.0 239655.0 270457.0 293741.0 310234.0 320919.0 326821.0 328886.0 327942.0 324682.0 319676.0 313385.0
28 1.0 99.94633426610349 30.95228530724802 0.934297306403859 0.01270211288476095 0.0053637112964260115 -0.029556849261736764 -0.19222492657958823 -0.08458201530111165 12700.0 36745.0 73370.0 117155.0 162111.0 203786.0 239659.0 268754.0 291097.0 307266.0 318076.0 324403.0 327075.0 326830.0 324302.0 320019.0
29 1.0 211.24236472494076 80.79498372969132 0.934297306403859 0.01270211288476095 0.0053637112964260115 -0.029556849261736764 -0.19222492657958823 -0.08458201530111165 11732.0 34565.0 69822.0 112380.0 156396.0 197441.0 232958.0 261911.99999999997 284275.0 300572.0 311584.0 318156.0 321098.0 321134.0 318888.0 314882.0
0 1.0 310.9880181323633 -89.51342149916951 0.934297306403859 0.01270211288476095 0.0053637112964260115 -0.029556849261736764 -0.19222492657958823 -0.08458201530111165 16955.0 46390.0 89055.0 138146.0 187006.0 231100.0 268119.0 297395.0 319242.0 334475.0 344087.0 349078.0 350362.0 348735.0 344864.0 339299.0
1 1.0 42.31146814633191 26.49539770092649 0.934297306403859 0.01270211288476095 0.0053637112964260115 -0.029556849261736764 -0.19222492657958823 -0.08458201530111165 3115.0 9125.0 18657.0 30638.0 43647.0 56456.0 68225.0 78484.0 87051.0 93928.0 99229.0 103122.0 105794.0 107432.0 108207.0 108275.0
2 1.0 186.2564785754811 18.070602677575124 0.934297306403859 0.01270211288476095 0.0053637112964260115 -0.029556849261736764 -0.19222492657958823 -0.08458201530111165 18504.0 41503.0 69940.0 99249.0 126181.99999999999 149041.0 167276.0 181016.0 190735.0 197028.0 200501.0 201711.0 201139.0 199191.0 196202.0 192442.0
3 1.0 47.54451828425519 15.973129794651868 0.934297306403859 0.01270211288476095 0.0053637112964260115 -0.029556849261736764 -0.19222492657958823 -0.08458201530111165 3243.0 9404.0 19088.0 31180.0 44242.0 57051.0 68780.0 78976.0 87470.0 94275.0 99511.0 103350.0 105979.0 107586.0 108342.0 108399.0
4 1.0 258.06948522933374 83.29865757124364 0.934297306403859 0.01270211288476095 0.0053637112964260115 -0.029556849261736764 -0.19222492657958823 -0.08458201530111165 10956.0 32522.000000000004 66075.0 106838.0 149245.0 189012.0 223617.0 252000.0 274073.0 290305.0 301417.0 308209.0 311451.0 311840.0 309976.0 306366.0
5 1.0 142.58149301062573 -86.96309879339286 0.934297306403859 0.01270211288476095 0.0053637112964260115 -0.029556849261736764 -0.19222492657958823 -0.08458201530111165 16679.0 45620.0 87573.0 135866.0 183962.0 227398.0 263899.0 292798.0 314397.0 329489.0 339048.0 344054.0 345404.0 343880.0 340139.0 334721.0
6 1.0 203.55167226906323 35.36683752626102 0.934297306403859 0.01270211288476095 0.0053637112964260115 -0.029556849261736764 -0.19222492657958823 -0.08458201530111165 12170.0 31059.0 57436.0 87338.0 117059.0 144085.0 167108.0 185702.0 199990.0 210378.0 217395.0 221584.0 223457.0 223468.0 222007.0 219402.0
7 1.0 65.9807410370683 56.462156946335426 0.934297306403859 0.01270211288476095 0.0053637112964260115 -0.029556849261736764 -0.19222492657958823 -0.08458201530111165 5878.0 18097.0 37993.0 63242.99999999999 90644.0 117436.0 141770.0 162667.0 179792.0 193223.0 203266.0 210332.0 214857.0 217262.0 217929.0 217193.0
8 1.0 52.1451933636158 1.7652953918851466 0.934297306403859 0.01270211288476095 0.0053637112964260115 -0.029556849261736764 -0.19222492657958823 -0.08458201530111165 4416.0 12464.0 24785.0 39830.0 55769.0 71130.0 84973.0 96827.0 106552.0 114217.0 120000.0 124132.0 126849.99999999999 128384.0 128940.0 128700.00000000001
9 1.0 175.70026103362363 -29.886323472574354 0.934297306403859 0.01270211288476095 0.0053637112964260115 -0.029556849261736764 -0.19222492657958823 -0.08458201530111165 15540.0 36215.0 62774.0 91005.0 117640.0 140796.0 159719.0 174369.0 185094.0 192407.0 196864.0 198990.0 199253.0 198054.0 195726.0 192544.0
10 1.0 128.020585625984 52.35122938093289 0.934297306403859 0.01270211288476095 0.0053637112964260115 -0.029556849261736764 -0.19222492657958823 -0.08458201530111165 18728.0 51179.0 97953.0 151397.0 204169.0 251378.0 290626.0 321309.0 343875.0 359285.0 368672.0 373148.0 373722.0 371257.0 366476.0 359965.0
11 1.0 338.5555002910127 -72.49627338616357 0.934297306403859 0.01270211288476095 0.0053637112964260115 -0.029556849261736764 -0.19222492657958823 -0.08458201530111165 20865.0 55759.0 105118.0 160726.0 215021.0 263121.0 302743.0 333420.0 355722.0 370705.0 379569.0 383476.0 383466.0 380424.0 375085.0 368044.0
12 1.0 275.5170913705075 -10.43358520861345 0.934297306403859 0.01270211288476095 0.0053637112964260115 -0.029556849261736764 -0.19222492657958823 -0.08458201530111165 10868.0 32043.000000000004 64905.00000000001 104822.0 146391.0 185441.0 219497.0 247503.0 269353.0 285486.0 296596.0 303456.0 306816.0 307354.0 305661.0 302233.0
13 1.0 269.51890314619703 3.5914274227508827 0.934297306403859 0.01270211288476095 0.0053637112964260115 -0.029556849261736764 -0.19222492657958823 -0.08458201530111165 8533.0 25830.0 53377.0 87583.0 123914.0 158679.0 189558.0 215446.0 236090.0 251753.0 262957.0 270327.0 274493.0 276037.0 275476.0 273251.0
14 1.0 325.33910630853603 34.91215396821855 0.934297306403859 0.01270211288476095 0.0053637112964260115 -0.029556849261736764 -0.19222492657958823 -0.08458201530111165 16982.0 43209.0 79469.0 120072.0 159876.0 195517.0 225354.0 248961.0 266639.0 279045.0 286965.0 291184.0 292420.0 291298.0 288347.0 284004.0
15 1.0 30.032076759126678 -73.6405682341663 0.934297306403859 0.01270211288476095 0.0053637112964260115 -0.029556849261736764 -0.19222492657958823 -0.08458201530111165 19651.0 52762.0 99862.0 153207.0 205560.0 252183.0 290804.0 320898.0 342955.0 357950.0 367012.0 371248.0 371650.0 369072.0 364223.0 357682.0
16 1.0 198.78928917206636 -49.00328972318503 0.934297306403859 0.01270211288476095 0.0053637112964260115 -0.029556849261736764 -0.19222492657958823 -0.08458201530111165 8757.0 23233.0 44079.0 68256.0 92733.0 115351.0 134914.0 150967.0 163527.0 172876.0 179413.0 183565.0 185744.0 186321.0 185618.0 183908.0
17 1.0 210.4113848240768 -16.14571871577739 0.934297306403859 0.01270211288476095 0.0053637112964260115 -0.029556849261736764 -0.19222492657958823 -0.08458201530111165 4506.0 11943.0 22754.0 35466.0 48551.0 60868.0 71741.0 80865.0 88192.0 93820.0 97926.0 100715.0 102394.0 103154.0 103167.0 102582.0
18 1.0 346.2970962770024 22.193041143623518 0.934297306403859 0.01270211288476095 0.0053637112964260115 -0.029556849261736764 -0.19222492657958823 -0.08458201530111165 17753.0 40847.0 70192.0 101134.0 130133.0 155195.0 175551.0 191204.0 202568.0 210228.0 214801.0 216869.0 216945.0 215464.0 212788.0 209213.0
19 1.0 105.17310964531758 69.65294061913514 0.934297306403859 0.01270211288476095 0.0053637112964260115 -0.029556849261736764 -0.19222492657958823 -0.08458201530111165 10913.0 32384.000000000004 65800.0 106422.0 148711.0 188397.0 222957.0 251323.00000000003 273403.0 289656.0 300799.0 307626.0 310904.0 311329.0 309500.0 305924.0
20 1.0 86.69836076956085 21.388710283447764 0.934297306403859 0.01270211288476095 0.0053637112964260115 -0.029556849261736764 -0.19222492657958823 -0.08458201530111165 8051.000000000001 24114.0 49613.0 81297.0 115042.0 147462.0 176399.0 200796.0 220385.0 235372.0 246219.0 253487.00000000003 257745.0 259531.0 259319.00000000003 257521.0
21 1.0 36.10581921557922 -65.9769352317118 0.934297306403859 0.01270211288476095 0.0053637112964260115 -0.029556849261736764 -0.19222492657958823 -0.08458201530111165 19761.0 52415.0 98457.0 150320.0 201053.0 246150.0 283475.0 312557.0 333885.0 348402.0 357197.0 361335.0 361769.0 359322.0 354675.0 348384.0
22 1.0 5.9146666529307135 86.50442390171082 0.934297306403859 0.01270211288476095 0.0053637112964260115 -0.029556849261736764 -0.19222492657958823 -0.08458201530111165 10044.0 29944.0 61084.0 99136.0 138954.0 176517.0 209409.0 236575.0 257876.0 273705.0 284709.0 291615.0 295138.0 295925.0 294540.0 291460.0
23 1.0 334.6305540451886 66.92143225598872 0.934297306403859 0.01270211288476095 0.0053637112964260115 -0.029556849261736764 -0.19222492657958823 -0.08458201530111165 9619.0 28038.0 56438.0 90854.0 126718.0 160500.0 190098.0 214594.0 233871.0 248273.0 258367.0 264793.0 268179.0 269096.0 268046.0 265452.0
24 1.0 241.16995677272763 0.4897370061583217 0.934297306403859 0.01270211288476095 0.0053637112964260115 -0.029556849261736764 -0.19222492657958823 -0.08458201530111165 3533.0 10834.0 22830.0 38278.0 55340.0 72350.0 88126.0 101982.0 113625.0 123027.0 130315.99999999999 135707.0 139443.0 141773.0 142926.0 143111.0
25 1.0 282.6550483283296 76.02263672339393 0.934297306403859 0.01270211288476095 0.0053637112964260115 -0.029556849261736764 -0.19222492657958823 -0.08458201530111165 10852.0 32214.0 65461.00000000001 105871.0 147934.0 187401.0 221767.0 249975.0 271934.0 288100.0 299189.0 305989.0 309263.0 309701.0 307899.0 304359.0
26 1.0 101.42283807142167 7.448542876284435 0.934297306403859 0.01270211288476095 0.0053637112964260115 -0.029556849261736764 -0.19222492657958823 -0.08458201530111165 16173.0 45092.0 87653.0 137143.0 186768.0 231798.0 269764.0 299895.0 322459.0 338255.0 348285.0 353566.0 355033.0 353502.0 349660.0 344070.0
27 1.0 211.1076598270776 76.19509222004936 0.934297306403859 0.01270211288476095 0.0053637112964260115 -0.029556849261736764 -0.19222492657958823 -0.08458201530111165 12204.0 35683.0 71694.0 114935.0 159467.0 200843.0 236528.0 265525.0 287840.0 304031.0 314900.0 321310.0 324082.0 323948.0 321535.0 317370.0
28 1.0 23.023895803553206 59.38152634860177 0.934297306403859 0.01270211288476095 0.0053637112964260115 -0.029556849261736764 -0.19222492657958823 -0.08458201530111165 6110.0 18067.0 36918.0 60299.0 85239.0 109295.0 130894.00000000001 149250.0 164138.0 175684.0 184197.0 190070.0 193705.0 195487.0 195758.0 194818.0
29 1.0 174.82593453646425 84.29155385297352 0.934297306403859 0.01270211288476095 0.0053637112964260115 -0.029556849261736764 -0.19222492657958823 -0.08458201530111165 11411.0 33742.0 68350.0 110250.0 153702.0 194324.0 229562.0 258365.0 280677.0 297000.0 308091.0 314778.0 317857.0 318043.0 315951.0 312101.0
0 1.0 351.89825030800085 75.5609059400685 0.934297306403859 0.01270211288476095 0.0053637112964260115 -0.029556849261736764 -0.19222492657958823 -0.08458201530111165 9052.0 26849.0 54674.0 88735.0 124497.0 158385.0 188224.0 213035.0 232652.0 247391.0 257801.99999999997 264515.0 268156.0 269298.0 268441.0 266014.0
1 1.0 315.54188831397266 -83.5139128628575 0.934297306403859 0.01270211288476095 0.0053637112964260115 -0.029556849261736764 -0.19222492657958823 -0.08458201530111165 17548.0 47957.0 91953.0 142478.0 192660.0 237840.0 275671.0 305493.0 327656.0 343019.0 352616.0 357484.0 358570.0 356692.0 352538.0 346670.0
2 1.0 121.73722266126443 -58.54103925103081 0.934297306403859 0.01270211288476095 0.0053637112964260115 -0.029556849261736764 -0.19222492657958823 -0.08458201530111165 18778.0 50281.0 95075.0 145859.0 195801.0 240399.0 277475.0 306495.0 327894.0 342572.0 351584.0 355970.0 356668.0 354489.0 350107.0 344073.0
3 1.0 346.16525563493946 -19.95575812178656 0.934297306403859 0.01270211288476095 0.0053637112964260115 -0.029556849261736764 -0.19222492657958823 -0.08458201530111165 33575.0 73103.0 120332.0 167498.0 209524.0 244062.0 270633.0 289786.0 302519.0 309945.0 313121.0 312977.0 310294.0 305708.0 299730.0 292764.0
4 1.0 83.41258552963363 81.38568551317573 0.934297306403859 0.01270211288476095 0.0053637112964260115 -0.029556849261736764 -0.19222492657958823 -0.08458201530111165 9935.0 29673.0 60620.0 98497.0 138189.0 175684.0 208561.0 235752.0 257106.99999999997 273007.0 284091.0 291081.0 294685.0 295548.0 294233.0 291216.0
5 1.0 341.75477606964535 -35.99479449433267 0.934297306403859 0.01270211288476095 0.0053637112964260115 -0.029556849261736764 -0.19222492657958823 -0.08458201530111165 33983.0 77727.0 132324.0 188623.0 240043.0 283183.0 317015.0 341909.0 358909.0 369290.0 374307.0 375094.0 372616.0 367671.0 360903.0 352825.0
6 1.0 338.8959736943395 -61.11582410023181 0.934297306403859 0.01270211288476095 0.0053637112964260115 -0.029556849261736764 -0.19222492657958823 -0.08458201530111165 25119.0 64333.0 117846.0 176557.0 232696.0 281556.0 321145.0 351269.0 372713.0 386682.0 394478.0 397322.0 396291.0 392290.0 386061.0 378202.0
7 1.0 287.71293144686103 69.53483989558077 0.934297306403859 0.01270211288476095 0.0053637112964260115 -0.029556849261736764 -0.19222492657958823 -0.08458201530111165 10948.0 32425.000000000004 65782.0 106262.0 148345.0 187790.0 222104.0 250242.00000000003 272123.0 288212.0 299226.0 305957.0 309170.0 309553.0 307703.0 304122.0
8 1.0 226.9612572720448 -9.649005213023472 0.934297306403859 0.01270211288476095 0.0053637112964260115 -0.029556849261736764 -0.19222492657958823 -0.08458201530111165 3135.0 9135.0 18608.0 30477.0 43334.0 55973.0 67569.0 77667.0 86089.0 92841.0 98036.0 101841.0 104441.0 106021.0 106750.0 106782.0
9 1.0 314.7436679849809 73.41760698377868 0.934297306403859 0.01270211288476095 0.0053637112964260115 -0.029556849261736764 -0.19222492657958823 -0.08458201530111165 10240.0 30258.0 61358.0 99169.0 138588.0 175668.0 208065.0 234771.0 255672.99999999997 271177.0 281928.0 288649.0 292044.0 292752.0 291327.0 288240.0
10 1.0 105.48730242280682 -61.15851606237421 0.934297306403859 0.01270211288476095 0.0053637112964260115 -0.029556849261736764 -0.19222492657958823 -0.08458201530111165 18373.0 49865.0 95120.0 146795.0 197866.0 243637.0 281791.0 311721.0 333838.0 349046.0 358421.0 363027.0 363831.0 361664.0 357225.0 351081.0
11 1.0 305.61967991265055 29.00115207145791 0.934297306403859 0.01270211288476095 0.0053637112964260115 -0.029556849261736764 -0.19222492657958823 -0.08458201530111165 18625.0 49440.0 93120.0 142633.0 191387.0 235025.0 271407.0 299989.0 321164.0 335785.0 344864.0 349404.0 350314.0 348382.0 344266.0 338508.0
12 1.0 222.43560909030856 -10.75252449069147 0.934297306403859 0.01270211288476095 0.0053637112964260115 -0.029556849261736764 -0.19222492657958823 -0.08458201530111165 3349.0 9522.0 19062.0 30823.0 43403.0 55647.0 66793.0 76440.0 84443.0 90830.0 95720.0 99279.0 101689.0 103124.0 103750.0 103710.0
13 1.0 4.765268793203816 -76.23238157454863 0.934297306403859 0.01270211288476095 0.0053637112964260115 -0.029556849261736764 -0.19222492657958823 -0.08458201530111165 19920.0 53555.0 101423.0 155632.0 208805.0 256118.0 295266.0 325724.0 348003.0 363102.0 372177.0 376356.0 376652.0 373934.0 368923.0 362206.0
14 1.0 125.00406645559904 35.363366037450106 0.934297306403859 0.01270211288476095 0.0053637112964260115 -0.029556849261736764 -0.19222492657958823 -0.08458201530111165 24742.0 64150.0 118436.0 178349.0 235851.0 286009.0 326702.0 357683.0 379740.0 394104.0 402113.0 405028.0 403958.0 399837.0 393431.0 385355.0
15 1.0 53.330709941339414 -45.46822400295233 0.934297306403859 0.01270211288476095 0.0053637112964260115 -0.029556849261736764 -0.19222492657958823 -0.08458201530111165 15321.0 40612.0 76529.0 117415.0 157920.0 194454.0 225208.0 249661.0 268069.0 281077.0 289478.0 294069.0 295585.0 294666.0 291855.0 287599.0
16 1.0 353.45858033457114 -82.86920593568681 0.934297306403859 0.01270211288476095 0.0053637112964260115 -0.029556849261736764 -0.19222492657958823 -0.08458201530111165 18358.0 49967.0 95498.0 147572.0 199091.0 245294.0 283822.0 314052.0 336390.0 351748.0 361211.0 365856.0 366659.0 364462.0 359970.0 353758.0
17 1.0 172.2133105343957 -79.21002631507682 0.934297306403859 0.01270211288476095 0.0053637112964260115 -0.029556849261736764 -0.19222492657958823 -0.08458201530111165 15298.0 41712.0 80004.0 124174.0 168313.0 208357.0 242198.0 269180.0 289533.0 303944.0 313270.0 318390.0 320112.0 319144.0 316088.0 311439.0
18 1.0 179.06089157951857 -79.00586332797828 0.934297306403859 0.01270211288476095 0.0053637112964260115 -0.029556849261736764 -0.19222492657958823 -0.08458201530111165 15055.0 41071.0 78823.0 122412.0 166016.0 205617.0 239125.0 265878.0 286094.0 300441.0 309762.0 314920.0 316712.0 315837.0 312887.0 308354.0
19 1.0 230.2101059035405 73.39193234730709 0.934297306403859 0.01270211288476095 0.0053637112964260115 -0.029556849261736764 -0.19222492657958823 -0.08458201530111165 11799.0 34638.0 69810.0 112186.0 155962.0 196753.0 232034.0 260791.0 282999.0 299185.0 310125.0 316659.0 319588.0 319633.0 317410.0 313439.0
20 1.0 132.6904582066623 43.17910520923817 0.934297306403859 0.01270211288476095 0.0053637112964260115 -0.029556849261736764 -0.19222492657958823 -0.08458201530111165 24142.0 62457.0 115260.0 173631.0 229780.0 278894.0 318868.0 349425.0 371294.0 385652.0 393786.0 396917.0 396122.0 392311.0 386234.0 378494.0
21 1.0 49.284097806815616 71.6512242984723 0.934297306403859 0.01270211288476095 0.0053637112964260115 -0.029556849261736764 -0.19222492657958823 -0.08458201530111165 7617.0 22962.0 47367.0 77691.0 109967.0 140951.0 168591.0 191890.0 210599.0 224924.0 235305.0 242278.0 246387.0 248139.0 247988.0 246322.0
22 1.0 295.9623839499284 31.064816033373845 0.934297306403859 0.01270211288476095 0.0053637112964260115 -0.029556849261736764 -0.19222492657958823 -0.08458201530111165 15921.000000000002 44363.0 86181.0 134783.0 183521.0 227764.0 265100.0 294768.0 317027.0 332652.0 342621.0 347924.0 349476.0 348075.0 344393.0 338984.0
23 1.0 68.34524828499286 5.2091872255589635 0.934297306403859 0.01270211288476095 0.0053637112964260115 -0.029556849261736764 -0.19222492657958823 -0.08458201530111165 5072.0 14953.0 30632.0 50285.0 71524.0 92316.0 111296.0 127726.0 141335.0 152159.0 160401.0 166352.0 170327.0 172635.0 173560.0 173355.0
24 1.0 184.07483371672416 -35.19965441747191 0.934297306403859 0.01270211288476095 0.0053637112964260115 -0.029556849261736764 -0.19222492657958823 -0.08458201530111165 11547.0 28132.0 50359.0 74802.0 98531.0 119696.0 137418.0 151493.0 162108.0 169646.0 174559.0 177296.0 178269.0 177838.0 176310.0 173936.0
25 1.0 80.75413043090613 89.63320523916121 0.934297306403859 0.01270211288476095 0.0053637112964260115 -0.029556849261736764 -0.19222492657958823 -0.08458201530111165 10518.0 31299.0 63729.99999999999 103248.0 144482.0 183265.0 217120.0 244985.0 266745.0 282832.0 293930.0 300807.0 304205.0 304799.0 303173.0 299820.0
26 1.0 35.22401441785226 -24.805969390909922 0.934297306403859 0.01270211288476095 0.0053637112964260115 -0.029556849261736764 -0.19222492657958823 -0.08458201530111165 11481.0 28767.0 52460.0 78930.0 104936.0 128361.0 148155.0 164022.0 176123.0 184844.0 190661.0 194055.0 195471.0 195304.0 193888.0 191504.0
27 1.0 310.388946271806 -5.28318914149628 0.934297306403859 0.01270211288476095 0.0053637112964260115 -0.029556849261736764 -0.19222492657958823 -0.08458201530111165 32125.0 77325.0 136100.0 198423.0 256483.00000000003 305922.0 345165.0 374369.0 394576.0 407165.0 413546.0 415008.0 412663.0 407435.0 400073.0 391174.0
28 1.0 350.2510160483269 -21.915868513776886 0.934297306403859 0.01270211288476095 0.0053637112964260115 -0.029556849261736764 -0.19222492657958823 -0.08458201530111165 31814.000000000004 69399.0 114410.0 159460.0 199688.0 232826.0 258388.99999999997 276879.0 289233.0 296506.0 299702.0 299707.0 297266.0 292990.0 287367.0 280785.0
29 1.0 345.90047690268005 86.31484728038254 0.934297306403859 0.01270211288476095 0.0053637112964260115 -0.029556849261736764 -0.19222492657958823 -0.08458201530111165 10109.0 30121.0 61419.0 99642.0 139617.0 177308.0 210294.0 237521.0 258855.0 274695.0 285692.0 292580.0 296076.0 296829.0 295407.0 292289.0
