idx D_km lam beta x1 y1 z1 x2 y2 z2 flux5 flux6 flux7 flux8 flux9 flux10 flux11 flux12 flux13 flux14 flux15 flux16 flux17 flux18 flux19 flux20
0 1.0 197.5728614138369 73.17998985981222 -0.10087516098806878 0.8009648933725778 0.3617631736163182 0.16881301539634938 -0.08852095106716111 -0.02393220426730936 3815.0 12848.0 29067.0 51408.0 77387.0 104353.0 130189.0 153513.0 173595.0 190194.0 203385.0 213427.0 220669.0 225489.0 228255.0 229311.0
1 1.0 257.468171894071 49.328519885754986 -0.10087516098806878 0.8009648933725778 0.3617631736163182 0.16881301539634938 -0.08852095106716111 -0.02393220426730936 4428.0 15013.0 34001.0 60037.0 90117.0 121103.0 150542.0 176877.0 199328.0 217677.0 232066.0 242835.0 250417.0 255266.0 257820.0 258478.0
2 1.0 216.99481538579178 -30.033872634844457 -0.10087516098806878 0.8009648933725778 0.3617631736163182 0.16881301539634938 -0.08852095106716111 -0.02393220426730936 16449.0 42215.0 79081.0 121975.0 165669.0 206297.0 241622.0 270714.0 293520.0 310490.0 322315.0 329760.0 333572.0 334432.0 332934.0 329586.0
3 1.0 196.15794587888288 -75.40174980216058 -0.10087516098806878 0.8009648933725778 0.3617631736163182 0.16881301539634938 -0.08852095106716111 -0.02393220426730936 17528.0 45298.0 84979.0 130920.00000000001 177402.0 220292.0 257267.00000000003 287432.0 310818.0 327977.0 339695.0 346819.0 350163.0 350457.0 348336.0 344335.0
4 1.0 152.5157277620057 -16.69658914551468 -0.10087516098806878 0.8009648933725778 0.3617631736163182 0.16881301539634938 -0.08852095106716111 -0.02393220426730936 6197.0 17340.0 34680.0 56359.0 79919.0 103209.0 124723.0 143595.0 159457.0 172280.0 182238.0 189613.0 194731.0 197920.0 199490.0 199723.0
5 1.0 232.5218807039962 -48.19785440923031 -0.10087516098806878 0.8009648933725778 0.3617631736163182 0.16881301539634938 -0.08852095106716111 -0.02393220426730936 17056.0 41628.0 75204.0 112993.0 150565.0 184878.0 214300.0 238255.0 256838.0 270510.0 279896.0 285658.0 288428.0 288774.0 287189.0 284091.0
6 1.0 157.5313960545693 -66.15222574356306 -0.10087516098806878 0.8009648933725778 0.3617631736163182 0.16881301539634938 -0.08852095106716111 -0.02393220426730936 16824.0 44902.0 86090.0 134617.0 184290.0 230479.0 270502.0 303262.0 328718.0 347424.0 360215.0 368008.0 371686.0 372047.0 369785.0 365483.0
7 1.0 321.03828028154874 -80.38310727837145 -0.10087516098806878 0.8009648933725778 0.3617631736163182 0.16881301539634938 -0.08852095106716111 -0.02393220426730936 14939.0 38235.0 71301.0 109491.0 148158.0 183946.0 214950.0 240414.0 260332.0 275123.0 285406.0 291859.0 295139.0 295842.0 294488.0 291519.0
8 1.0 346.91859378037054 40.60698555790418 -0.10087516098806878 0.8009648933725778 0.3617631736163182 0.16881301539634938 -0.08852095106716111 -0.02393220426730936 4912.0 16446.0 36931.0 64798.99999999999 96783.0 129535.00000000001 160478.0 188003.0 211331.0 230270.0 245004.0 255915.99999999997 263482.0 268191.0 270512.0 270869.0
9 1.0 138.03894677727996 -87.94305744749441 -0.10087516098806878 0.8009648933725778 0.3617631736163182 0.16881301539634938 -0.08852095106716111 -0.02393220426730936 16863.0 43757.0 82319.0 127086.0 172489.0 214477.0 250757.0 280428.0 303499.0 320491.0 332159.0 339323.0 342773.0 343222.0 341289.0 337497.0
10 1.0 285.02101370975925 48.70453473049972 -0.10087516098806878 0.8009648933725778 0.3617631736163182 0.16881301539634938 -0.08852095106716111 -0.02393220426730936 3744.0 12760.0 29081.0 51674.0 78030.0 105439.0 131729.0 155476.0 175929.0 192835.0 206270.0 216497.0 223873.0 228783.0 231606.0 232689.0
11 1.0 190.40217111104562 -63.549603827932486 -0.10087516098806878 0.8009648933725778 0.3617631736163182 0.16881301539634938 -0.08852095106716111 -0.02393220426730936 17671.0 46181.0 87295.0 135179.0 183811.0 228783.0 267598.0 299274.0 323824.0 341818.0 354082.0 361509.0 364959.0 365204.0 362915.0 358655.0
12 1.0 204.49604199381562 -75.68602513438397 -0.10087516098806878 0.8009648933725778 0.3617631736163182 0.16881301539634938 -0.08852095106716111 -0.02393220426730936 17296.0 44541.0 83363.0 128235.99999999999 173601.0 215447.0 251524.00000000003 280965.0 303805.0 320579.0 332051.0 339044.0 342350.0 342680.0 340651.0 336785.0
13 1.0 333.214789785358 -73.87145383705104 -0.10087516098806878 0.8009648933725778 0.3617631736163182 0.16881301539634938 -0.08852095106716111 -0.02393220426730936 13686.0 35014.0 65302.0 100329.0 135867.0 168849.0 197520.0 221165.0 239756.0 253655.00000000003 263413.0 269639.0 272926.0 273818.0 272790.0 270246.0
14 1.0 25.5729809512393 30.968605323704594 -0.10087516098806878 0.8009648933725778 0.3617631736163182 0.16881301539634938 -0.08852095106716111 -0.02393220426730936 11917.0 33204.0 65862.0 105820.0 148090.0 188588.0 224698.0 255133.0 279560.0 298236.0 311727.0 320729.0 325956.0 328076.0 327686.0 325301.0
15 1.0 31.366547892554657 -45.83390222648794 -0.10087516098806878 0.8009648933725778 0.3617631736163182 0.16881301539634938 -0.08852095106716111 -0.02393220426730936 14915.0 40196.0 77670.0 122245.0 168290.0 211493.0 249278.0 280523.0 305092.0 323424.0 336241.0 344355.0 348567.0 349610.0 348124.0 344655.0
16 1.0 7.278623078517259 -14.302895997582283 -0.10087516098806878 0.8009648933725778 0.3617631736163182 0.16881301539634938 -0.08852095106716111 -0.02393220426730936 8855.0 25340.0 51316.0 83856.0 119035.0 153443.0 184759.0 211721.0 233870.0 251278.0 264312.0 273487.0 279357.0 282461.0 283295.0 282292.0
17 1.0 299.74314439725765 10.326382438305046 -0.10087516098806878 0.8009648933725778 0.3617631736163182 0.16881301539634938 -0.08852095106716111 -0.02393220426730936 2132.0 6232.0 12907.0 21605.0 31439.0 41542.0 51241.0 60095.0 67857.0 74435.0 79832.0 84117.0 87390.0 89766.0 91363.0 92293.0
18 1.0 280.13643034194615 64.89921128918289 -0.10087516098806878 0.8009648933725778 0.3617631736163182 0.16881301539634938 -0.08852095106716111 -0.02393220426730936 4323.0 14945.0 34257.0 60958.0 91969.0 124016.0 154524.0 181843.0 205141.0 224180.0 239099.0 250251.99999999997 258089.0 263083.0 265693.0 266334.0
19 1.0 313.2043733688549 40.8679672880391 -0.10087516098806878 0.8009648933725778 0.3617631736163182 0.16881301539634938 -0.08852095106716111 -0.02393220426730936 3119.0 10681.0 24511.0 43871.0 66707.0 90714.0 113989.0 135240.0 153747.0 169233.0 181712.0 191380.0 198520.0 203455.0 206505.0 207970.0
20 1.0 352.30260320379506 -41.34097705703137 -0.10087516098806878 0.8009648933725778 0.3617631736163182 0.16881301539634938 -0.08852095106716111 -0.02393220426730936 8583.0 22945.0 44262.0 69856.0 96701.0 122396.0 145421.0 165024.0 181000.0 193482.0 202787.0 209310.0 213464.0 215638.0 216186.0 215418.0
21 1.0 287.6970831180205 -66.33309612759703 -0.10087516098806878 0.8009648933725778 0.3617631736163182 0.16881301539634938 -0.08852095106716111 -0.02393220426730936 13017.0 31972.0 57931.0 87179.0 116301.0 142957.0 165888.0 184646.0 199292.0 210168.0 217740.0 222508.0 224950.0 225498.0 224528.0 222361.0
22 1.0 166.13257041105547 -80.03262232418437 -0.10087516098806878 0.8009648933725778 0.3617631736163182 0.16881301539634938 -0.08852095106716111 -0.02393220426730936 17358.0 45331.0 85631.0 132539.0 180166.0 224213.0 262241.0 293293.0 317381.0 335059.0 347132.0 354470.0 357912.0 358212.0 356025.0 351902.0
23 1.0 280.99050346312396 -35.712245793430355 -0.10087516098806878 0.8009648933725778 0.3617631736163182 0.16881301539634938 -0.08852095106716111 -0.02393220426730936 8714.0 20045.0 34391.0 49451.0 63505.00000000001 75611.0 85429.0 92985.0 98495.0 102246.0 104537.0 105642.0 105802.0 105222.0 104069.0 102481.0
24 1.0 42.57879331281596 -42.818733136857915 -0.10087516098806878 0.8009648933725778 0.3617631736163182 0.16881301539634938 -0.08852095106716111 -0.02393220426730936 16312.0 43744.0 84172.0 131987.0 181089.0 226879.0 266661.0 299314.0 324762.0 343532.0 356437.0 364373.0 368212.0 368743.0 366652.0 362518.0
25 1.0 230.3715676779086 -7.894697975913658 -0.10087516098806878 0.8009648933725778 0.3617631736163182 0.16881301539634938 -0.08852095106716111 -0.02393220426730936 12835.0 33330.0 63179.0 98541.0 135213.0 169928.0 200668.0 226483.0 247173.0 262993.0 274438.0 282097.0 286565.0 288402.0 288107.0 286111.0
26 1.0 51.607183467256704 32.990640398582485 -0.10087516098806878 0.8009648933725778 0.3617631736163182 0.16881301539634938 -0.08852095106716111 -0.02393220426730936 13560.0 33970.0 62742.00000000001 96037.0 129981.99999999999 161712.0 189538.0 212725.0 231181.0 245197.0 255253.99999999997 261903.0 265690.0 267123.0 266649.0 264657.0
27 1.0 340.0808101378502 35.21258021499429 -0.10087516098806878 0.8009648933725778 0.3617631736163182 0.16881301539634938 -0.08852095106716111 -0.02393220426730936 4053.0 13677.0 30995.0 54878.0 82659.0 111479.0 139057.0 163909.0 185255.0 202847.0 216773.0 227321.0 234874.0 239842.0 242626.0 243595.0
28 1.0 187.8653958300258 -38.96660761521 -0.10087516098806878 0.8009648933725778 0.3617631736163182 0.16881301539634938 -0.08852095106716111 -0.02393220426730936 14676.0 40212.0 78556.0 124536.0 172263.0 217165.0 256485.00000000003 289004.0 314555.0 333590.0 346861.0 355221.0 359513.0 360505.0 358868.0 355176.0
29 1.0 149.2782983965885 -21.61314793797831 -0.10087516098806878 0.8009648933725778 0.3617631736163182 0.16881301539634938 -0.08852095106716111 -0.02393220426730936 7147.0 19743.0 39072.0 62942.0 88599.0 113703.0 136666.0 156610.0 173198.0 186452.0 196598.0 203972.0 208943.0 211876.0 213113.0 212958.0
0 1.0 95.24002035766571 -57.39282688735745 -0.10087516098806878 0.8009648933725778 0.3617631736163182 0.16881301539634938 -0.08852095106716111 -0.02393220426730936 16418.0 43589.0 83284.0 129949.00000000001 177679.0 222074.0 260583.99999999997 292165.0 316769.0 334919.0 347403.0 355089.0 358816.0 359346.0 357338.0 353353.0
1 1.0 278.724128196318 51.93819221517336 -0.10087516098806878 0.8009648933725778 0.3617631736163182 0.16881301539634938 -0.08852095106716111 -0.02393220426730936 3988.0 13630.0 31082.0 55199.0 83262.0 112362.0 140187.0 165236.0 186733.0 204431.0 218429.0 229021.0 236596.0 241571.0 244349.0 245304.0
2 1.0 164.21411959795748 -79.76734624201674 -0.10087516098806878 0.8009648933725778 0.3617631736163182 0.16881301539634938 -0.08852095106716111 -0.02393220426730936 17355.0 45373.0 85770.0 132815.0 180597.0 224794.0 262955.0 294116.0 318287.0 336023.0 348133.0 355491.0 358938.0 359233.0 357032.0 352889.0
3 1.0 204.63622159271347 35.459503510497726 -0.10087516098806878 0.8009648933725778 0.3617631736163182 0.16881301539634938 -0.08852095106716111 -0.02393220426730936 4407.0 15025.0 34169.0 60512.0 91022.0 122505.0 152454.0 179270.0 202144.0 220848.0 235518.0 246500.0 254233.0 259179.0 261783.0 262455.0
4 1.0 6.764328157087851 50.1651712693986 -0.10087516098806878 0.8009648933725778 0.3617631736163182 0.16881301539634938 -0.08852095106716111 -0.02393220426730936 7326.0 22848.0 48829.0 82628.0 120057.0 157246.0 191452.0 221120.0 245629.0 264981.0 279541.0 289854.0 296522.0 300137.0 301243.0 300322.0
5 1.0 222.34877894731574 49.93336113277556 -0.10087516098806878 0.8009648933725778 0.3617631736163182 0.16881301539634938 -0.08852095106716111 -0.02393220426730936 4397.0 15149.0 34648.0 61555.0 92755.0 124957.0 155575.0 182963.0 206294.0 225336.0 240238.0 251358.00000000003 259152.0 264097.0 266653.0 267240.0
6 1.0 220.3544601800717 -43.303938417836115 -0.10087516098806878 0.8009648933725778 0.3617631736163182 0.16881301539634938 -0.08852095106716111 -0.02393220426730936 17658.0 44196.0 81299.0 123735.0 166402.0 205665.0 239504.0 267148.0 288642.0 304482.0 315373.0 322077.0 325322.0 325770.0 323992.0 320474.0
7 1.0 222.0962388749125 -22.713635172138936 -0.10087516098806878 0.8009648933725778 0.3617631736163182 0.16881301539634938 -0.08852095106716111 -0.02393220426730936 15546.0 39783.0 74465.0 114894.0 156195.0 194737.0 228383.0 256224.0 278172.0 294621.0 306201.0 313619.0 317572.0 318697.0 317556.0 314627.0
8 1.0 339.7493082652647 15.76793433535002 -0.10087516098806878 0.8009648933725778 0.3617631736163182 0.16881301539634938 -0.08852095106716111 -0.02393220426730936 3247.0 10545.0 23476.0 41276.0 62088.0 83880.0 104980.0 124253.0 141069.0 155177.0 166589.0 175473.0 182080.0 186693.0 189597.0 191061.0
9 1.0 245.45530767725404 -40.892057563595934 -0.10087516098806878 0.8009648933725778 0.3617631736163182 0.16881301539634938 -0.08852095106716111 -0.02393220426730936 15366.0 36394.0 64306.0 95058.0 125168.0 152365.0 175493.0 194204.0 208637.0 219193.0 226382.0 230732.0 232743.0 232860.0 231468.0 228895.0
10 1.0 129.42284420656296 -23.246496140780025 -0.10087516098806878 0.8009648933725778 0.3617631736163182 0.16881301539634938 -0.08852095106716111 -0.02393220426730936 7927.0 20851.0 39749.0 62207.0 85604.0 107904.0 127836.0 144779.0 158571.0 169333.0 177339.0 182931.0 186463.0 188274.0 188669.0 187917.0
11 1.0 157.33150336776293 -54.530229566584865 -0.10087516098806878 0.8009648933725778 0.3617631736163182 0.16881301539634938 -0.08852095106716111 -0.02393220426730936 15027.0 40723.0 78989.0 124640.0 171878.0 216236.0 255037.0 287107.0 312301.0 331068.0 344153.0 352399.0 356632.0 357609.0 355993.0 352346.0
12 1.0 251.14723053381536 -7.225940923918671 -0.10087516098806878 0.8009648933725778 0.3617631736163182 0.16881301539634938 -0.08852095106716111 -0.02393220426730936 10332.0 25360.0 46158.0 69956.0 94087.0 116620.0 136430.0 153025.0 166341.0 176569.0 184026.0 189083.0 192108.0 193448.0 193412.0 192267.0
13 1.0 21.68116978653714 -81.96978577425946 -0.10087516098806878 0.8009648933725778 0.3617631736163182 0.16881301539634938 -0.08852095106716111 -0.02393220426730936 15948.0 41525.0 78322.0 121171.0 164756.0 205183.0 240224.0 268984.0 291440.0 308068.0 319576.0 326741.0 330313.0 330974.0 329318.0 325848.0
14 1.0 240.03601756044037 53.96325922271123 -0.10087516098806878 0.8009648933725778 0.3617631736163182 0.16881301539634938 -0.08852095106716111 -0.02393220426730936 4488.0 15429.0 35228.0 62501.0 94077.0 126619.00000000001 157520.0 185123.0 208605.0 227741.0 242689.0 253819.00000000003 261592.0 266497.0 268996.0 269516.0
15 1.0 241.4296330625374 -76.1478395424061 -0.10087516098806878 0.8009648933725778 0.3617631736163182 0.16881301539634938 -0.08852095106716111 -0.02393220426730936 16491.0 41609.0 76826.0 117124.0 157625.0 194874.0 226962.0 253170.99999999997 273552.0 288581.0 298928.0 305311.0 308422.0 308884.0 307237.0 303939.0
16 1.0 75.73772198658273 3.3903267896746883 -0.10087516098806878 0.8009648933725778 0.3617631736163182 0.16881301539634938 -0.08852095106716111 -0.02393220426730936 14473.0 34051.0 59799.0 87928.0 115262.0 139786.0 160519.0 177200.0 189999.0 199305.0 205594.0 209348.0 211021.0 211012.0 209668.0 207278.0
17 1.0 46.41346715574719 -34.7741820818647 -0.10087516098806878 0.8009648933725778 0.3617631736163182 0.16881301539634938 -0.08852095106716111 -0.02393220426730936 16947.0 45135.0 86404.0 134958.0 184607.0 230735.0 270678.0 303353.0 328728.0 347362.0 360093.0 367836.0 371475.0 371806.0 369522.0 365204.0
18 1.0 113.55420633270619 13.957730789647584 -0.10087516098806878 0.8009648933725778 0.3617631736163182 0.16881301539634938 -0.08852095106716111 -0.02393220426730936 4643.0 11203.0 19955.0 29590.0 38994.0 47456.0 54626.0 60403.0 64840.99999999999 68070.0 70253.0 71557.0 72137.0 72133.0 71665.0 70835.0
19 1.0 130.93587753934415 82.69800135001651 -0.10087516098806878 0.8009648933725778 0.3617631736163182 0.16881301539634938 -0.08852095106716111 -0.02393220426730936 4340.0 13863.0 30320.0 52423.0 77682.0 103573.0 128143.0 150154.0 168981.0 184446.0 196656.0 205882.0 212467.0 216778.0 219168.0 219962.0
20 1.0 205.27083735043666 26.20264400208069 -0.10087516098806878 0.8009648933725778 0.3617631736163182 0.16881301539634938 -0.08852095106716111 -0.02393220426730936 5201.0 17345.0 38817.0 67902.0 101143.0 135042.0 166938.0 195192.0 219029.0 238284.0 253172.99999999997 264112.0 271606.0 276170.0 278294.0 278419.0
21 1.0 157.89654484643532 -83.63476156401164 -0.10087516098806878 0.8009648933725778 0.3617631736163182 0.16881301539634938 -0.08852095106716111 -0.02393220426730936 17151.0 44712.0 84364.0 130484.99999999999 177301.0 220602.0 258000.99999999997 288559.0 312285.0 329722.0 341655.0 348936.0 352386.0 352745.0 350653.0 346653.0
22 1.0 355.8145817013214 -12.527560888548976 -0.10087516098806878 0.8009648933725778 0.3617631736163182 0.16881301539634938 -0.08852095106716111 -0.02393220426730936 6260.0 18104.0 37071.0 61252.0 87875.0 114410.0 139041.0 160700.0 178921.0 193647.0 205073.0 213523.0 219376.0 223015.0 224801.0 225059.0
23 1.0 36.736131869290105 1.803033417285036 -0.10087516098806878 0.8009648933725778 0.3617631736163182 0.16881301539634938 -0.08852095106716111 -0.02393220426730936 16246.0 42934.0 81920.0 127835.0 174922.0 218847.0 257072.00000000003 288527.0 313129.0 331367.0 343997.0 351865.0 355794.0 356531.0 354731.0 350946.0
24 1.0 75.19563219414049 6.511949046621353 -0.10087516098806878 0.8009648933725778 0.3617631736163182 0.16881301539634938 -0.08852095106716111 -0.02393220426730936 14353.0 33631.0 58872.0 86344.0 112957.0 136768.0 156849.0 172970.0 185312.0 194266.0 200301.0 203889.0 205470.0 205431.0 204108.0 201778.0
25 1.0 58.07142643859865 32.65065190869082 -0.10087516098806878 0.8009648933725778 0.3617631736163182 0.16881301539634938 -0.08852095106716111 -0.02393220426730936 13311.0 32614.999999999996 59273.0 89668.0 120328.0 148761.0 173542.0 194080.0 210345.0 222627.0 231375.0 237090.0 240268.0 241363.0 240777.0 238854.0
26 1.0 235.11899716754343 -40.032702408282105 -0.10087516098806878 0.8009648933725778 0.3617631736163182 0.16881301539634938 -0.08852095106716111 -0.02393220426730936 16543.0 40023.0 71887.0 107599.0 143020.0 175328.0 203017.0 225565.0 243069.0 255967.0 264845.0 270325.0 272997.0 273394.0 271975.0 269132.0
27 1.0 91.18497691432157 -66.80509821606236 -0.10087516098806878 0.8009648933725778 0.3617631736163182 0.16881301539634938 -0.08852095106716111 -0.02393220426730936 16974.0 45195.0 86500.0 135084.0 184753.0 230894.0 270844.0 303523.0 328897.0 347529.0 360256.0 367993.0 371626.0 371952.0 369661.0 365337.0
28 1.0 167.87187822827028 -19.31837822152302 -0.10087516098806878 0.8009648933725778 0.3617631736163182 0.16881301539634938 -0.08852095106716111 -0.02393220426730936 7746.0 22373.0 45663.0 75130.0 107290.0 139044.0 168221.0 193595.0 214673.0 231452.0 244223.0 253417.99999999997 259523.99999999997 263022.0 264360.0 263935.0
29 1.0 87.99321312057698 82.1530301032708 -0.10087516098806878 0.8009648933725778 0.3617631736163182 0.16881301539634938 -0.08852095106716111 -0.02393220426730936 4788.0 14995.0 32363.999999999996 55434.0 81581.0 108204.0 133330.0 155727.0 174794.0 190378.0 202614.0 211793.0 218277.0 222448.0 224672.0 225282.0
0 1.0 57.2290501123871 -56.31643948484795 -0.10087516098806878 0.8009648933725778 0.3617631736163182 0.16881301539634938 -0.08852095106716111 -0.02393220426730936 16876.0 44975.0 86141.0 134602.0 184183.0 230271.0 270200.0 302880.0 328273.0 346934.0 359697.0 367473.0 371144.0 371507.0 369253.0 364963.0
1 1.0 39.73505081914985 72.71711188708267 -0.10087516098806878 0.8009648933725778 0.3617631736163182 0.16881301539634938 -0.08852095106716111 -0.02393220426730936 6254.0 18857.0 39637.0 66587.0 96545.0 126550.0 154450.0 178971.0 199549.0 216109.0 228876.0 238228.0 244606.0 248459.0 250205.99999999997 250226.99999999997
2 1.0 236.27865220749842 7.885071013918747 -0.10087516098806878 0.8009648933725778 0.3617631736163182 0.16881301539634938 -0.08852095106716111 -0.02393220426730936 9498.0 26119.0 51583.0 82919.0 116400.0 148889.0 178296.0 203513.0 224168.0 240361.0 252458.00000000003 260950.00000000003 266360.0 269191.0 269906.0 268908.0
3 1.0 49.74586248550097 -7.755944103762147 -0.10087516098806878 0.8009648933725778 0.3617631736163182 0.16881301539634938 -0.08852095106716111 -0.02393220426730936 17849.0 45481.0 84617.0 129722.0 175263.0 217259.0 253473.99999999997 283047.0 306008.0 322890.0 334452.0 341517.0 344875.0 345237.0 343222.0 339353.0
4 1.0 70.76965020481926 68.76745384138013 -0.10087516098806878 0.8009648933725778 0.3617631736163182 0.16881301539634938 -0.08852095106716111 -0.02393220426730936 6150.0 17516.0 35540.0 58386.0 83446.0 108362.0 131447.0 151714.0 168734.0 182461.0 193081.0 200903.0 206284.0 209586.0 211150.0 211282.0
5 1.0 132.74106143794708 -7.451286881654539 -0.10087516098806878 0.8009648933725778 0.3617631736163182 0.16881301539634938 -0.08852095106716111 -0.02393220426730936 4873.0 12790.0 24347.0 38093.0 52462.0 66230.0 78620.0 89243.0 97981.0 104891.0 110127.0 113884.0 116371.0 117789.0 118322.0 118131.0
6 1.0 295.55756274525663 40.350174590077785 -0.10087516098806878 0.8009648933725778 0.3617631736163182 0.16881301539634938 -0.08852095106716111 -0.02393220426730936 3165.0 10644.0 24142.0 42876.0 64850.00000000001 87872.0 110146.0 130463.0 148156.0 162966.0 174913.0 184181.0 191039.0 195792.0 198742.0 200174.0
7 1.0 34.956459285502056 -18.17544209344163 -0.10087516098806878 0.8009648933725778 0.3617631736163182 0.16881301539634938 -0.08852095106716111 -0.02393220426730936 15782.0 42645.0 82485.0 129814.00000000001 178577.0 224169.0 263868.0 296521.0 322026.0 340890.0 353908.0 361969.0 365936.0 366593.0 364625.0 360609.0
8 1.0 301.6601666995694 72.7279907221724 -0.10087516098806878 0.8009648933725778 0.3617631736163182 0.16881301539634938 -0.08852095106716111 -0.02393220426730936 4611.0 15772.000000000002 35879.0 63482.0 95354.0 128127.99999999999 159190.0 186889.0 210413.0 229550.0 244469.0 255550.0 263261.0 268096.0 270522.0 270967.0
9 1.0 34.59542684182671 34.20450363442093 -0.10087516098806878 0.8009648933725778 0.3617631736163182 0.16881301539634938 -0.08852095106716111 -0.02393220426730936 12703.0 34061.0 65921.0 104230.0 144315.0 182459.0 216332.0 244813.0 267645.0 285091.0 297695.0 306109.0 310996.0 312979.0 312612.0 310373.0
10 1.0 351.5254074048225 35.931969765093015 -0.10087516098806878 0.8009648933725778 0.3617631736163182 0.16881301539634938 -0.08852095106716111 -0.02393220426730936 5268.0 17404.0 38732.0 67524.0 100369.0 133835.0 165315.0 193203.0 216742.0 235770.0 250496.0 261330.99999999997 268769.0 273316.0 275453.0 275614.0
11 1.0 168.71443259317257 -31.010327719718596 -0.10087516098806878 0.8009648933725778 0.3617631736163182 0.16881301539634938 -0.08852095106716111 -0.02393220426730936 10496.0 29624.0 59299.0 95954.0 135068.0 172857.0 206840.0 235745.0 259183.0 277328.0 290657.0 299783.0 305345.0 307954.0 308159.0 306437.0
12 1.0 351.6339917485214 46.22015569264005 -0.10087516098806878 0.8009648933725778 0.3617631736163182 0.16881301539634938 -0.08852095106716111 -0.02393220426730936 5613.0 18550.0 41214.0 71678.0 106264.0 141322.0 174123.0 203020.0 227262.0 246724.0 261660.0 272527.0 279861.0 284205.0 286067.0 285905.0
13 1.0 217.74438710821656 24.490989980485438 -0.10087516098806878 0.8009648933725778 0.3617631736163182 0.16881301539634938 -0.08852095106716111 -0.02393220426730936 6458.0 20749.0 45215.0 77548.0 113775.0 150105.0 183782.0 213199.0 237670.0 257137.0 271918.0 282518.0 289511.0 293470.0 294925.0 294348.0
14 1.0 266.1348885833886 -46.79635079165228 -0.10087516098806878 0.8009648933725778 0.3617631736163182 0.16881301539634938 -0.08852095106716111 -0.02393220426730936 12657.0 29498.0 51358.0 74948.0 97609.0 117716.0 134528.0 147900.0 158032.0 165286.0 170083.0 172838.0 173930.0 173691.0 172403.0 170300.0
15 1.0 14.107605211555443 -61.103011952653844 -0.10087516098806878 0.8009648933725778 0.3617631736163182 0.16881301539634938 -0.08852095106716111 -0.02393220426730936 13710.0 36258.0 69202.0 108065.0 148047.0 185519.0 218327.0 245530.0 267015.0 283150.0 294540.0 301871.0 305821.0 307013.0 305994.0 303232.0
16 1.0 101.81050652750744 53.35046541311971 -0.10087516098806878 0.8009648933725778 0.3617631736163182 0.16881301539634938 -0.08852095106716111 -0.02393220426730936 5008.0 13001.0 24682.0 38669.0 53426.0 67720.0 80739.0 92047.0 101482.0 109067.0 114928.0 119246.0 122218.0 124043.0 124904.0 124969.0
17 1.0 43.270762036740805 82.64998854634004 -0.10087516098806878 0.8009648933725778 0.3617631736163182 0.16881301539634938 -0.08852095106716111 -0.02393220426730936 5135.0 16250.0 35249.0 60511.0 89106.0 118152.0 145473.0 169730.0 190286.0 206999.0 220037.0 229737.0 236509.0 240779.0 242951.0 243392.0
18 1.0 106.61047110797217 -7.535011093192281 -0.10087516098806878 0.8009648933725778 0.3617631736163182 0.16881301539634938 -0.08852095106716111 -0.02393220426730936 8024.0 19625.0 35391.0 53051.0 70563.0 86556.0 100301.0 111545.0 120330.0 126864.0 131425.0 134311.0 135806.0 136169.0 135623.0 134360.0
19 1.0 42.74197882352786 16.377149758263286 -0.10087516098806878 0.8009648933725778 0.3617631736163182 0.16881301539634938 -0.08852095106716111 -0.02393220426730936 15940.0 40826.0 76421.0 117871.0 160155.0 199548.0 233876.0 262222.0 284514.0 301171.0 312847.0 320273.0 324166.0 325182.0 323895.0 320795.0
20 1.0 114.47394458183138 64.39007595483983 -0.10087516098806878 0.8009648933725778 0.3617631736163182 0.16881301539634938 -0.08852095106716111 -0.02393220426730936 4022.0000000000005 11556.0 23633.0 39125.0 56349.0 73726.0 90084.0 104698.0 117214.0 127539.00000000001 135750.0 142019.0 146564.0 149614.0 151393.0 152105.0
21 1.0 149.13467802528118 -7.699778396305732 -0.10087516098806878 0.8009648933725778 0.3617631736163182 0.16881301539634938 -0.08852095106716111 -0.02393220426730936 4560.0 12711.0 25394.0 41311.0 58717.0 76057.0 92211.0 106512.0 118655.0 128585.0 136407.0 142311.0 146523.0 149279.0 150806.0 151307.0
22 1.0 23.09309868556237 81.3374058298925 -0.10087516098806878 0.8009648933725778 0.3617631736163182 0.16881301539634938 -0.08852095106716111 -0.02393220426730936 5280.0 16815.0 36597.0 62928.0 92731.0 122979.0 151396.0 176588.0 197897.0 215185.0 228635.0 238606.0 245532.0 249857.0 252006.99999999997 252365.0
23 1.0 249.28996297320714 13.63520916807704 -0.10087516098806878 0.8009648933725778 0.3617631736163182 0.16881301539634938 -0.08852095106716111 -0.02393220426730936 7293.0 20256.0 40369.0 65441.0 92580.0 119265.0 143745.0 165036.0 182747.0 196883.0 207683.0 215504.0 220746.0 223806.0 225052.0 224816.0
24 1.0 203.97652351436705 57.738081726236686 -0.10087516098806878 0.8009648933725778 0.3617631736163182 0.16881301539634938 -0.08852095106716111 -0.02393220426730936 3708.0 12759.0 29255.0 52195.0 79035.0 107010.0 133890.0 158206.0 179179.0 196539.0 210356.0 220894.0 228512.0 233604.0 236552.0 237714.0
25 1.0 95.54021673820034 73.5918693142929 -0.10087516098806878 0.8009648933725778 0.3617631736163182 0.16881301539634938 -0.08852095106716111 -0.02393220426730936 4843.0 14384.0 30038.0 50377.0 73115.0 96076.0 117636.0 136801.0 153098.0 166421.0 176894.0 184771.0 190361.0 193987.0 195956.0 196549.0
26 1.0 188.36929924801188 56.7942873783424 -0.10087516098806878 0.8009648933725778 0.3617631736163182 0.16881301539634938 -0.08852095106716111 -0.02393220426730936 3210.0 10924.0 24953.0 44511.0 67509.0 91628.0 114965.0 136237.0 154734.0 170183.0 182608.0 192207.0 199268.0 204116.0 207074.0 208446.0
27 1.0 33.818583873039 -61.30539657918793 -0.10087516098806878 0.8009648933725778 0.3617631736163182 0.16881301539634938 -0.08852095106716111 -0.02393220426730936 15474.0 41153.0 78770.0 123132.0 168664.0 211173.0 248202.0 278713.0 302619.0 320386.0 332739.0 340488.0 344425.0 345269.0 343650.0 340101.0
28 1.0 207.34073840022455 23.201719031106066 -0.10087516098806878 0.8009648933725778 0.3617631736163182 0.16881301539634938 -0.08852095106716111 -0.02393220426730936 5692.0 18757.0 41590.0 72227.0 106960.0 142127.0 174998.0 203928.0 228175.0 247621.0 262527.0 273355.0 280644.0 284940.0 286755.0 286546.0
29 1.0 334.5466311274371 -18.28183344845813 -0.10087516098806878 0.8009648933725778 0.3617631736163182 0.16881301539634938 -0.08852095106716111 -0.02393220426730936 3702.0 10202.0 20193.0 32623.0 46155.0 59625.0 72210.0 83419.0 93023.0 100977.0 107346.0 112259.0 115877.0 118366.0 119889.0 120597.0
0 1.0 114.68482288247652 -78.71166863579778 -0.10087516098806878 0.8009648933725778 0.3617631736163182 0.16881301539634938 -0.08852095106716111 -0.02393220426730936 17022.0 45013.0 85740.0 133453.0 182101.0 227215.0 266232.0 298128.0 322888.0 341069.0 353492.0 361051.0 364608.0 364938.0 362716.0 358508.0
1 1.0 240.2677367869254 -13.674194659828444 -0.10087516098806878 0.8009648933725778 0.3617631736163182 0.16881301539634938 -0.08852095106716111 -0.02393220426730936 12952.0 31996.999999999996 58508.0 88923.0 119754.0 148463.0 173576.0 194463.0 211066.0 223661.0 232688.0 238647.0 242033.0 243302.0 242858.0 241050.0
2 1.0 47.447230465581185 -43.436867959906614 -0.10087516098806878 0.8009648933725778 0.3617631736163182 0.16881301539634938 -0.08852095106716111 -0.02393220426730936 16774.0 44798.0 85934.0 134427.0 184090.0 230288.0 270334.0 303125.0 328614.0 347354.0 360178.0 368000.0 371703.0 372086.0 369842.0 365556.0
3 1.0 257.8777934826836 62.82689551713193 -0.10087516098806878 0.8009648933725778 0.3617631736163182 0.16881301539634938 -0.08852095106716111 -0.02393220426730936 4357.0 15031.0 34419.0 61207.0 92303.0 124425.0 154991.0 182350.0 205670.0 224717.0 239632.0 250772.0 258590.0 263562.0 266145.0 266759.0
4 1.0 104.1861934609924 -84.00516722159469 -0.10087516098806878 0.8009648933725778 0.3617631736163182 0.16881301539634938 -0.08852095106716111 -0.02393220426730936 16896.0 44281.0 83854.0 130023.0 176990.0 220499.0 258123.0 288895.0 312807.0 330396.0 342447.0 349815.0 353325.0 353721.0 351650.0 347656.0
5 1.0 65.94889032256206 82.61688993542523 -0.10087516098806878 0.8009648933725778 0.3617631736163182 0.16881301539634938 -0.08852095106716111 -0.02393220426730936 4992.0 15689.000000000002 33910.0 58106.0 85495.0 113338.0 139561.0 162881.0 182682.0 198816.0 211438.0 220861.0 227473.0 231678.0 233860.0 234372.0
6 1.0 211.14465653162995 -26.033607275052667 -0.10087516098806878 0.8009648933725778 0.3617631736163182 0.16881301539634938 -0.08852095106716111 -0.02393220426730936 15615.0 41166.0 78527.0 122634.0 168009.0 210491.0 247609.0 278291.0 302419.0 320425.0 333018.0 340993.0 345133.0 346156.0 344690.0 341269.0
7 1.0 7.238716627497679 -25.792759727542276 -0.10087516098806878 0.8009648933725778 0.3617631736163182 0.16881301539634938 -0.08852095106716111 -0.02393220426730936 9531.0 26582.0 52842.0 85197.0 119750.0 153241.0 183513.0 209434.0 230632.0 247222.0 259587.99999999997 268241.0 273723.0 276555.0 277213.0 276115.0
8 1.0 298.4184105182507 -87.06086951693258 -0.10087516098806878 0.8009648933725778 0.3617631736163182 0.16881301539634938 -0.08852095106716111 -0.02393220426730936 16181.000000000002 41679.0 78038.0 120119.0 162737.0 202136.0 236198.0 264090.0 285821.0 301875.0 312952.0 319814.0 323195.0 323758.0 322081.0 318650.0
9 1.0 1.6903714293169436 -56.65818145748689 -0.10087516098806878 0.8009648933725778 0.3617631736163182 0.16881301539634938 -0.08852095106716111 -0.02393220426730936 11953.0 31529.0 60118.0 93901.0 128776.0 161623.0 190563.0 214752.0 234050.0 248737.0 259303.0 266318.0 270352.0 271934.0 271532.0 269551.0
10 1.0 244.01395324664284 -17.773289855350427 -0.10087516098806878 0.8009648933725778 0.3617631736163182 0.16881301539634938 -0.08852095106716111 -0.02393220426730936 13093.0 31659.0 56936.0 85439.0 113948.0 140220.0 163005.0 181815.0 196659.0 207826.0 215741.0 220870.0 223669.0 224558.0 223904.0 222024.0
11 1.0 97.20287034917935 77.27245511448851 -0.10087516098806878 0.8009648933725778 0.3617631736163182 0.16881301539634938 -0.08852095106716111 -0.02393220426730936 4760.0 14480.0 30704.0 52013.0 76005.0 100349.0 123287.0 143732.0 161156.0 175428.0 186671.0 195145.0 201177.0 205108.0 207263.0 207944.0
12 1.0 264.66984796413414 -72.06931256017117 -0.10087516098806878 0.8009648933725778 0.3617631736163182 0.16881301539634938 -0.08852095106716111 -0.02393220426730936 15233.0 37819.0 69067.0 104517.0 139955.0 172443.0 200381.0 223183.0 240913.0 253996.0 263017.0 268599.0 271342.0 271785.0 270395.0 267569.0
13 1.0 346.38787624227774 80.15427602623433 -0.10087516098806878 0.8009648933725778 0.3617631736163182 0.16881301539634938 -0.08852095106716111 -0.02393220426730936 5156.0 16867.0 37308.0 64802.0 96116.0 128011.99999999999 158035.0 184672.0 207202.0 225466.0 239655.0 250147.99999999997 257408.00000000003 261911.0 264110.0 264414.0
14 1.0 89.55113166718489 66.5079354983938 -0.10087516098806878 0.8009648933725778 0.3617631736163182 0.16881301539634938 -0.08852095106716111 -0.02393220426730936 5368.0 15096.0 30384.0 49680.0 70827.0 91883.0 111456.0 128723.0 143314.0 155175.0 164443.0 171362.0 176218.0 179305.0 180903.0 181267.0
15 1.0 207.4166403904213 -8.25076855664068 -0.10087516098806878 0.8009648933725778 0.3617631736163182 0.16881301539634938 -0.08852095106716111 -0.02393220426730936 11627.0 33041.0 66299.0 107261.0 150735.0 192440.0 229628.0 260946.99999999997 286044.0 305188.0 318973.0 328125.0 333386.0 335452.0 334941.0 332389.0
16 1.0 213.13509525786205 -31.19384128171319 -0.10087516098806878 0.8009648933725778 0.3617631736163182 0.16881301539634938 -0.08852095106716111 -0.02393220426730936 16485.0 42712.0 80502.0 124659.0 169745.0 211718.0 248224.0 278281.0 301824.0 319318.0 331479.0 339105.0 342971.0 343787.0 342169.0 338645.0
17 1.0 206.01068608471442 -48.10605672976977 -0.10087516098806878 0.8009648933725778 0.3617631736163182 0.16881301539634938 -0.08852095106716111 -0.02393220426730936 17612.0 45496.0 85427.0 131779.0 178801.0 222294.0 259873.00000000003 290594.0 314462.0 332016.0 344040.0 351387.0 354881.0 355262.0 353176.0 349167.0
18 1.0 80.30938775062259 20.603647165837387 -0.10087516098806878 0.8009648933725778 0.3617631736163182 0.16881301539634938 -0.08852095106716111 -0.02393220426730936 11951.0 27537.0 47462.0 68673.0 88811.0 106505.0 121175.0 132752.0 141450.0 147610.0 151613.0 153829.0 154591.0 154193.0 152880.0 150859.0
19 1.0 342.9896441461146 -84.04657353440899 -0.10087516098806878 0.8009648933725778 0.3617631736163182 0.16881301539634938 -0.08852095106716111 -0.02393220426730936 15715.0 40541.0 75998.0 117092.0 158767.0 197349.0 230755.0 258156.0 279548.0 295395.0 306372.0 313220.0 316653.0 317318.0 315778.0 312510.0
20 1.0 160.96513630234585 -87.19090839957092 -0.10087516098806878 0.8009648933725778 0.3617631736163182 0.16881301539634938 -0.08852095106716111 -0.02393220426730936 16843.0 43728.0 82291.0 127067.99999999999 172488.0 214493.0 250790.0 280475.0 303557.0 320556.0 332229.0 339396.0 342847.0 343296.0 341362.0 337568.0
21 1.0 304.707122089606 -12.816769950317195 -0.10087516098806878 0.8009648933725778 0.3617631736163182 0.16881301539634938 -0.08852095106716111 -0.02393220426730936 2640.0 6876.0 12969.0 20116.0 27502.0 34521.0 40813.0 46203.0 50650.0 54190.0 56900.0 58876.0 60218.0 61023.0 61377.0 61361.0
22 1.0 251.81253911430156 -77.74666668455036 -0.10087516098806878 0.8009648933725778 0.3617631736163182 0.16881301539634938 -0.08852095106716111 -0.02393220426730936 16167.999999999998 40802.0 75348.0 114890.0 154646.0 191229.0 222764.0 248541.0 268607.0 283424.0 293645.0 299975.0 303089.0 303596.0 302028.0 298834.0
23 1.0 107.07730230784811 -44.65062211570328 -0.10087516098806878 0.8009648933725778 0.3617631736163182 0.16881301539634938 -0.08852095106716111 -0.02393220426730936 14179.0 37199.0 70587.0 109754.0 149877.0 187351.0 220068.0 247127.0 268444.0 284408.0 295635.0 302815.0 306629.0 307699.0 306571.0 303710.0
24 1.0 292.9672150928918 -50.19103523770491 -0.10087516098806878 0.8009648933725778 0.3617631736163182 0.16881301539634938 -0.08852095106716111 -0.02393220426730936 9317.0 22286.0 39527.0 58488.0 77004.0 93690.0 107868.0 119345.0 128223.0 134753.0 139248.0 142025.0 143383.0 143590.0 142877.0 141437.0
25 1.0 142.74206670491446 -44.425585129886656 -0.10087516098806878 0.8009648933725778 0.3617631736163182 0.16881301539634938 -0.08852095106716111 -0.02393220426730936 12492.0 33816.0 65665.0 103892.0 143778.0 181618.0 215119.0 243207.0 265656.0 282756.0 295061.0 303227.0 307917.0 309750.0 309275.0 306966.0
26 1.0 317.1971509600182 -66.4100583812536 -0.10087516098806878 0.8009648933725778 0.3617631736163182 0.16881301539634938 -0.08852095106716111 -0.02393220426730936 11871.0 29867.0 55061.0 83925.0 113036.0 139955.0 163312.0 182566.0 197718.0 209073.0 217082.0 222239.0 225023.0 225869.0 225159.0 223219.0
27 1.0 209.25823414890914 -87.83347987842222 -0.10087516098806878 0.8009648933725778 0.3617631736163182 0.16881301539634938 -0.08852095106716111 -0.02393220426730936 16674.0 43078.0 80814.0 124534.0 168823.0 209756.0 245117.0 274040.0 296539.0 313123.0 324527.0 331547.0 334951.0 335432.0 333591.0 329936.0
28 1.0 317.424730267747 -69.21282651502534 -0.10087516098806878 0.8009648933725778 0.3617631736163182 0.16881301539634938 -0.08852095106716111 -0.02393220426730936 12578.0 31711.999999999996 58548.0 89322.0 120369.0 149077.0 173978.0 194497.0 210636.0 222725.0 231246.0 236725.0 239674.0 240558.0 239784.0 237698.0
29 1.0 249.3113724279957 21.32644671229461 -0.10087516098806878 0.8009648933725778 0.3617631736163182 0.16881301539634938 -0.08852095106716111 -0.02393220426730936 6382.0 18706.0 38630.0 64162.0 92335.0 120426.0 146478.0 169346.0 188532.0 203980.0 215905.0 224660.0 230656.0 234304.0 235993.0 236072.0
0 1.0 261.09154073507057 85.36611830724905 -0.10087516098806878 0.8009648933725778 0.3617631736163182 0.16881301539634938 -0.08852095106716111 -0.02393220426730936 4508.0 15032.0 33696.0 59110.0 88350.0 118395.0 146902.0 172386.0 194108.0 211865.0 225794.0 236227.0 243578.0 248287.0 250774.0 251425.0
1 1.0 180.47677749361281 88.26210028096091 -0.10087516098806878 0.8009648933725778 0.3617631736163182 0.16881301539634938 -0.08852095106716111 -0.02393220426730936 4488.0 14696.0 32598.000000000004 56823.0 84602.0 113103.0 140136.0 164318.0 184956.0 201860.0 215158.0 225158.0 232246.0 236834.0 239315.0 240050.0
2 1.0 344.1901085003606 -16.37026283284891 -0.10087516098806878 0.8009648933725778 0.3617631736163182 0.16881301539634938 -0.08852095106716111 -0.02393220426730936 4617.0 13061.0 26379.0 43254.0 61834.0 80434.0 97833.0 113294.0 126474.0 137306.0 145890.0 152423.0 157144.0 160301.0 162131.0 162851.0
3 1.0 231.83647172266947 -60.66820331161104 -0.10087516098806878 0.8009648933725778 0.3617631736163182 0.16881301539634938 -0.08852095106716111 -0.02393220426730936 17149.0 42407.0 77273.0 116761.0 156168.0 192227.0 223165.0 248344.0 267850.0 282169.0 291962.0 297935.0 300758.0 301036.0 299292.0 295968.0
4 1.0 152.5878174809447 24.977116325975274 -0.10087516098806878 0.8009648933725778 0.3617631736163182 0.16881301539634938 -0.08852095106716111 -0.02393220426730936 1944.0 5778.0 12145.0 20598.0 30313.0 40438.0 50284.0 59378.0 67444.0 74362.0 80118.0 84765.0 88394.0 91112.0 93033.0 94267.0
5 1.0 218.30155708605275 -1.7450376212273113 -0.10087516098806878 0.8009648933725778 0.3617631736163182 0.16881301539634938 -0.08852095106716111 -0.02393220426730936 11551.0 32160.0 63813.99999999999 102614.0 143751.0 183260.0 218584.0 248445.0 272493.0 290955.0 304367.0 313395.0 318725.0 321004.0 320812.0 318652.0
6 1.0 6.909551391360069 88.09375991119765 -0.10087516098806878 0.8009648933725778 0.3617631736163182 0.16881301539634938 -0.08852095106716111 -0.02393220426730936 4631.0 15197.0 33714.0 58729.0 87354.0 116661.0 144396.0 169148.0 190220.0 207432.0 220928.0 231033.0 238152.0 242712.0 245120.0 245749.0
7 1.0 108.56693400283775 -78.24524271267956 -0.10087516098806878 0.8009648933725778 0.3617631736163182 0.16881301539634938 -0.08852095106716111 -0.02393220426730936 17214.0 45439.0 86457.0 134471.0 183398.0 228748.0 267953.0 299987.0 324842.0 343081.0 355533.0 363096.0 366637.0 366938.0 364676.0 360421.0
8 1.0 237.66247349736662 50.98219889648635 -0.10087516098806878 0.8009648933725778 0.3617631736163182 0.16881301539634938 -0.08852095106716111 -0.02393220426730936 4578.0 15688.0 35734.0 63284.99999999999 95123.0 127883.0 158948.0 186661.0 210207.0 229369.0 244315.0 255421.0 263156.0 268011.0 270456.0 270917.0
9 1.0 104.42793859575987 -38.0882704803311 -0.10087516098806878 0.8009648933725778 0.3617631736163182 0.16881301539634938 -0.08852095106716111 -0.02393220426730936 13333.0 34572.0 65090.99999999999 100686.0 137022.0 170897.0 200450.0 224899.0 244184.0 258660.0 268883.0 275471.0 279035.0 280129.0 279242.0 276791.0
10 1.0 222.48555443958296 -46.54464838621668 -0.10087516098806878 0.8009648933725778 0.3617631736163182 0.16881301539634938 -0.08852095106716111 -0.02393220426730936 17692.0 44029.0 80657.0 122392.0 164237.0 202665.0 235731.0 262706.0 283650.0 299062.0 309636.0 316118.0 319226.0 319604.0 317811.0 314322.0
11 1.0 154.35673234047582 29.250822875881667 -0.10087516098806878 0.8009648933725778 0.3617631736163182 0.16881301539634938 -0.08852095106716111 -0.02393220426730936 1895.0 5739.0 12236.0 20968.0 31096.0 41725.0 52117.0 61757.0 70341.0 77729.0 83895.0 88890.0 92803.0 95748.0 97842.0 99199.0
12 1.0 48.770663120082084 -45.70862670162639 -0.10087516098806878 0.8009648933725778 0.3617631736163182 0.16881301539634938 -0.08852095106716111 -0.02393220426730936 16794.0 44833.0 85976.0 134465.0 184114.0 230295.0 270321.0 303094.0 328568.0 347295.0 360109.0 367924.0 371622.0 372001.0 369756.0 365469.0
13 1.0 107.38163734417108 29.854641160653784 -0.10087516098806878 0.8009648933725778 0.3617631736163182 0.16881301539634938 -0.08852095106716111 -0.02393220426730936 5093.0 12082.0 21219.0 31074.0 40497.0 48800.0 55689.0 61124.0 65210.00000000001 68114.0 70019.0 71103.0 71523.0 71415.0 70893.0 70050.0
14 1.0 205.18736785245537 3.11553309641198 -0.10087516098806878 0.8009648933725778 0.3617631736163182 0.16881301539634938 -0.08852095106716111 -0.02393220426730936 8810.0 26628.0 55684.0 92735.0 133105.0 172661.0 208583.0 239354.0 264448.0 283972.0 298395.0 308345.0 314495.0 317490.0 317915.0 316282.0
15 1.0 212.71419404934235 -13.663982081547132 -0.10087516098806878 0.8009648933725778 0.3617631736163182 0.16881301539634938 -0.08852095106716111 -0.02393220426730936 13520.0 36747.0 71627.0 113626.0 157502.0 199102.0 235855.0 266559.0 290973.0 309436.0 322581.0 331156.0 335908.0 337532.0 336644.0 333771.0
16 1.0 206.75708958584838 9.843805559055411 -0.10087516098806878 0.8009648933725778 0.3617631736163182 0.16881301539634938 -0.08852095106716111 -0.02393220426730936 7761.0 24081.0 51255.0 86437.0 125223.0 163595.0 198736.0 229080.0 254027.0 273614.0 288248.0 298511.0 305036.0 308443.0 309297.0 308094.0
17 1.0 235.1522951485681 -38.330726414466646 -0.10087516098806878 0.8009648933725778 0.3617631736163182 0.16881301539634938 -0.08852095106716111 -0.02393220426730936 16436.0 39763.0 71431.0 106937.0 142172.0 174327.0 201901.0 224368.0 241821.0 254691.99999999997 263564.0 269050.0 271741.0 272163.0 270777.0 267970.0
18 1.0 234.757177200608 37.1834471291362 -0.10087516098806878 0.8009648933725778 0.3617631736163182 0.16881301539634938 -0.08852095106716111 -0.02393220426730936 5418.0 17823.0 39508.0 68651.0 101773.0 135414.0 166971.0 194859.0 218342.0 237278.0 251892.99999999997 262608.0 269926.0 274357.0 276386.0 276448.0
19 1.0 155.31063675623062 -15.325763519958471 -0.10087516098806878 0.8009648933725778 0.3617631736163182 0.16881301539634938 -0.08852095106716111 -0.02393220426730936 6028.0 17035.0 34327.0 56108.0 79921.0 103571.0 125499.0 144792.0 161046.0 174214.0 184460.0 192065.0 197357.0 200670.0 202321.0 202597.0
20 1.0 322.75677450638267 -25.101799112539396 -0.10087516098806878 0.8009648933725778 0.3617631736163182 0.16881301539634938 -0.08852095106716111 -0.02393220426730936 3609.0 9510.0 18118.0 28337.0 39010.0 49250.0 58505.0 66498.0 73145.0 78483.0 82611.0 85663.0 87780.0 89100.0 89750.0 89844.0
21 1.0 132.32227321724275 59.158244620032804 -0.10087516098806878 0.8009648933725778 0.3617631736163182 0.16881301539634938 -0.08852095106716111 -0.02393220426730936 3024.0 8951.0 18697.0 31452.0 45873.0 60636.0 74721.0 87464.0 98517.0 107756.0 115215.0 121013.0 125319.99999999999 128320.99999999999 130199.00000000001 131130.0
22 1.0 156.91137309562566 76.4940441515746 -0.10087516098806878 0.8009648933725778 0.3617631736163182 0.16881301539634938 -0.08852095106716111 -0.02393220426730936 3760.0 12173.0 26896.0 46877.0 69914.0 93715.0 116470.0 137001.0 154690.0 169335.0 181003.0 189918.0 196384.0 200726.0 203265.0 204297.0
23 1.0 321.092407805642 -81.71868404028655 -0.10087516098806878 0.8009648933725778 0.3617631736163182 0.16881301539634938 -0.08852095106716111 -0.02393220426730936 15156.0 38875.0 72596.0 111575.0 151055.0 187593.0 219237.0 245212.0 265513.0 280573.0 291027.0 297570.0 300875.0 301553.0 300136.0 297075.0
24 1.0 290.22983605659084 -48.12714129064221 -0.10087516098806878 0.8009648933725778 0.3617631736163182 0.16881301539634938 -0.08852095106716111 -0.02393220426730936 9278.0 22007.0 38775.0 57062.0 74776.0 90615.0 103965.0 114684.0 122903.0 128886.0 132948.0 135401.0 136535.0 136605.0 135827.0 134385.0
25 1.0 253.39989007453187 -27.266513491338614 -0.10087516098806878 0.8009648933725778 0.3617631736163182 0.16881301539634938 -0.08852095106716111 -0.02393220426730936 12929.0 30105.0 52455.0 76683.0 100096.0 121015.0 138638.0 152769.0 163569.0 171383.0 176624.0 179712.0 181034.0 180934.0 179709.0 177606.0
26 1.0 36.0816794324284 56.693966286644525 -0.10087516098806878 0.8009648933725778 0.3617631736163182 0.16881301539634938 -0.08852095106716111 -0.02393220426730936 8813.0 24860.0 49943.0 81234.0 114995.0 147995.0 178038.0 203929.0 225236.0 242021.0 254634.00000000003 263558.0 269317.0 272424.0 273347.0 272500.0
27 1.0 331.0137409480825 87.38845697579356 -0.10087516098806878 0.8009648933725778 0.3617631736163182 0.16881301539634938 -0.08852095106716111 -0.02393220426730936 4720.0 15490.0 34372.0 59888.0 89086.0 118972.0 147245.0 172461.0 193911.0 211415.0 225121.0 235365.0 242563.0 247151.0 249547.0 250132.00000000003
28 1.0 257.1268678376801 84.41490684066332 -0.10087516098806878 0.8009648933725778 0.3617631736163182 0.16881301539634938 -0.08852095106716111 -0.02393220426730936 4484.0 14998.0 33685.0 59168.0 88514.0 118687.0 147327.0 172936.0 194768.0 212616.0 226618.0 237105.0 244495.0 249228.0 251728.99999999997 252384.0
29 1.0 359.5849223644319 72.89070219898684 -0.10087516098806878 0.8009648933725778 0.3617631736163182 0.16881301539634938 -0.08852095106716111 -0.02393220426730936 5645.0 18254.0 40024.0 69046.0 101855.0 135055.0 166118.0 193518.0 216556.0 235110.0 249414.0 259886.0 267022.0 271327.0 273275.0 273294.0
0 1.0 53.80138967687775 -36.619872288474625 -0.10087516098806878 0.8009648933725778 0.3617631736163182 0.16881301539634938 -0.08852095106716111 -0.02393220426730936 17351.0 45806.0 87152.0 135539.0 184831.0 230503.0 269967.0 302195.0 327181.0 345498.0 357982.0 365543.0 369055.0 369308.0 366982.0 362654.0
1 1.0 312.52538065255715 88.56202381460534 -0.10087516098806878 0.8009648933725778 0.3617631736163182 0.16881301539634938 -0.08852095106716111 -0.02393220426730936 4653.0 15264.0 33873.0 59032.0 87841.0 117351.0 145291.0 170232.0 191469.0 208818.0 222421.0 232607.0 239782.0 244376.0 246801.0 247431.0
2 1.0 58.497456483494936 -45.10439260983878 -0.10087516098806878 0.8009648933725778 0.3617631736163182 0.16881301539634938 -0.08852095106716111 -0.02393220426730936 17212.0 45604.0 86985.0 135511.0 185014.0 230924.0 270622.0 303057.0 328216.0 346668.0 359253.0 366883.0 370439.0 370713.0 368393.0 364058.0
3 1.0 221.6014431421839 -70.9368921211982 -0.10087516098806878 0.8009648933725778 0.3617631736163182 0.16881301539634938 -0.08852095106716111 -0.02393220426730936 17187.0 43561.0 80680.0 123252.0 166086.0 205489.0 239416.0 267095.0 288578.0 304373.0 315198.0 321820.0 324978.0 325335.0 323468.0 319865.0
4 1.0 44.57519382579895 81.17146998997094 -0.10087516098806878 0.8009648933725778 0.3617631736163182 0.16881301539634938 -0.08852095106716111 -0.02393220426730936 5265.0 16527.0 35669.0 61024.0 89650.0 118670.0 145926.0 170095.0 190551.0 207162.0 220102.0 229711.0 236402.0 240598.0 242706.0 243093.0
5 1.0 305.2829625560044 -47.98435401574267 -0.10087516098806878 0.8009648933725778 0.3617631736163182 0.16881301539634938 -0.08852095106716111 -0.02393220426730936 7767.0 19010.0 34296.0 51418.0 68401.0 83914.0 97253.0 108170.0 116706.0 123061.0 127503.0 130318.99999999999 131785.0 132149.0 131630.0 130413.0
6 1.0 290.63482514100383 34.15828771399508 -0.10087516098806878 0.8009648933725778 0.3617631736163182 0.16881301539634938 -0.08852095106716111 -0.02393220426730936 3001.0 9842.0 21993.0 38711.0 58235.0 78647.0 98383.0 116387.0 132077.0 145224.0 155845.0 164100.0 170226.0 174488.0 177155.0 178477.0
7 1.0 204.8762659012536 -79.49585538349405 -0.10087516098806878 0.8009648933725778 0.3617631736163182 0.16881301539634938 -0.08852095106716111 -0.02393220426730936 17098.0 44078.0 82550.0 127041.99999999999 172040.0 213564.0 249380.0 278622.0 301322.0 318007.0 329434.0 336416.0 339739.0 340107.0 338131.0 334328.0
8 1.0 146.58598700135988 41.52763784294572 -0.10087516098806878 0.8009648933725778 0.3617631736163182 0.16881301539634938 -0.08852095106716111 -0.02393220426730936 2017.0000000000002 6026.0 12695.0 21539.0 31679.0 42211.0 52409.0 61777.0 70027.0 77039.0 82804.0 87384.0 90881.0 93417.0 95117.0 96101.0
9 1.0 24.900118363849696 68.70963822009114 -0.10087516098806878 0.8009648933725778 0.3617631736163182 0.16881301539634938 -0.08852095106716111 -0.02393220426730936 6668.0 20286.0 42831.0 72089.0 104568.0 137014.0 167079.0 193392.0 215365.0 232945.0 246398.0 256155.00000000003 262710.0 266556.0 268154.0 267918.0
10 1.0 251.07435833204292 -40.96135881612675 -0.10087516098806878 0.8009648933725778 0.3617631736163182 0.16881301539634938 -0.08852095106716111 -0.02393220426730936 14666.0 34357.0 60159.0 88273.0 115541.0 139971.0 160600.0 177184.0 189900.0 199141.0 205385.0 209114.0 210778.0 210776.0 209448.0 207084.0
11 1.0 163.27536576410478 -21.76975870606286 -0.10087516098806878 0.8009648933725778 0.3617631736163182 0.16881301539634938 -0.08852095106716111 -0.02393220426730936 7879.000000000001 22463.0 45434.0 74275.0 105586.0 136387.0 164620.0 189133.0 209476.0 225666.0 237989.0 246868.0 252773.00000000003 256164.99999999997 257475.99999999997 257087.0
12 1.0 259.94001580932525 -22.6266870022351 -0.10087516098806878 0.8009648933725778 0.3617631736163182 0.16881301539634938 -0.08852095106716111 -0.02393220426730936 11097.0 25739.0 44604.0 64833.0 84179.0 101300.0 115606.0 126995.0 135643.0 141857.0 145988.0 148381.0 149353.0 149183.0 148107.0 146324.0
13 1.0 311.8976373343065 44.781886357223954 -0.10087516098806878 0.8009648933725778 0.3617631736163182 0.16881301539634938 -0.08852095106716111 -0.02393220426730936 3333.0 11471.0 26365.0 47179.0 71666.0 97329.0 122129.0 144698.0 164288.0 180620.0 193730.0 203836.0 211253.0 216329.0 219408.0 220814.0
14 1.0 351.1877418010389 -47.19469634297301 -0.10087516098806878 0.8009648933725778 0.3617631736163182 0.16881301539634938 -0.08852095106716111 -0.02393220426730936 9323.0 24663.0 47188.0 73991.0 101880.0 128373.99999999999 151940.0 171845.0 187924.0 200352.0 209488.0 215761.0 219611.0 221452.0 221654.0 220538.0
15 1.0 308.08920326133995 -59.06644217142426 -0.10087516098806878 0.8009648933725778 0.3617631736163182 0.16881301539634938 -0.08852095106716111 -0.02393220426730936 10295.0 25459.0 46334.0 69954.0 93567.0 115277.0 134053.0 149511.0 161680.0 170819.0 177290.0 181484.0 183780.0 184522.0 184009.0 182500.0
16 1.0 4.21707030660071 -9.127503236207147 -0.10087516098806878 0.8009648933725778 0.3617631736163182 0.16881301539634938 -0.08852095106716111 -0.02393220426730936 7896.999999999999 22960.0 47054.0 77607.0 110979.0 143918.0 174149.0 200390.0 222132.0 239383.0 252454.0 261803.99999999997 267949.0 271395.0 272610.0 272012.0
17 1.0 129.592103212211 -35.19568667208249 -0.10087516098806878 0.8009648933725778 0.3617631736163182 0.16881301539634938 -0.08852095106716111 -0.02393220426730936 10559.0 28050.0 53805.0 84474.0 116370.0 146634.0 173506.0 196154.0 214395.0 228440.0 238706.0 245690.0 249901.0 251815.0 251859.0 250400.99999999997
18 1.0 262.7966024726609 61.05404200655744 -0.10087516098806878 0.8009648933725778 0.3617631736163182 0.16881301539634938 -0.08852095106716111 -0.02393220426730936 4264.0 14779.0 33925.0 60421.0 91214.0 123051.0 153371.0 180533.0 203704.0 222646.0 237496.0 248604.0 256415.99999999997 261402.00000000003 264016.0 264672.0
19 1.0 61.78668381411859 -47.20647131718502 -0.10087516098806878 0.8009648933725778 0.3617631736163182 0.16881301539634938 -0.08852095106716111 -0.02393220426730936 17190.0 45526.0 86810.0 135213.0 184584.0 230372.0 269966.0 302319.0 327418.0 345831.0 358392.0 366014.0 369572.0 369857.0 367554.0 363239.0
20 1.0 187.57317823348654 0.4301023480670665 -0.10087516098806878 0.8009648933725778 0.3617631736163182 0.16881301539634938 -0.08852095106716111 -0.02393220426730936 6452.0 20117.0 43163.0 73440.0 107326.0 141368.0 173035.0 200826.0 224080.0 242714.0 256992.0 267362.0 274342.0 278451.0 280180.0 279964.0
21 1.0 19.561675802131305 79.66504794562746 -0.10087516098806878 0.8009648933725778 0.3617631736163182 0.16881301539634938 -0.08852095106716111 -0.02393220426730936 5423.0 17232.0 37440.0 64289.0 94627.0 125371.00000000001 154211.0 179740.0 201301.0 218763.0 232319.0 242342.0 249274.0 253571.0 255666.99999999997 255950.99999999997
22 1.0 71.99874896270403 24.119585594038938 -0.10087516098806878 0.8009648933725778 0.3617631736163182 0.16881301539634938 -0.08852095106716111 -0.02393220426730936 13115.0 30647.0 53567.0 78519.0 102723.0 124422.0 142763.0 157523.0 168854.0 177102.0 182688.0 186040.0 187558.0 187597.0 186460.0 184404.0
23 1.0 6.66784600582103 66.11209298324366 -0.10087516098806878 0.8009648933725778 0.3617631736163182 0.16881301539634938 -0.08852095106716111 -0.02393220426730936 6387.0 20161.0 43509.0 74228.0 108604.0 143101.0 175144.0 203215.0 226656.0 245397.0 259716.0 270077.0 277010.0 281048.0 282688.0 282372.0
24 1.0 285.7311732086714 79.23774408385813 -0.10087516098806878 0.8009648933725778 0.3617631736163182 0.16881301539634938 -0.08852095106716111 -0.02393220426730936 4602.0 15576.0 35217.0 62086.0 93057.0 124887.0 155058.0 181983.0 204876.0 223532.0 238110.0 248970.0 256564.0 261365.0 263823.0 264352.0
25 1.0 80.61288770173685 45.13767513954335 -0.10087516098806878 0.8009648933725778 0.3617631736163182 0.16881301539634938 -0.08852095106716111 -0.02393220426730936 8518.0 20759.0 37522.0 56533.0 75673.0 93449.0 109014.0 122018.0 132439.0 140444.0 146293.0 150278.0 152691.0 153798.0 153840.0 153023.0
26 1.0 124.32660505088496 35.92351084045525 -0.10087516098806878 0.8009648933725778 0.3617631736163182 0.16881301539634938 -0.08852095106716111 -0.02393220426730936 2765.0 7242.0 13767.0 21526.0 29652.0 37473.0 44564.0 50711.0 55846.0 59990.0 63218.0 65629.0 67328.0 68418.0 68996.0 69146.0
27 1.0 334.1092656476127 84.23380198876086 -0.10087516098806878 0.8009648933725778 0.3617631736163182 0.16881301539634938 -0.08852095106716111 -0.02393220426730936 4869.0 16022.999999999998 35594.0 62032.0 92256.0 123149.0 152325.0 178295.0 200338.0 218276.0 232276.0 242693.0 249965.0 254548.0 256876.0 257347.0
28 1.0 253.5891846924718 88.99214213658229 -0.10087516098806878 0.8009648933725778 0.3617631736163182 0.16881301539634938 -0.08852095106716111 -0.02393220426730936 4562.0 14988.0 33301.0 58093.0 86518.0 115666.0 143294.0 167984.0 189032.0 206248.0 219769.0 229913.0 237079.0 241691.0 244152.0 244834.0
29 1.0 11.462014631270826 -8.672097119443265 -0.10087516098806878 0.8009648933725778 0.3617631736163182 0.16881301539634938 -0.08852095106716111 -0.02393220426730936 9707.0 27943.0 56722.0 92720.0 131500.0 169254.0 203422.0 232651.0 256483.00000000003 275044.0 288779.0 298282.0 304184.0 307091.0 307553.0 306050.0
0 1.0 59.289896339248585 -77.2434399268425 -0.10087516098806878 0.8009648933725778 0.3617631736163182 0.16881301539634938 -0.08852095106716111 -0.02393220426730936 16622.0 43801.0 83263.0 129456.99999999999 176564.0 220283.0 258143.99999999997 289152.0 313284.0 331065.0 343280.0 350785.0 354405.0 354889.0 352885.0 348943.0
1 1.0 223.73222453991488 -37.29707434070661 -0.10087516098806878 0.8009648933725778 0.3617631736163182 0.16881301539634938 -0.08852095106716111 -0.02393220426730936 17194.0 42815.0 78536.0 119357.0 160413.0 198239.0 230895.0 257632.00000000003 278477.0 293894.0 304548.0 311163.0 314435.0 314996.0 313396.0 310103.0
2 1.0 207.80229189750034 -62.57615297620852 -0.10087516098806878 0.8009648933725778 0.3617631736163182 0.16881301539634938 -0.08852095106716111 -0.02393220426730936 17814.0 45592.0 85017.0 130480.00000000001 176372.0 218662.0 255091.99999999997 284801.0 307828.0 324720.0 336250.0 343253.0 346530.0 346800.0 344688.0 340720.0
3 1.0 85.64141569482311 -14.852452536717877 -0.10087516098806878 0.8009648933725778 0.3617631736163182 0.16881301539634938 -0.08852095106716111 -0.02393220426730936 13531.0 32992.0 59463.0 89130.0 118536.0 145347.0 168328.0 187061.0 201635.0 212411.0 219874.0 224532.0 226869.0 227321.0 226265.0 224022.0
4 1.0 336.3170392529258 -66.36792087481392 -0.10087516098806878 0.8009648933725778 0.3617631736163182 0.16881301539634938 -0.08852095106716111 -0.02393220426730936 12100.0 30974.0 57813.0 88921.0 120579.0 150069.0 175822.0 197181.0 214092.0 226854.0 235936.0 241862.0 245151.0 246276.0 245658.0 243655.0
5 1.0 221.02774414772256 18.741204723758756 -0.10087516098806878 0.8009648933725778 0.3617631736163182 0.16881301539634938 -0.08852095106716111 -0.02393220426730936 7537.0 23235.0 49307.0 83062.0 120330.0 157285.0 191230.0 220644.0 244925.0 264086.0 278494.0 288691.0 295276.0 298834.0 299907.0 298971.0
6 1.0 192.827809088985 -21.094549351586267 -0.10087516098806878 0.8009648933725778 0.3617631736163182 0.16881301539634938 -0.08852095106716111 -0.02393220426730936 11771.0 33620.0 67628.0 109529.0 153969.0 196542.0 234438.0 266282.0 291734.0 311084.0 324955.0 334098.0 339281.0 341218.0 340544.0 337804.0
7 1.0 212.36759148764554 71.1694591718778 -0.10087516098806878 0.8009648933725778 0.3617631736163182 0.16881301539634938 -0.08852095106716111 -0.02393220426730936 3944.9999999999995 13455.0 30646.0 54397.0 82035.0 110702.0 138124.0 162824.0 184033.0 201506.0 215339.0 225818.0 233325.0 238268.0 241046.0 242024.0
8 1.0 262.8439306260371 84.20304092373033 -0.10087516098806878 0.8009648933725778 0.3617631736163182 0.16881301539634938 -0.08852095106716111 -0.02393220426730936 4481.0 15011.0 33743.0 59298.0 88731.0 118993.0 147715.0 173395.0 195281.0 213169.0 227197.0 237699.0 245094.0 249826.0 252320.0 252964.00000000003
9 1.0 112.30019837265667 8.43928230049599 -0.10087516098806878 0.8009648933725778 0.3617631736163182 0.16881301539634938 -0.08852095106716111 -0.02393220426730936 5266.0 12727.0 22702.0 33693.0 44414.0 54038.0 62160.0 68671.0 73642.0 77231.0 79633.0 81045.0 81650.0 81608.0 81055.0 80107.0
10 1.0 143.35958239779308 -40.531757423832616 -0.10087516098806878 0.8009648933725778 0.3617631736163182 0.16881301539634938 -0.08852095106716111 -0.02393220426730936 11552.0 31322.000000000004 60932.0 96582.0 133909.0 169457.0 201064.0 227693.0 249103.0 265534.0 277481.0 285543.0 290327.0 292406.0 292288.0 290416.0
11 1.0 75.54374963104397 16.601475377130626 -0.10087516098806878 0.8009648933725778 0.3617631736163182 0.16881301539634938 -0.08852095106716111 -0.02393220426730936 13309.0 30873.0 53607.0 78117.0 101674.0 122602.0 140129.0 154091.0 164680.0 172263.0 177270.0 180131.0 181242.0 180950.0 179553.0 177298.0
12 1.0 67.02948211692102 71.41700848039378 -0.10087516098806878 0.8009648933725778 0.3617631736163182 0.16881301539634938 -0.08852095106716111 -0.02393220426730936 5982.0 17403.0 35802.0 59357.0 85365.0 111338.0 135477.0 156721.0 174600.0 189051.0 200260.0 208544.0 214275.0 217828.0 219560.0 219791.0
13 1.0 339.9740603942161 -16.787997749565307 -0.10087516098806878 0.8009648933725778 0.3617631736163182 0.16881301539634938 -0.08852095106716111 -0.02393220426730936 4116.0 11539.0 23167.0 37852.0 54014.0 70216.0 85406.0 98939.0 110504.0 120029.0 127591.00000000001 133353.0 137518.0 140302.0 141911.0 142538.0
14 1.0 266.2382862177435 9.374089804554757 -0.10087516098806878 0.8009648933725778 0.3617631736163182 0.16881301539634938 -0.08852095106716111 -0.02393220426730936 5490.0 14642.0 28397.0 45222.0 63254.00000000001 80916.0 97123.0 111268.0 123105.0 132637.0 140007.0 145439.0 149183.0 151488.0 152589.0 152696.0
15 1.0 176.56517110232414 -41.10250183089374 -0.10087516098806878 0.8009648933725778 0.3617631736163182 0.16881301539634938 -0.08852095106716111 -0.02393220426730936 13643.0 37743.0 74290.0 118482.0 164689.0 208448.0 247009.0 279103.0 304500.0 323582.0 337045.0 345697.0 350343.0 351724.0 350496.0 347215.0
16 1.0 81.86926607039636 -8.020053098995149 -0.10087516098806878 0.8009648933725778 0.3617631736163182 0.16881301539634938 -0.08852095106716111 -0.02393220426730936 13819.0 33140.0 59025.0 87706.0 115882.0 141375.0 163069.0 180619.0 194153.0 204047.0 210785.0 214867.0 216765.0 216898.0 215630.0 213265.0
17 1.0 91.56833343734147 -17.69156363167224 -0.10087516098806878 0.8009648933725778 0.3617631736163182 0.16881301539634938 -0.08852095106716111 -0.02393220426730936 12602.0 30951.0 56073.0 84374.0 112552.0 138349.0 160549.0 178720.0 192920.0 203479.0 210847.0 215504.0 217911.0 218486.0 217590.0 215534.0
18 1.0 20.89049771659522 -45.28557628506522 -0.10087516098806878 0.8009648933725778 0.3617631736163182 0.16881301539634938 -0.08852095106716111 -0.02393220426730936 13380.0 36126.0 69972.0 110430.0 152468.0 192170.0 227151.0 256321.00000000003 279487.0 296992.0 309448.0 317567.0 322063.0 323592.0 322736.0 319996.0
19 1.0 156.3899852009235 1.0559490885555078 -0.10087516098806878 0.8009648933725778 0.3617631736163182 0.16881301539634938 -0.08852095106716111 -0.02393220426730936 3485.0 10146.0 20984.0 35088.0 50981.0 67219.0 82690.0 96675.0 108798.0 118932.0 127119.00000000001 133495.0 138247.0 141580.0 143695.0 144781.0
20 1.0 112.24651751787692 -34.13145132363395 -0.10087516098806878 0.8009648933725778 0.3617631736163182 0.16881301539634938 -0.08852095106716111 -0.02393220426730936 11725.0 30417.0 57324.0 88795.0 121042.0 151238.0 177714.0 199743.0 217234.0 230471.0 239924.0 246128.0 249612.0 250865.99999999997 250322.0 248351.0
21 1.0 250.6836559735654 -22.85372450146545 -0.10087516098806878 0.8009648933725778 0.3617631736163182 0.16881301539634938 -0.08852095106716111 -0.02393220426730936 12869.0 30289.0 53259.0 78459.0 103073.0 125287.00000000001 144190.0 159513.0 171378.0 180113.0 186129.0 189852.0 191682.0 191976.0 191043.0 189143.0
22 1.0 135.99066214529313 4.494679605767573 -0.10087516098806878 0.8009648933725778 0.3617631736163182 0.16881301539634938 -0.08852095106716111 -0.02393220426730936 3301.0 8747.0 16750.0 26332.0 36428.0 46204.0 55125.0 62905.0 69441.0 74746.0 78901.0 82021.0 84233.0 85665.0 86437.0 86658.0
23 1.0 64.65732392146853 45.10710412721775 -0.10087516098806878 0.8009648933725778 0.3617631736163182 0.16881301539634938 -0.08852095106716111 -0.02393220426730936 10300.0 25704.0 47398.0 72570.0 98373.0 122674.0 144180.0 162292.0 176892.0 188155.0 196409.0 202046.0 205464.0 207040.0 207110.0 205968.0
24 1.0 8.884342220879242 -29.968656157570443 -0.10087516098806878 0.8009648933725778 0.3617631736163182 0.16881301539634938 -0.08852095106716111 -0.02393220426730936 10174.0 28140.0 55574.0 89134.0 124753.0 159086.0 189956.0 216254.0 237645.0 254280.99999999997 266586.0 275099.0 280387.0 282991.0 283401.0 282044.0
25 1.0 24.20986732676949 76.34857799173744 -0.10087516098806878 0.8009648933725778 0.3617631736163182 0.16881301539634938 -0.08852095106716111 -0.02393220426730936 5773.0 18058.0 38841.0 66233.0 97006.0 128048.0 157058.0 182650.0 204193.0 221578.0 235022.0 244909.0 251693.0 255840.0 257786.00000000003 257926.0
26 1.0 244.58139845948423 65.21733843046243 -0.10087516098806878 0.8009648933725778 0.3617631736163182 0.16881301539634938 -0.08852095106716111 -0.02393220426730936 4306.0 14878.0 34098.0 60677.0 91552.0 123465.0 153852.0 181070.0 204286.0 223262.0 238138.0 249263.0 257085.0 262075.0 264689.0 265341.0
27 1.0 163.33086404017632 -81.23574672440486 -0.10087516098806878 0.8009648933725778 0.3617631736163182 0.16881301539634938 -0.08852095106716111 -0.02393220426730936 17289.0 45142.0 85262.0 131957.0 179368.0 223220.0 261085.0 292011.0 316009.0 333628.0 345669.0 352996.0 356444.0 356763.0 354604.0 350516.0
28 1.0 193.16851599914 -44.3443456337719 -0.10087516098806878 0.8009648933725778 0.3617631736163182 0.16881301539634938 -0.08852095106716111 -0.02393220426730936 16265.000000000002 43522.0 83641.0 131060.00000000001 179748.0 225156.0 264622.0 297032.0 322309.0 340974.0 353826.0 361752.0 365613.0 366190.0 364161.0 360103.0
29 1.0 322.80166549452315 -9.695607721343649 -0.10087516098806878 0.8009648933725778 0.3617631736163182 0.16881301539634938 -0.08852095106716111 -0.02393220426730936 2394.0 6649.0 13238.0 21507.0 30594.0 39729.0 48347.0 56093.0 62788.0 68379.0 72894.0 76410.0 79031.0 80867.0 82028.0 82619.0
0 1.0 356.52202106281356 -71.16698002635466 -0.10087516098806878 0.8009648933725778 0.3617631736163182 0.16881301539634938 -0.08852095106716111 -0.02393220426730936 13834.0 35910.0 67649.0 104663.0 142428.0 177607.0 208266.0 233599.0 253550.0 268495.0 279018.0 285768.0 289379.0 290431.0 289431.0 286813.0
1 1.0 78.08291438345061 -27.274321973970522 -0.10087516098806878 0.8009648933725778 0.3617631736163182 0.16881301539634938 -0.08852095106716111 -0.02393220426730936 15909.0 40134.0 74096.0 112968.0 152056.0 188033.0 219058.0 244434.0 264203.0 278816.0 288914.0 295186.0 298294.0 298838.0 297338.0 294234.0
2 1.0 238.70815311603627 43.21755461118286 -0.10087516098806878 0.8009648933725778 0.3617631736163182 0.16881301539634938 -0.08852095106716111 -0.02393220426730936 4962.0 16647.0 37387.0 65565.0 97852.0 130859.0 161992.0 189641.0 213034.0 231994.0 246713.0 257587.0 265097.0 269742.0 271993.0 272279.0
3 1.0 94.79605562537424 32.49260660570866 -0.10087516098806878 0.8009648933725778 0.3617631736163182 0.16881301539634938 -0.08852095106716111 -0.02393220426730936 7629.0 17744.0 30701.0 44454.0 57425.0 68711.0 77946.0 85113.0 90378.0 93991.0 96221.0 97323.0 97523.0 97016.0 95962.0 94495.0
4 1.0 7.434359807662325 22.02919714188087 -0.10087516098806878 0.8009648933725778 0.3617631736163182 0.16881301539634938 -0.08852095106716111 -0.02393220426730936 8087.0 24780.0 52349.0 87859.0 126870.00000000001 165366.0 200549.0 230873.0 255760.0 275264.0 289801.0 299961.0 306383.0 309690.0 310449.0 309158.0
5 1.0 273.01631538101094 37.895112490022214 -0.10087516098806878 0.8009648933725778 0.3617631736163182 0.16881301539634938 -0.08852095106716111 -0.02393220426730936 3841.0 12566.0 27930.0 48843.0 72987.0 97936.0 121778.0 143271.0 161770.0 177066.0 189236.0 198520.0 205238.0 209737.0 212352.0 213397.0
6 1.0 115.20617429608842 -53.113736347253685 -0.10087516098806878 0.8009648933725778 0.3617631736163182 0.16881301539634938 -0.08852095106716111 -0.02393220426730936 15010.0 39920.0 76429.0 119518.0 163792.0 205183.0 241298.0 271116.0 294540.0 312008.0 324217.0 331944.0 335953.0 336941.0 335516.0 332198.0
7 1.0 138.04700190188328 -28.494339324348218 -0.10087516098806878 0.8009648933725778 0.3617631736163182 0.16881301539634938 -0.08852095106716111 -0.02393220426730936 8694.0 23375.0 45282.0 71692.0 99483.0 126159.0 150125.0 170582.0 187295.0 200387.0 210177.0 217066.0 221478.0 223817.0 224449.0 223697.0
8 1.0 211.79416087929806 31.723646809943318 -0.10087516098806878 0.8009648933725778 0.3617631736163182 0.16881301539634938 -0.08852095106716111 -0.02393220426730936 5115.0 17217.0 38721.0 67924.0 101346.0 135450.0 167545.0 195974.0 219953.0 239315.0 254278.0 265265.0 272782.0 277352.0 279467.0 279573.0
9 1.0 299.17744388502854 68.26225734563889 -0.10087516098806878 0.8009648933725778 0.3617631736163182 0.16881301539634938 -0.08852095106716111 -0.02393220426730936 4469.0 15389.0 35170.0 62439.0 94025.0 126590.00000000001 157521.0 185158.0 208672.0 227838.0 242813.0 253964.00000000003 261755.00000000003 266673.0 269183.0 269709.0
10 1.0 226.43346369281355 7.86204968905713 -0.10087516098806878 0.8009648933725778 0.3617631736163182 0.16881301539634938 -0.08852095106716111 -0.02393220426730936 9826.0 27855.0 56039.0 91104.0 128768.0 165375.0 198482.0 226799.0 249894.0 267893.0 281225.0 290464.0 296218.0 299072.0 299555.0 298132.0
11 1.0 314.1542359610623 -39.11406282980341 -0.10087516098806878 0.8009648933725778 0.3617631736163182 0.16881301539634938 -0.08852095106716111 -0.02393220426730936 5676.0 14212.0 26064.0 39565.0 53143.0 65695.0 76608.0 85640.0 92792.0 98201.0 102071.0 104624.0 106075.0 106624.0 106443.0 105681.0
12 1.0 98.47513253362888 -84.55765355892314 -0.10087516098806878 0.8009648933725778 0.3617631736163182 0.16881301539634938 -0.08852095106716111 -0.02393220426730936 16867.0 44141.0 83513.0 129419.0 176104.0 219345.0 256738.00000000003 287324.0 311098.0 328591.0 340582.0 347921.0 351425.0 351834.0 349789.0 345832.0
13 1.0 287.29686020852296 37.8606292153584 -0.10087516098806878 0.8009648933725778 0.3617631736163182 0.16881301539634938 -0.08852095106716111 -0.02393220426730936 3263.0 10802.0 24248.0 42757.0 64340.99999999999 86851.0 108549.0 128279.0 145410.0 159711.0 171216.0 180115.0 186676.0 191201.0 193985.0 195307.0
14 1.0 66.8289399501428 -88.58086136848073 -0.10087516098806878 0.8009648933725778 0.3617631736163182 0.16881301539634938 -0.08852095106716111 -0.02393220426730936 16541.0 42953.0 80849.0 124874.0 169556.0 210910.0 246673.0 275953.0 298748.0 315566.0 327144.0 334285.0 337765.0 338283.0 336448.0 332775.0
15 1.0 343.0049965099 -22.9177674322208 -0.10087516098806878 0.8009648933725778 0.3617631736163182 0.16881301539634938 -0.08852095106716111 -0.02393220426730936 5020.0 13850.0 27438.0 44324.0 62629.00000000001 80720.0 97452.0 112160.0 124559.0 134621.0 142475.0 148335.0 152448.0 155065.0 156423.0 156740.0
16 1.0 247.4957794996135 5.496698621300723 -0.10087516098806878 0.8009648933725778 0.3617631736163182 0.16881301539634938 -0.08852095106716111 -0.02393220426730936 8771.0 23159.0 44525.0 70324.0 97593.0 123913.0 147697.0 168115.0 184896.0 198123.0 208084.0 215159.0 219756.0 222270.0 223063.0 222456.0
17 1.0 77.58276376088104 75.98006311809476 -0.10087516098806878 0.8009648933725778 0.3617631736163182 0.16881301539634938 -0.08852095106716111 -0.02393220426730936 5271.0 15812.0 33201.0 55835.0 81136.0 106648.0 130554.0 151749.0 169715.0 184347.0 195795.0 204351.0 210366.0 214204.0 216210.0 216701.0
18 1.0 341.0534125760127 -73.89098189407798 -0.10087516098806878 0.8009648933725778 0.3617631736163182 0.16881301539634938 -0.08852095106716111 -0.02393220426730936 13825.0 35536.0 66490.0 102382.0 138859.0 172743.0 202208.0 226506.0 245602.0 259870.0 269875.0 276249.0 279603.0 280498.0 279425.0 276800.0
19 1.0 263.1080904372568 -16.930382045708924 -0.10087516098806878 0.8009648933725778 0.3617631736163182 0.16881301539634938 -0.08852095106716111 -0.02393220426730936 9671.0 22574.0 39298.0 57317.0 74620.0 89998.0 102905.0 113236.0 121135.0 126867.00000000001 130736.99999999999 133048.0 134081.0 134080.0 133257.0 131788.0
20 1.0 91.4189913342093 -85.6236240521716 -0.10087516098806878 0.8009648933725778 0.3617631736163182 0.16881301539634938 -0.08852095106716111 -0.02393220426730936 16735.0 43731.0 82656.0 128012.99999999999 174128.0 216842.0 253789.0 284024.0 307541.0 324863.0 336755.0 344053.0 347562.0 348011.0 346032.0 342160.0
21 1.0 76.79231185229351 -28.33002281851374 -0.10087516098806878 0.8009648933725778 0.3617631736163182 0.16881301539634938 -0.08852095106716111 -0.02393220426730936 16129.999999999998 40833.0 75566.0 115395.0 155491.0 192421.0 224276.0 250329.00000000003 270616.0 285600.0 295940.0 302344.0 305495.0 306011.0 304428.0 301201.0
22 1.0 186.55225701503878 22.00159059116308 -0.10087516098806878 0.8009648933725778 0.3617631736163182 0.16881301539634938 -0.08852095106716111 -0.02393220426730936 3794.0 12686.0 28640.0 50658.0 76338.0 103084.0 128803.0 152108.0 172255.0 188980.0 202339.0 212573.0 220017.0 225038.0 228000.0 229239.0
23 1.0 9.238578499631366 -39.767769318852295 -0.10087516098806878 0.8009648933725778 0.3617631736163182 0.16881301539634938 -0.08852095106716111 -0.02393220426730936 11089.0 30086.0 58572.0 92922.0 128949.00000000001 163321.0 193942.0 219797.0 240637.0 256683.0 268403.0 276366.0 281156.0 283320.0 283350.0 281671.0
24 1.0 74.68922715879938 -52.245009061985684 -0.10087516098806878 0.8009648933725778 0.3617631736163182 0.16881301539634938 -0.08852095106716111 -0.02393220426730936 17012.0 44996.0 85729.0 133466.0 182156.0 227324.0 266402.0 298359.0 323176.0 341410.0 353879.0 361476.0 365062.0 365416.0 363210.0 359014.0
25 1.0 152.88676875054225 -69.17341800112314 -0.10087516098806878 0.8009648933725778 0.3617631736163182 0.16881301539634938 -0.08852095106716111 -0.02393220426730936 16996.0 45248.0 86593.0 135219.0 184925.0 231092.0 271058.0 303742.0 329115.0 347740.0 360457.0 368183.0 371803.0 372115.0 369811.0 365475.0
26 1.0 134.7011929203212 13.88524392366152 -0.10087516098806878 0.8009648933725778 0.3617631736163182 0.16881301539634938 -0.08852095106716111 -0.02393220426730936 2564.0 6862.0 13213.0 20828.0 28834.0 36550.0 43545.0 49600.0 54647.0 58715.0 61880.0 64245.0 65917.0 67000.0 67589.0 67767.0
27 1.0 166.88715277133184 35.14860106284348 -0.10087516098806878 0.8009648933725778 0.3617631736163182 0.16881301539634938 -0.08852095106716111 -0.02393220426730936 2175.0 7069.0 15819.0 28013.0 42476.0 57849.0 72968.0 87004.0 99460.0 110106.0 118902.0 125925.00000000001 131324.0 135276.0 137972.0 139591.0
28 1.0 99.94633426610349 30.95228530724802 -0.10087516098806878 0.8009648933725778 0.3617631736163182 0.16881301539634938 -0.08852095106716111 -0.02393220426730936 6746.0 15698.0 27169.0 39343.0 50816.0 60778.0 68901.0 75170.0 79735.0 82821.0 84671.0 85516.0 85560.0 84980.0 83921.0 82503.0
29 1.0 211.24236472494076 80.79498372969132 -0.10087516098806878 0.8009648933725778 0.3617631736163182 0.16881301539634938 -0.08852095106716111 -0.02393220426730936 4159.0 13940.0 31391.000000000004 55288.0 82922.0 111455.0 138655.0 163085.0 184011.0 201209.0 214787.0 225038.0 232346.0 237118.0 239751.0 240609.0
0 1.0 310.9880181323633 -89.51342149916951 -0.10087516098806878 0.8009648933725778 0.3617631736163182 0.16881301539634938 -0.08852095106716111 -0.02393220426730936 16474.0 42640.0 80088.0 123522.0 167559.0 208292.0 243509.0 272338.0 294787.0 311355.0 322769.0 329819.0 333266.0 333799.0 332016.0 328422.0
1 1.0 42.31146814633191 26.49539770092649 -0.10087516098806878 0.8009648933725778 0.3617631736163182 0.16881301539634938 -0.08852095106716111 -0.02393220426730936 14613.0 37568.0 70611.0 109346.0 149124.0 186429.0 219160.0 246384.0 267972.0 284267.0 295853.0 303394.0 307556.0 308950.0 308116.0 305518.0
2 1.0 186.2564785754811 18.070602677575124 -0.10087516098806878 0.8009648933725778 0.3617631736163182 0.16881301539634938 -0.08852095106716111 -0.02393220426730936 4062.9999999999995 13461.0 30191.0 53137.0 79764.0 107374.0 133814.0 157678.0 178224.0 195205.0 208698.0 218969.0 226372.0 231295.0 234115.0 235183.0
3 1.0 47.54451828425519 15.973129794651868 -0.10087516098806878 0.8009648933725778 0.3617631736163182 0.16881301539634938 -0.08852095106716111 -0.02393220426730936 16292.000000000002 40903.0 75532.0 115413.0 155796.0 193226.0 225725.0 252485.00000000003 273479.0 289126.0 300057.0 306969.0 310543.0 311400.0 310083.0 307056.0
4 1.0 258.06948522933374 83.29865757124364 -0.10087516098806878 0.8009648933725778 0.3617631736163182 0.16881301539634938 -0.08852095106716111 -0.02393220426730936 4468.0 15003.0 33776.0 59414.0 88965.0 119363.0 148222.0 174029.0 196028.0 214009.0 228112.0 238671.0 246108.0 250867.99999999997 253378.0 254029.99999999997
5 1.0 142.58149301062573 -86.96309879339286 -0.10087516098806878 0.8009648933725778 0.3617631736163182 0.16881301539634938 -0.08852095106716111 -0.02393220426730936 16836.0 43808.0 82560.0 127604.0 173324.0 215624.0 252182.00000000003 282083.0 305331.0 322451.0 334202.0 341413.0 344880.0 345321.0 343363.0 339531.0
6 1.0 203.55167226906323 35.36683752626102 -0.10087516098806878 0.8009648933725778 0.3617631736163182 0.16881301539634938 -0.08852095106716111 -0.02393220426730936 4340.0 14807.0 33696.0 59714.0 89877.0 121033.0 150700.0 177290.0 199996.0 218585.0 233188.0 244140.0 251874.0 256844.00000000003 259491.00000000003 260216.99999999997
7 1.0 65.9807410370683 56.462156946335426 -0.10087516098806878 0.8009648933725778 0.3617631736163182 0.16881301539634938 -0.08852095106716111 -0.02393220426730936 8191.0 21546.0 41329.0 65196.00000000001 90426.0 114801.0 136861.0 155839.0 171478.0 183849.0 193209.0 199906.0 204310.0 206783.0 207656.0 207225.0
8 1.0 52.1451933636158 1.7652953918851466 -0.10087516098806878 0.8009648933725778 0.3617631736163182 0.16881301539634938 -0.08852095106716111 -0.02393220426730936 17565.0 43834.0 80477.0 122328.0 164373.0 203048.0 236374.0 263600.0 284770.0 300374.0 311107.0 317715.0 320918.0 321364.0 319618.0 316156.0
9 1.0 175.70026103362363 -29.886323472574354 -0.10087516098806878 0.8009648933725778 0.3617631736163182 0.16881301539634938 -0.08852095106716111 -0.02393220426730936 10995.0 31191.0 62612.0 101443.0 142838.0 182748.0 218533.0 248854.0 273323.0 292149.0 305860.0 315125.0 320635.0 323045.0 322942.0 320836.0
10 1.0 128.020585625984 52.35122938093289 -0.10087516098806878 0.8009648933725778 0.3617631736163182 0.16881301539634938 -0.08852095106716111 -0.02393220426730936 2885.0 8182.0 16578.0 27281.0 39148.0 51121.0 62412.0 72534.0 81245.0 88479.0 94285.0 98774.0 102089.0 104384.0 105805.0 106492.0
11 1.0 338.5555002910127 -72.49627338616357 -0.10087516098806878 0.8009648933725778 0.3617631736163182 0.16881301539634938 -0.08852095106716111 -0.02393220426730936 13500.0 34628.0 64705.0 99555.0 134966.0 167869.0 196500.0 220134.0 238731.0 252647.99999999997 262432.0 268689.0 272010.0 272937.0 271945.0 269438.0
12 1.0 275.5170913705075 -10.43358520861345 -0.10087516098806878 0.8009648933725778 0.3617631736163182 0.16881301539634938 -0.08852095106716111 -0.02393220426730936 6224.0 14792.0 26070.0 38361.0 50276.0 60958.0 70005.0 77323.0 82993.0 87185.0 90099.0 91935.0 92880.0 93101.0 92738.0 91914.0
13 1.0 269.51890314619703 3.5914274227508827 -0.10087516098806878 0.8009648933725778 0.3617631736163182 0.16881301539634938 -0.08852095106716111 -0.02393220426730936 5514.0 14143.0 26609.0 41397.0 56877.0 71771.0 85253.0 96896.0 106556.0 114274.0 120196.0 124518.0 127453.00000000001 129207.99999999999 129978.00000000001 129934.0
14 1.0 325.33910630853603 34.91215396821855 -0.10087516098806878 0.8009648933725778 0.3617631736163182 0.16881301539634938 -0.08852095106716111 -0.02393220426730936 3068.0 10469.0 24000.0 42955.0 65340.99999999999 88911.0 111801.0 132742.0 151023.0 166361.0 178764.0 188414.0 195585.0 200587.0 203731.0 205309.0
15 1.0 30.032076759126678 -73.6405682341663 -0.10087516098806878 0.8009648933725778 0.3617631736163182 0.16881301539634938 -0.08852095106716111 -0.02393220426730936 15620.0 41074.0 78003.0 121259.0 165443.0 206548.0 242255.0 271607.0 294555.0 311569.0 323362.0 330722.0 334415.0 335137.0 333495.0 330002.0
16 1.0 198.78928917206636 -49.00328972318503 -0.10087516098806878 0.8009648933725778 0.3617631736163182 0.16881301539634938 -0.08852095106716111 -0.02393220426730936 17235.0 45225.0 85773.0 133182.0 181490.0 226293.0 265065.0 296788.0 321444.0 339578.0 351997.0 359585.0 363192.0 363586.0 361435.0 357303.0
17 1.0 210.4113848240768 -16.14571871577739 -0.10087516098806878 0.8009648933725778 0.3617631736163182 0.16881301539634938 -0.08852095106716111 -0.02393220426730936 13751.0 37410.0 72925.0 115648.0 160223.0 202424.0 239645.0 270682.0 295309.0 313881.0 327055.0 335596.0 340269.0 341783.0 340762.0 337742.0
18 1.0 346.2970962770024 22.193041143623518 -0.10087516098806878 0.8009648933725778 0.3617631736163182 0.16881301539634938 -0.08852095106716111 -0.02393220426730936 4166.0 13669.0 30473.0 53426.0 79988.0 107480.0 133774.0 157483.0 177883.0 194733.0 208116.0 218296.0 225630.0 230500.0 233283.0 234327.0
19 1.0 105.17310964531758 69.65294061913514 -0.10087516098806878 0.8009648933725778 0.3617631736163182 0.16881301539634938 -0.08852095106716111 -0.02393220426730936 4483.0 13127.0 27174.0 45333.0 65594.0 86052.0 105288.0 122422.0 137030.0 149009.0 158461.0 165600.0 170696.0 174031.0 175876.0 176482.0
20 1.0 86.69836076956085 21.388710283447764 -0.10087516098806878 0.8009648933725778 0.3617631736163182 0.16881301539634938 -0.08852095106716111 -0.02393220426730936 10560.0 24163.0 41321.0 59297.0 76054.0 90472.0 102141.0 111089.0 117575.0 121944.0 124559.0 125754.0 125823.99999999999 125014.99999999999 123533.0 121543.0
21 1.0 36.10581921557922 -65.9769352317118 -0.10087516098806878 0.8009648933725778 0.3617631736163182 0.16881301539634938 -0.08852095106716111 -0.02393220426730936 15743.0 41712.0 79623.0 124210.0 169872.0 212423.0 249425.0 279865.0 303675.0 321335.0 333580.0 341227.0 345070.0 345830.0 344137.0 340523.0
22 1.0 5.9146666529307135 86.50442390171082 -0.10087516098806878 0.8009648933725778 0.3617631736163182 0.16881301539634938 -0.08852095106716111 -0.02393220426730936 4778.0 15603.0 34508.0 59982.0 89074.0 118806.0 146901.0 171935.0 193215.0 210568.0 224147.0 234287.0 241406.0 245936.0 248293.0 248854.0
23 1.0 334.6305540451886 66.92143225598872 -0.10087516098806878 0.8009648933725778 0.3617631736163182 0.16881301539634938 -0.08852095106716111 -0.02393220426730936 5056.0 17048.0 38379.0 67369.0 100568.0 134466.0 166388.0 194683.0 218567.0 237871.0 252805.0 263786.0 271317.0 275914.0 278067.0 278218.0
24 1.0 241.16995677272763 0.4897370061583217 -0.10087516098806878 0.8009648933725778 0.3617631736163182 0.16881301539634938 -0.08852095106716111 -0.02393220426730936 10407.0 27127.0 51639.0 80910.0 111541.0 140830.0 167053.0 189352.0 207485.0 221601.0 232061.0 239319.0 243850.0 246106.0 246496.0 245380.0
25 1.0 282.6550483283296 76.02263672339393 -0.10087516098806878 0.8009648933725778 0.3617631736163182 0.16881301539634938 -0.08852095106716111 -0.02393220426730936 4527.0 15466.0 35166.0 62217.0 93474.0 125648.00000000001 156176.0 183436.0 206624.0 225522.0 240289.0 251288.99999999997 258979.00000000003 263838.0 266324.0 266854.0
26 1.0 101.42283807142167 7.448542876284435 -0.10087516098806878 0.8009648933725778 0.3617631736163182 0.16881301539634938 -0.08852095106716111 -0.02393220426730936 7765.0 18137.0 31526.0 45863.0 59525.0 71556.0 81543.0 89428.0 95348.0 99534.0 102246.0 103734.0 104230.0 103933.0 103013.0 101611.0
27 1.0 211.1076598270776 76.19509222004936 -0.10087516098806878 0.8009648933725778 0.3617631736163182 0.16881301539634938 -0.08852095106716111 -0.02393220426730936 4009.9999999999995 13573.0 30766.0 54429.0 81897.0 110338.0 137508.0 161955.0 182927.0 200189.0 213839.0 224165.0 231546.0 236388.0 239087.0 240006.0
28 1.0 23.023895803553206 59.38152634860177 -0.10087516098806878 0.8009648933725778 0.3617631736163182 0.16881301539634938 -0.08852095106716111 -0.02393220426730936 7847.0 23299.0 48367.0 80397.0 115508.0 150203.0 182035.0 209627.0 232441.0 250490.0 264115.0 273813.0 280135.0 283623.0 284774.0 284031.0
29 1.0 174.82593453646425 84.29155385297352 -0.10087516098806878 0.8009648933725778 0.3617631736163182 0.16881301539634938 -0.08852095106716111 -0.02393220426730936 4261.0 13965.0 31022.0 54165.0 80776.0 108154.0 134195.0 157558.0 177560.0 194003.0 206993.0 216815.0 223833.0 228436.0 230998.0 231866.0
0 1.0 351.89825030800085 75.5609059400685 -0.10087516098806878 0.8009648933725778 0.3617631736163182 0.16881301539634938 -0.08852095106716111 -0.02393220426730936 5439.0 17699.0 38999.0 67532.0 99913.0 132786.0 163630.0 190906.0 213898.0 232465.0 246823.0 257378.0 264614.0 269028.0 271091.0 271224.0
1 1.0 315.54188831397266 -83.5139128628575 -0.10087516098806878 0.8009648933725778 0.3617631736163182 0.16881301539634938 -0.08852095106716111 -0.02393220426730936 15614.0 40032.0 74731.0 114821.0 155396.0 192914.0 225371.0 251979.99999999997 272743.0 288115.0 298754.0 305381.0 308688.0 309306.0 307781.0 304578.0
2 1.0 121.73722266126443 -58.54103925103081 -0.10087516098806878 0.8009648933725778 0.3617631736163182 0.16881301539634938 -0.08852095106716111 -0.02393220426730936 15653.0 41839.0 80349.0 125867.0 172639.0 216320.0 254355.0 285667.0 310166.0 328333.0 340924.0 348779.0 352716.0 353480.0 351721.0 347990.0
3 1.0 346.16525563493946 -19.95575812178656 -0.10087516098806878 0.8009648933725778 0.3617631736163182 0.16881301539634938 -0.08852095106716111 -0.02393220426730936 5168.0 14466.0 28972.0 47174.0 67043.0 86781.0 105114.0 121296.0 134998.0 146177.0 154964.0 161582.0 166294.0 169368.0 171060.0 171601.0
4 1.0 83.41258552963363 81.38568551317573 -0.10087516098806878 0.8009648933725778 0.3617631736163182 0.16881301539634938 -0.08852095106716111 -0.02393220426730936 4897.0 15244.0 32769.0 55978.0 82223.0 108904.0 134053.0 156447.0 175494.0 191049.0 203250.0 212391.0 218839.0 222975.0 225164.0 225742.0
5 1.0 341.75477606964535 -35.99479449433267 -0.10087516098806878 0.8009648933725778 0.3617631736163182 0.16881301539634938 -0.08852095106716111 -0.02393220426730936 6503.0 17301.0 33286.0 52500.0 72738.0 92240.0 109871.0 125041.99999999999 137562.0 147491.0 155034.0 160461.0 164064.0 166126.0 166907.0 166640.0
6 1.0 338.8959736943395 -61.11582410023181 -0.10087516098806878 0.8009648933725778 0.3617631736163182 0.16881301539634938 -0.08852095106716111 -0.02393220426730936 11029.0 28346.0 53072.0 81837.0 111216.0 138688.0 162775.0 182842.0 198816.0 210952.0 219669.0 225445.0 228751.0 230026.0 229655.0 227974.0
7 1.0 287.71293144686103 69.53483989558077 -0.10087516098806878 0.8009648933725778 0.3617631736163182 0.16881301539634938 -0.08852095106716111 -0.02393220426730936 4428.0 15268.0 34929.0 62054.0 93499.0 125939.0 156769.0 184331.0 207796.0 226934.0 241898.0 253052.0 260855.99999999997 265794.0 268329.0 268884.0
8 1.0 226.9612572720448 -9.649005213023472 -0.10087516098806878 0.8009648933725778 0.3617631736163182 0.16881301539634938 -0.08852095106716111 -0.02393220426730936 13300.0 34725.0 66026.0 103147.0 141635.0 178028.0 210198.0 237155.0 258701.0 275118.0 286940.0 294792.0 299309.0 301082.0 300635.0 298423.0
9 1.0 314.7436679849809 73.41760698377868 -0.10087516098806878 0.8009648933725778 0.3617631736163182 0.16881301539634938 -0.08852095106716111 -0.02393220426730936 4766.0 16188.999999999998 36647.0 64608.0 96784.0 129782.00000000001 160983.0 188749.0 212283.0 231391.0 246253.0 257258.0 264885.0 269630.0 271967.0 272324.0
10 1.0 105.48730242280682 -61.15851606237421 -0.10087516098806878 0.8009648933725778 0.3617631736163182 0.16881301539634938 -0.08852095106716111 -0.02393220426730936 16370.0 43620.0 83553.0 130595.99999999999 178779.0 223630.0 262554.0 294478.0 319349.0 337692.0 350303.0 358061.0 361817.0 362341.0 360302.0 356266.0
11 1.0 305.61967991265055 29.00115207145791 -0.10087516098806878 0.8009648933725778 0.3617631736163182 0.16881301539634938 -0.08852095106716111 -0.02393220426730936 2467.0 8100.0 18179.0 32178.0 48688.0 66121.0 83143.0 98828.0 112636.0 124336.0 133905.0 141456.0 147170.0 151263.0 153956.0 155459.0
12 1.0 222.43560909030856 -10.75252449069147 -0.10087516098806878 0.8009648933725778 0.3617631736163182 0.16881301539634938 -0.08852095106716111 -0.02393220426730936 13523.0 35776.0 68579.0 107673.0 148301.0 186745.0 220718.0 249152.0 271837.0 289077.0 301442.0 309605.0 314242.0 315983.0 315387.0 312935.0
13 1.0 4.765268793203816 -76.23238157454863 -0.10087516098806878 0.8009648933725778 0.3617631736163182 0.16881301539634938 -0.08852095106716111 -0.02393220426730936 14878.0 38676.0 72901.0 112784.0 153414.0 191184.0 224017.0 251060.0 272273.0 288079.0 299121.0 306108.0 309730.0 310617.0 309318.0 306300.0
14 1.0 125.00406645559904 35.363366037450106 -0.10087516098806878 0.8009648933725778 0.3617631736163182 0.16881301539634938 -0.08852095106716111 -0.02393220426730936 2702.0 7098.0 13520.0 21171.0 29196.0 36932.0 43958.0 50057.0 55160.0 59287.0 62507.99999999999 64919.00000000001 66624.0 67724.0 68314.0 68478.0
15 1.0 53.330709941339414 -45.46822400295233 -0.10087516098806878 0.8009648933725778 0.3617631736163182 0.16881301539634938 -0.08852095106716111 -0.02393220426730936 17041.0 45349.0 86762.0 135454.0 185220.0 231437.0 271441.0 304153.0 329545.0 348181.0 360904.0 368630.0 372247.0 372553.0 370242.0 365896.0
16 1.0 353.45858033457114 -82.86920593568681 -0.10087516098806878 0.8009648933725778 0.3617631736163182 0.16881301539634938 -0.08852095106716111 -0.02393220426730936 15596.0 40328.0 75719.0 116795.0 158496.0 197136.0 230617.0 258101.00000000003 279576.0 295500.0 306547.0 313456.0 316940.0 317647.0 316141.0 312899.0
17 1.0 172.2133105343957 -79.21002631507682 -0.10087516098806878 0.8009648933725778 0.3617631736163182 0.16881301539634938 -0.08852095106716111 -0.02393220426730936 17365.0 45320.0 85573.0 132410.0 179954.0 223917.0 261870.0 292861.0 316901.0 334545.0 346597.0 353925.0 357364.0 357669.0 355491.0 351381.0
18 1.0 179.06089157951857 -79.00586332797828 -0.10087516098806878 0.8009648933725778 0.3617631736163182 0.16881301539634938 -0.08852095106716111 -0.02393220426730936 17402.0 45295.0 85372.0 131938.0 179164.0 222807.0 260471.0 291219.0 315069.0 332575.0 344533.0 351807.0 355224.0 355532.0 353376.0 349303.0
19 1.0 230.2101059035405 73.39193234730709 -0.10087516098806878 0.8009648933725778 0.3617631736163182 0.16881301539634938 -0.08852095106716111 -0.02393220426730936 4165.0 14248.0 32481.000000000004 57639.0 86853.0 117081.0 145914.0 171806.0 193962.0 212144.0 226468.0 237252.0 244909.0 249876.0 252577.0 253402.00000000003
20 1.0 132.6904582066623 43.17910520923817 -0.10087516098806878 0.8009648933725778 0.3617631736163182 0.16881301539634938 -0.08852095106716111 -0.02393220426730936 2405.0 6735.0 13505.0 22048.0 31453.0 40896.0 49773.0 57712.0 64531.00000000001 70185.0 74714.0 78207.0 80779.0 82549.0 83634.0 84144.0
21 1.0 49.284097806815616 71.6512242984723 -0.10087516098806878 0.8009648933725778 0.3617631736163182 0.16881301539634938 -0.08852095106716111 -0.02393220426730936 6352.0 18787.0 39024.0 65059.00000000001 93859.0 122621.0 149320.0 172769.0 192446.0 208291.0 220518.0 229491.0 235630.0 239358.0 241075.0 241140.0
22 1.0 295.9623839499284 31.064816033373845 -0.10087516098806878 0.8009648933725778 0.3617631736163182 0.16881301539634938 -0.08852095106716111 -0.02393220426730936 2707.0 8848.0 19758.0 34805.0 52437.0 70949.0 88930.0 105415.0 119857.0 132028.0 141924.0 149676.0 155485.0 159587.0 162218.0 163604.0
23 1.0 68.34524828499286 5.2091872255589635 -0.10087516098806878 0.8009648933725778 0.3617631736163182 0.16881301539634938 -0.08852095106716111 -0.02393220426730936 15719.0 37392.0 66289.0 98234.0 129585.0 157941.0 182073.0 201596.0 216647.0 227643.0 235117.0 239624.0 241688.0 241778.0 240300.0 237595.0
24 1.0 184.07483371672416 -35.19965441747191 -0.10087516098806878 0.8009648933725778 0.3617631736163182 0.16881301539634938 -0.08852095106716111 -0.02393220426730936 13399.0 37302.0 73718.0 117878.0 164136.0 207996.0 246678.0 278895.0 304402.0 323579.0 337119.0 345831.0 350523.0 351938.0 350733.0 347468.0
25 1.0 80.75413043090613 89.63320523916121 -0.10087516098806878 0.8009648933725778 0.3617631736163182 0.16881301539634938 -0.08852095106716111 -0.02393220426730936 4637.0 15121.0 33440.0 58159.0 86437.0 115392.0 142807.0 167288.0 188146.0 205198.0 218586.0 228625.0 235715.0 240273.0 242703.0 243370.0
26 1.0 35.22401441785226 -24.805969390909922 -0.10087516098806878 0.8009648933725778 0.3617631736163182 0.16881301539634938 -0.08852095106716111 -0.02393220426730936 15689.999999999998 42457.0 82209.0 129478.00000000001 178216.0 223808.0 263526.0 296205.0 321740.0 340634.0 353681.0 361766.0 365755.0 366431.0 364479.0 360476.0
27 1.0 310.388946271806 -5.28318914149628 -0.10087516098806878 0.8009648933725778 0.3617631736163182 0.16881301539634938 -0.08852095106716111 -0.02393220426730936 2082.0 5732.0 11304.0 18178.0 25600.0 32933.0 39738.0 45768.0 50917.0 55173.0 58585.0 61228.0 63189.99999999999 64562.99999999999 65433.00000000001 65879.0
28 1.0 350.2510160483269 -21.915868513776886 -0.10087516098806878 0.8009648933725778 0.3617631736163182 0.16881301539634938 -0.08852095106716111 -0.02393220426730936 5952.0 16639.0 33261.0 54040.0 76632.0 98981.0 119649.0 137806.0 153097.0 165491.0 175149.0 182339.0 187366.0 190544.0 192165.0 192497.0
29 1.0 345.90047690268005 86.31484728038254 -0.10087516098806878 0.8009648933725778 0.3617631736163182 0.16881301539634938 -0.08852095106716111 -0.02393220426730936 4819.0 15765.999999999998 34912.0 60735.0 90240.0 120400.0 148898.0 174287.0 195862.0 213445.0 227195.0 237453.0 244643.0 249205.0 251562.99999999997 252101.00000000003
