idx D_km lam beta x1 y1 z1 x2 y2 z2 flux5 flux6 flux7 flux8 flux9 flux10 flux11 flux12 flux13 flux14 flux15 flux16 flux17 flux18 flux19 flux20
0 1.0 197.5728614138369 73.17998985981222 -0.6804625007225186 -0.5975113506532544 -0.26534287147189756 0.0421715469884786 0.011211272570937573 -0.0010004795682626965 116363.0 380987.0 838595.0 1446971.0 2131467.0 2820200.0 3460558.0 4021531.0000000005 4489626.0 4863337.0 5148338.0 5353983.0 5491007.0 5570157.0 5601443.0 5593793.0
1 1.0 257.468171894071 49.328519885754986 -0.6804625007225186 -0.5975113506532544 -0.26534287147189756 0.0421715469884786 0.011211272570937573 -0.0010004795682626965 112005.0 356849.0 772902.0 1320711.0 1934065.0 2550098.0 3123013.0 3625804.0 4046649.0000000005 4384127.0 4643080.0 4831591.0 4958992.0 5034669.0 5067400.0 5065042.0
2 1.0 216.99481538579178 -30.033872634844457 -0.6804625007225186 -0.5975113506532544 -0.26534287147189756 0.0421715469884786 0.011211272570937573 -0.0010004795682626965 12360.0 37392.0 79022.0 134049.0 197020.0 262527.0 326292.0 385409.0 438180.0 483822.0 522190.99999999994 553552.0 578411.0 597396.0 611177.0 620420.0
3 1.0 196.15794587888288 -75.40174980216058 -0.6804625007225186 -0.5975113506532544 -0.26534287147189756 0.0421715469884786 0.011211272570937573 -0.0010004795682626965 49682.0 182193.0 433754.0 793375.0 1223057.0 1678689.0 2123195.0 2531070.0 2887851.0 3187622.0 3430273.0 3619218.0 3759728.0 3857820.0 3919569.0 3950711.0
4 1.0 152.5157277620057 -16.69658914551468 -0.6804625007225186 -0.5975113506532544 -0.26534287147189756 0.0421715469884786 0.011211272570937573 -0.0010004795682626965 26100.0 104210.0 263418.0 503909.00000000006 804506.0 1135850.0 1470566.0 1787932.0 2074650.0 2323738.0 2532867.0 2702802.0 2836161.0 2936526.0 3007852.0 3054093.0
5 1.0 232.5218807039962 -48.19785440923031 -0.6804625007225186 -0.5975113506532544 -0.26534287147189756 0.0421715469884786 0.011211272570937573 -0.0010004795682626965 34649.0 111732.0 247356.0 433555.0 651594.0 880952.0 1104600.0 1310744.0 1492532.0 1646979.0 1773786.0 1874331.0 1950929.0 2006311.9999999998 2043302.9999999998 2064617.0000000002
6 1.0 157.5313960545693 -66.15222574356306 -0.6804625007225186 -0.5975113506532544 -0.26534287147189756 0.0421715469884786 0.011211272570937573 -0.0010004795682626965 44034.0 166599.0 404619.0 750263.0 1168043.0 1615075.0 2054479.0000000002 2460367.0 2817661.0 3119799.0 3366095.0 3559486.0 3704878.0 3808014.0 3874775.0 3910763.0
7 1.0 321.03828028154874 -80.38310727837145 -0.6804625007225186 -0.5975113506532544 -0.26534287147189756 0.0421715469884786 0.011211272570937573 -0.0010004795682626965 65524.0 242463.0 577579.0 1052950.0 1614943.0 2203603.0 2770205.0 3282584.0 3723673.0 4087666.9999999995 4376117.0 4594815.0 4751608.0 4854987.0 4913248.0 4934051.0
8 1.0 346.91859378037054 40.60698555790418 -0.6804625007225186 -0.5975113506532544 -0.26534287147189756 0.0421715469884786 0.011211272570937573 -0.0010004795682626965 59261.0 187909.0 408298.0 702798.0 1038794.9999999999 1383642.0 1712175.0 2008328.9999999998 2263844.0 2476130.0 2646260.0 2777413.0 2873795.0 2939938.0 2980289.0 2998975.0
9 1.0 138.03894677727996 -87.94305744749441 -0.6804625007225186 -0.5975113506532544 -0.26534287147189756 0.0421715469884786 0.011211272570937573 -0.0010004795682626965 59867.0 223487.0 535940.0 982278.0 1513222.0 2072525.0000000002 2613775.0 3105830.0 3531739.0 3885289.0 4167379.9999999995 4383091.0 4539582.0 4644740.0 4706351.0 4731652.0
10 1.0 285.02101370975925 48.70453473049972 -0.6804625007225186 -0.5975113506532544 -0.26534287147189756 0.0421715469884786 0.011211272570937573 -0.0010004795682626965 130530.0 418186.0 907163.0 1549066.0 2264110.0 2977583.0 3636020.0 4208768.0 4683260.0 5059080.0 5342939.0 5545078.0 5676954.0 5749874.0 5774273.0 5759391.0
11 1.0 190.40217111104562 -63.549603827932486 -0.6804625007225186 -0.5975113506532544 -0.26534287147189756 0.0421715469884786 0.011211272570937573 -0.0010004795682626965 35266.0 129880.0 311475.0 574365.0 892644.0 1234739.0 1573146.0 1888197.0 2168087.0 2407320.0 2604835.0 2762382.0 2883292.0 2971634.0 3031669.0 3067525.0
12 1.0 204.49604199381562 -75.68602513438397 -0.6804625007225186 -0.5975113506532544 -0.26534287147189756 0.0421715469884786 0.011211272570937573 -0.0010004795682626965 50827.0 185291.0 439498.0 801870.0 1233955.0 1691422.0 2137154.0 2545709.0 2902725.0 3202390.0 3444687.0 3633104.0 3772969.0 3870347.0 3931343.0 3961719.0
13 1.0 333.214789785358 -73.87145383705104 -0.6804625007225186 -0.5975113506532544 -0.26534287147189756 0.0421715469884786 0.011211272570937573 -0.0010004795682626965 65798.0 245157.0 586259.0 1071163.0 1644969.0 2246117.0 2824550.0 3347254.0 3796763.0 4167195.9999999995 4460223.0 4681860.0 4840209.0 4944017.0 5001817.0 5021467.0
14 1.0 25.5729809512393 30.968605323704594 -0.6804625007225186 -0.5975113506532544 -0.26534287147189756 0.0421715469884786 0.011211272570937573 -0.0010004795682626965 19077.0 56542.0 117489.0 196382.0 284739.0 374509.0 459615.0 536203.0 602302.0 657310.0 701516.0 735732.0 761024.0 778545.0 789427.0 794724.0
15 1.0 31.366547892554657 -45.83390222648794 -0.6804625007225186 -0.5975113506532544 -0.26534287147189756 0.0421715469884786 0.011211272570937573 -0.0010004795682626965 24451.0 97822.0 247742.0 474721.0 758981.0 1072819.0 1390268.0 1691603.0 1964124.0 2201134.0 2400373.0 2562530.0 2690063.0 2786351.0 2855129.0 2900133.0
16 1.0 7.278623078517259 -14.302895997582283 -0.6804625007225186 -0.5975113506532544 -0.26534287147189756 0.0421715469884786 0.011211272570937573 -0.0010004795682626965 5976.0 25422.0 68211.0 137665.0 230415.0 339057.0 455149.0 571191.0 681477.0 782216.0 871266.0 947754.0 1011698.0 1063695.0 1104679.0 1135751.0
17 1.0 299.74314439725765 10.326382438305046 -0.6804625007225186 -0.5975113506532544 -0.26534287147189756 0.0421715469884786 0.011211272570937573 -0.0010004795682626965 120293.0 393379.0 864756.0 1490187.0 2192393.0 2897400.0 3551384.0 4122884.0 4598462.0 4976938.0 5264426.0 5470727.0 5606993.0 5684323.0 5713022.0 5702248.0
18 1.0 280.13643034194615 64.89921128918289 -0.6804625007225186 -0.5975113506532544 -0.26534287147189756 0.0421715469884786 0.011211272570937573 -0.0010004795682626965 130252.0 417985.0 907639.0 1550875.0 2267717.0 2983184.0 3643573.0 4218072.0 4694036.0 5071022.0 5355750.0 5558491.0 5690739.0 5763841.0 5788266.0 5773288.0
19 1.0 313.2043733688549 40.8679672880391 -0.6804625007225186 -0.5975113506532544 -0.26534287147189756 0.0421715469884786 0.011211272570937573 -0.0010004795682626965 111847.0 360137.0 785133.0 1347221.0 1978316.0 2613293.0 3204515.0 3723794.0 4158708.0 4507653.0 4775551.0 4970699.0 5102711.0 5181267.0 5215427.0 5213306.0
20 1.0 352.30260320379506 -41.34097705703137 -0.6804625007225186 -0.5975113506532544 -0.26534287147189756 0.0421715469884786 0.011211272570937573 -0.0010004795682626965 36091.0 140008.0 346454.0 651814.0 1026616.9999999999 1432997.0 1837158.0 2214547.0 2550222.0 2837083.0 3073596.0 3261778.0 3405651.0 3510177.0 3580572.0 3621888.0
21 1.0 287.6970831180205 -66.33309612759703 -0.6804625007225186 -0.5975113506532544 -0.26534287147189756 0.0421715469884786 0.011211272570937573 -0.0010004795682626965 74405.0 261237.0 602785.0 1076405.0 1627841.0 2199308.0 2745116.0 3235808.0 3656259.0 4001827.9999999995 4274618.0 4480555.0 4627362.0 4723267.0 4776251.0 4793638.0
22 1.0 166.13257041105547 -80.03262232418437 -0.6804625007225186 -0.5975113506532544 -0.26534287147189756 0.0421715469884786 0.011211272570937573 -0.0010004795682626965 54322.0 202494.0 485942.0 892168.0 1377389.0 1890918.0 2390416.0 2847040.0 3244701.0 3577087.0 3844458.0 4051005.0 4202951.0 4307287.0 4371004.0 4400663.0
23 1.0 280.99050346312396 -35.712245793430355 -0.6804625007225186 -0.5975113506532544 -0.26534287147189756 0.0421715469884786 0.011211272570937573 -0.0010004795682626965 95590.0 306021.0 666988.0 1147103.0 1690212.0 2241352.0 2759325.0 3218903.0 3608157.0 3924524.0 4171264.0 4354797.0 4482910.0 4563645.0 4604656.0 4612893.0
24 1.0 42.57879331281596 -42.818733136857915 -0.6804625007225186 -0.5975113506532544 -0.26534287147189756 0.0421715469884786 0.011211272570937573 -0.0010004795682626965 22886.0 91378.0 231329.0 443449.0 709548.0 1003897.0 1302196.0 1585837.0 1842723.0 2066382.0 2254537.0 2407724.0 2528190.0 2619084.0 2683918.0 2726221.0
25 1.0 230.3715676779086 -7.894697975913658 -0.6804625007225186 -0.5975113506532544 -0.26534287147189756 0.0421715469884786 0.011211272570937573 -0.0010004795682626965 20533.0 57840.0 115337.0 186318.0 262611.0 337481.0 406471.0 467167.0 518644.0 560924.0 594575.0 620432.0 639431.0 652506.0 660535.0 664316.0
26 1.0 51.607183467256704 32.990640398582485 -0.6804625007225186 -0.5975113506532544 -0.26534287147189756 0.0421715469884786 0.011211272570937573 -0.0010004795682626965 36337.0 102601.0 206225.0 336558.0 479378.0 622036.0 755421.0 874034.0 975272.0 1058567.0 1124637.0 1174928.0 1211224.0 1235400.0 1249271.0 1254516.0
27 1.0 340.0808101378502 35.21258021499429 -0.6804625007225186 -0.5975113506532544 -0.26534287147189756 0.0421715469884786 0.011211272570937573 -0.0010004795682626965 61518.0 198451.0 435886.0 755646.0 1122351.0 1499986.0 1860479.0 2185716.0 2466255.0 2699016.0 2885066.0 3027881.0 3132123.0 3202850.0 3245035.0 3263303.0
28 1.0 187.8653958300258 -38.96660761521 -0.6804625007225186 -0.5975113506532544 -0.26534287147189756 0.0421715469884786 0.011211272570937573 -0.0010004795682626965 10598.0 41374.0 104157.0 200078.0 321944.0 458820.0 599908.0 736570.0 862875.0 975346.0 1072420.0 1153872.0 1220339.0 1272960.0 1313116.0 1342269.0
29 1.0 149.2782983965885 -21.61314793797831 -0.6804625007225186 -0.5975113506532544 -0.26534287147189756 0.0421715469884786 0.011211272570937573 -0.0010004795682626965 29880.0 118325.0 297086.0 565136.0 897984.0 1262654.0 1628890.0 1974127.0 2284151.0 2551741.0 2774768.0 2954435.0 3093908.0 3197339.0 3269225.0 3314010.0
0 1.0 95.24002035766571 -57.39282688735745 -0.6804625007225186 -0.5975113506532544 -0.26534287147189756 0.0421715469884786 0.011211272570937573 -0.0010004795682626965 54157.0 208271.0 509273.0 946058.0 1471610.0 2030046.0 2574173.0 3071666.0 3504448.0 3865418.0 4154857.0 4377456.0 4540165.0 4650777.0 4717068.0 4746308.0
1 1.0 278.724128196318 51.93819221517336 -0.6804625007225186 -0.5975113506532544 -0.26534287147189756 0.0421715469884786 0.011211272570937573 -0.0010004795682626965 129231.00000000001 413801.0 897443.0 1532404.0 2239920.0 2946186.0 3598322.0 4165950.9999999995 4636561.0 5009651.0 5291784.0 5493033.0 5624692.0 5697920.0 5723027.0 5709150.0
2 1.0 164.21411959795748 -79.76734624201674 -0.6804625007225186 -0.5975113506532544 -0.26534287147189756 0.0421715469884786 0.011211272570937573 -0.0010004795682626965 54073.0 201836.0 484758.0 890471.0 1375285.0 1888545.0 2387905.0 2844498.0 3242203.0 3574682.0 3842175.0 4048857.0 4200942.0 4305413.0 4369258.0 4399036.0
3 1.0 204.63622159271347 35.459503510497726 -0.6804625007225186 -0.5975113506532544 -0.26534287147189756 0.0421715469884786 0.011211272570937573 -0.0010004795682626965 36218.0 122196.0 277663.0 494443.0 750673.0 1021879.0 1287595.0 1533566.0 1751438.0 1937471.0 2091125.0 2213872.0 2308311.0 2377563.0 2424879.0 2453406.0
4 1.0 6.764328157087851 50.1651712693986 -0.6804625007225186 -0.5975113506532544 -0.26534287147189756 0.0421715469884786 0.011211272570937573 -0.0010004795682626965 59164.0 180263.0 381715.0 645802.0 943284.0 1245945.0 1532485.0 1789525.0 2010349.0000000002 2193028.0 2338707.0 2450290.0 2531525.0 2586419.0 2618884.0 2632546.0
5 1.0 222.34877894731574 49.93336113277556 -0.6804625007225186 -0.5975113506532544 -0.26534287147189756 0.0421715469884786 0.011211272570937573 -0.0010004795682626965 77081.0 250774.0 552610.0 958332.0 1421613.0 1895950.0 2345723.0 2748508.0 3093132.0 3376496.0 3600641.0 3770488.0 3892298.0 3972685.0 4018048.0000000005 4034263.0
6 1.0 220.3544601800717 -43.303938417836115 -0.6804625007225186 -0.5975113506532544 -0.26534287147189756 0.0421715469884786 0.011211272570937573 -0.0010004795682626965 21806.0 70378.0 156306.0 275203.0 415756.0 565226.0 712791.0 850730.0 974333.0 1081306.0 1171069.0 1244159.0 1301771.0 1345431.0 1376784.0 1397463.0
7 1.0 222.0962388749125 -22.713635172138936 -0.6804625007225186 -0.5975113506532544 -0.26534287147189756 0.0421715469884786 0.011211272570937573 -0.0010004795682626965 13734.0 39332.0 79451.0 129731.99999999999 184437.0 238536.0 288495.0 332270.0 368989.0 398581.0 421463.0 438306.0 449887.0 456989.0 460349.0 460633.0
8 1.0 339.7493082652647 15.76793433535002 -0.6804625007225186 -0.5975113506532544 -0.26534287147189756 0.0421715469884786 0.011211272570937573 -0.0010004795682626965 43572.0 147545.0 335554.0 597166.0 905285.0 1229831.0 1545879.0 1836308.0 2091335.0 2306864.0 2482689.0 2621005.0 2725304.0 2799629.0 2848106.0 2874665.0
9 1.0 245.45530767725404 -40.892057563595934 -0.6804625007225186 -0.5975113506532544 -0.26534287147189756 0.0421715469884786 0.011211272570937573 -0.0010004795682626965 46404.0 142159.0 303718.0 518792.99999999994 764750.0 1018601.0000000001 1262209.0 1483600.0 1676266.0 1837802.0 1968542.0 2070477.0 2146459.0 2199679.0 2233337.0 2250456.0
10 1.0 129.42284420656296 -23.246496140780025 -0.6804625007225186 -0.5975113506532544 -0.26534287147189756 0.0421715469884786 0.011211272570937573 -0.0010004795682626965 51831.0 199267.0 487526.0 906518.0 1411677.0 1949643.0 2475076.0 2956707.0 3376859.0 3728391.0 4011304.0 4229890.0 4390679.0 4501061.0 4568453.0 4599819.0
11 1.0 157.33150336776293 -54.530229566584865 -0.6804625007225186 -0.5975113506532544 -0.26534287147189756 0.0421715469884786 0.011211272570937573 -0.0010004795682626965 35415.0 136103.0 334695.0 626987.0 984514.0 1371230.0 1755186.0 2113296.0 2431581.0 2703454.0 2927557.0 3105854.0 3242182.0 3341251.0 3407998.0 3447204.0
12 1.0 251.14723053381536 -7.225940923918671 -0.6804625007225186 -0.5975113506532544 -0.26534287147189756 0.0421715469884786 0.011211272570937573 -0.0010004795682626965 56419.0 163302.0 334312.0 552792.0 794675.0 1037867.0000000001 1266200.0 1469804.0 1643928.0 1787437.0 1901482.0 1988500.0 2051527.0 2093764.0000000002 2118317.0 2128050.0
13 1.0 21.68116978653714 -81.96978577425946 -0.6804625007225186 -0.5975113506532544 -0.26534287147189756 0.0421715469884786 0.011211272570937573 -0.0010004795682626965 61201.0 230955.0 557193.0 1024677.0000000001 1581411.0 2167814.0 2734736.0 3249294.0 3693710.0 4061601.9999999995 4354107.0 4576747.0 4737208.0 4843899.0 4905089.0 4928438.0
14 1.0 240.03601756044037 53.96325922271123 -0.6804625007225186 -0.5975113506532544 -0.26534287147189756 0.0421715469884786 0.011211272570937573 -0.0010004795682626965 99756.0 320949.0 700334.0 1203872.0 1771718.0 2345873.0 2883304.0 3358035.0 3758132.0 4081451.0000000005 4331851.0 4516396.0 4643472.0 4721640.0 4758986.0 4762808.0
15 1.0 241.4296330625374 -76.1478395424061 -0.6804625007225186 -0.5975113506532544 -0.26534287147189756 0.0421715469884786 0.011211272570937573 -0.0010004795682626965 58617.0 209684.0 490959.0 887262.0 1355326.0 1846851.0 2322262.0 2755013.0 3130592.0 3443589.0 3694650.0 3888007.0 4029713.0 4126475.0 4184957.0 4211383.0
16 1.0 75.73772198658273 3.3903267896746883 -0.6804625007225186 -0.5975113506532544 -0.26534287147189756 0.0421715469884786 0.011211272570937573 -0.0010004795682626965 35950.0 118098.0 264549.0 467219.0 705644.0 957087.0 1202596.0 1429048.0 1628843.0 1798696.0 1938297.0 2049184.0 2133915.0 2195492.0 2237004.0 2261413.0
17 1.0 46.41346715574719 -34.7741820818647 -0.6804625007225186 -0.5975113506532544 -0.26534287147189756 0.0421715469884786 0.011211272570937573 -0.0010004795682626965 16572.0 66777.0 170562.0 329639.0 531360.0 756867.0 987852.0 1209938.0 1413480.0 1593032.0 1746345.0 1873374.0 1975454.0 2054692.0000000002 2113549.0 2154569.0
18 1.0 113.55420633270619 13.957730789647584 -0.6804625007225186 -0.5975113506532544 -0.26534287147189756 0.0421715469884786 0.011211272570937573 -0.0010004795682626965 83527.0 290859.0 666675.0 1183834.0 1781693.0 2397078.0 2980920.0 3502246.0 3945726.0 4307283.0 4589953.0 4800699.0 4948247.0 5041724.0 5089873.0 5100652.0
19 1.0 130.93587753934415 82.69800135001651 -0.6804625007225186 -0.5975113506532544 -0.26534287147189756 0.0421715469884786 0.011211272570937573 -0.0010004795682626965 126956.99999999999 405488.0 878268.0 1498770.0 2190370.0 2881229.0 3519788.0 4076323.9999999995 4538481.0 4905614.0 5183984.0 5383307.0 5514522.0 5588469.0 5615181.0 5603564.0
20 1.0 205.27083735043666 26.20264400208069 -0.6804625007225186 -0.5975113506532544 -0.26534287147189756 0.0421715469884786 0.011211272570937573 -0.0010004795682626965 21140.0 72080.0 165660.0 298406.0 458073.0 629978.0 801180.0 962160.0 1106933.0 1232434.0 1337742.0 1423352.0 1490614.0 1541324.0 1577450.0 1600955.0
21 1.0 157.89654484643532 -83.63476156401164 -0.6804625007225186 -0.5975113506532544 -0.26534287147189756 0.0421715469884786 0.011211272570937573 -0.0010004795682626965 56836.0 212400.0 510055.99999999994 936238.0 1444473.0 1981260.0 2502150.0 2977062.0 3389409.0 3732879.0 4008025.0 4219469.0 4373904.0 4478778.0 4541491.0 4568955.0
22 1.0 355.8145817013214 -12.527560888548976 -0.6804625007225186 -0.5975113506532544 -0.26534287147189756 0.0421715469884786 0.011211272570937573 -0.0010004795682626965 13275.0 52829.0 134542.0 260407.0 421291.0 602913.0 790993.0 973970.0 1143774.0 1295560.0 1427023.0 1537674.0 1628214.0 1700053.0 1754973.0 1794894.0
23 1.0 36.736131869290105 1.803033417285036 -0.6804625007225186 -0.5975113506532544 -0.26534287147189756 0.0421715469884786 0.011211272570937573 -0.0010004795682626965 2906.0 9976.0 23129.0 42162.0 65680.0 91844.0 118889.0 145375.0 170261.0 192872.0 212840.0 230026.0 244455.0 256255.99999999997 265624.0 272788.0
24 1.0 75.19563219414049 6.511949046621353 -0.6804625007225186 -0.5975113506532544 -0.26534287147189756 0.0421715469884786 0.011211272570937573 -0.0010004795682626965 36848.0 119017.0 263715.0 462357.0 694783.0 938961.0 1176678.0 1395393.0 1587897.0 1751123.0 1884858.0 1990663.0 2071066.0 2129019.0 2167547.0 2189549.0
25 1.0 58.07142643859865 32.65065190869082 -0.6804625007225186 -0.5975113506532544 -0.26534287147189756 0.0421715469884786 0.011211272570937573 -0.0010004795682626965 43119.0 122329.0 247129.0 405060.0 578858.0 752893.0 915812.0 1060754.0 1184492.0 1286351.0 1367258.0 1429028.0 1473876.0 1504108.0 1521942.0 1529411.0
26 1.0 235.11899716754343 -40.032702408282105 -0.6804625007225186 -0.5975113506532544 -0.26534287147189756 0.0421715469884786 0.011211272570937573 -0.0010004795682626965 33983.0 103385.0 219979.0 375040.0 552629.0 736555.0 913995.0 1076406.0 1219047.0 1340033.0 1439408.0 1518391.0 1578835.0 1622862.0 1652632.0 1670211.0
27 1.0 91.18497691432157 -66.80509821606236 -0.6804625007225186 -0.5975113506532544 -0.26534287147189756 0.0421715469884786 0.011211272570937573 -0.0010004795682626965 55385.0 212734.0 519599.99999999994 964263.0 1498569.0 2065567.9999999998 2617330.0 3121149.0 3558836.0 3923351.0 4215124.0 4439031.0 4602208.0 4712623.0 4778201.0 4806340.0
28 1.0 167.87187822827028 -19.31837822152302 -0.6804625007225186 -0.5975113506532544 -0.26534287147189756 0.0421715469884786 0.011211272570937573 -0.0010004795682626965 11114.0 46641.0 122743.0 242728.0 398466.0 576084.0 761282.0 942296.0 1110837.0 1261878.0 1392991.0 1503609.0 1594379.0 1666677.0 1722257.0 1763012.0
29 1.0 87.99321312057698 82.1530301032708 -0.6804625007225186 -0.5975113506532544 -0.26534287147189756 0.0421715469884786 0.011211272570937573 -0.0010004795682626965 124113.0 392076.0 843764.0 1434450.0 2091829.9999999998 2748429.0 3355847.0 3886110.0 4327482.0 4679203.0 4947011.0 5139927.0 5268160.0 5341867.0 5370477.0 5362387.0
0 1.0 57.2290501123871 -56.31643948484795 -0.6804625007225186 -0.5975113506532544 -0.26534287147189756 0.0421715469884786 0.011211272570937573 -0.0010004795682626965 41885.0 162583.0 401350.0 752399.0 1180372.0 1641115.0 2096004.0000000002 2517569.0 2889578.0 3204767.0 3462120.0 3664505.0 3816923.0 3925301.0 3995743.0 4034083.0
1 1.0 39.73505081914985 72.71711188708267 -0.6804625007225186 -0.5975113506532544 -0.26534287147189756 0.0421715469884786 0.011211272570937573 -0.0010004795682626965 106784.0 327768.0 694431.0 1170827.0 1700544.0 2231059.0 2724387.0 3158152.0 3522500.0 3816164.0 4043071.0000000005 4209873.0 4324307.0 4394202.0 4426922.0 4429098.0
2 1.0 236.27865220749842 7.885071013918747 -0.6804625007225186 -0.5975113506532544 -0.26534287147189756 0.0421715469884786 0.011211272570937573 -0.0010004795682626965 33382.0 98613.0 204659.0 341862.0 495486.0 651669.0 800032.0 934021.0 1050269.0 1147694.0 1226705.0 1288578.0 1335033.0 1367951.0 1389199.0 1400538.0
3 1.0 49.74586248550097 -7.755944103762147 -0.6804625007225186 -0.5975113506532544 -0.26534287147189756 0.0421715469884786 0.011211272570937573 -0.0010004795682626965 6931.0 25309.0 61362.0 115316.0 183189.0 259195.99999999997 337685.0 414117.0 485331.0 549409.0 605417.0 653118.0 692741.0 724797.0 749947.0 768918.0
4 1.0 70.76965020481926 68.76745384138013 -0.6804625007225186 -0.5975113506532544 -0.26534287147189756 0.0421715469884786 0.011211272570937573 -0.0010004795682626965 108969.0 334591.0 709099.0 1195780.0 1736925.0 2278793.0 2782535.0 3225292.0 3597026.0 3896480.0 4127710.0000000005 4297544.0 4413912.0 4484827.0 4517823.0 4519676.0
5 1.0 132.74106143794708 -7.451286881654539 -0.6804625007225186 -0.5975113506532544 -0.26534287147189756 0.0421715469884786 0.011211272570937573 -0.0010004795682626965 54094.0 206136.0 501364.99999999994 928352.0 1441190.0 1985668.0 2516109.0 3001247.0 3423590.0 3776242.0 4059446.0000000005 4277708.0 4437728.0 4547034.0 4613143.0 4643097.0
6 1.0 295.55756274525663 40.350174590077785 -0.6804625007225186 -0.5975113506532544 -0.26534287147189756 0.0421715469884786 0.011211272570937573 -0.0010004795682626965 128343.00000000001 412941.0 898279.0 1536841.0 2249355.0 2961245.0 3618950.0 4191632.0000000005 4666530.0 5043063.0 5327812.0 5530925.0 5663797.0 5737694.0 5763025.0 5749018.0
7 1.0 34.956459285502056 -18.17544209344163 -0.6804625007225186 -0.5975113506532544 -0.26534287147189756 0.0421715469884786 0.011211272570937573 -0.0010004795682626965 4314.0 18233.0 48727.0 98061.0 163767.0 240561.0 322492.0 404322.0 482108.0 553252.0 616308.0 670699.0 716451.0 753980.0 783925.0 807033.0
8 1.0 301.6601666995694 72.7279907221724 -0.6804625007225186 -0.5975113506532544 -0.26534287147189756 0.0421715469884786 0.011211272570937573 -0.0010004795682626965 128713.0 409108.0 883396.0 1504414.0 2195440.0 2884876.0 3521518.0 4075963.0 4536086.0 4901386.0 5178190.0 5376237.0 5506454.0 5579654.0 5605835.0 5593870.0
9 1.0 34.59542684182671 34.20450363442093 -0.6804625007225186 -0.5975113506532544 -0.26534287147189756 0.0421715469884786 0.011211272570937573 -0.0010004795682626965 27431.0 77996.0 157365.0 257403.0 367200.0 477030.0 579873.0 671472.0 749789.0 814351.0 865680.0 904862.0 933252.0 952278.0 963332.0 967700.0
10 1.0 351.5254074048225 35.931969765093015 -0.6804625007225186 -0.5975113506532544 -0.26534287147189756 0.0421715469884786 0.011211272570937573 -0.0010004795682626965 46421.0 147578.0 321916.0 556527.0 826169.0 1104913.0 1372310.0 1614955.0 1825673.0 2001925.0 2144233.0 2254931.0 2337272.0 2394840.0 2431197.0 2449677.0
11 1.0 168.71443259317257 -31.010327719718596 -0.6804625007225186 -0.5975113506532544 -0.26534287147189756 0.0421715469884786 0.011211272570937573 -0.0010004795682626965 14041.0 57239.0 147539.0 287246.0 465811.0 666798.0 873903.0 1074112.0 1258541.0 1422050.0 1562396.0 1679356.0 1773990.0 1848091.0 1903799.0 1943355.0
12 1.0 351.6339917485214 46.22015569264005 -0.6804625007225186 -0.5975113506532544 -0.26534287147189756 0.0421715469884786 0.011211272570937573 -0.0010004795682626965 63783.99999999999 198877.0 427364.0 729898.0 1072623.0 1422296.0 1753661.0 2050860.0000000002 2305980.0 2516803.0 2684749.0 2813284.0 2906838.0 2970110.0 3007662.0 3023697.0
13 1.0 217.74438710821656 24.490989980485438 -0.6804625007225186 -0.5975113506532544 -0.26534287147189756 0.0421715469884786 0.011211272570937573 -0.0010004795682626965 25740.0 83441.0 184977.0 324321.0 487601.0 659764.0 828370.0 984775.0 1123881.0 1243357.0 1342798.0 1423024.0 1485550.0 1532230.0 1565017.0 1585820.0
14 1.0 266.1348885833886 -46.79635079165228 -0.6804625007225186 -0.5975113506532544 -0.26534287147189756 0.0421715469884786 0.011211272570937573 -0.0010004795682626965 73406.0 234780.0 513464.00000000006 887653.0 1315463.0 1754486.0 2171898.0 2546765.0 2868430.0 3133717.0 3344260.0 3504441.0 3619944.0 3696838.0 3741026.0 3757950.0
15 1.0 14.107605211555443 -61.103011952653844 -0.6804625007225186 -0.5975113506532544 -0.26534287147189756 0.0421715469884786 0.011211272570937573 -0.0010004795682626965 45936.0 177439.0 436225.0 814925.0 1274649.0 1767640.0 2252567.0 2700339.0 3093999.0 3426185.0 3696153.0 3907242.0 4064993.0000000005 4175880.0000000005 4246517.0 4283191.0
16 1.0 101.81050652750744 53.35046541311971 -0.6804625007225186 -0.5975113506532544 -0.26534287147189756 0.0421715469884786 0.011211272570937573 -0.0010004795682626965 110453.0 348434.0 750932.0 1280025.0 1872443.0 2468055.0 3022897.0 3510865.0 3920356.0 4249749.0 4503477.0 4689146.0 4815621.0 4891863.0 4926293.0 4926473.0
17 1.0 43.270762036740805 82.64998854634004 -0.6804625007225186 -0.5975113506532544 -0.26534287147189756 0.0421715469884786 0.011211272570937573 -0.0010004795682626965 122253.0 383241.0 821201.0 1392646.0 2028020.9999999998 2662586.0 3249909.0 3763119.0 4190890.9999999995 4532415.0 4793127.0 4981626.0 5107675.0 5181005.0 5210664.0 5204722.0
18 1.0 106.61047110797217 -7.535011093192281 -0.6804625007225186 -0.5975113506532544 -0.26534287147189756 0.0421715469884786 0.011211272570937573 -0.0010004795682626965 66627.0 241348.0 567834.0 1027344.0 1568124.0 2133171.0 2676444.0 3167648.0 3590737.0 3940273.0 4217739.0 4428619.0 4580342.0 4680954.0 4738328.0 4759742.0
19 1.0 42.74197882352786 16.377149758263286 -0.6804625007225186 -0.5975113506532544 -0.26534287147189756 0.0421715469884786 0.011211272570937573 -0.0010004795682626965 12198.0 35305.0 71831.0 117801.0 167829.0 217169.0 262499.0 301935.0 334711.0 360819.0 380696.0 395011.0 404513.0 409951.0 412018.0 411334.0
20 1.0 114.47394458183138 64.39007595483983 -0.6804625007225186 -0.5975113506532544 -0.26534287147189756 0.0421715469884786 0.011211272570937573 -0.0010004795682626965 119636.0 383377.0 832650.0 1424345.0 2086123.0000000002 2749529.0 3364967.0 3903464.0 4352601.0 4711223.0 4984892.0 5182599.0 5314609.0 5391177.0 5421853.0 5415151.0
21 1.0 149.13467802528118 -7.699778396305732 -0.6804625007225186 -0.5975113506532544 -0.26534287147189756 0.0421715469884786 0.011211272570937573 -0.0010004795682626965 31926.999999999996 125795.99999999999 314712.0 597011.0 946482.0 1328238.0 1710488.0 2069675.9999999998 2391105.0 2667450.0 2896720.0 3080395.0 3221970.0 3325934.0 3397102.0 3440197.0
22 1.0 23.09309868556237 81.3374058298925 -0.6804625007225186 -0.5975113506532544 -0.26534287147189756 0.0421715469884786 0.011211272570937573 -0.0010004795682626965 119650.0 374860.0 802964.0 1361553.0 1982810.0 2603574.0 3178498.0 3681281.0 4100779.0 4436117.0 4692527.0 4878347.0 5003070.0 5076171.0 5106470.0 5101844.0
23 1.0 249.28996297320714 13.63520916807704 -0.6804625007225186 -0.5975113506532544 -0.26534287147189756 0.0421715469884786 0.011211272570937573 -0.0010004795682626965 62161.0 186631.0 391227.0 657068.0 954466.0 1255370.0 1538960.0 1792415.0 2009500.0 2188642.0 2331209.0 2440217.0 2519448.0 2572889.0 2604401.0 2617547.0
24 1.0 203.97652351436705 57.738081726236686 -0.6804625007225186 -0.5975113506532544 -0.26534287147189756 0.0421715469884786 0.011211272570937573 -0.0010004795682626965 86469.0 286139.0 636417.0 1109109.0 1649126.0 2201041.0 2722579.0 3187419.0 3582763.0 3905446.0 4158350.0000000005 4347681.0 4481120.0 4566668.0 4611982.0 4624035.0
25 1.0 95.54021673820034 73.5918693142929 -0.6804625007225186 -0.5975113506532544 -0.26534287147189756 0.0421715469884786 0.011211272570937573 -0.0010004795682626965 120997.0 380343.0 816517.0 1386566.0 2021183.9999999998 2655619.0 3243300.0 3757183.0 4185799.0000000005 4528232.0 4789848.0 4979207.0 5106050.0 5180100.0 5210405.0 5205037.0
26 1.0 188.36929924801188 56.7942873783424 -0.6804625007225186 -0.5975113506532544 -0.26534287147189756 0.0421715469884786 0.011211272570937573 -0.0010004795682626965 83614.0 280755.0 630196.0 1105062.0 1650308.0 2209744.0 2740089.0 3214103.0 3618297.0 3949051.0 4208995.0 4404234.0 4542450.0 4631706.0 4679760.0 4693698.0
27 1.0 33.818583873039 -61.30539657918793 -0.6804625007225186 -0.5975113506532544 -0.26534287147189756 0.0421715469884786 0.011211272570937573 -0.0010004795682626965 43714.0 169587.0 418258.0 783309.0 1227663.0 1705338.0 2176293.0 2612176.0 2996324.0 3321362.0 3586357.0 3794369.0 3950638.0 4061344.0 4132831.9999999995 4171156.0
28 1.0 207.34073840022455 23.201719031106066 -0.6804625007225186 -0.5975113506532544 -0.26534287147189756 0.0421715469884786 0.011211272570937573 -0.0010004795682626965 18175.0 61381.0 140227.0 251660.0 385525.0 529795.0 673913.0 810095.0 933389.0 1041182.0 1132578.0 1207837.0 1267926.0 1314199.0 1348180.0 1371414.0
29 1.0 334.5466311274371 -18.28183344845813 -0.6804625007225186 -0.5975113506532544 -0.26534287147189756 0.0421715469884786 0.011211272570937573 -0.0010004795682626965 47834.0 174764.0 415865.0 761262.0 1175082.0 1615217.0 2045974.0000000002 2442578.0 2790791.0 3084600.0 3323622.0 3510924.0 3651417.0 3750778.0 3814783.0 3848910.0
0 1.0 114.68482288247652 -78.71166863579778 -0.6804625007225186 -0.5975113506532544 -0.26534287147189756 0.0421715469884786 0.011211272570937573 -0.0010004795682626965 57204.0 216546.0 523991.0 966302.0 1495156.0 2054412.0000000002 2597280.0 3092079.0 3521355.0 3878500.0 4164141.0 4383179.0 4542682.0 4650492.0 4714387.0 4741617.0
1 1.0 240.2677367869254 -13.674194659828444 -0.6804625007225186 -0.5975113506532544 -0.26534287147189756 0.0421715469884786 0.011211272570937573 -0.0010004795682626965 34715.0 98058.0 196974.0 321174.0 457072.0 592666.0 719360.0 831990.0 928126.0 1007250.9999999999 1070051.0 1117896.0 1152469.0 1175538.0 1188818.0 1193891.0
2 1.0 47.447230465581185 -43.436867959906614 -0.6804625007225186 -0.5975113506532544 -0.26534287147189756 0.0421715469884786 0.011211272570937573 -0.0010004795682626965 25251.0 100026.0 251681.0 480099.0 765073.0 1078749.0 1395193.0 1694799.0 1965019.0 2199308.0 2395545.0 2554544.0 2678868.0 2771984.0 2837698.0 2879797.0
3 1.0 257.8777934826836 62.82689551713193 -0.6804625007225186 -0.5975113506532544 -0.26534287147189756 0.0421715469884786 0.011211272570937573 -0.0010004795682626965 122715.0 394958.0 859858.0 1472665.0 2157935.0 2844266.0 3480035.0 4035229.0 4497139.0 4864798.0 5144207.0 5344884.0 5477627.0 5553179.0 5581507.0 5571476.0
4 1.0 104.1861934609924 -84.00516722159469 -0.6804625007225186 -0.5975113506532544 -0.26534287147189756 0.0421715469884786 0.011211272570937573 -0.0010004795682626965 59017.0 222218.0 535725.0 985253.0 1521300.0 2086892.0000000002 2634826.0 3133329.0 3565043.0 3923546.0 4209674.0 4428528.0 4587346.0 4694112.0 4756718.0 4782501.0
5 1.0 65.94889032256206 82.61688993542523 -0.6804625007225186 -0.5975113506532544 -0.26534287147189756 0.0421715469884786 0.011211272570937573 -0.0010004795682626965 122942.0 386607.0 829855.0 1408722.0 2052593.0 2695676.0 3290782.0 3810613.0 4243683.0 4589199.0 4852709.0 5042973.0 5169923.0 5243452.0 5272755.0 5266029.0
6 1.0 211.14465653162995 -26.033607275052667 -0.6804625007225186 -0.5975113506532544 -0.26534287147189756 0.0421715469884786 0.011211272570937573 -0.0010004795682626965 6922.0 21976.0 47996.0 83389.0 124837.0 168818.0 212416.0 253554.99999999997 290938.0 323883.0 352150.0 375799.0 395074.0 410326.0 421952.0 430368.0
7 1.0 7.238716627497679 -25.792759727542276 -0.6804625007225186 -0.5975113506532544 -0.26534287147189756 0.0421715469884786 0.011211272570937573 -0.0010004795682626965 10990.0 46300.0 122199.0 242281.0 398727.0 577867.0 765434.0 949540.0 1121673.0 1276554.0 1411516.0 1525798.0 1619907.0 1695130.0 1753174.0 1795921.0
8 1.0 298.4184105182507 -87.06086951693258 -0.6804625007225186 -0.5975113506532544 -0.26534287147189756 0.0421715469884786 0.011211272570937573 -0.0010004795682626965 62260.0 230873.0 551136.0 1006793.0 1547094.0 2114734.0 2662765.0 3159901.0 3589290.0 3944933.0 4227980.0 4443749.0 4599617.0 4703648.0 4763773.0 4787344.0
9 1.0 1.6903714293169436 -56.65818145748689 -0.6804625007225186 -0.5975113506532544 -0.26534287147189756 0.0421715469884786 0.011211272570937573 -0.0010004795682626965 45471.0 175301.0 430550.0 803967.0 1257329.0 1743677.0 2222333.0 2664621.0 3053783.0 3382494.0 3649953.0 3859388.0 4016211.0 4126767.0 4197549.0 4234742.0
10 1.0 244.01395324664284 -17.773289855350427 -0.6804625007225186 -0.5975113506532544 -0.26534287147189756 0.0421715469884786 0.011211272570937573 -0.0010004795682626965 42115.0 119188.0 240278.0 393157.0 561083.0 728976.0 885933.0 1025387.0 1144271.0 1241970.0 1319406.0 1378350.0 1420957.0 1449463.0 1466021.0 1472599.0
11 1.0 97.20287034917935 77.27245511448851 -0.6804625007225186 -0.5975113506532544 -0.26534287147189756 0.0421715469884786 0.011211272570937573 -0.0010004795682626965 122986.0 388131.0 834949.0 1419336.0 2069923.9999999998 2720049.0 3321826.0 3847525.0 4285457.0 4634790.0 4901129.0 5093345.0 5221498.0 5295609.0 5324993.0 5317949.0
12 1.0 264.66984796413414 -72.06931256017117 -0.6804625007225186 -0.5975113506532544 -0.26534287147189756 0.0421715469884786 0.011211272570937573 -0.0010004795682626965 64612.0 228112.0 529242.0 949966.0 1443459.0 1958620.0 2454230.0 2903093.0 3290700.0 3612013.0 3868206.0 4064078.0000000005 4206206.0 4301765.0 4357809.0 4380881.0
13 1.0 346.38787624227774 80.15427602623433 -0.6804625007225186 -0.5975113506532544 -0.26534287147189756 0.0421715469884786 0.011211272570937573 -0.0010004795682626965 121681.0 382575.0 821121.0 1393870.0 2031037.0 2667583.0 3256826.0 3771732.0 4200890.0 4543463.0 4804899.0 4993830.0 5120061.0 5193367.0 5222839.0 5216585.0
14 1.0 89.55113166718489 66.5079354983938 -0.6804625007225186 -0.5975113506532544 -0.26534287147189756 0.0421715469884786 0.011211272570937573 -0.0010004795682626965 114425.0 355830.0 759693.0 1286625.0 1873480.0 2461148.0 3006873.0 3485568.0 3886326.0 4207935.0 4455013.0 4635202.0 4757314.0 4830209.0 4862186.0 4860681.0
15 1.0 207.4166403904213 -8.25076855664068 -0.6804625007225186 -0.5975113506532544 -0.26534287147189756 0.0421715469884786 0.011211272570937573 -0.0010004795682626965 3048.0 10108.0 22706.0 40331.0 61530.0 84601.0 108001.0 130526.0 151342.0 169945.0 186091.0 199728.0 210934.0 219866.0 226729.0 231743.0
16 1.0 213.13509525786205 -31.19384128171319 -0.6804625007225186 -0.5975113506532544 -0.26534287147189756 0.0421715469884786 0.011211272570937573 -0.0010004795682626965 10260.0 32307.000000000004 70491.0 122711.0 184201.0 249703.0 314725.0 375984.0 431392.0 479844.0 520958.00000000006 554849.0 581936.0 602814.0 618152.0 628636.0
17 1.0 206.01068608471442 -48.10605672976977 -0.6804625007225186 -0.5975113506532544 -0.26534287147189756 0.0421715469884786 0.011211272570937573 -0.0010004795682626965 18659.0 66132.0 156200.0 286881.0 446564.0 620413.0 794945.0 960037.0 1109206.0 1239042.0 1348411.0 1437700.0 1508219.0 1561764.0 1600324.0 1625896.0
18 1.0 80.30938775062259 20.603647165837387 -0.6804625007225186 -0.5975113506532544 -0.26534287147189756 0.0421715469884786 0.011211272570937573 -0.0010004795682626965 56782.0 175409.0 376268.0 643596.0 948491.0 1261850.0 1561024.0 1831379.0 2065256.0000000002 2260128.0 2416818.0 2538103.0 2627730.0 2689772.0 2728243.0 2746885.0
19 1.0 342.9896441461146 -84.04657353440899 -0.6804625007225186 -0.5975113506532544 -0.26534287147189756 0.0421715469884786 0.011211272570937573 -0.0010004795682626965 63092.99999999999 235534.0 564282.0 1032788.0 1588585.0 2172346.0 2735510.0 3245798.0 3685912.0 4049791.0 4338752.0 4558396.0 4716418.0 4821195.0 4880943.0 4903262.0
20 1.0 160.96513630234585 -87.19090839957092 -0.6804625007225186 -0.5975113506532544 -0.26534287147189756 0.0421715469884786 0.011211272570937573 -0.0010004795682626965 59420.0 221326.0 530175.0 971196.0 1495823.0 2048611.9999999998 2583781.0 3070565.0 3492177.0 3842419.0 4122118.0000000005 4336239.0 4491814.0 4596606.0 4658289.0 4684005.0
21 1.0 304.707122089606 -12.816769950317195 -0.6804625007225186 -0.5975113506532544 -0.26534287147189756 0.0421715469884786 0.011211272570937573 -0.0010004795682626965 105759.0 356226.0 798054.0 1393258.0 2069173.9999999998 2753973.0 3394136.0 3957505.0 4429570.0 4808052.0 5098094.0 5308710.0 5450441.0 5533931.0 5569150.0 5565024.0
22 1.0 251.81253911430156 -77.74666668455036 -0.6804625007225186 -0.5975113506532544 -0.26534287147189756 0.0421715469884786 0.011211272570937573 -0.0010004795682626965 60727.0 218603.0 513293.0 928690.0 1419002.0 1933256.0 2429860.0 2881074.0 3271875.0 3596809.0 3856748.0 4056282.9999999995 4201865.0 4300594.0 4359490.0 4385085.0
23 1.0 107.07730230784811 -44.65062211570328 -0.6804625007225186 -0.5975113506532544 -0.26534287147189756 0.0421715469884786 0.011211272570937573 -0.0010004795682626965 55518.0 212959.0 519711.99999999994 963931.0 1497477.0 2063501.0 2614195.0 3116960.0 3553681.0 3917356.0 4208433.0 4431789.0 4594550.0 4704671.0 4770058.0 4798095.0
24 1.0 292.9672150928918 -50.19103523770491 -0.6804625007225186 -0.5975113506532544 -0.26534287147189756 0.0421715469884786 0.011211272570937573 -0.0010004795682626965 88277.0 300330.0 678764.0 1194381.0 1786508.0 2393167.0 2966792.0 3477685.0 3911396.0 4264356.0 4539821.0 4744787.0 4887897.0 4978136.0 5024086.0 5033540.0
25 1.0 142.74206670491446 -44.425585129886656 -0.6804625007225186 -0.5975113506532544 -0.26534287147189756 0.0421715469884786 0.011211272570937573 -0.0010004795682626965 40217.0 155854.0 384586.0 721149.0 1132012.0 1575085.0 2013367.0000000002 2420386.0 2780347.0 3086041.0 3336271.0 3533616.0 3682750.0 3789286.0 3859045.0 3897616.0
26 1.0 317.1971509600182 -66.4100583812536 -0.6804625007225186 -0.5975113506532544 -0.26534287147189756 0.0421715469884786 0.011211272570937573 -0.0010004795682626965 71747.0 262256.0 619323.0 1121648.0 1711373.0 2325284.0 2912836.0 3441239.0 3893576.0 4264594.0 4556549.0 4775945.0 4931275.0 5031579.0 5085606.0 5101372.0
27 1.0 209.25823414890914 -87.83347987842222 -0.6804625007225186 -0.5975113506532544 -0.26534287147189756 0.0421715469884786 0.011211272570937573 -0.0010004795682626965 60164.0 223329.0 533761.0 976225.0 1501860.0 2055143.0000000002 2590352.0 3076839.0 3497934.0 3847536.0 4126544.0 4339968.0 4494873.0 4599038.0 4660145.0 4685339.0
28 1.0 317.424730267747 -69.21282651502534 -0.6804625007225186 -0.5975113506532544 -0.26534287147189756 0.0421715469884786 0.011211272570937573 -0.0010004795682626965 70653.0 258759.00000000003 611921.0 1109442.0 1694221.0 2303632.0 2887460.0 3413027.0 3863389.0 4233191.0 4524562.0 4743876.0 4899508.0 5000399.0 5055217.0 5071913.0
29 1.0 249.3113724279957 21.32644671229461 -0.6804625007225186 -0.5975113506532544 -0.26534287147189756 0.0421715469884786 0.011211272570937573 -0.0010004795682626965 69215.0 211166.0 447119.0 755748.0 1102252.0 1453303.0 1783986.0 2078901.0 2330570.0 2537150.0 2700356.0 2823894.0 2912376.0 2970645.0 3003367.0 3014821.0
0 1.0 261.09154073507057 85.36611830724905 -0.6804625007225186 -0.5975113506532544 -0.26534287147189756 0.0421715469884786 0.011211272570937573 -0.0010004795682626965 128512.99999999999 411091.0 890982.0 1520749.0 2222357.0 2922742.0 3569571.0 4132774.0000000005 4599947.0 4970572.0 5251113.0 5451516.0 5582938.0 5656412.0 5682134.0 5669147.0
1 1.0 180.47677749361281 88.26210028096091 -0.6804625007225186 -0.5975113506532544 -0.26534287147189756 0.0421715469884786 0.011211272570937573 -0.0010004795682626965 127695.0 407730.0 882814.0 1506009.0 2200255.0 2893418.0 3533799.0 4091655.0000000005 4554675.0 4922290.0 5200838.0 5400108.0 5531101.0 5604704.0 5630990.0 5618893.0
2 1.0 344.1901085003606 -16.37026283284891 -0.6804625007225186 -0.5975113506532544 -0.26534287147189756 0.0421715469884786 0.011211272570937573 -0.0010004795682626965 29926.0 112783.0 275148.0 514182.0 807741.0 1127287.0 1447106.0 1748213.0 2018727.9999999998 2252655.0 2448256.0 2606575.0 2730295.0 2822924.0 2888265.0 2930080.0
3 1.0 231.83647172266947 -60.66820331161104 -0.6804625007225186 -0.5975113506532544 -0.26534287147189756 0.0421715469884786 0.011211272570937573 -0.0010004795682626965 44340.0 151114.0 345378.0 616842.0 937465.0 1275806.0 1605685.0 1909057.0 2175574.0 2400861.0 2584644.0 2729180.0 2838097.0 2915614.0 2966041.0 2993495.0
4 1.0 152.5878174809447 24.977116325975274 -0.6804625007225186 -0.5975113506532544 -0.26534287147189756 0.0421715469884786 0.011211272570937573 -0.0010004795682626965 52119.0 191862.0 457908.0 838891.0 1294567.0 1778076.0 2249987.0 2683157.0 3062181.0 3380736.0 3638671.0 3839580.0 3989037.0 4093413.0 4159144.9999999995 4192318.0
5 1.0 218.30155708605275 -1.7450376212273113 -0.6804625007225186 -0.5975113506532544 -0.26534287147189756 0.0421715469884786 0.011211272570937573 -0.0010004795682626965 8242.0 24863.0 52169.0 87792.0 128090.00000000001 169614.0 209720.0 246654.0 279415.0 307567.0 331063.0 350099.0 365020.0 376240.0 384196.0 389319.0
6 1.0 6.909551391360069 88.09375991119765 -0.6804625007225186 -0.5975113506532544 -0.26534287147189756 0.0421715469884786 0.011211272570937573 -0.0010004795682626965 126561.0 401580.0 866278.0 1474543.0 2151498.0 2827250.0 3451731.0 3996105.0 4448388.0 4807958.0 5080898.0 5276652.0 5405860.0 5479072.0 5506059.0 5495506.0
7 1.0 108.56693400283775 -78.24524271267956 -0.6804625007225186 -0.5975113506532544 -0.26534287147189756 0.0421715469884786 0.011211272570937573 -0.0010004795682626965 57353.0 217534.0 526966.0 972412.0 1505162.0 2068572.0 2615424.0 3113752.0 3545959.0 3905397.0 4192719.0000000005 4412891.0 4573058.0 4681141.0 4744994.0 4771936.0
8 1.0 237.66247349736662 50.98219889648635 -0.6804625007225186 -0.5975113506532544 -0.26534287147189756 0.0421715469884786 0.011211272570937573 -0.0010004795682626965 92505.0 297246.0 648671.0 1115973.0 1644337.0 2180277.0 2683793.0 3130444.0 3508707.0 3816138.0 4055930.0 4234330.0 4358904.0 4437461.0 4477431.0 4485560.0
9 1.0 104.42793859575987 -38.0882704803311 -0.6804625007225186 -0.5975113506532544 -0.26534287147189756 0.0421715469884786 0.011211272570937573 -0.0010004795682626965 55878.0 213154.0 518372.00000000006 959249.0 1487922.0 2048213.0 2593015.0 3090266.0 3522181.0 3881911.0 4169929.0 4391055.0 4552324.0 4661577.0 4726616.0 4754720.0
10 1.0 222.48555443958296 -46.54464838621668 -0.6804625007225186 -0.5975113506532544 -0.26534287147189756 0.0421715469884786 0.011211272570937573 -0.0010004795682626965 26119.0 84871.0 189242.0 333928.0 505026.0 686826.0 865960.0 1032897.0 1181848.0 1310030.0 1416803.0 1502917.0 1569932.0 1619815.0 1654666.0 1676556.0
11 1.0 154.35673234047582 29.250822875881667 -0.6804625007225186 -0.5975113506532544 -0.26534287147189756 0.0421715469884786 0.011211272570937573 -0.0010004795682626965 55120.0 200896.0 476252.0 868274.0 1335020.0 1828412.0 2308391.0 2747645.0 3130870.0 3451985.0 3711124.0 3912160.0 4060919.0 4163983.0 4227963.0 4259081.0
12 1.0 48.770663120082084 -45.70862670162639 -0.6804625007225186 -0.5975113506532544 -0.26534287147189756 0.0421715469884786 0.011211272570937573 -0.0010004795682626965 28053.0 110628.0 277210.0 526825.0 836736.0 1176309.0 1517423.0 1839103.0 2128138.0 2377828.0 2586201.0 2754379.0 2885299.0 2982810.0 3051071.0 3094193.0
13 1.0 107.38163734417108 29.854641160653784 -0.6804625007225186 -0.5975113506532544 -0.26534287147189756 0.0421715469884786 0.011211272570937573 -0.0010004795682626965 95351.0 313659.0 694572.0 1206186.0 1788107.0 2380301.0 2937454.0 3431725.0 3849917.0 4189174.9999999995 4453062.0 4648614.0 4784359.0 4869082.0 4911129.0 4918059.0
14 1.0 205.18736785245537 3.11553309641198 -0.6804625007225186 -0.5975113506532544 -0.26534287147189756 0.0421715469884786 0.011211272570937573 -0.0010004795682626965 3890.0 13347.0 30900.0 56084.0 86808.0 120521.0 154942.0 188350.0 219589.0 247972.0 273160.0 295057.0 313727.0 329334.0 342097.0 352267.0
15 1.0 212.71419404934235 -13.663982081547132 -0.6804625007225186 -0.5975113506532544 -0.26534287147189756 0.0421715469884786 0.011211272570937573 -0.0010004795682626965 4762.0 14779.0 31661.0 53887.0 78873.0 104146.0 127897.00000000001 149050.0 167126.0 182047.0 193980.0 203214.0 210085.0 214933.0 218076.0 219797.0
16 1.0 206.75708958584838 9.843805559055411 -0.6804625007225186 -0.5975113506532544 -0.26534287147189756 0.0421715469884786 0.011211272570937573 -0.0010004795682626965 7022.0 23708.0 54319.0 98081.0 151515.0 210228.0 270130.0 327996.0 381585.0 429539.0 471203.0 506426.99999999994 535406.0 558545.0 576368.0 589445.0
17 1.0 235.1522951485681 -38.330726414466646 -0.6804625007225186 -0.5975113506532544 -0.26534287147189756 0.0421715469884786 0.011211272570937573 -0.0010004795682626965 33519.0 100725.0 212542.0 360252.0 528580.0 702219.0 869165.0 1021506.0 1154929.0 1267802.0 1360280.0 1433599.0 1489561.0 1530197.0 1557558.0 1573590.0
18 1.0 234.757177200608 37.1834471291362 -0.6804625007225186 -0.5975113506532544 -0.26534287147189756 0.0421715469884786 0.011211272570937573 -0.0010004795682626965 65152.0 206634.0 448768.0 771819.0 1139707.0 1516505.0 1874650.0 2196641.0 2473576.0 2702773.0 2885552.0 3025525.0 3127407.0 3196251.0 3236993.0 3254205.0
19 1.0 155.31063675623062 -15.325763519958471 -0.6804625007225186 -0.5975113506532544 -0.26534287147189756 0.0421715469884786 0.011211272570937573 -0.0010004795682626965 22869.0 92099.0 234421.0 450976.0 723346.0 1025210.0 1331632.0 1623496.0 1888354.0 2119521.0 2314600.0 2474069.0 2600156.0 2696014.0 2765171.0 2811185.0
20 1.0 322.75677450638267 -25.101799112539396 -0.6804625007225186 -0.5975113506532544 -0.26534287147189756 0.0421715469884786 0.011211272570937573 -0.0010004795682626965 71650.0 255942.99999999997 597206.0 1074578.0 1633791.0 2215878.0 2773652.0 3276366.0 3707997.0 4063384.0 4344409.0 4556971.0 4708888.0 4808545.0 4864101.0 4883065.0
21 1.0 132.32227321724275 59.158244620032804 -0.6804625007225186 -0.5975113506532544 -0.26534287147189756 0.0421715469884786 0.011211272570937573 -0.0010004795682626965 113829.0 376449.0 833387.0 1443061.0 2130521.0 2823184.0 3467757.0 4032740.0000000005 4504356.0 4880979.0 5168268.0 5375617.0 5513836.0 5593752.0 5625452.0 5617933.0
22 1.0 156.91137309562566 76.4940441515746 -0.6804625007225186 -0.5975113506532544 -0.26534287147189756 0.0421715469884786 0.011211272570937573 -0.0010004795682626965 122791.0 399396.0 874893.0 1503957.0 2208711.0 2915073.0 3569392.0 4140479.0 4615156.0 4992454.0 5278640.0 5483618.0 5618602.0 5694730.0 5722322.0 5710547.0
23 1.0 321.092407805642 -81.71868404028655 -0.6804625007225186 -0.5975113506532544 -0.26534287147189756 0.0421715469884786 0.011211272570937573 -0.0010004795682626965 64902.0 240392.0 573055.0 1045299.9999999999 1603964.0 2189490.0 2753401.0 3263635.0 3703135.0 4066051.0 4353860.0 4572278.0 4729076.0 4832679.0 4891330.0 4912642.0
24 1.0 290.22983605659084 -48.12714129064221 -0.6804625007225186 -0.5975113506532544 -0.26534287147189756 0.0421715469884786 0.011211272570937573 -0.0010004795682626965 89664.0 301784.0 677747.0 1187881.0 1772197.0 2369866.0 2934387.0 3436826.0 3863176.0 4210058.0 4480743.0 4682146.0 4822775.0 4911463.0 4956637.0 4965951.0
25 1.0 253.39989007453187 -27.266513491338614 -0.6804625007225186 -0.5975113506532544 -0.26534287147189756 0.0421715469884786 0.011211272570937573 -0.0010004795682626965 58304.0 171547.0 355886.0 594659.0 861883.0 1132845.0 1388971.0 1618603.0 1815887.0 1979150.0 2109412.0 2209244.0 2281969.0 2331145.0 2360251.0 2372521.0
26 1.0 36.0816794324284 56.693966286644525 -0.6804625007225186 -0.5975113506532544 -0.26534287147189756 0.0421715469884786 0.011211272570937573 -0.0010004795682626965 70593.0 210130.0 437863.0 732091.0 1059634.0 1389543.0 1699114.0 1974567.0 2209394.0 2402175.0 2554666.0 2670368.0 2753566.0 2808725.0 2840132.0 2851720.0
27 1.0 331.0137409480825 87.38845697579356 -0.6804625007225186 -0.5975113506532544 -0.26534287147189756 0.0421715469884786 0.011211272570937573 -0.0010004795682626965 126727.0 402526.0 868888.0 1479585.0 2159385.0 2838015.0 3465131.0 4011739.0000000005 4465798.0 4826696.0 5100558.0 5296889.0 5426388.0 5499664.0 5526539.0 5515738.0
28 1.0 257.1268678376801 84.41490684066332 -0.6804625007225186 -0.5975113506532544 -0.26534287147189756 0.0421715469884786 0.011211272570937573 -0.0010004795682626965 128452.00000000001 411609.0 893055.0 1525311.0 2229980.0 2933573.0 3583421.0 4149247.0 4618556.0 4990814.0 5272521.0 5473680.0 5605511.0 5679113.0 5704740.0 5691483.0
29 1.0 359.5849223644319 72.89070219898684 -0.6804625007225186 -0.5975113506532544 -0.26534287147189756 0.0421715469884786 0.011211272570937573 -0.0010004795682626965 109713.0 340518.0 726053.0 1228678.0 1788324.0 2348830.0 2869572.0 3326696.0 3709802.0 4017697.0 4254729.0 4428121.0 4546215.0 4617411.0 4649576.0 4649766.0
0 1.0 53.80138967687775 -36.619872288474625 -0.6804625007225186 -0.5975113506532544 -0.26534287147189756 0.0421715469884786 0.011211272570937573 -0.0010004795682626965 21794.0 86089.0 216559.0 413519.0 660089.0 932659.0 1209025.0 1472197.0 1711100.0 1919758.0 2095994.9999999998 2240197.0 2354316.0 2441146.0 2503832.0 2545555.0
1 1.0 312.52538065255715 88.56202381460534 -0.6804625007225186 -0.5975113506532544 -0.26534287147189756 0.0421715469884786 0.011211272570937573 -0.0010004795682626965 128826.0 408789.0 881891.0 1501080.0 2189966.0 2877284.0 3512046.0 4064955.9999999995 4523911.0 4888382.0 5164653.0 5362409.0 5492530.0 5565786.0 5592142.0 5580439.0
2 1.0 58.497456483494936 -45.10439260983878 -0.6804625007225186 -0.5975113506532544 -0.26534287147189756 0.0421715469884786 0.011211272570937573 -0.0010004795682626965 31693.0 123793.0 307894.0 581624.0 919187.0 1286836.0 1654118.0 1998666.0 2306661.0 2571323.0 2790925.0 2966992.0 3102928.0 3203044.0 3271931.0 3314082.0
3 1.0 221.6014431421839 -70.9368921211982 -0.6804625007225186 -0.5975113506532544 -0.26534287147189756 0.0421715469884786 0.011211272570937573 -0.0010004795682626965 49101.0 175136.0 410400.0 743504.0 1139364.0 1557986.0 1965999.0 2340513.0 2668550.0 2944777.0 3169057.0 3344414.0 3475554.0 3567872.0 3626830.0 3657607.0
4 1.0 44.57519382579895 81.17146998997094 -0.6804625007225186 -0.5975113506532544 -0.26534287147189756 0.0421715469884786 0.011211272570937573 -0.0010004795682626965 120416.0 376368.0 805185.0 1364330.0 1985964.0 2606951.0 3181979.0 3684782.0 4104243.0000000005 4439507.0 4695821.0 4881537.0 5006154.0 5079150.0 5109352.0 5104635.0
5 1.0 305.2829625560044 -47.98435401574267 -0.6804625007225186 -0.5975113506532544 -0.26534287147189756 0.0421715469884786 0.011211272570937573 -0.0010004795682626965 86716.0 303399.0 696688.0 1237622.0 1862011.0 2503312.0 3110148.0 3650365.0 4108317.0000000005 4480149.0 4769390.0 4983605.0 5132116.0 5224593.0 5270246.0 5277423.0
6 1.0 290.63482514100383 34.15828771399508 -0.6804625007225186 -0.5975113506532544 -0.26534287147189756 0.0421715469884786 0.011211272570937573 -0.0010004795682626965 129717.0 416192.0 903699.0 1544161.0 2258011.0 2970627.0 3628541.0 4201052.0 4675533.0 5051506.0 5335628.0 5538099.0 5670346.0 5743652.0 5768436.0 5753929.0
7 1.0 204.8762659012536 -79.49585538349405 -0.6804625007225186 -0.5975113506532544 -0.26534287147189756 0.0421715469884786 0.011211272570937573 -0.0010004795682626965 54624.0 200095.0 475351.0 867302.0 1333662.0 1826089.0 2304440.0 2741473.0 3122050.0 3440285.0 3696493.0 3894697.0 4040825.0 4141530.9999999995 4203461.0 4232849.0
8 1.0 146.58598700135988 41.52763784294572 -0.6804625007225186 -0.5975113506532544 -0.26534287147189756 0.0421715469884786 0.011211272570937573 -0.0010004795682626965 82437.0 288422.0 663397.0 1181064.0 1780975.0 2399642.0 2987482.0 3513034.0 3960597.0 4325861.0 4611736.0 4825146.0 4974828.0 5069948.0 5119303.0 5130912.0
9 1.0 24.900118363849696 68.70963822009114 -0.6804625007225186 -0.5975113506532544 -0.26534287147189756 0.0421715469884786 0.011211272570937573 -0.0010004795682626965 97690.0 298117.0 629820.0 1060637.0 1540137.0 2021256.9999999998 2469809.0 2865493.0 3199203.0 3469543.0 3679817.0 3835822.0 3944381.0 4012438.9999999995 4046565.0 4052692.9999999995
10 1.0 251.07435833204292 -40.96135881612675 -0.6804625007225186 -0.5975113506532544 -0.26534287147189756 0.0421715469884786 0.011211272570937573 -0.0010004795682626965 54642.0 167703.0 358365.0 611610.0 900197.0 1196732.0 1479871.0 1735783.0 1957198.0 2141687.0 2290002.0 2404752.0 2489479.0 2548043.0 2584256.0 2601672.0
11 1.0 163.27536576410478 -21.76975870606286 -0.6804625007225186 -0.5975113506532544 -0.26534287147189756 0.0421715469884786 0.011211272570937573 -0.0010004795682626965 15329.0 62962.00000000001 162960.0 318068.0 516696.00000000006 740630.0 971725.0 1195419.0 1401695.0 1584692.0 1741784.0 1872623.0 1978327.0 2060860.0 2122607.0 2166077.0
12 1.0 259.94001580932525 -22.6266870022351 -0.6804625007225186 -0.5975113506532544 -0.26534287147189756 0.0421715469884786 0.011211272570937573 -0.0010004795682626965 71787.0 212451.0 441907.0 738794.0 1069950.0 1404106.0 1718102.0 1997758.0 2236294.0 2432162.0 2587095.0 2704646.0 2789182.0 2845260.0 2877258.0 2889186.0
13 1.0 311.8976373343065 44.781886357223954 -0.6804625007225186 -0.5975113506532544 -0.26534287147189756 0.0421715469884786 0.011211272570937573 -0.0010004795682626965 115419.0 370328.0 805316.0 1379190.0 2022136.0000000002 2667772.0 3267793.0 3793806.0 4233473.0 4585427.0 4854874.0 5050405.0 5181893.0 5259241.0 5291696.0 5287518.0
14 1.0 351.1877418010389 -47.19469634297301 -0.6804625007225186 -0.5975113506532544 -0.26534287147189756 0.0421715469884786 0.011211272570937573 -0.0010004795682626965 42742.0 164424.0 403718.0 754296.0 1180820.0 1639533.0 2092291.0 2512002.0 2882648.0 3197039.0 3454129.0 3656707.0 3809666.0 3918833.0 3990216.0 4029575.0000000005
15 1.0 308.08920326133995 -59.06644217142426 -0.6804625007225186 -0.5975113506532544 -0.26534287147189756 0.0421715469884786 0.011211272570937573 -0.0010004795682626965 78620.0 280794.0 653445.0 1171689.0 1774982.0 2398912.0 2992842.0 3524472.0 3977569.0 4347550.0 4637239.0 4853584.0 5005407.0 5101985.0 5152229.0 5164265.0
16 1.0 4.21707030660071 -9.127503236207147 -0.6804625007225186 -0.5975113506532544 -0.26534287147189756 0.0421715469884786 0.011211272570937573 -0.0010004795682626965 6344.0 26203.0 68970.0 137416.0 227984.0 333435.0 445681.0 557601.0 663805.0 760718.0 846325.0 919810.0 981200.0 1031069.0 1070313.0 1099989.0
17 1.0 129.592103212211 -35.19568667208249 -0.6804625007225186 -0.5975113506532544 -0.26534287147189756 0.0421715469884786 0.011211272570937573 -0.0010004795682626965 49619.0 191443.0 469693.0 875374.0 1365864.0 1889606.0 2402487.0 2873846.0 3286153.0 3632130.0 3911489.0 4128189.0 4288428.0 4399298.0 4467963.0 4501178.0
18 1.0 262.7966024726609 61.05404200655744 -0.6804625007225186 -0.5975113506532544 -0.26534287147189756 0.0421715469884786 0.011211272570937573 -0.0010004795682626965 124269.0 399414.0 868657.0 1486525.0 2176812.0 2867585.0 3506961.0 4064861.9999999995 4528638.0 4897437.0 5177387.0 5378135.0 5510588.0 5585582.0 5613161.0 5602248.0
19 1.0 61.78668381411859 -47.20647131718502 -0.6804625007225186 -0.5975113506532544 -0.26534287147189756 0.0421715469884786 0.011211272570937573 -0.0010004795682626965 35268.0 137192.0 339882.0 639775.0 1007908.0 1407133.0 1804328.0 2175437.0 2505803.0 2788428.0 3021752.0 3207687.0 3350118.0 3453859.0 3523987.0 3565433.0
20 1.0 187.57317823348654 0.4301023480670665 -0.6804625007225186 -0.5975113506532544 -0.26534287147189756 0.0421715469884786 0.011211272570937573 -0.0010004795682626965 2543.0 11302.0 31413.999999999996 65195.0 111614.0 167385.0 228442.0 290981.0 351963.0 409231.0 461429.0 507838.0 548206.0 582608.0 611324.0 634758.0
21 1.0 19.561675802131305 79.66504794562746 -0.6804625007225186 -0.5975113506532544 -0.26534287147189756 0.0421715469884786 0.011211272570937573 -0.0010004795682626965 118253.0 368810.0 788048.0 1334420.0 1941837.0 2548802.0 3111144.0 3603208.0 4014089.0000000005 4342881.0 4594636.0 4777450.0 4900549.0 4973158.0 5003872.0 5000369.0
22 1.0 71.99874896270403 24.119585594038938 -0.6804625007225186 -0.5975113506532544 -0.26534287147189756 0.0421715469884786 0.011211272570937573 -0.0010004795682626965 47964.0 143549.0 301494.0 508549.99999999994 742657.0 982245.0 1210726.0 1417407.0 1596656.0 1746556.0 1867637.0 1961880.0 2032001.0000000002 2080995.0000000002 2111839.0 2127332.0
23 1.0 6.66784600582103 66.11209298324366 -0.6804625007225186 -0.5975113506532544 -0.26534287147189756 0.0421715469884786 0.011211272570937573 -0.0010004795682626965 94359.0 289961.0 615286.0 1039269.0 1512389.0 1988112.0 2432448.0 2825071.0 3156735.0 3425861.0 3635572.0 3791505.0 3900350.0 3968951.0 4003795.0 4010760.9999999995
24 1.0 285.7311732086714 79.23774408385813 -0.6804625007225186 -0.5975113506532544 -0.26534287147189756 0.0421715469884786 0.011211272570937573 -0.0010004795682626965 129083.0 412569.0 893684.0 1524752.0 2227543.0 2928895.0 3576444.0 4140137.0 4607602.0 4978358.0 5258907.0 5459224.0 5590492.0 5663764.0 5689251.0 5676007.0
25 1.0 80.61288770173685 45.13767513954335 -0.6804625007225186 -0.5975113506532544 -0.26534287147189756 0.0421715469884786 0.011211272570937573 -0.0010004795682626965 85012.0 256940.0 541005.0 910855.0 1324405.0 1741777.0 2133458.0 2481452.0 2777231.0 3018933.0 3208864.0 3351618.0 3452810.0 3518276.0 3553610.0 3563921.0
26 1.0 124.32660505088496 35.92351084045525 -0.6804625007225186 -0.5975113506532544 -0.26534287147189756 0.0421715469884786 0.011211272570937573 -0.0010004795682626965 97839.0 334231.0 755593.0 1327560.0 1981038.0 2646539.0 3271594.0 3824171.0 4289361.0 4664262.0 4953349.0 5165021.0 5309287.0 5396363.0 5435879.0 5436496.0
27 1.0 334.1092656476127 84.23380198876086 -0.6804625007225186 -0.5975113506532544 -0.26534287147189756 0.0421715469884786 0.011211272570937573 -0.0010004795682626965 125341.00000000001 396899.0 855253.0 1454962.0 2122387.0 2788790.0 3404899.0 3942290.0 4389101.0 4744648.0 5014857.0 5208977.0 5337450.0 5410645.0 5438175.0 5428590.0
28 1.0 253.5891846924718 88.99214213658229 -0.6804625007225186 -0.5975113506532544 -0.26534287147189756 0.0421715469884786 0.011211272570937573 -0.0010004795682626965 127588.0 406834.0 880126.0 1500621.0 2191647.0 2881495.0 3518793.0 4073991.9999999995 4534862.0 4900836.0 5178214.0 5376726.0 5507305.0 5580775.0 5607151.0 5595318.0
29 1.0 11.462014631270826 -8.672097119443265 -0.6804625007225186 -0.5975113506532544 -0.26534287147189756 0.0421715469884786 0.011211272570937573 -0.0010004795682626965 2887.0 12899.0 35798.0 74075.0 126478.0 189293.0 257977.0 328294.0 396849.0 461221.0 519866.99999999994 571960.0 617198.0 655649.0 687622.0 713571.0
0 1.0 59.289896339248585 -77.2434399268425 -0.6804625007225186 -0.5975113506532544 -0.26534287147189756 0.0421715469884786 0.011211272570937573 -0.0010004795682626965 57739.0 220291.0 535526.0 990328.0 1534879.0 2110994.0 2670103.0 3179328.0 3620595.0 3987119.0 4279627.0 4503281.0 4665469.0 4774368.0 4838066.0 4864093.0
1 1.0 223.73222453991488 -37.29707434070661 -0.6804625007225186 -0.5975113506532544 -0.26534287147189756 0.0421715469884786 0.011211272570937573 -0.0010004795682626965 20062.0 62021.0 133662.0 230379.0 342689.0 460458.0 575315.0 681436.0 775401.0 855682.0 922075.0 975220.0 1016229.0 1046438.0 1067237.0 1079973.0
2 1.0 207.80229189750034 -62.57615297620852 -0.6804625007225186 -0.5975113506532544 -0.26534287147189756 0.0421715469884786 0.011211272570937573 -0.0010004795682626965 35787.0 127943.0 301580.0 550185.0 849101.0 1168924.0 1484273.0 1777098.0 2036636.9999999998 2257945.0 2440171.0 2585046.0 2695753.0 2776140.0 2830225.0 2861885.0
3 1.0 85.64141569482311 -14.852452536717877 -0.6804625007225186 -0.5975113506532544 -0.26534287147189756 0.0421715469884786 0.011211272570937573 -0.0010004795682626965 43681.0 157894.0 373428.0 681189.0 1049482.0 1441304.0 1825291.0 2179597.0 2491559.0 2755706.0 2971509.0 3141501.0 3269875.0 3361540.0 3421530.0 3454653.0
4 1.0 336.3170392529258 -66.36792087481392 -0.6804625007225186 -0.5975113506532544 -0.26534287147189756 0.0421715469884786 0.011211272570937573 -0.0010004795682626965 64398.0 240894.0 577750.0 1057948.0 1627442.0 2225157.0 2801179.0 3322426.0 3771265.0 4141632.9999999995 4435031.0 4657336.0 4816545.0 4921324.0 4980148.0 5000840.0
5 1.0 221.02774414772256 18.741204723758756 -0.6804625007225186 -0.5975113506532544 -0.26534287147189756 0.0421715469884786 0.011211272570937573 -0.0010004795682626965 21895.0 69613.0 152384.0 264904.0 395817.0 532983.0 666464.0 789446.0 898016.0 990507.0 1066794.0 1127711.0 1174617.0 1209104.0 1232808.0 1247298.0
6 1.0 192.827809088985 -21.094549351586267 -0.6804625007225186 -0.5975113506532544 -0.26534287147189756 0.0421715469884786 0.011211272570937573 -0.0010004795682626965 2808.0 11349.0 29577.0 58723.0 97471.0 143000.0 192082.0 241799.0 289852.0 334629.0 375121.0 410811.0 441541.0 467400.0 488645.0 505623.00000000006
7 1.0 212.36759148764554 71.1694591718778 -0.6804625007225186 -0.5975113506532544 -0.26534287147189756 0.0421715469884786 0.011211272570937573 -0.0010004795682626965 114965.0 375502.0 825491.0 1423482.0 2096325.0000000002 2773580.0 3403646.0 3956051.0 4417476.0 4786351.0 5068160.0 5272009.0 5408384.0 5487797.0 5520052.0 5513902.0
8 1.0 262.8439306260371 84.20304092373033 -0.6804625007225186 -0.5975113506532544 -0.26534287147189756 0.0421715469884786 0.011211272570937573 -0.0010004795682626965 128536.00000000001 411606.0 892661.0 1524190.0 2227890.0 2930410.0 3579201.0 4144070.0 4612565.0 4984167.0 5265376.0 5466177.0 5597775.0 5671247.0 5696829.0 5683596.0
9 1.0 112.30019837265667 8.43928230049599 -0.6804625007225186 -0.5975113506532544 -0.26534287147189756 0.0421715469884786 0.011211272570937573 -0.0010004795682626965 79019.0 278198.0 642223.0 1146144.0 1731389.0 2336078.0 2911671.0 3427204.0 3867079.0 4226845.0 4509148.0 4720607.0 4869654.0 4965180.0 5015744.0 5029167.0
10 1.0 143.35958239779308 -40.531757423832616 -0.6804625007225186 -0.5975113506532544 -0.26534287147189756 0.0421715469884786 0.011211272570937573 -0.0010004795682626965 38761.0 150669.0 372682.0 700196.0 1100922.0 1533960.0 1963154.0 2362490.0 2716333.0 3017435.0 3264453.0 3459777.0 3607877.0 3714180.0 3784335.0 3823791.0
11 1.0 75.54374963104397 16.601475377130626 -0.6804625007225186 -0.5975113506532544 -0.26534287147189756 0.0421715469884786 0.011211272570937573 -0.0010004795682626965 45439.0 140265.0 301249.0 516501.0 763451.0 1018932.0 1264545.0 1488075.0 1682834.0 1846301.0 1978753.0 2082158.0000000002 2159375.0 2213611.0 2248091.0 2265863.0
12 1.0 67.02948211692102 71.41700848039378 -0.6804625007225186 -0.5975113506532544 -0.26534287147189756 0.0421715469884786 0.011211272570937573 -0.0010004795682626965 111284.0 342601.0 727056.0 1226858.0 1782508.0 2338616.0 2855182.0 3308727.0 3688999.0 3994800.0 4230389.0 4402869.0 4520455.0 4591438.0 4623592.0 4623905.0
13 1.0 339.9740603942161 -16.787997749565307 -0.6804625007225186 -0.5975113506532544 -0.26534287147189756 0.0421715469884786 0.011211272570937573 -0.0010004795682626965 37262.0 138285.0 333315.0 616882.0 961382.0 1332713.0 1700902.0 2044327.0 2349863.0 2611276.0 2827215.0 2999456.0 3131556.0 3227920.0 3293198.0 3331912.0
14 1.0 266.2382862177435 9.374089804554757 -0.6804625007225186 -0.5975113506532544 -0.26534287147189756 0.0421715469884786 0.011211272570937573 -0.0010004795682626965 96544.0 293522.0 618753.0 1040624.9999999999 1509836.0 1980438.0 2419074.0 2805952.0 3132211.0 3396522.0 3602139.0 3754745.0 3861019.0 3927753.0 3961364.0 3967649.0
15 1.0 176.56517110232414 -41.10250183089374 -0.6804625007225186 -0.5975113506532544 -0.26534287147189756 0.0421715469884786 0.011211272570937573 -0.0010004795682626965 15327.0 60661.0 153426.0 294901.0 473911.0 673892.0 878719.0 1075662.0 1256121.0 1415196.0 1550837.0 1662973.0 1752782.0 1822153.0 1873301.0 1908522.0
16 1.0 81.86926607039636 -8.020053098995149 -0.6804625007225186 -0.5975113506532544 -0.26534287147189756 0.0421715469884786 0.011211272570937573 -0.0010004795682626965 39912.0 140248.0 326777.0 591235.0 906793.0 1242322.0 1571383.0 1875459.0 2143719.0 2371392.0 2557905.0 2705313.0 2817110.0 2897433.0 2950543.0 2980530.0
17 1.0 91.56833343734147 -17.69156363167224 -0.6804625007225186 -0.5975113506532544 -0.26534287147189756 0.0421715469884786 0.011211272570937573 -0.0010004795682626965 50264.0 183654.0 436235.0 796696.0 1226866.0 1682616.0 2126935.0 2534407.0 2890657.0 3189833.0 3431872.0 3620216.0 3760154.0 3857714.0 3918973.0 3949671.0
18 1.0 20.89049771659522 -45.28557628506522 -0.6804625007225186 -0.5975113506532544 -0.26534287147189756 0.0421715469884786 0.011211272570937573 -0.0010004795682626965 24519.0 98304.0 249303.0 478165.0 765047.0 1082067.0 1403041.0 1708037.0 1984180.0 2224635.0 2427040.0 2592019.0 2721992.0 2820327.0 2890765.0 2937061.0
19 1.0 156.3899852009235 1.0559490885555078 -0.6804625007225186 -0.5975113506532544 -0.26534287147189756 0.0421715469884786 0.011211272570937573 -0.0010004795682626965 25499.0 101425.0 255927.00000000003 489243.0 781025.0 1102982.0 1428655.0 1737932.0 2017830.0 2261458.0 2466436.0 2633399.0 2764804.0 2864067.0 2934985.0 2981374.0
20 1.0 112.24651751787692 -34.13145132363395 -0.6804625007225186 -0.5975113506532544 -0.26534287147189756 0.0421715469884786 0.011211272570937573 -0.0010004795682626965 57175.0 218342.0 531170.0 982850.0 1524043.0 2096985.9999999998 2653372.0 3160444.0 3600143.0 3965632.0 4257564.0 4481015.0 4643293.0 4752504.0 4816678.0 4843296.0
21 1.0 250.6836559735654 -22.85372450146545 -0.6804625007225186 -0.5975113506532544 -0.26534287147189756 0.0421715469884786 0.011211272570937573 -0.0010004795682626965 53180.0 154638.0 317881.0 527507.0 760666.0 996110.0 1218130.0 1417011.0 1587966.0 1729712.0 1843196.0 1930636.0 1994861.0 2038881.0 2065640.0000000002 2077866.0000000002
22 1.0 135.99066214529313 4.494679605767573 -0.6804625007225186 -0.5975113506532544 -0.26534287147189756 0.0421715469884786 0.011211272570937573 -0.0010004795682626965 56710.0 213635.0 515744.0 950054.0 1469350.0 2018748.0 2552434.0 3039314.0 3462189.0 3814475.0 4096685.0 4313543.0 4471916.0 4579450.0 4643747.0 4671905.0
23 1.0 64.65732392146853 45.10710412721775 -0.6804625007225186 -0.5975113506532544 -0.26534287147189756 0.0421715469884786 0.011211272570937573 -0.0010004795682626965 68127.0 199303.0 411313.0 683966.0 986894.0 1291776.0 1577750.0 1832089.0 2048741.9999999998 2226373.0 2366607.0 2472710.0 2548687.0 2598712.0 2626796.0 2636612.0
24 1.0 8.884342220879242 -29.968656157570443 -0.6804625007225186 -0.5975113506532544 -0.26534287147189756 0.0421715469884786 0.011211272570937573 -0.0010004795682626965 13189.0 54930.0 143735.0 283060.0 463261.0 668222.0 881426.0 1089307.0 1282310.0 1454656.0 1603572.0 1728452.0 1830106.0 1910198.0 1970826.0 2014252.0
25 1.0 24.20986732676949 76.34857799173744 -0.6804625007225186 -0.5975113506532544 -0.26534287147189756 0.0421715469884786 0.011211272570937573 -0.0010004795682626965 111973.0 347444.0 740491.0 1252498.0 1822121.0 2392141.0 2921261.0 3385304.0 3773798.0 4085630.0 4325305.0 4500235.0 4618954.0 4690037.0 4721508.0 4720558.0
26 1.0 244.58139845948423 65.21733843046243 -0.6804625007225186 -0.5975113506532544 -0.26534287147189756 0.0421715469884786 0.011211272570937573 -0.0010004795682626965 118289.0 382120.0 834178.0 1431768.0 2101741.0 2774373.0 3398926.0 3945641.0 4401677.0 4765734.0 5043413.0 5243842.0 5377468.0 5454738.0 5485379.0 5478068.0
27 1.0 163.33086404017632 -81.23574672440486 -0.6804625007225186 -0.5975113506532544 -0.26534287147189756 0.0421715469884786 0.011211272570937573 -0.0010004795682626965 55228.0 206103.0 494785.0 908407.0 1402207.0 1924458.0 2432030.0 2895608.0 3298901.0 3635585.0 3906016.0 4114538.9999999995 4267548.0 4372199.0 4435636.0 4464550.0
28 1.0 193.16851599914 -44.3443456337719 -0.6804625007225186 -0.5975113506532544 -0.26534287147189756 0.0421715469884786 0.011211272570937573 -0.0010004795682626965 13651.0 51737.0 127566.00000000001 241291.0 383650.0 541568.0 702586.0 857013.0 998392.0 1123108.0 1229698.0 1318180.0 1389495.0 1445099.0 1486680.0 1515978.0
29 1.0 322.80166549452315 -9.695607721343649 -0.6804625007225186 -0.5975113506532544 -0.26534287147189756 0.0421715469884786 0.011211272570937573 -0.0010004795682626965 72209.0 252406.00000000003 581621.0 1038670.9999999999 1571912.0 2125920.0 2656537.0 3135005.0 3546301.0 3885543.0 4154430.9999999995 4358450.0 4504904.0 4601654.0 4656374.0 4676146.0
0 1.0 356.52202106281356 -71.16698002635466 -0.6804625007225186 -0.5975113506532544 -0.26534287147189756 0.0421715469884786 0.011211272570937573 -0.0010004795682626965 59637.0 225881.0 546457.0 1007093.9999999999 1556943.0 2137252.0 2699292.0 3210275.0 3652331.0 4018896.0 4310904.0 4533686.0 4694762.0 4802405.0 4864778.0 4889460.0
1 1.0 78.08291438345061 -27.274321973970522 -0.6804625007225186 -0.5975113506532544 -0.26534287147189756 0.0421715469884786 0.011211272570937573 -0.0010004795682626965 36169.0 135877.0 329531.0 611805.0 954952.0 1324661.0 1690848.0 2031899.9999999998 2334790.0 2593413.0 2806550.0 2976088.0 3105667.0 3199747.0 3263006.0 3299978.0
2 1.0 238.70815311603627 43.21755461118286 -0.6804625007225186 -0.5975113506532544 -0.26534287147189756 0.0421715469884786 0.011211272570937573 -0.0010004795682626965 80931.0 257520.00000000003 559403.0 960658.0 1415075.0 1877300.0 2313134.0 2701419.0 3031939.0 3302240.0 3514741.0 3674547.0 3787961.0 3861549.0 3901601.0 3913856.0
3 1.0 94.79605562537424 32.49260660570866 -0.6804625007225186 -0.5975113506532544 -0.26534287147189756 0.0421715469884786 0.011211272570937573 -0.0010004795682626965 88133.0 277803.0 600600.0 1028648.0 1512702.0 2004544.0 2467874.0 2880283.0 3230998.0 3517489.0 3742395.0 3911193.0 4030621.0 4107686.0 4149098.9999999995 4160974.0000000005
4 1.0 7.434359807662325 22.02919714188087 -0.6804625007225186 -0.5975113506532544 -0.26534287147189756 0.0421715469884786 0.011211272570937573 -0.0010004795682626965 14461.0 46751.0 103711.0 182399.0 275411.0 374396.0 472199.0 563648.0 645547.0 716307.0 775506.0 823492.0 861071.0 889284.0 909262.0 922123.0
5 1.0 273.01631538101094 37.895112490022214 -0.6804625007225186 -0.5975113506532544 -0.26534287147189756 0.0421715469884786 0.011211272570937573 -0.0010004795682626965 122035.0 386212.0 832213.0 1416159.0 2066652.0 2716870.0 3318761.0 3844477.0 4282273.0 4631307.0 4897210.0 5088890.0 5216448.0 5289946.0 5318728.0 5311118.0
6 1.0 115.20617429608842 -53.113736347253685 -0.6804625007225186 -0.5975113506532544 -0.26534287147189756 0.0421715469884786 0.011211272570937573 -0.0010004795682626965 54437.0 209280.0 511594.0 950129.0 1477617.0 2037942.0000000002 2583748.0 3082630.0 3516489.0 3878237.0 4168191.0 4391081.0 4553898.0 4664474.0 4730615.0 4759621.0
7 1.0 138.04700190188328 -28.494339324348218 -0.6804625007225186 -0.5975113506532544 -0.26534287147189756 0.0421715469884786 0.011211272570937573 -0.0010004795682626965 42514.0 165193.0 407955.0 764848.0 1199837.0 1667994.0 2130079.0 2558223.0 2935980.0 3256009.0 3517299.0 3722773.0 3877508.0 3987521.0 4059002.9999999995 4097875.0
8 1.0 211.79416087929806 31.723646809943318 -0.6804625007225186 -0.5975113506532544 -0.26534287147189756 0.0421715469884786 0.011211272570937573 -0.0010004795682626965 32584.000000000004 107988.0 242769.0 429403.0 648979.0 880560.0 1106744.0 1315505.0 1499888.0 1656888.0 1786215.0 1889268.0 1968372.0 2026258.0 2065737.0 2089503.9999999998
9 1.0 299.17744388502854 68.26225734563889 -0.6804625007225186 -0.5975113506532544 -0.26534287147189756 0.0421715469884786 0.011211272570937573 -0.0010004795682626965 129251.0 411534.0 889537.0 1515780.0 2212796.0 2908240.0 3550362.0 4109454.0000000005 4573277.0 4941338.0 5220051.0 5419266.0 5550036.0 5623291.0 5649135.0 5636530.0
10 1.0 226.43346369281355 7.86204968905713 -0.6804625007225186 -0.5975113506532544 -0.26534287147189756 0.0421715469884786 0.011211272570937573 -0.0010004795682626965 19003.0 57562.0 121504.0 205412.0 300358.0 397694.0 490836.0 575578.0 649715.0 712491.0 764085.0 805225.0 836917.0 860270.0 876388.0 886316.0
11 1.0 314.1542359610623 -39.11406282980341 -0.6804625007225186 -0.5975113506532544 -0.26534287147189756 0.0421715469884786 0.011211272570937573 -0.0010004795682626965 82982.0 294771.0 683451.0 1222006.0 1846836.0 2490945.0 3102099.0 3647314.0 4110314.0 4486842.0 4780212.0 4997903.0 5149237.0 5243929.0 5291257.0 5299646.0
12 1.0 98.47513253362888 -84.55765355892314 -0.6804625007225186 -0.5975113506532544 -0.26534287147189756 0.0421715469884786 0.011211272570937573 -0.0010004795682626965 59370.0 223452.0 538510.0 990085.0 1528378.0 2096146.0 2646005.0 3146090.0 3579022.0 3938399.0 4225093.0 4444257.0 4603175.0 4709875.0 4772286.0 4797780.0
13 1.0 287.29686020852296 37.8606292153584 -0.6804625007225186 -0.5975113506532544 -0.26534287147189756 0.0421715469884786 0.011211272570937573 -0.0010004795682626965 130231.99999999999 416776.0 903526.0 1542276.0 2253707.0 2963587.0 3618796.0 4188867.0 4661296.0 5035643.0 5318555.0 5520188.0 5651916.0 5724968.0 5749711.0 5735329.0
14 1.0 66.8289399501428 -88.58086136848073 -0.6804625007225186 -0.5975113506532544 -0.26534287147189756 0.0421715469884786 0.011211272570937573 -0.0010004795682626965 60529.0 226401.0 543423.0 996352.0 1534993.0 2102109.0 2650544.0 3148724.0 3579528.0 3936750.0 4221398.0 4438700.0 4595981.0 4701281.0 4762524.0 4787065.0
15 1.0 343.0049965099 -22.9177674322208 -0.6804625007225186 -0.5975113506532544 -0.26534287147189756 0.0421715469884786 0.011211272570937573 -0.0010004795682626965 34429.0 130296.0 318048.0 593781.0 931254.0 1297104.0 1661551.0 2002831.0 2307537.0 2569118.0 2785937.0 2959537.0 3093293.0 3191479.0 3258645.0 3299250.0
16 1.0 247.4957794996135 5.496698621300723 -0.6804625007225186 -0.5975113506532544 -0.26534287147189756 0.0421715469884786 0.011211272570937573 -0.0010004795682626965 53396.0 157057.0 325024.0 541483.0 782533.0 1025803.0 1254707.0 1459020.0 1633764.0 1777702.0 1891970.0 1979041.0 2042012.0000000002 2084142.0 2108590.0 2118262.0
17 1.0 77.58276376088104 75.98006311809476 -0.6804625007225186 -0.5975113506532544 -0.26534287147189756 0.0421715469884786 0.011211272570937573 -0.0010004795682626965 118651.0 370229.0 791465.0 1340762.0 1951703.0 2562382.0 3128272.0 3623479.0 4036969.0 4367798.0 4621045.0 4804858.0 4928539.0 5001383.0 5032058.0 5028301.0
18 1.0 341.0534125760127 -73.89098189407798 -0.6804625007225186 -0.5975113506532544 -0.26534287147189756 0.0421715469884786 0.011211272570937573 -0.0010004795682626965 64267.00000000001 240735.0 577781.0 1058428.0 1628571.0 2227041.0 2803835.0 3325811.0 3775302.0 4146228.0 4440088.0 4662763.0 4822258.0 4927250.0 4986225.0 5007012.0
19 1.0 263.1080904372568 -16.930382045708924 -0.6804625007225186 -0.5975113506532544 -0.26534287147189756 0.0421715469884786 0.011211272570937573 -0.0010004795682626965 79342.0 235860.0 491456.0 821888.0 1189810.0 1560271.0 1907600.0 2216233.0 2478859.0 2693941.0 2863535.0 2991671.0 3083247.0 3143350.0 3176852.0 3188207.0
20 1.0 91.4189913342093 -85.6236240521716 -0.6804625007225186 -0.5975113506532544 -0.26534287147189756 0.0421715469884786 0.011211272570937573 -0.0010004795682626965 59986.0 225363.0 542459.0 996474.0 1537222.0 2107180.0 2658820.0 3160238.0 3594081.0 3954004.0 4240946.0 4460121.0 4618874.0 4725279.0 4787303.0 4812347.0
21 1.0 76.79231185229351 -28.33002281851374 -0.6804625007225186 -0.5975113506532544 -0.26534287147189756 0.0421715469884786 0.011211272570937573 -0.0010004795682626965 35169.0 132575.0 322304.0 599477.0 937037.0 1301297.0 1662593.0 1999528.0 2299144.0 2555304.0 2766709.0 2935142.0 3064140.0 3158063.0 3221503.0 3258918.0
22 1.0 186.55225701503878 22.00159059116308 -0.6804625007225186 -0.5975113506532544 -0.26534287147189756 0.0421715469884786 0.011211272570937573 -0.0010004795682626965 15840.0 59331.0 145325.0 273807.0 434356.0 612414.0 794153.0 968817.0 1129204.0 1271232.0 1393187.0 1494987.0 1577587.0 1642525.0 1691617.0 1726759.0
23 1.0 9.238578499631366 -39.767769318852295 -0.6804625007225186 -0.5975113506532544 -0.26534287147189756 0.0421715469884786 0.011211272570937573 -0.0010004795682626965 22048.0 89004.0 226995.0 437423.0 702626.0 997119.0 1296632.0 1582469.0 1842381.0 2069716.0 2262013.0 2419633.0 2544662.0 2640114.0 2709388.0 2755927.0
24 1.0 74.68922715879938 -52.245009061985684 -0.6804625007225186 -0.5975113506532544 -0.26534287147189756 0.0421715469884786 0.011211272570937573 -0.0010004795682626965 45644.0 175998.0 432157.0 806601.0 1260737.0 1747328.0 2225586.0 2666875.0 3054566.0 3381503.0 3647042.0 3854547.0 4009533.0000000005 4118412.0 4187717.0 4223653.0
25 1.0 152.88676875054225 -69.17341800112314 -0.6804625007225186 -0.5975113506532544 -0.26534287147189756 0.0421715469884786 0.011211272570937573 -0.0010004795682626965 47517.0 179526.0 435161.0 805224.0 1251086.0 1726623.0 2192513.0 2621405.0 2997574.0 3314387.0 3571426.0 3772073.0 3921740.0 4026678.0000000005 4093234.0 4127423.0000000005
26 1.0 134.7011929203212 13.88524392366152 -0.6804625007225186 -0.5975113506532544 -0.26534287147189756 0.0421715469884786 0.011211272570937573 -0.0010004795682626965 65693.0 242361.0 576633.0 1050750.0 1611401.0 2198908.0 2764689.0 3276607.0 3717554.0 4081655.9999999995 4370390.0 4589483.0 4746730.0 4850583.0 4909313.0 4930561.0
27 1.0 166.88715277133184 35.14860106284348 -0.6804625007225186 -0.5975113506532544 -0.26534287147189756 0.0421715469884786 0.011211272570937573 -0.0010004795682626965 50079.0 179704.0 422886.0 768451.0 1180174.0 1616309.0 2041810.0 2432533.0 2774739.0 3062757.0 3296414.0 3478886.0 3615130.0 3710828.0 3771732.0 3803284.0
28 1.0 99.94633426610349 30.95228530724802 -0.6804625007225186 -0.5975113506532544 -0.26534287147189756 0.0421715469884786 0.011211272570937573 -0.0010004795682626965 91486.0 293689.0 641565.0 1105502.0 1631603.0 2166737.0 2670829.0 3119152.0 3499842.0 3810145.0 4053006.0 4234489.0 4362038.0 4443381.0 4485906.0 4496336.0
29 1.0 211.24236472494076 80.79498372969132 -0.6804625007225186 -0.5975113506532544 -0.26534287147189756 0.0421715469884786 0.011211272570937573 -0.0010004795682626965 126109.0 407864.0 890215.0 1526535.0 2237917.0 2949724.0 3608141.0 4182041.0 4658420.0 5036518.0 5322799.0 5527343.0 5661509.0 5736548.0 5762871.0 5749713.0
0 1.0 310.9880181323633 -89.51342149916951 -0.6804625007225186 -0.5975113506532544 -0.26534287147189756 0.0421715469884786 0.011211272570937573 -0.0010004795682626965 61172.0 227782.0 545237.0 997901.0 1535543.0 2101129.0 2647769.0 3144117.0 3573212.0 3928937.0 4212336.0 4428642.0 4585164.0 4689916.0 4750792.0 4775120.0
1 1.0 42.31146814633191 26.49539770092649 -0.6804625007225186 -0.5975113506532544 -0.26534287147189756 0.0421715469884786 0.011211272570937573 -0.0010004795682626965 22131.0 61563.0 121641.0 195077.0 273215.0 349026.0 417963.0 477687.0 527448.0 567489.0 598592.0 621782.0 638144.0 648721.0 654462.0 656205.0
2 1.0 186.2564785754811 18.070602677575124 -0.6804625007225186 -0.5975113506532544 -0.26534287147189756 0.0421715469884786 0.011211272570937573 -0.0010004795682626965 12041.0 46112.0 114945.0 219653.0 352458.0 501563.0 655292.0 804278.0 942061.0 1064840.0 1170887.0 1259943.0 1332687.0 1390352.0 1434441.0 1466544.0
3 1.0 47.54451828425519 15.973129794651868 -0.6804625007225186 -0.5975113506532544 -0.26534287147189756 0.0421715469884786 0.011211272570937573 -0.0010004795682626965 15312.0 43485.0 87275.0 141776.0 200711.0 258676.00000000003 311930.0 358356.0 397089.0 428113.0 451917.0 469252.0 480967.0 487914.0 490889.0 490607.0
4 1.0 258.06948522933374 83.29865757124364 -0.6804625007225186 -0.5975113506532544 -0.26534287147189756 0.0421715469884786 0.011211272570937573 -0.0010004795682626965 128626.99999999999 412501.0 895422.0 1529800.0 2236932.0 2943010.0 3595129.0 4162878.0 4633710.0 5007098.0 5289576.0 5491197.0 5623235.0 5696839.0 5722308.0 5708771.0
5 1.0 142.58149301062573 -86.96309879339286 -0.6804625007225186 -0.5975113506532544 -0.26534287147189756 0.0421715469884786 0.011211272570937573 -0.0010004795682626965 59316.0 221538.0 531504.0 974545.0 1501865.0 2057655.0 2595800.0 3085304.0 3509250.0 3861394.0 4142568.0 4357772.0 4514088.0 4619333.0 4681232.0 4706971.0
6 1.0 203.55167226906323 35.36683752626102 -0.6804625007225186 -0.5975113506532544 -0.26534287147189756 0.0421715469884786 0.011211272570937573 -0.0010004795682626965 35708.0 120858.0 275231.0 490915.0 746251.0 1016866.0 1282298.0 1528249.0 1746298.0 1932638.0 2086672.9999999998 2209833.0 2304689.0 2374340.0 2422026.0 2450889.0
7 1.0 65.9807410370683 56.462156946335426 -0.6804625007225186 -0.5975113506532544 -0.26534287147189756 0.0421715469884786 0.011211272570937573 -0.0010004795682626965 87293.0 261382.0 546552.0 915404.0 1325717.0 1738085.0 2123686.0 2465168.0 2754500.0 2990155.0 3174633.0 3312622.0 3409761.0 3471864.0 3504479.0 3512656.0
8 1.0 52.1451933636158 1.7652953918851466 -0.6804625007225186 -0.5975113506532544 -0.26534287147189756 0.0421715469884786 0.011211272570937573 -0.0010004795682626965 10078.0 32277.0 71415.0 125711.99999999999 190355.0 259776.0 329077.0 394606.0 453997.0 505970.00000000006 550061.0 586359.0 615310.0 637551.0 653814.0 664844.0
9 1.0 175.70026103362363 -29.886323472574354 -0.6804625007225186 -0.5975113506532544 -0.26534287147189756 0.0421715469884786 0.011211272570937573 -0.0010004795682626965 9622.0 39703.0 103553.0 203857.0 333997.0 482625.0 637945.0 790133.0 932154.0 1059655.0 1170451.0 1263942.0 1340585.0 1401487.0 1448100.0 1482023.0
10 1.0 128.020585625984 52.35122938093289 -0.6804625007225186 -0.5975113506532544 -0.26534287147189756 0.0421715469884786 0.011211272570937573 -0.0010004795682626965 110299.0 366796.0 815001.0 1414938.0 2093147.0 2777974.0 3416503.0 3977239.0 4446211.0 4821516.0 5108534.0 5316405.0 5455725.0 5537148.0 5570626.0 5565056.0
11 1.0 338.5555002910127 -72.49627338616357 -0.6804625007225186 -0.5975113506532544 -0.26534287147189756 0.0421715469884786 0.011211272570937573 -0.0010004795682626965 64659.99999999999 241965.0 580330.0 1062544.0 1634243.0 2234071.0 2811934.0 3334671.0 3784641.0 4155806.0 4449716.0 4672296.0 4831591.0 4936310.0 4994962.0 5015398.0
12 1.0 275.5170913705075 -10.43358520861345 -0.6804625007225186 -0.5975113506532544 -0.26534287147189756 0.0421715469884786 0.011211272570937573 -0.0010004795682626965 105197.0 322646.0 683897.0 1154068.0 1677794.0 2203225.0 2692672.0 3123798.0 3486651.0 3779801.0 4006995.0 4174712.0000000005 4290535.0 4362158.0 4396835.0 4401107.0
13 1.0 269.51890314619703 3.5914274227508827 -0.6804625007225186 -0.5975113506532544 -0.26534287147189756 0.0421715469884786 0.011211272570937573 -0.0010004795682626965 100432.0 305389.0 643775.0 1082549.0 1570263.0 2059038.0000000002 2514183.0 2915180.0 3252908.0 3526080.0 3738166.0 3895146.0 4004012.9999999995 4071868.0000000005 4105404.0 4110660.0
14 1.0 325.33910630853603 34.91215396821855 -0.6804625007225186 -0.5975113506532544 -0.26534287147189756 0.0421715469884786 0.011211272570937573 -0.0010004795682626965 87968.0 284835.0 624890.0 1079280.0 1595094.0 2120094.0 2614851.0 3055007.0 3428851.0 3733630.0 3972200.0 4150496.0000000005 4275813.0 4355735.0 4397516.0 4407762.0
15 1.0 30.032076759126678 -73.6405682341663 -0.6804625007225186 -0.5975113506532544 -0.26534287147189756 0.0421715469884786 0.011211272570937573 -0.0010004795682626965 56190.0 214715.0 522699.0 967823.0 1501698.0 2067470.9999999998 2617474.0 3119277.0 3554918.0 3917509.0 4207571.0 4430018.0 4591994.0 4701456.0 4766304.0 4793909.0
16 1.0 198.78928917206636 -49.00328972318503 -0.6804625007225186 -0.5975113506532544 -0.26534287147189756 0.0421715469884786 0.011211272570937573 -0.0010004795682626965 18538.0 67546.0 162241.0 301175.0 472145.0 659180.0 847642.0 1026504.0000000001 1188669.0 1330374.0 1450314.0 1548827.0 1627248.0 1687441.0 1731488.0 1761487.0
17 1.0 210.4113848240768 -16.14571871577739 -0.6804625007225186 -0.5975113506532544 -0.26534287147189756 0.0421715469884786 0.011211272570937573 -0.0010004795682626965 4188.0 13229.0 28747.0 49561.0 73453.0 98215.0 122160.0 144210.0 163800.0 180725.0 195005.0 206793.0 216304.0 223780.0 229461.0 233577.0
18 1.0 346.2970962770024 22.193041143623518 -0.6804625007225186 -0.5975113506532544 -0.26534287147189756 0.0421715469884786 0.011211272570937573 -0.0010004795682626965 37049.0 123232.0 277302.0 490316.0 740390.0 1003573.0 1260152.0 1496628.0 1705269.0 1882785.0 2028918.0 2145280.0 2234505.0 2299677.0 2343963.0 2370401.0
19 1.0 105.17310964531758 69.65294061913514 -0.6804625007225186 -0.5975113506532544 -0.26534287147189756 0.0421715469884786 0.011211272570937573 -0.0010004795682626965 120874.0 382618.0 824854.0 1404402.0 2050638.0000000002 2697285.0 3296560.0 3820667.0 4257775.0 4606891.0 4873476.0 5066273.0 5195240.0 5270321.0 5300769.0 5294839.0
20 1.0 86.69836076956085 21.388710283447764 -0.6804625007225186 -0.5975113506532544 -0.26534287147189756 0.0421715469884786 0.011211272570937573 -0.0010004795682626965 66514.0 209619.0 454649.0 782400.0 1156800.0 1541441.0 1908069.0 2238522.0 2523386.0 2759650.0 2948464.0 3093391.0 3199176.0 3270952.0 3313761.0 3332287.0
21 1.0 36.10581921557922 -65.9769352317118 -0.6804625007225186 -0.5975113506532544 -0.26534287147189756 0.0421715469884786 0.011211272570937573 -0.0010004795682626965 48903.0 188707.0 463157.0 863598.0 1348154.0 1866009.0 2373575.0 2840480.0 3249286.0 3592686.0 3870297.0 4085955.0 4245731.0 4356602.0 4425625.0 4459472.0
22 1.0 5.9146666529307135 86.50442390171082 -0.6804625007225186 -0.5975113506532544 -0.26534287147189756 0.0421715469884786 0.011211272570937573 -0.0010004795682626965 125712.99999999999 397650.0 856300.0 1456115.0 2123456.0 2789649.0 3405493.0 3942619.0 4389198.0 4744560.0 5014633.0 5208662.0 5337078.0 5410242.0 5437759.0 5428172.0
23 1.0 334.6305540451886 66.92143225598872 -0.6804625007225186 -0.5975113506532544 -0.26534287147189756 0.0421715469884786 0.011211272570937573 -0.0010004795682626965 111369.0 349341.0 749467.0 1272979.0 1856961.0 2442343.0 2986351.0 3463868.0 3863953.0 4185342.9999999995 4432600.0 4613296.0 4736170.0 4810019.0 4843078.0 4842732.0
24 1.0 241.16995677272763 0.4897370061583217 -0.6804625007225186 -0.5975113506532544 -0.26534287147189756 0.0421715469884786 0.011211272570937573 -0.0010004795682626965 38153.0 110537.0 226212.0 373833.0 537181.0 701480.0 855994.0 994216.0 1113037.0 1211716.0 1290997.0 1352449.0 1398026.0 1429781.0 1449710.0 1459656.0
25 1.0 282.6550483283296 76.02263672339393 -0.6804625007225186 -0.5975113506532544 -0.26534287147189756 0.0421715469884786 0.011211272570937573 -0.0010004795682626965 129705.99999999999 415166.0 900097.0 1536489.0 2245347.0 2952740.0 3605751.0 4174019.0000000005 4645067.0 5018438.0 5300731.0 5502047.0 5633702.0 5706873.0 5731882.0 5717875.0
26 1.0 101.42283807142167 7.448542876284435 -0.6804625007225186 -0.5975113506532544 -0.26534287147189756 0.0421715469884786 0.011211272570937573 -0.0010004795682626965 72739.0 249255.0 567555.0 1005870.0 1514572.0 2041254.0 2544520.0 2997605.0 3386661.0 3707323.0 3961359.0 4154044.0 4292327.0 4383660.0 4435297.0 4453926.0
27 1.0 211.1076598270776 76.19509222004936 -0.6804625007225186 -0.5975113506532544 -0.26534287147189756 0.0421715469884786 0.011211272570937573 -0.0010004795682626965 121561.0 395447.0 866590.0 1490423.0 2189950.0 2891717.0 3542385.0 4110826.9999999995 4583786.0 4960151.0 5246030.0 5451179.0 5586686.0 5663586.0 5692117.0 5681386.0
28 1.0 23.023895803553206 59.38152634860177 -0.6804625007225186 -0.5975113506532544 -0.26534287147189756 0.0421715469884786 0.011211272570937573 -0.0010004795682626965 75212.0 226943.0 476895.0 801654.0 1164383.0 1530339.0 1873854.0 2179257.0 2439097.0 2651715.0 2819077.0 2945158.0 3034834.0 3093182.0 3125082.0 3134997.0
29 1.0 174.82593453646425 84.29155385297352 -0.6804625007225186 -0.5975113506532544 -0.26534287147189756 0.0421715469884786 0.011211272570937573 -0.0010004795682626965 126827.0 408034.0 887514.0 1518363.0 2222383.0 2926010.0 3576379.0 4143017.9999999995 4613269.0 4986491.0 5269114.0 5471105.0 5603670.0 5677902.0 5704062.0 5691251.0
0 1.0 351.89825030800085 75.5609059400685 -0.6804625007225186 -0.5975113506532544 -0.26534287147189756 0.0421715469884786 0.011211272570937573 -0.0010004795682626965 115829.0 361537.0 773013.0 1309714.0 1906877.0 2504107.0 3057932.0 3543024.0 3948538.0 4273464.0 4522675.0 4704055.0 4826626.0 4899423.0 4930881.0 4928543.0
1 1.0 315.54188831397266 -83.5139128628575 -0.6804625007225186 -0.5975113506532544 -0.26534287147189756 0.0421715469884786 0.011211272570937573 -0.0010004795682626965 64058.00000000001 237213.0 565532.0 1031839.0 1583821.0 2162752.0 2720734.0 3226018.0 3661646.0 4021728.0000000005 4307634.0 4524941.0 4681277.0 4784937.0 4844047.0 4866124.0
2 1.0 121.73722266126443 -58.54103925103081 -0.6804625007225186 -0.5975113506532544 -0.26534287147189756 0.0421715469884786 0.011211272570937573 -0.0010004795682626965 53063.0 203635.0 497440.0 923729.0 1436866.0 1982538.0 2514792.0 3002058.0 3426586.0 3781305.0 4066344.0 4286158.0 4447431.0 4557702.0 4624513.0 4654937.0
3 1.0 346.16525563493946 -19.95575812178656 -0.6804625007225186 -0.5975113506532544 -0.26534287147189756 0.0421715469884786 0.011211272570937573 -0.0010004795682626965 28082.0 107420.0 264577.0 497693.0 785590.0 1100350.0 1416520.0 1715120.0 1984143.0 2217412.0 2413003.0 2571796.0 2696332.0 2790010.0 2856546.0 2899641.0
4 1.0 83.41258552963363 81.38568551317573 -0.6804625007225186 -0.5975113506532544 -0.26534287147189756 0.0421715469884786 0.011211272570937573 -0.0010004795682626965 123449.0 389046.0 836142.0 1420450.0 2070593.0000000002 2719999.0 3320909.0 3845700.0 4282759.0 4631297.0 4896945.0 5088575.0 5216249.0 5289976.0 5319063.0 5311795.0
5 1.0 341.75477606964535 -35.99479449433267 -0.6804625007225186 -0.5975113506532544 -0.26534287147189756 0.0421715469884786 0.011211272570937573 -0.0010004795682626965 43940.0 166449.0 404910.0 751995.0 1172428.0 1623219.0 2067197.0000000002 2478119.0 2840580.0 3147759.0 3398783.0 3596474.0 3745672.0 3852098.0 3921638.0 3959919.0
6 1.0 338.8959736943395 -61.11582410023181 -0.6804625007225186 -0.5975113506532544 -0.26534287147189756 0.0421715469884786 0.011211272570937573 -0.0010004795682626965 61786.0 231891.0 557725.0 1023765.0 1578206.0 2161877.0 2726025.0 3238046.0 3680315.0 4046505.0 4337745.0 4559514.0 4719441.0 4825876.0 4887032.0 4910520.0
7 1.0 287.71293144686103 69.53483989558077 -0.6804625007225186 -0.5975113506532544 -0.26534287147189756 0.0421715469884786 0.011211272570937573 -0.0010004795682626965 130377.0 417080.0 903974.0 1542808.0 2254255.0 2964097.0 3619232.0 4189211.0000000005 4661543.0 5035797.0 5318622.0 5520179.0 5651841.0 5724835.0 5749530.0 5735109.0
8 1.0 226.9612572720448 -9.649005213023472 -0.6804625007225186 -0.5975113506532544 -0.26534287147189756 0.0421715469884786 0.011211272570937573 -0.0010004795682626965 15573.0 44483.0 89470.0 145216.0 205002.0 263197.0 316075.0 361685.0 399381.0 429347.0 452229.0 468873.0 480182.0 487016.0 490158.0 490292.0
9 1.0 314.7436679849809 73.41760698377868 -0.6804625007225186 -0.5975113506532544 -0.26534287147189756 0.0421715469884786 0.011211272570937573 -0.0010004795682626965 125091.00000000001 395852.0 852764.0 1450554.0 2115836.0 2780102.0 3394236.0 3929906.0 4375293.0 4729723.0 4999109.0 5192675.0 5320832.0 5393914.0 5421501.0 5412112.0
10 1.0 105.48730242280682 -61.15851606237421 -0.6804625007225186 -0.5975113506532544 -0.26534287147189756 0.0421715469884786 0.011211272570937573 -0.0010004795682626965 55362.0 212634.0 519356.00000000006 963831.0 1497937.0 2064747.0 2616347.0 3120034.0 3557621.0 3922065.0 4213792.0 4437674.0 4600844.0 4711266.0 4776861.0 4805026.0
11 1.0 305.61967991265055 29.00115207145791 -0.6804625007225186 -0.5975113506532544 -0.26534287147189756 0.0421715469884786 0.011211272570937573 -0.0010004795682626965 117691.0 382614.0 838446.0 1442502.0 2120673.0 2802039.0 3434903.0 3988918.0 4450977.0 4819742.0 5100902.0 5303737.0 5438864.0 5516895.0 5547706.0 5540101.0
12 1.0 222.43560909030856 -10.75252449069147 -0.6804625007225186 -0.5975113506532544 -0.26534287147189756 0.0421715469884786 0.011211272570937573 -0.0010004795682626965 11791.0 34000.0 68921.0 112535.0 159549.0 205414.0 247051.0 282802.0 312082.0 335005.0 352082.0 364011.0 371541.0 375401.0 376253.0 374681.0
13 1.0 4.765268793203816 -76.23238157454863 -0.6804625007225186 -0.5975113506532544 -0.26534287147189756 0.0421715469884786 0.011211272570937573 -0.0010004795682626965 60493.0 228947.0 553471.0 1019326.0 1574860.0 2160598.0 2727338.0 3242074.0 3686900.0 4055327.0 4348415.0 4571636.0 4732645.0 4839836.0 4901471.0 4925211.0
14 1.0 125.00406645559904 35.363366037450106 -0.6804625007225186 -0.5975113506532544 -0.26534287147189756 0.0421715469884786 0.011211272570937573 -0.0010004795682626965 96767.0 331703.0 751463.0 1322147.0 1974868.0 2640129.0 3265343.0 3818343.0 4284101.0 4659627.0 4949341.0 5161604.0 5306411.0 5393969.0 5433905.0 5434887.0
15 1.0 53.330709941339414 -45.46822400295233 -0.6804625007225186 -0.5975113506532544 -0.26534287147189756 0.0421715469884786 0.011211272570937573 -0.0010004795682626965 29584.0 116187.0 290195.0 550051.0 871717.0 1223233.0 1575485.0 1906900.0 2204009.0 2460077.0 2673235.0 2844778.0 2977842.0 3076472.0 3145012.0 3187735.0
16 1.0 353.45858033457114 -82.86920593568681 -0.6804625007225186 -0.5975113506532544 -0.26534287147189756 0.0421715469884786 0.011211272570937573 -0.0010004795682626965 63063.99999999999 236016.0 566344.0 1037652.0 1597180.0 2185122.0 2752458.0 3266579.0 3709995.0 4076568.0 4367614.0 4588777.0 4747818.0 4853189.0 4913181.0 4935459.0
17 1.0 172.2133105343957 -79.21002631507682 -0.6804625007225186 -0.5975113506532544 -0.26534287147189756 0.0421715469884786 0.011211272570937573 -0.0010004795682626965 53608.0 199218.0 477349.0 875731.0 1351574.0 1855337.0 2345604.0 2794122.0 3185086.0 3512247.0 3775788.0 3979753.0 4130185.0 4233894.0 4297701.0 4328015.0
18 1.0 179.06089157951857 -79.00586332797828 -0.6804625007225186 -0.5975113506532544 -0.26534287147189756 0.0421715469884786 0.011211272570937573 -0.0010004795682626965 53473.0 198003.0 473475.0 867581.0 1338018.0 1835911.0 2320436.0 2763747.0 3150267.0 3473833.0 3734621.0 3936609.0 4085746.0000000005 4188741.0000000005 4252315.0 4282786.0
19 1.0 230.2101059035405 73.39193234730709 -0.6804625007225186 -0.5975113506532544 -0.26534287147189756 0.0421715469884786 0.011211272570937573 -0.0010004795682626965 121855.0 395218.0 864536.0 1485237.0 2180796.0 2878358.0 3525066.0 4090093.0000000005 4560318.0 4934647.0 5219135.0 5423453.0 5558593.0 5635497.0 5664322.0 5654100.0
20 1.0 132.6904582066623 43.17910520923817 -0.6804625007225186 -0.5975113506532544 -0.26534287147189756 0.0421715469884786 0.011211272570937573 -0.0010004795682626965 98432.0 336948.0 762734.0 1341155.0 2002184.0000000002 2675318.0 3307324.0 3865736.0 4335484.0 4713692.0 5004958.0 5217849.0 5362551.0 5449444.0 5488302.0 5487907.0
21 1.0 49.284097806815616 71.6512242984723 -0.6804625007225186 -0.5975113506532544 -0.26534287147189756 0.0421715469884786 0.011211272570937573 -0.0010004795682626965 106430.0 326274.0 690803.0 1164288.0 1690726.0 2217989.0 2708378.0 3139679.0 3502102.0 3794371.0 4020370.0 4186683.0000000005 4300978.0 4371015.0 4404095.0 4406797.0
22 1.0 295.9623839499284 31.064816033373845 -0.6804625007225186 -0.5975113506532544 -0.26534287147189756 0.0421715469884786 0.011211272570937573 -0.0010004795682626965 127399.00000000001 410879.0 895175.0 1533150.0 2245638.0 2957973.0 3616432.0 4190019.0000000005 4665855.0 5043279.0 5328828.0 5532631.0 5666080.0 5740446.0 5766148.0 5752426.0
23 1.0 68.34524828499286 5.2091872255589635 -0.6804625007225186 -0.5975113506532544 -0.26534287147189756 0.0421715469884786 0.011211272570937573 -0.0010004795682626965 27291.0 87099.0 191780.0 335341.0 503750.99999999994 681606.0 856037.0 1018008.0 1162130.0 1285895.0 1388822.0 1471726.0 1536176.0 1584099.0 1617540.0 1638501.0
24 1.0 184.07483371672416 -35.19965441747191 -0.6804625007225186 -0.5975113506532544 -0.26534287147189756 0.0421715469884786 0.011211272570937573 -0.0010004795682626965 9205.0 36808.0 94181.0 183047.0 297175.0 426524.0 560934.0 692114.0 814247.0 923812.0 1019107.0 1099730.0 1166134.0 1219282.0 1260405.0 1290837.0
25 1.0 80.75413043090613 89.63320523916121 -0.6804625007225186 -0.5975113506532544 -0.26534287147189756 0.0421715469884786 0.011211272570937573 -0.0010004795682626965 127126.99999999999 404671.0 874577.0 1490303.0 2175877.0 2860288.0 3492659.0 4043706.0000000005 4501290.0 4864817.0 5140503.0 5337968.0 5468030.0 5541412.0 5568033.0 5556703.0
26 1.0 35.22401441785226 -24.805969390909922 -0.6804625007225186 -0.5975113506532544 -0.26534287147189756 0.0421715469884786 0.011211272570937573 -0.0010004795682626965 6839.0 28934.0 76922.0 153743.0 255051.00000000003 372469.0 496886.0 620444.0 737316.0 843707.0 937536.0 1018005.0 1085211.0 1139820.0 1182828.0 1215393.0
27 1.0 310.388946271806 -5.28318914149628 -0.6804625007225186 -0.5975113506532544 -0.26534287147189756 0.0421715469884786 0.011211272570937573 -0.0010004795682626965 99204.0 335926.0 755998.0 1325008.0 1974513.0 2635800.0 3256972.0 3806314.0 4269027.0 4642187.0 4930183.0 5141301.0 5285439.0 5372712.0 5412662.0 5413884.0
28 1.0 350.2510160483269 -21.915868513776886 -0.6804625007225186 -0.5975113506532544 -0.26534287147189756 0.0421715469884786 0.011211272570937573 -0.0010004795682626965 23622.0 92019.0 229679.0 436451.0 694401.0 978781.0 1266475.0 1539914.0 1787743.0 2003920.0 2186340.0 2335526.0 2453588.0 2543478.0 2608483.0 2651909.0
29 1.0 345.90047690268005 86.31484728038254 -0.6804625007225186 -0.5975113506532544 -0.26534287147189756 0.0421715469884786 0.011211272570937573 -0.0010004795682626965 125957.00000000001 399051.0 860080.0 1463283.0 2134514.0 2804586.0 3423933.0 3963988.0 4412857.0 4769890.0 5041083.0 5235763.0 5364452.0 5437590.0 5464851.0 5454839.0
