idx D_km lam beta x1 y1 z1 x2 y2 z2 flux5 flux6 flux7 flux8 flux9 flux10 flux11 flux12 flux13 flux14 flux15 flux16 flux17 flux18 flux19 flux20
0 1.0 197.5728614138369 73.17998985981222 -0.07824799409525712 -0.7883382523994841 -0.4678840405080305 -0.20173951312369431 0.09797054138647107 -0.08314253548907476 12634.0 34652.0 66644.0 103544.0 140368.0 173697.0 201774.0 224067.0 240791.0 252539.0 260045.00000000003 264052.0 265244.0 264217.0 261473.99999999997 257430.0
1 1.0 257.468171894071 49.328519885754986 -0.07824799409525712 -0.7883382523994841 -0.4678840405080305 -0.20173951312369431 0.09797054138647107 -0.08314253548907476 8965.0 25881.0 51633.0 82461.0 114207.0 143764.0 169352.0 190257.0 206465.0 218349.0 226456.0 231384.0 233702.0 233922.0 232486.0 229767.0
2 1.0 216.99481538579178 -30.033872634844457 -0.07824799409525712 -0.7883382523994841 -0.4678840405080305 -0.20173951312369431 0.09797054138647107 -0.08314253548907476 32987.0 74217.0 124723.0 175924.0 221926.0 259871.00000000003 289065.0 310039.0 323874.0 331809.0 335029.0 334581.0 331343.0 326029.0 319212.0 311340.0
3 1.0 196.15794587888288 -75.40174980216058 -0.07824799409525712 -0.7883382523994841 -0.4678840405080305 -0.20173951312369431 0.09797054138647107 -0.08314253548907476 26065.0 63029.0 111016.0 161706.0 208697.0 248486.0 279867.0 303039.0 318904.0 328617.0 333344.0 334141.0 331912.0 327403.0 321219.0 313837.0
4 1.0 152.5157277620057 -16.69658914551468 -0.07824799409525712 -0.7883382523994841 -0.4678840405080305 -0.20173951312369431 0.09797054138647107 -0.08314253548907476 5299.0 16063.999999999998 33364.0 55103.0 78508.0 101240.0 121760.0 139275.0 153535.0 164631.0 172842.0 178529.0 182072.0 183834.0 184141.0 183280.0
5 1.0 232.5218807039962 -48.19785440923031 -0.07824799409525712 -0.7883382523994841 -0.4678840405080305 -0.20173951312369431 0.09797054138647107 -0.08314253548907476 33867.0 73217.0 119768.0 165781.0 206334.0 239260.0 264228.0 281885.0 293285.0 299564.0 301783.0 300862.0 297565.0 292510.0 286189.0 278987.0
6 1.0 157.5313960545693 -66.15222574356306 -0.07824799409525712 -0.7883382523994841 -0.4678840405080305 -0.20173951312369431 0.09797054138647107 -0.08314253548907476 20472.0 53105.0 97876.0 147027.0 193925.0 234579.0 267335.0 292074.0 309500.0 320664.0 326686.0 328607.0 327340.0 323645.0 318144.0 311333.0
7 1.0 321.03828028154874 -80.38310727837145 -0.07824799409525712 -0.7883382523994841 -0.4678840405080305 -0.20173951312369431 0.09797054138647107 -0.08314253548907476 20276.0 49912.0 89211.0 131553.0 171571.0 206139.0 234009.0 255147.0 270156.0 279909.0 285328.0 287272.0 286494.0 283626.0 279187.0 273595.0
8 1.0 346.91859378037054 40.60698555790418 -0.07824799409525712 -0.7883382523994841 -0.4678840405080305 -0.20173951312369431 0.09797054138647107 -0.08314253548907476 14791.0 40619.0 77929.0 120584.0 162689.0 200324.0 231573.0 255962.00000000003 273861.0 286045.0 293426.0 296897.0 297265.0 295221.0 291341.0 286093.0
9 1.0 138.03894677727996 -87.94305744749441 -0.07824799409525712 -0.7883382523994841 -0.4678840405080305 -0.20173951312369431 0.09797054138647107 -0.08314253548907476 21437.0 53820.0 97248.0 144274.0 188772.0 227153.0 257989.00000000003 281241.0 297609.0 308091.0 313740.0 315534.0 314325.0 310826.0 305618.0 299167.0
10 1.0 285.02101370975925 48.70453473049972 -0.07824799409525712 -0.7883382523994841 -0.4678840405080305 -0.20173951312369431 0.09797054138647107 -0.08314253548907476 7474.0 21924.0 44314.0 71551.0 100021.0 126913.0 150534.0 170135.0 185604.0 197200.0 205366.0 210605.0 213413.0 214245.0 213496.0 211507.0
11 1.0 190.40217111104562 -63.549603827932486 -0.07824799409525712 -0.7883382523994841 -0.4678840405080305 -0.20173951312369431 0.09797054138647107 -0.08314253548907476 27866.0 67273.0 118235.0 171818.0 221235.0 262834.0 295415.0 319261.0 335381.0 345035.0 349476.0 349830.0 347058.0 341946.0 335127.0 327102.0
12 1.0 204.49604199381562 -75.68602513438397 -0.07824799409525712 -0.7883382523994841 -0.4678840405080305 -0.20173951312369431 0.09797054138647107 -0.08314253548907476 26548.0 63607.0 111392.0 161644.0 208086.0 247323.0 278212.0 300981.0 316537.0 326030.0 330612.0 331326.0 329062.0 324558.0 318405.0 311076.0
13 1.0 333.214789785358 -73.87145383705104 -0.07824799409525712 -0.7883382523994841 -0.4678840405080305 -0.20173951312369431 0.09797054138647107 -0.08314253548907476 18033.0 44896.0 80935.0 120156.0 157567.0 190174.0 216716.0 237069.0 251730.0 261467.99999999997 267115.0 269459.0 269197.0 266920.0 263114.0 258174.00000000003
14 1.0 25.5729809512393 30.968605323704594 -0.07824799409525712 -0.7883382523994841 -0.4678840405080305 -0.20173951312369431 0.09797054138647107 -0.08314253548907476 32085.000000000004 74852.0 128623.99999999999 184019.0 234289.0 276015.0 308247.0 331465.0 346816.0 355652.0 359278.0 358854.0 355354.0 349573.0 342143.0 333563.0
15 1.0 31.366547892554657 -45.83390222648794 -0.07824799409525712 -0.7883382523994841 -0.4678840405080305 -0.20173951312369431 0.09797054138647107 -0.08314253548907476 14633.0 39795.0 75956.0 117218.0 157950.0 194403.0 224739.0 248491.0 265998.0 277993.0 285343.0 288900.0 289438.0 287622.0 284007.0 279046.0
16 1.0 7.278623078517259 -14.302895997582283 -0.07824799409525712 -0.7883382523994841 -0.4678840405080305 -0.20173951312369431 0.09797054138647107 -0.08314253548907476 13064.0 35917.0 69171.0 107550.0 145845.0 180480.0 209620.0 232713.0 249988.0 262070.00000000003 269733.0 273756.0 274856.0 273658.0 270686.0 266372.0
17 1.0 299.74314439725765 10.326382438305046 -0.07824799409525712 -0.7883382523994841 -0.4678840405080305 -0.20173951312369431 0.09797054138647107 -0.08314253548907476 2830.0 8384.0 17240.0 28391.0 40498.0 52408.0 63339.00000000001 72861.0 80811.0 87195.0 92122.0 95748.0 98246.0 99788.0 100531.0 100618.0
18 1.0 280.13643034194615 64.89921128918289 -0.07824799409525712 -0.7883382523994841 -0.4678840405080305 -0.20173951312369431 0.09797054138647107 -0.08314253548907476 10935.0 31321.0 62004.0 98299.0 135212.0 169128.0 198069.0 221328.0 239003.0 251620.99999999997 259886.0 264532.0 266249.0 265643.0 263230.0 259438.0
19 1.0 313.2043733688549 40.8679672880391 -0.07824799409525712 -0.7883382523994841 -0.4678840405080305 -0.20173951312369431 0.09797054138647107 -0.08314253548907476 6637.0 19833.0 40661.0 66387.0 93631.0 119663.0 142775.0 162155.0 177620.0 189367.0 197785.0 203338.0 206496.0 207691.0 207308.0 205678.0
20 1.0 352.30260320379506 -41.34097705703137 -0.07824799409525712 -0.7883382523994841 -0.4678840405080305 -0.20173951312369431 0.09797054138647107 -0.08314253548907476 10710.0 28935.0 55244.0 85572.0 115934.0 143577.0 167057.0 185905.0 200249.0 210531.0 217321.0 221202.0 222720.0 222356.0 220519.0 217550.0
21 1.0 287.6970831180205 -66.33309612759703 -0.07824799409525712 -0.7883382523994841 -0.4678840405080305 -0.20173951312369431 0.09797054138647107 -0.08314253548907476 20741.0 47790.0 81927.0 117534.0 150449.0 178429.0 200707.0 217414.0 229133.0 236616.0 240631.0 241876.0 240959.0 238386.0 234570.0 229843.0
22 1.0 166.13257041105547 -80.03262232418437 -0.07824799409525712 -0.7883382523994841 -0.4678840405080305 -0.20173951312369431 0.09797054138647107 -0.08314253548907476 22705.0 56902.0 102601.0 151885.0 198315.0 238167.0 270006.0 293850.0 310476.0 320962.0 326430.0 327914.0 326308.0 322359.0 316671.0 309730.0
23 1.0 280.99050346312396 -35.712245793430355 -0.07824799409525712 -0.7883382523994841 -0.4678840405080305 -0.20173951312369431 0.09797054138647107 -0.08314253548907476 13356.0 29453.0 48972.0 68739.0 86607.0 101532.0 113247.0 121919.0 127920.0 131680.0 133621.0 134117.0 133489.0 132003.0 129874.99999999999 127277.0
24 1.0 42.57879331281596 -42.818733136857915 -0.07824799409525712 -0.7883382523994841 -0.4678840405080305 -0.20173951312369431 0.09797054138647107 -0.08314253548907476 14866.0 40277.0 76680.0 118122.0 158959.0 195455.0 225788.0 249509.0 266971.0 278914.0 286209.0 289714.0 290202.0 288339.0 284681.0 279681.0
25 1.0 230.3715676779086 -7.894697975913658 -0.07824799409525712 -0.7883382523994841 -0.4678840405080305 -0.20173951312369431 0.09797054138647107 -0.08314253548907476 23146.0 53404.0 91626.0 131497.0 168328.0 199590.0 224422.0 242980.0 255928.0 264120.0 268423.0 269630.0 268425.0 265379.0 260955.0 255527.99999999997
26 1.0 51.607183467256704 32.990640398582485 -0.07824799409525712 -0.7883382523994841 -0.4678840405080305 -0.20173951312369431 0.09797054138647107 -0.08314253548907476 33599.0 72241.0 117725.0 162514.0 201869.0 233738.0 257845.0 274845.0 285778.0 291757.0 293814.0 292840.0 289577.0 284621.0 278448.0 271430.0
27 1.0 340.0808101378502 35.21258021499429 -0.07824799409525712 -0.7883382523994841 -0.4678840405080305 -0.20173951312369431 0.09797054138647107 -0.08314253548907476 10867.0 31014.0 61304.0 97144.0 133626.0 167190.0 195875.0 218972.0 236565.0 249162.0 257453.0 262158.0 263955.0 263442.0 261131.0 257442.99999999997
28 1.0 187.8653958300258 -38.96660761521 -0.07824799409525712 -0.7883382523994841 -0.4678840405080305 -0.20173951312369431 0.09797054138647107 -0.08314253548907476 25133.0 62728.99999999999 112596.0 165936.0 215740.0 258074.00000000003 291518.0 316218.0 333112.0 343430.0 348423.0 349225.0 346810.0 341978.0 335377.0 327517.0
29 1.0 149.2782983965885 -21.61314793797831 -0.07824799409525712 -0.7883382523994841 -0.4678840405080305 -0.20173951312369431 0.09797054138647107 -0.08314253548907476 5584.0 16793.0 34683.0 57044.0 81014.0 104206.0 125069.00000000001 142813.0 157205.0 168355.0 176559.0 182194.0 185653.0 187308.0 187493.0 186502.0
0 1.0 95.24002035766571 -57.39282688735745 -0.07824799409525712 -0.7883382523994841 -0.4678840405080305 -0.20173951312369431 0.09797054138647107 -0.08314253548907476 12630.0 34682.0 66762.0 103802.0 140796.0 174302.0 202546.0 224986.0 241833.0 253676.0 261253.0 265310.0 266534.0 265523.0 262783.0 258732.00000000003
1 1.0 278.724128196318 51.93819221517336 -0.07824799409525712 -0.7883382523994841 -0.4678840405080305 -0.20173951312369431 0.09797054138647107 -0.08314253548907476 8253.0 24066.0 48392.0 77778.0 108286.0 136905.0 161864.0 182411.0 198477.0 210380.0 218623.0 223763.0 226343.0 226855.0 225725.0 223315.0
2 1.0 164.21411959795748 -79.76734624201674 -0.07824799409525712 -0.7883382523994841 -0.4678840405080305 -0.20173951312369431 0.09797054138647107 -0.08314253548907476 22585.0 56710.0 102376.0 151673.0 198147.0 238060.0 269962.0 293864.0 310540.0 321068.0 326568.0 328076.0 326488.0 322551.0 316871.0 309934.0
3 1.0 204.63622159271347 35.459503510497726 -0.07824799409525712 -0.7883382523994841 -0.4678840405080305 -0.20173951312369431 0.09797054138647107 -0.08314253548907476 10738.0 30821.0 61107.0 96990.0 133536.0 167163.0 195897.0 219026.0 236636.0 249239.0 257527.0 262224.0 264009.0 263484.0 261158.0 257457.0
4 1.0 6.764328157087851 50.1651712693986 -0.07824799409525712 -0.7883382523994841 -0.4678840405080305 -0.20173951312369431 0.09797054138647107 -0.08314253548907476 25142.0 62390.0 111655.0 164296.0 213448.0 255255.0 288321.0 312781.0 329552.0 339837.0 344863.0 345746.0 343441.0 338740.0 332279.0 324565.0
5 1.0 222.34877894731574 49.93336113277556 -0.07824799409525712 -0.7883382523994841 -0.4678840405080305 -0.20173951312369431 0.09797054138647107 -0.08314253548907476 10644.0 30585.0 60686.0 96379.0 132757.0 166249.0 194886.0 217952.0 235527.0 248118.0 256411.0 261125.0 262937.0 262444.0 260155.00000000003 256492.0
6 1.0 220.3544601800717 -43.303938417836115 -0.07824799409525712 -0.7883382523994841 -0.4678840405080305 -0.20173951312369431 0.09797054138647107 -0.08314253548907476 35022.0 77328.0 128273.0 179255.0 224582.0 261622.00000000003 289855.0 309915.0 322942.0 330191.0 332852.0 331960.0 328380.0 322812.0 315813.0 307820.0
7 1.0 222.0962388749125 -22.713635172138936 -0.07824799409525712 -0.7883382523994841 -0.4678840405080305 -0.20173951312369431 0.09797054138647107 -0.08314253548907476 30659.0 68854.0 115693.0 163302.0 206235.0 241814.0 269350.0 289289.0 302600.0 310408.0 313797.0 313733.0 311027.0 306345.0 300221.0 293076.0
8 1.0 339.7493082652647 15.76793433535002 -0.07824799409525712 -0.7883382523994841 -0.4678840405080305 -0.20173951312369431 0.09797054138647107 -0.08314253548907476 7014.0 20694.0 42092.0 68358.0 96046.0 122406.0 145733.0 165235.0 180750.0 192494.0 200874.0 206364.0 209443.0 210550.0 210075.0 208350.0
9 1.0 245.45530767725404 -40.892057563595934 -0.07824799409525712 -0.7883382523994841 -0.4678840405080305 -0.20173951312369431 0.09797054138647107 -0.08314253548907476 30003.0 63472.0 102243.0 139951.0 172754.0 199089.0 218845.0 232644.0 241395.0 246047.0 247466.0 246396.0 243451.0 239127.0 233816.0 227823.0
10 1.0 129.42284420656296 -23.246496140780025 -0.07824799409525712 -0.7883382523994841 -0.4678840405080305 -0.20173951312369431 0.09797054138647107 -0.08314253548907476 4286.0 12669.0 25962.0 42588.0 60500.0 77972.0 93854.0 107535.0 118803.0 127701.00000000001 134416.0 139200.0 142327.0 144064.0 144652.0 144306.0
11 1.0 157.33150336776293 -54.530229566584865 -0.07824799409525712 -0.7883382523994841 -0.4678840405080305 -0.20173951312369431 0.09797054138647107 -0.08314253548907476 17184.0 45986.0 86630.0 132249.0 176589.0 215673.0 247685.0 272303.0 290045.0 301812.0 308609.0 311401.0 311042.0 308258.0 303648.0 297692.0
12 1.0 251.14723053381536 -7.225940923918671 -0.07824799409525712 -0.7883382523994841 -0.4678840405080305 -0.20173951312369431 0.09797054138647107 -0.08314253548907476 15866.000000000002 35970.0 61124.0 87297.0 111533.0 132235.0 148848.0 161449.0 170439.0 176342.0 179698.0 181004.0 180694.0 179134.0 176623.0 173405.0
13 1.0 21.68116978653714 -81.96978577425946 -0.07824799409525712 -0.7883382523994841 -0.4678840405080305 -0.20173951312369431 0.09797054138647107 -0.08314253548907476 18979.0 48552.0 88893.0 133173.0 175561.0 212515.0 242529.0 265440.0 281825.0 292577.0 298667.0 301009.0 300410.0 297551.0 292990.0 287179.0
14 1.0 240.03601756044037 53.96325922271123 -0.07824799409525712 -0.7883382523994841 -0.4678840405080305 -0.20173951312369431 0.09797054138647107 -0.08314253548907476 10250.0 29502.0 58630.0 93249.0 128619.00000000001 161266.0 189259.0 211878.0 229181.0 241642.0 249917.0 254699.0 256639.0 256318.0 254228.99999999997 250784.0
15 1.0 241.4296330625374 -76.1478395424061 -0.07824799409525712 -0.7883382523994841 -0.4678840405080305 -0.20173951312369431 0.09797054138647107 -0.08314253548907476 26263.0 61402.0 105965.0 152380.0 195048.0 231002.0 259283.0 280143.0 294423.0 303171.0 307433.0 308156.0 306147.0 302076.0 296484.0 289799.0
16 1.0 75.73772198658273 3.3903267896746883 -0.07824799409525712 -0.7883382523994841 -0.4678840405080305 -0.20173951312369431 0.09797054138647107 -0.08314253548907476 15317.0 34778.0 59140.0 84487.0 107949.0 127983.99999999999 144055.0 156243.0 164934.0 170639.0 173878.0 175133.0 174821.0 173296.0 170848.0 167713.0
17 1.0 46.41346715574719 -34.7741820818647 -0.07824799409525712 -0.7883382523994841 -0.4678840405080305 -0.20173951312369431 0.09797054138647107 -0.08314253548907476 15332.0 40986.0 77338.0 118408.0 158653.0 194464.0 224122.0 247237.0 264192.0 275735.0 282730.0 286024.0 286376.0 284439.0 280757.0 275771.0
18 1.0 113.55420633270619 13.957730789647584 -0.07824799409525712 -0.7883382523994841 -0.4678840405080305 -0.20173951312369431 0.09797054138647107 -0.08314253548907476 4255.0 11022.0 20664.0 31826.0 43171.0 53735.0 62969.0 70646.0 76751.0 81387.0 84719.0 86930.0 88201.0 88698.0 88569.0 87941.0
19 1.0 130.93587753934415 82.69800135001651 -0.07824799409525712 -0.7883382523994841 -0.4678840405080305 -0.20173951312369431 0.09797054138647107 -0.08314253548907476 16684.0 42464.0 77773.0 116822.0 154559.0 187826.0 215193.0 236412.0 251898.99999999997 262380.0 268667.0 271547.0 271720.0 269787.0 266247.0 261506.00000000003
20 1.0 205.27083735043666 26.20264400208069 -0.07824799409525712 -0.7883382523994841 -0.4678840405080305 -0.20173951312369431 0.09797054138647107 -0.08314253548907476 11683.0 33190.0 65292.0 102994.0 141094.0 175892.0 205409.0 228980.0 246758.0 259324.0 267428.0 271840.0 273277.0 272365.0 269635.0 265525.0
21 1.0 157.89654484643532 -83.63476156401164 -0.07824799409525712 -0.7883382523994841 -0.4678840405080305 -0.20173951312369431 0.09797054138647107 -0.08314253548907476 22050.0 55402.0 100103.0 148443.0 194102.0 233401.0 264891.0 288558.0 305140.0 315681.0 321273.0 322925.0 321516.0 317779.0 312310.0 305586.0
22 1.0 355.8145817013214 -12.527560888548976 -0.07824799409525712 -0.7883382523994841 -0.4678840405080305 -0.20173951312369431 0.09797054138647107 -0.08314253548907476 9796.0 27449.0 53750.0 84800.0 116476.0 145769.0 170995.0 191512.0 207345.0 218891.0 226708.0 231391.0 233508.0 233568.0 232006.0 229191.0
23 1.0 36.736131869290105 1.803033417285036 -0.07824799409525712 -0.7883382523994841 -0.4678840405080305 -0.20173951312369431 0.09797054138647107 -0.08314253548907476 25603.0 61577.0 108149.0 157293.0 202859.0 241478.0 271987.0 294572.0 310094.0 319661.0 324393.0 325307.0 323275.0 319017.0 313119.0 306045.0
24 1.0 75.19563219414049 6.511949046621353 -0.07824799409525712 -0.7883382523994841 -0.4678840405080305 -0.20173951312369431 0.09797054138647107 -0.08314253548907476 16418.0 36727.0 61771.0 87506.0 111068.0 130977.00000000001 146772.0 158599.0 166895.0 172204.0 175067.0 175980.0 175365.0 173577.0 170906.0 167584.0
25 1.0 58.07142643859865 32.65065190869082 -0.07824799409525712 -0.7883382523994841 -0.4678840405080305 -0.20173951312369431 0.09797054138647107 -0.08314253548907476 31536.0 67092.0 108535.0 149048.0 184445.0 212969.0 234441.0 249496.0 259094.0 264249.0 265897.0 264842.0 261749.0 257157.00000000003 251490.0 245080.0
26 1.0 235.11899716754343 -40.032702408282105 -0.07824799409525712 -0.7883382523994841 -0.4678840405080305 -0.20173951312369431 0.09797054138647107 -0.08314253548907476 33011.0 70641.0 114743.0 158035.0 195980.0 226642.0 249786.0 266067.0 276500.0 282166.0 284063.0 283052.0 279847.0 275023.0 269037.0 262246.0
27 1.0 91.18497691432157 -66.80509821606236 -0.07824799409525712 -0.7883382523994841 -0.4678840405080305 -0.20173951312369431 0.09797054138647107 -0.08314253548907476 14986.0 40679.0 77530.0 119500.0 160855.0 197796.0 228473.0 252433.00000000003 270037.0 282045.0 289343.0 292804.0 293215.0 291253.0 287482.0 282361.0
28 1.0 167.87187822827028 -19.31837822152302 -0.07824799409525712 -0.7883382523994841 -0.4678840405080305 -0.20173951312369431 0.09797054138647107 -0.08314253548907476 9742.0 28110.0 56059.0 89483.0 123844.0 155759.0 183299.0 205705.0 222980.0 235547.0 244018.0 249051.0 251274.0 251249.0 249456.0 246302.0
29 1.0 87.99321312057698 82.1530301032708 -0.07824799409525712 -0.7883382523994841 -0.4678840405080305 -0.20173951312369431 0.09797054138647107 -0.08314253548907476 18828.0 46734.0 84159.0 124902.0 163780.0 197675.0 225264.0 246410.0 261629.0 271719.0 277548.0 279938.0 279617.0 277199.0 273195.0 268014.0
0 1.0 57.2290501123871 -56.31643948484795 -0.07824799409525712 -0.7883382523994841 -0.4678840405080305 -0.20173951312369431 0.09797054138647107 -0.08314253548907476 14411.0 39226.0 74927.0 115709.0 156010.0 192121.0 222210.0 245804.0 263229.0 275202.0 282573.0 286185.0 286800.0 285075.0 281560.0 276704.0
1 1.0 39.73505081914985 72.71711188708267 -0.07824799409525712 -0.7883382523994841 -0.4678840405080305 -0.20173951312369431 0.09797054138647107 -0.08314253548907476 24333.0 58006.0 101520.0 147522.0 190336.0 226814.0 255822.0 277477.0 292538.0 302005.0 306903.0 308171.0 306621.0 302929.0 297644.0 291206.0
2 1.0 236.27865220749842 7.885071013918747 -0.07824799409525712 -0.7883382523994841 -0.4678840405080305 -0.20173951312369431 0.09797054138647107 -0.08314253548907476 15426.0 38288.0 69139.0 103017.0 135678.0 164487.0 188252.0 206765.0 220373.0 229681.0 235374.0 238115.0 238500.0 237042.0 234168.0 230229.0
3 1.0 49.74586248550097 -7.755944103762147 -0.07824799409525712 -0.7883382523994841 -0.4678840405080305 -0.20173951312369431 0.09797054138647107 -0.08314253548907476 21164.0 51130.0 90298.0 132088.0 171303.0 204987.0 232011.0 252404.00000000003 266796.0 276064.0 281119.0 282805.0 281858.0 278894.0 274418.0 268835.0
4 1.0 70.76965020481926 68.76745384138013 -0.07824799409525712 -0.7883382523994841 -0.4678840405080305 -0.20173951312369431 0.09797054138647107 -0.08314253548907476 23655.0 54473.0 93321.0 133769.0 171069.0 202674.0 227733.0 246418.0 259415.0 267597.0 271848.0 272973.0 271665.0 268503.0 263956.0 258402.00000000003
5 1.0 132.74106143794708 -7.451286881654539 -0.07824799409525712 -0.7883382523994841 -0.4678840405080305 -0.20173951312369431 0.09797054138647107 -0.08314253548907476 2875.0 8636.0 17953.0 29824.0 42840.0 55748.0 67673.0 78112.0 86858.0 93899.0 99338.0 103341.0 106095.0 107787.0 108593.0 108670.0
6 1.0 295.55756274525663 40.350174590077785 -0.07824799409525712 -0.7883382523994841 -0.4678840405080305 -0.20173951312369431 0.09797054138647107 -0.08314253548907476 5791.0 17266.0 35396.0 57851.0 81726.0 104654.0 125134.0 142436.0 156372.0 167088.0 174901.0 180201.0 183382.0 184815.0 184833.0 183720.0
7 1.0 34.956459285502056 -18.17544209344163 -0.07824799409525712 -0.7883382523994841 -0.4678840405080305 -0.20173951312369431 0.09797054138647107 -0.08314253548907476 18436.0 47996.0 88843.0 134053.0 177572.0 215663.0 246689.0 270432.0 287453.0 298660.0 305047.0 307556.0 307020.0 304144.0 299505.0 293571.0
8 1.0 301.6601666995694 72.7279907221724 -0.07824799409525712 -0.7883382523994841 -0.4678840405080305 -0.20173951312369431 0.09797054138647107 -0.08314253548907476 13958.0 38624.0 74519.0 115813.0 156803.0 193635.0 224381.0 248518.0 266361.0 278630.0 286194.0 289912.0 290566.0 288827.0 285260.0 280323.0
9 1.0 34.59542684182671 34.20450363442093 -0.07824799409525712 -0.7883382523994841 -0.4678840405080305 -0.20173951312369431 0.09797054138647107 -0.08314253548907476 34678.0 77951.0 130803.0 184194.0 231974.0 271210.0 301237.0 322660.0 336645.0 344507.0 347496.0 346708.0 343059.0 337294.0 330003.0 321652.0
10 1.0 351.5254074048225 35.931969765093015 -0.07824799409525712 -0.7883382523994841 -0.4678840405080305 -0.20173951312369431 0.09797054138647107 -0.08314253548907476 15691.0 42687.0 81341.0 125218.0 168268.0 206533.0 238132.0 262648.0 280510.0 292545.0 299703.0 302908.0 302986.0 300645.0 296468.0 290932.0
11 1.0 168.71443259317257 -31.010327719718596 -0.07824799409525712 -0.7883382523994841 -0.4678840405080305 -0.20173951312369431 0.09797054138647107 -0.08314253548907476 13401.0 37224.0 72079.0 112377.0 152566.0 188839.0 219256.0 243253.0 261095.00000000003 273465.0 281195.0 285119.0 286001.0 284501.0 281173.0 276470.0
12 1.0 351.6339917485214 46.22015569264005 -0.07824799409525712 -0.7883382523994841 -0.4678840405080305 -0.20173951312369431 0.09797054138647107 -0.08314253548907476 18100.0 48122.0 90192.0 137126.0 182500.0 222291.0 254715.00000000003 279506.0 297244.0 308881.0 315467.0 317995.0 317344.0 314256.0 309339.0 303083.0
13 1.0 217.74438710821656 24.490989980485438 -0.07824799409525712 -0.7883382523994841 -0.4678840405080305 -0.20173951312369431 0.09797054138647107 -0.08314253548907476 12776.0 35390.0 68448.0 106697.0 144916.0 179509.0 208626.0 231708.0 248980.0 261064.00000000003 268734.0 272768.0 273884.0 272703.0 269752.0 265462.0
14 1.0 266.1348885833886 -46.79635079165228 -0.07824799409525712 -0.7883382523994841 -0.4678840405080305 -0.20173951312369431 0.09797054138647107 -0.08314253548907476 22834.0 48822.0 79288.0 109239.0 135568.0 156943.0 173194.0 184751.0 192294.0 196549.0 198188.0 197795.0 195857.0 192768.0 188843.0 184329.0
15 1.0 14.107605211555443 -61.103011952653844 -0.07824799409525712 -0.7883382523994841 -0.4678840405080305 -0.20173951312369431 0.09797054138647107 -0.08314253548907476 14844.0 39563.0 74551.0 114082.0 152855.0 187409.0 216086.0 238498.0 254998.0 266292.0 273203.0 276537.0 277024.0 275289.0 271854.0 267145.0
16 1.0 101.81050652750744 53.35046541311971 -0.07824799409525712 -0.7883382523994841 -0.4678840405080305 -0.20173951312369431 0.09797054138647107 -0.08314253548907476 16154.000000000002 36533.0 61968.0 88379.0 112791.0 133607.0 150281.0 162900.0 171878.0 177747.0 181055.0 182303.0 181930.0 180304.0 177725.0 174439.0
17 1.0 43.270762036740805 82.64998854634004 -0.07824799409525712 -0.7883382523994841 -0.4678840405080305 -0.20173951312369431 0.09797054138647107 -0.08314253548907476 19943.0 49709.0 89651.0 133076.0 174408.0 210317.0 239417.0 261598.0 277439.0 287818.0 293677.0 295902.0 295274.0 292452.0 287975.0 282283.0
18 1.0 106.61047110797217 -7.535011093192281 -0.07824799409525712 -0.7883382523994841 -0.4678840405080305 -0.20173951312369431 0.09797054138647107 -0.08314253548907476 4456.0 12057.0 23249.0 36503.0 50191.0 63092.99999999999 74484.0 84039.0 91704.0 97586.0 101870.0 104773.0 106511.0 107286.0 107277.0 106640.0
19 1.0 42.74197882352786 16.377149758263286 -0.07824799409525712 -0.7883382523994841 -0.4678840405080305 -0.20173951312369431 0.09797054138647107 -0.08314253548907476 31294.000000000004 70424.0 118394.0 167079.0 210889.0 247102.0 275041.0 295192.0 308568.0 316332.0 319603.0 319369.0 316461.0 311559.0 305207.0 297831.0
20 1.0 114.47394458183138 64.39007595483983 -0.07824799409525712 -0.7883382523994841 -0.4678840405080305 -0.20173951312369431 0.09797054138647107 -0.08314253548907476 15382.0 36799.0 64914.0 95233.0 124103.0 149343.0 170027.0 186052.0 197769.0 205736.0 210562.0 212830.0 213059.0 211694.0 209104.0 205593.0
21 1.0 149.13467802528118 -7.699778396305732 -0.07824799409525712 -0.7883382523994841 -0.4678840405080305 -0.20173951312369431 0.09797054138647107 -0.08314253548907476 3760.0 11619.0 24541.0 41125.0 59332.0 77346.0 93902.0 108293.0 120238.0 129742.0 136974.0 142186.0 145655.0 147657.0 148445.0 148243.0
22 1.0 23.09309868556237 81.3374058298925 -0.07824799409525712 -0.7883382523994841 -0.4678840405080305 -0.20173951312369431 0.09797054138647107 -0.08314253548907476 20225.0 50666.0 91623.0 136193.0 178616.0 215449.0 245261.0 267944.0 284101.0 294642.0 300542.0 302717.0 301971.0 298983.0 294309.0 288398.0
23 1.0 249.28996297320714 13.63520916807704 -0.07824799409525712 -0.7883382523994841 -0.4678840405080305 -0.20173951312369431 0.09797054138647107 -0.08314253548907476 10686.0 27466.0 50906.0 77405.0 103622.0 127321.99999999999 147366.0 163412.0 175603.0 184332.0 190086.0 193365.0 194632.0 194294.0 192700.0 190138.0
24 1.0 203.97652351436705 57.738081726236686 -0.07824799409525712 -0.7883382523994841 -0.4678840405080305 -0.20173951312369431 0.09797054138647107 -0.08314253548907476 10732.0 30563.0 60294.0 95392.0 131058.00000000001 163832.0 191821.0 214349.0 231507.0 243798.0 251894.99999999997 256500.0 258272.0 257795.0 255562.99999999997 251989.00000000003
25 1.0 95.54021673820034 73.5918693142929 -0.07824799409525712 -0.7883382523994841 -0.4678840405080305 -0.20173951312369431 0.09797054138647107 -0.08314253548907476 19321.0 46177.0 81211.0 118681.0 154020.0 184585.0 209320.0 228194.0 241717.0 250631.0 255726.99999999997 257742.00000000003 257330.0 255041.00000000003 251328.0 246561.0
26 1.0 188.36929924801188 56.7942873783424 -0.07824799409525712 -0.7883382523994841 -0.4678840405080305 -0.20173951312369431 0.09797054138647107 -0.08314253548907476 10181.0 28756.0 56486.0 89180.0 122423.0 153027.0 179238.0 200417.0 216631.0 228328.0 236119.0 240647.0 242518.0 242269.0 240361.0 237177.0
27 1.0 33.818583873039 -61.30539657918793 -0.07824799409525712 -0.7883382523994841 -0.4678840405080305 -0.20173951312369431 0.09797054138647107 -0.08314253548907476 15152.0 40859.0 77530.0 119138.0 160026.0 196479.0 226706.0 250286.0 267594.0 279384.0 286536.0 289911.0 290286.0 288326.0 284585.0 279515.0
28 1.0 207.34073840022455 23.201719031106066 -0.07824799409525712 -0.7883382523994841 -0.4678840405080305 -0.20173951312369431 0.09797054138647107 -0.08314253548907476 12361.0 34790.0 67974.0 106676.0 145556.0 180880.0 210693.0 234375.0 252130.00000000003 264578.0 272503.0 276700.0 277903.0 276749.0 273779.0 269435.0
29 1.0 334.5466311274371 -18.28183344845813 -0.07824799409525712 -0.7883382523994841 -0.4678840405080305 -0.20173951312369431 0.09797054138647107 -0.08314253548907476 5553.0 15670.0 31025.0 49557.0 68926.0 87316.0 103620.0 117327.0 128336.0 136789.0 142951.0 147133.0 149650.0 150793.0 150821.0 149958.0
0 1.0 114.68482288247652 -78.71166863579778 -0.07824799409525712 -0.7883382523994841 -0.4678840405080305 -0.20173951312369431 0.09797054138647107 -0.08314253548907476 19110.0 49859.0 92345.0 139302.0 184402.0 223760.0 255701.99999999997 280032.0 297363.0 308661.0 314975.0 317293.0 316484.0 313282.0 308285.0 301977.0
1 1.0 240.2677367869254 -13.674194659828444 -0.07824799409525712 -0.7883382523994841 -0.4678840405080305 -0.20173951312369431 0.09797054138647107 -0.08314253548907476 22850.0 50630.0 84500.0 118933.0 150127.0 176193.0 196615.0 211667.0 221993.0 228359.0 231511.0 232120.0 230760.0 227901.0 223929.0 219149.0
2 1.0 47.447230465581185 -43.436867959906614 -0.07824799409525712 -0.7883382523994841 -0.4678840405080305 -0.20173951312369431 0.09797054138647107 -0.08314253548907476 14664.0 39691.0 75529.0 116328.0 156545.0 192507.0 222420.0 245838.0 263101.0 274934.0 282190.0 285710.0 286255.0 284478.0 280925.0 276045.0
3 1.0 257.8777934826836 62.82689551713193 -0.07824799409525712 -0.7883382523994841 -0.4678840405080305 -0.20173951312369431 0.09797054138647107 -0.08314253548907476 10591.0 30427.0 60374.0 95896.0 132114.0 165476.0 194017.0 217022.0 234563.0 247143.0 255442.0 260174.00000000003 262012.00000000003 261550.99999999997 259296.00000000003 255670.0
4 1.0 104.1861934609924 -84.00516722159469 -0.07824799409525712 -0.7883382523994841 -0.4678840405080305 -0.20173951312369431 0.09797054138647107 -0.08314253548907476 20139.0 51619.0 94520.0 141491.0 186299.0 225196.0 256623.0 280455.0 297346.0 308276.0 314293.0 316381.0 315400.0 312073.0 306990.0 300628.0
5 1.0 65.94889032256206 82.61688993542523 -0.07824799409525712 -0.7883382523994841 -0.4678840405080305 -0.20173951312369431 0.09797054138647107 -0.08314253548907476 19554.0 48523.0 87311.0 129453.00000000001 169574.0 204462.0 232775.0 254399.0 269887.0 280080.0 285886.0 288160.0 287656.0 285010.0 280747.0 275291.0
6 1.0 211.14465653162995 -26.033607275052667 -0.07824799409525712 -0.7883382523994841 -0.4678840405080305 -0.20173951312369431 0.09797054138647107 -0.08314253548907476 30915.0 71591.0 122601.0 175170.0 222979.0 262801.0 293712.0 316130.0 331106.0 339890.0 343705.0 343638.0 340607.0 335365.0 328514.0 320531.0
7 1.0 7.238716627497679 -25.792759727542276 -0.07824799409525712 -0.7883382523994841 -0.4678840405080305 -0.20173951312369431 0.09797054138647107 -0.08314253548907476 12370.0 33992.0 65482.0 101883.0 138287.0 171304.0 199176.0 221360.0 238049.0 249816.0 257381.00000000003 261473.99999999997 262768.0 261853.0 259226.0 255299.0
8 1.0 298.4184105182507 -87.06086951693258 -0.07824799409525712 -0.7883382523994841 -0.4678840405080305 -0.20173951312369431 0.09797054138647107 -0.08314253548907476 21647.0 53543.0 95883.0 141450.0 184408.0 221381.0 251053.00000000003 273417.0 289161.0 299248.0 304692.0 306429.0 305275.0 301915.0 296906.0 290696.0
9 1.0 1.6903714293169436 -56.65818145748689 -0.07824799409525712 -0.7883382523994841 -0.4678840405080305 -0.20173951312369431 0.09797054138647107 -0.08314253548907476 13736.0 36472.0 68645.0 105060.0 140889.0 172953.0 199703.0 220747.0 236376.0 247212.0 253992.0 257444.0 258232.00000000003 256929.00000000003 254016.00000000003 249888.0
10 1.0 244.01395324664284 -17.773289855350427 -0.07824799409525712 -0.7883382523994841 -0.4678840405080305 -0.20173951312369431 0.09797054138647107 -0.08314253548907476 23120.0 50334.0 82922.0 115573.0 144784.0 168907.0 187573.0 201129.0 210237.0 215651.0 218093.0 218204.0 216523.0 213494.0 209475.0 204747.0
11 1.0 97.20287034917935 77.27245511448851 -0.07824799409525712 -0.7883382523994841 -0.4678840405080305 -0.20173951312369431 0.09797054138647107 -0.08314253548907476 18867.0 45927.0 81729.0 120386.0 157091.0 188996.0 214919.0 234768.0 249044.0 258504.99999999997 263964.0 266193.0 265872.0 263579.0 259791.0 254894.0
12 1.0 264.66984796413414 -72.06931256017117 -0.07824799409525712 -0.7883382523994841 -0.4678840405080305 -0.20173951312369431 0.09797054138647107 -0.08314253548907476 24968.0 57363.0 97970.0 139992.0 178499.0 210915.0 236433.0 255299.0 268270.0 276284.0 280271.0 281071.0 279406.0 275871.0 270950.0 265027.0
13 1.0 346.38787624227774 80.15427602623433 -0.07824799409525712 -0.7883382523994841 -0.4678840405080305 -0.20173951312369431 0.09797054138647107 -0.08314253548907476 18594.0 48072.0 88669.0 133543.0 176728.0 214538.0 245356.0 268961.0 285906.0 297083.0 303475.0 306014.0 305524.0 302704.0 298126.0 292256.0
14 1.0 89.55113166718489 66.5079354983938 -0.07824799409525712 -0.7883382523994841 -0.4678840405080305 -0.20173951312369431 0.09797054138647107 -0.08314253548907476 20567.0 47393.0 81343.0 116880.0 149856.0 177999.0 200503.0 217459.0 229424.0 237133.0 241343.0 242751.0 241964.0 239490.0 235747.0 231070.0
15 1.0 207.4166403904213 -8.25076855664068 -0.07824799409525712 -0.7883382523994841 -0.4678840405080305 -0.20173951312369431 0.09797054138647107 -0.08314253548907476 22696.0 56587.0 101804.0 150574.0 196560.0 236086.0 267718.0 291456.0 308055.0 318572.0 324108.0 325684.0 324184.0 320347.0 314773.0 307943.0
16 1.0 213.13509525786205 -31.19384128171319 -0.07824799409525712 -0.7883382523994841 -0.4678840405080305 -0.20173951312369431 0.09797054138647107 -0.08314253548907476 32841.0 74738.0 126508.00000000001 179283.0 226872.0 266223.0 296553.0 318374.0 332792.0 341081.0 344473.0 344052.0 340731.0 335255.0 328219.0 320089.0
17 1.0 206.01068608471442 -48.10605672976977 -0.07824799409525712 -0.7883382523994841 -0.4678840405080305 -0.20173951312369431 0.09797054138647107 -0.08314253548907476 33165.0 76345.0 130081.0 185055.0 234696.0 275743.0 307343.0 330026.0 344955.0 353473.0 356875.0 356305.0 352720.0 346902.0 339473.0 330920.0
18 1.0 80.30938775062259 20.603647165837387 -0.07824799409525712 -0.7883382523994841 -0.4678840405080305 -0.20173951312369431 0.09797054138647107 -0.08314253548907476 18063.0 38822.0 63260.0 87340.0 108523.0 125707.00000000001 138743.0 147980.0 153973.0 157318.0 158565.0 158190.0 156588.0 154079.0 150913.0 147289.0
19 1.0 342.9896441461146 -84.04657353440899 -0.07824799409525712 -0.7883382523994841 -0.4678840405080305 -0.20173951312369431 0.09797054138647107 -0.08314253548907476 20242.0 50614.0 91323.0 135469.0 177357.0 213623.0 242901.0 265117.0 280892.0 291136.0 296820.0 298848.0 298014.0 294986.0 290312.0 284431.0
20 1.0 160.96513630234585 -87.19090839957092 -0.07824799409525712 -0.7883382523994841 -0.4678840405080305 -0.20173951312369431 0.09797054138647107 -0.08314253548907476 21815.0 54581.0 98396.0 145733.0 190444.0 228945.0 259826.99999999997 283073.0 299397.0 309813.0 315383.0 317092.0 315796.0 312210.0 306919.0 300389.0
21 1.0 304.707122089606 -12.816769950317195 -0.07824799409525712 -0.7883382523994841 -0.4678840405080305 -0.20173951312369431 0.09797054138647107 -0.08314253548907476 3427.0 9439.0 18454.0 29291.0 40634.0 51460.0 61136.0 69360.0 76057.0 81292.0 85202.0 87955.0 89723.0 90669.0 90941.0 90667.0
22 1.0 251.81253911430156 -77.74666668455036 -0.07824799409525712 -0.7883382523994841 -0.4678840405080305 -0.20173951312369431 0.09797054138647107 -0.08314253548907476 25116.0 59081.0 102407.0 147747.0 189599.0 225003.0 252966.00000000003 273690.0 287970.0 296815.0 301241.0 302169.0 300392.0 296566.0 291222.0 284786.0
23 1.0 107.07730230784811 -44.65062211570328 -0.07824799409525712 -0.7883382523994841 -0.4678840405080305 -0.20173951312369431 0.09797054138647107 -0.08314253548907476 9089.0 25314.0 49405.0 77811.0 106796.0 133641.0 156822.0 175751.0 190443.0 201244.0 208651.0 213195.0 215387.0 215681.0 214474.0 212096.0
24 1.0 292.9672150928918 -50.19103523770491 -0.07824799409525712 -0.7883382523994841 -0.4678840405080305 -0.20173951312369431 0.09797054138647107 -0.08314253548907476 14760.0 33695.0 57526.0 82433.0 105582.0 125424.00000000001 141404.0 153575.0 162305.0 168082.0 171416.0 172778.0 172581.0 171172.0 168840.0 165820.0
25 1.0 142.74206670491446 -44.425585129886656 -0.07824799409525712 -0.7883382523994841 -0.4678840405080305 -0.20173951312369431 0.09797054138647107 -0.08314253548907476 10505.0 29635.0 58233.0 92015.0 126436.0 158187.0 185430.0 207481.0 224393.0 236620.0 244787.0 249558.0 251560.0 251352.00000000003 249412.0 246138.0
26 1.0 317.1971509600182 -66.4100583812536 -0.07824799409525712 -0.7883382523994841 -0.4678840405080305 -0.20173951312369431 0.09797054138647107 -0.08314253548907476 16728.0 40732.0 72502.0 106840.0 139503.0 167967.0 191175.0 209029.0 221956.0 230611.0 235708.0 237923.0 237855.0 236014.0 232822.0 228624.0
27 1.0 209.25823414890914 -87.83347987842222 -0.07824799409525712 -0.7883382523994841 -0.4678840405080305 -0.20173951312369431 0.09797054138647107 -0.08314253548907476 22190.0 55038.0 98681.0 145639.0 189866.0 227874.0 258313.00000000003 281192.0 297234.0 307447.0 312882.0 314512.0 313181.0 309596.0 304330.0 297846.0
28 1.0 317.424730267747 -69.21282651502534 -0.07824799409525712 -0.7883382523994841 -0.4678840405080305 -0.20173951312369431 0.09797054138647107 -0.08314253548907476 17591.0 42851.0 76246.0 112281.0 146484.0 176214.0 200383.0 218909.0 232257.0 241132.0 246288.0 248441.0 248222.0 246165.0 242714.0 238227.0
29 1.0 249.3113724279957 21.32644671229461 -0.07824799409525712 -0.7883382523994841 -0.4678840405080305 -0.20173951312369431 0.09797054138647107 -0.08314253548907476 9674.0 25921.0 49349.0 76416.0 103626.0 128533.00000000001 149825.0 167049.0 180286.0 189901.0 196383.0 200238.0 201946.0 201932.0 200562.0 198140.0
0 1.0 261.09154073507057 85.36611830724905 -0.07824799409525712 -0.7883382523994841 -0.4678840405080305 -0.20173951312369431 0.09797054138647107 -0.08314253548907476 15720.000000000002 41788.0 78589.0 120063.0 160632.0 196683.0 226502.0 249712.0 266711.0 278256.0 285225.0 288470.0 288758.0 286748.0 282985.0 277915.0
1 1.0 180.47677749361281 88.26210028096091 -0.07824799409525712 -0.7883382523994841 -0.4678840405080305 -0.20173951312369431 0.09797054138647107 -0.08314253548907476 16527.0 42995.0 79777.0 120807.0 160659.0 195891.0 224914.0 247424.0 263844.0 274941.0 281578.0 284592.0 284735.0 282646.0 278859.0 273805.0
2 1.0 344.1901085003606 -16.37026283284891 -0.07824799409525712 -0.7883382523994841 -0.4678840405080305 -0.20173951312369431 0.09797054138647107 -0.08314253548907476 7020.0 19838.0 39224.0 62489.0 86637.0 109379.0 129350.0 145953.0 159103.0 169019.0 176066.0 180657.0 183202.0 184078.0 183614.0 182092.0
3 1.0 231.83647172266947 -60.66820331161104 -0.07824799409525712 -0.7883382523994841 -0.4678840405080305 -0.20173951312369431 0.09797054138647107 -0.08314253548907476 31947.000000000004 70895.0 118085.0 165582.0 208055.0 242981.0 269796.0 289031.0 301702.0 308956.0 311883.0 311443.0 308442.0 303535.0 297244.0 289984.0
4 1.0 152.5878174809447 24.977116325975274 -0.07824799409525712 -0.7883382523994841 -0.4678840405080305 -0.20173951312369431 0.09797054138647107 -0.08314253548907476 4410.0 12908.0 26223.0 42684.0 60226.0 77153.0 92372.0 105332.0 115872.0 124071.0 130143.00000000001 134356.0 136989.0 138310.0 138558.0 137944.0
5 1.0 218.30155708605275 -1.7450376212273113 -0.07824799409525712 -0.7883382523994841 -0.4678840405080305 -0.20173951312369431 0.09797054138647107 -0.08314253548907476 21486.0 52740.0 94136.0 138700.0 180781.0 217084.0 246303.0 268407.0 284043.0 294139.0 299673.0 301557.0 300586.0 297430.0 292635.0 286642.0
6 1.0 6.909551391360069 88.09375991119765 -0.07824799409525712 -0.7883382523994841 -0.4678840405080305 -0.20173951312369431 0.09797054138647107 -0.08314253548907476 17569.0 45306.0 83542.0 125919.0 166851.0 202851.0 232354.0 255105.00000000003 271584.0 282603.0 289070.0 291853.0 291725.0 289345.0 285256.0 279901.0
7 1.0 108.56693400283775 -78.24524271267956 -0.07824799409525712 -0.7883382523994841 -0.4678840405080305 -0.20173951312369431 0.09797054138647107 -0.08314253548907476 18696.0 48983.0 90984.0 137537.0 182352.0 221540.0 253408.00000000003 277732.0 295106.0 306477.0 312882.0 315301.0 314596.0 311498.0 306602.0 300390.0
8 1.0 237.66247349736662 50.98219889648635 -0.07824799409525712 -0.7883382523994841 -0.4678840405080305 -0.20173951312369431 0.09797054138647107 -0.08314253548907476 10217.0 29378.0 58353.0 92782.0 127954.00000000001 160420.0 188262.0 210764.0 227981.0 240386.0 248628.0 253394.99999999997 255336.0 255025.0 252956.0 249537.0
9 1.0 104.42793859575987 -38.0882704803311 -0.07824799409525712 -0.7883382523994841 -0.4678840405080305 -0.20173951312369431 0.09797054138647107 -0.08314253548907476 7920.999999999999 22019.0 42993.0 67819.0 93280.0 116999.0 137616.0 154574.0 167850.0 177715.0 184583.0 188906.0 191124.0 191634.0 190783.0 188865.0
10 1.0 222.48555443958296 -46.54464838621668 -0.07824799409525712 -0.7883382523994841 -0.4678840405080305 -0.20173951312369431 0.09797054138647107 -0.08314253548907476 34947.0 76880.0 127219.0 177489.0 222114.0 258541.00000000003 286280.0 305971.0 318741.0 325832.0 328411.0 327499.0 323946.0 318439.0 311528.0 303640.0
11 1.0 154.35673234047582 29.250822875881667 -0.07824799409525712 -0.7883382523994841 -0.4678840405080305 -0.20173951312369431 0.09797054138647107 -0.08314253548907476 4928.0 14289.0 28810.0 46615.0 65446.00000000001 83492.0 99608.0 113238.0 124240.0 132724.0 138936.0 143173.0 145744.0 146935.0 147006.0 146180.0
12 1.0 48.770663120082084 -45.70862670162639 -0.07824799409525712 -0.7883382523994841 -0.4678840405080305 -0.20173951312369431 0.09797054138647107 -0.08314253548907476 14518.0 39365.0 74999.0 115613.0 155686.0 191546.0 221396.0 244781.0 262034.0 273874.0 281147.0 284692.0 285265.0 283520.0 280000.0 275153.0
13 1.0 107.38163734417108 29.854641160653784 -0.07824799409525712 -0.7883382523994841 -0.4678840405080305 -0.20173951312369431 0.09797054138647107 -0.08314253548907476 8459.0 19606.0 33899.0 49108.0 63503.00000000001 76074.0 86405.0 94457.0 100401.0 104501.0 107048.0 108322.0 108573.0 108019.0 106840.0 105186.0
14 1.0 205.18736785245537 3.11553309641198 -0.07824799409525712 -0.7883382523994841 -0.4678840405080305 -0.20173951312369431 0.09797054138647107 -0.08314253548907476 17451.0 46119.0 86245.0 131075.0 174542.0 212814.0 244154.0 268266.0 285660.0 297216.0 303913.0 306690.0 306381.0 303692.0 299208.0 293399.0
15 1.0 212.71419404934235 -13.663982081547132 -0.07824799409525712 -0.7883382523994841 -0.4678840405080305 -0.20173951312369431 0.09797054138647107 -0.08314253548907476 26320.0 62794.0 109799.0 159282.0 205099.0 243898.0 274526.0 297182.0 312734.0 322298.0 327002.0 327867.0 325772.0 321441.0 315463.0 308305.0
16 1.0 206.75708958584838 9.843805559055411 -0.07824799409525712 -0.7883382523994841 -0.4678840405080305 -0.20173951312369431 0.09797054138647107 -0.08314253548907476 15500.0 41866.0 79477.0 122117.0 163964.0 201208.0 232028.0 256009.0 273550.0 285439.0 292586.0 295880.0 296118.0 293983.0 290045.0 284764.0
17 1.0 235.1522951485681 -38.330726414466646 -0.07824799409525712 -0.7883382523994841 -0.4678840405080305 -0.20173951312369431 0.09797054138647107 -0.08314253548907476 32755.0 70075.0 113809.0 156739.0 194370.0 224783.0 247744.0 263900.0 274259.0 279889.0 281781.0 280788.0 277619.0 272844.0 266914.0 260185.0
18 1.0 234.757177200608 37.1834471291362 -0.07824799409525712 -0.7883382523994841 -0.4678840405080305 -0.20173951312369431 0.09797054138647107 -0.08314253548907476 10480.0 29620.0 58184.0 91829.0 125994.0 157397.0 184243.0 205887.0 222412.0 234291.0 242160.0 246686.0 248494.0 248139.0 246094.0 242753.0
19 1.0 155.31063675623062 -15.325763519958471 -0.07824799409525712 -0.7883382523994841 -0.4678840405080305 -0.20173951312369431 0.09797054138647107 -0.08314253548907476 5573.0 16865.0 34962.0 57637.0 81977.0 105543.0 126745.0 144775.0 159389.0 170701.0 179012.0 184708.0 188189.0 189837.0 189992.0 188952.0
20 1.0 322.75677450638267 -25.101799112539396 -0.07824799409525712 -0.7883382523994841 -0.4678840405080305 -0.20173951312369431 0.09797054138647107 -0.08314253548907476 5164.0 14135.0 27436.0 43231.0 59550.0 74908.0 88429.0 99729.0 108753.0 115643.0 120630.0 123981.0 125960.99999999999 126814.00000000001 126755.0 125969.0
21 1.0 132.32227321724275 59.158244620032804 -0.07824799409525712 -0.7883382523994841 -0.4678840405080305 -0.20173951312369431 0.09797054138647107 -0.08314253548907476 11333.0 28476.0 51995.0 78247.0 103975.0 127057.0 146456.0 161897.0 173558.0 181846.0 187249.0 190260.0 191332.0 190859.0 189178.0 186569.0
22 1.0 156.91137309562566 76.4940441515746 -0.07824799409525712 -0.7883382523994841 -0.4678840405080305 -0.20173951312369431 0.09797054138647107 -0.08314253548907476 14239.0 37108.0 69098.0 105072.0 140332.0 171817.0 198051.0 218674.0 233983.0 244592.0 251224.99999999997 254595.00000000003 255352.00000000003 254056.0 251179.0 247106.0
23 1.0 321.092407805642 -81.71868404028655 -0.07824799409525712 -0.7883382523994841 -0.4678840405080305 -0.20173951312369431 0.09797054138647107 -0.08314253548907476 20523.0 50600.0 90510.0 133513.0 174145.0 209224.0 237486.0 258897.0 274077.0 283918.0 289357.0 291272.0 290428.0 287467.0 282917.0 277203.0
24 1.0 290.22983605659084 -48.12714129064221 -0.07824799409525712 -0.7883382523994841 -0.4678840405080305 -0.20173951312369431 0.09797054138647107 -0.08314253548907476 14708.0 33270.0 56431.0 80472.0 102687.0 121628.0 136801.0 148291.0 156473.0 161834.0 164870.0 166038.0 165733.0 164291.0 161985.0 159036.0
25 1.0 253.39989007453187 -27.266513491338614 -0.07824799409525712 -0.7883382523994841 -0.4678840405080305 -0.20173951312369431 0.09797054138647107 -0.08314253548907476 22886.0 48613.0 78502.0 107611.0 132933.0 153239.0 168437.0 179017.0 185693.0 189209.0 190243.0 189375.0 187084.0 183750.0 179675.0 175093.0
26 1.0 36.0816794324284 56.693966286644525 -0.07824799409525712 -0.7883382523994841 -0.4678840405080305 -0.20173951312369431 0.09797054138647107 -0.08314253548907476 31108.0 70815.0 119995.0 170289.0 215812.0 253620.99999999997 282917.0 304143.0 318314.0 326622.0 330225.0 330150.0 327265.0 322281.0 315766.0 308170.0
27 1.0 331.0137409480825 87.38845697579356 -0.07824799409525712 -0.7883382523994841 -0.4678840405080305 -0.20173951312369431 0.09797054138647107 -0.08314253548907476 17264.0 44855.0 83100.0 125638.0 166828.0 203120.0 232905.0 255903.0 272584.0 283760.0 290342.0 293204.0 293125.0 290770.0 286689.0 281326.0
28 1.0 257.1268678376801 84.41490684066332 -0.07824799409525712 -0.7883382523994841 -0.4678840405080305 -0.20173951312369431 0.09797054138647107 -0.08314253548907476 15417.0 41201.0 77752.0 119069.0 159578.0 195643.0 225525.0 248827.0 265926.0 277574.0 284640.0 287974.0 288342.0 286402.0 282700.0 277683.0
29 1.0 359.5849223644319 72.89070219898684 -0.07824799409525712 -0.7883382523994841 -0.4678840405080305 -0.20173951312369431 0.09797054138647107 -0.08314253548907476 21007.0 53212.0 96763.0 144212.0 189322.0 228376.0 259853.0 283663.0 300481.0 311307.0 317202.0 319159.0 318043.0 314580.0 309366.0 302877.0
0 1.0 53.80138967687775 -36.619872288474625 -0.07824799409525712 -0.7883382523994841 -0.4678840405080305 -0.20173951312369431 0.09797054138647107 -0.08314253548907476 14550.0 38879.0 73399.0 112477.0 150870.0 185137.0 213618.0 235911.0 252354.00000000003 263639.0 270576.0 273961.0 274515.0 272858.0 269507.0 264887.0
1 1.0 312.52538065255715 88.56202381460534 -0.07824799409525712 -0.7883382523994841 -0.4678840405080305 -0.20173951312369431 0.09797054138647107 -0.08314253548907476 16988.0 44193.0 81958.0 124019.0 164798.0 200774.0 230340.0 253205.0 269823.0 280990.0 287602.0 290523.0 290522.0 288258.0 284273.0 279011.0
2 1.0 58.497456483494936 -45.10439260983878 -0.07824799409525712 -0.7883382523994841 -0.4678840405080305 -0.20173951312369431 0.09797054138647107 -0.08314253548907476 13926.0 37690.0 71768.0 110651.0 149085.0 183563.0 212353.0 234996.0 251790.0 263404.0 270635.0 274277.0 275049.0 273574.0 270372.0 265871.0
3 1.0 221.6014431421839 -70.9368921211982 -0.07824799409525712 -0.7883382523994841 -0.4678840405080305 -0.20173951312369431 0.09797054138647107 -0.08314253548907476 28912.0 67027.0 114919.0 164393.0 209522.0 247251.0 276674.0 298147.0 312628.0 321272.0 325212.0 325463.0 322887.0 318190.0 311940.0 304590.0
4 1.0 44.57519382579895 81.17146998997094 -0.07824799409525712 -0.7883382523994841 -0.4678840405080305 -0.20173951312369431 0.09797054138647107 -0.08314253548907476 20578.0 50875.0 91262.0 134963.0 176405.0 212300.0 241305.0 263345.0 279028.0 289244.0 294947.0 297028.0 296270.0 293331.0 288752.0 282970.0
5 1.0 305.2829625560044 -47.98435401574267 -0.07824799409525712 -0.7883382523994841 -0.4678840405080305 -0.20173951312369431 0.09797054138647107 -0.08314253548907476 11485.0 27499.0 48586.0 71426.0 93298.0 112551.0 128455.99999999999 140900.0 150118.0 156504.0 160503.0 162543.0 163013.0 162246.0 160523.0 158074.0
6 1.0 290.63482514100383 34.15828771399508 -0.07824799409525712 -0.7883382523994841 -0.4678840405080305 -0.20173951312369431 0.09797054138647107 -0.08314253548907476 4959.0 14749.0 30242.0 49502.0 70085.0 89974.0 107865.0 123099.0 135481.0 145107.0 152225.0 157153.0 160223.0 161748.0 162012.0 161263.0
7 1.0 204.8762659012536 -79.49585538349405 -0.07824799409525712 -0.7883382523994841 -0.4678840405080305 -0.20173951312369431 0.09797054138647107 -0.08314253548907476 25199.0 60974.0 107504.0 156762.0 202539.0 241408.0 272166.0 294973.0 310681.0 320396.0 325241.0 326237.0 324260.0 320038.0 314158.0 307088.0
8 1.0 146.58598700135988 41.52763784294572 -0.07824799409525712 -0.7883382523994841 -0.4678840405080305 -0.20173951312369431 0.09797054138647107 -0.08314253548907476 6235.0 17165.0 33403.0 52673.0 72530.0 91143.0 107443.0 120972.0 131682.0 139762.0 145513.0 149273.0 151373.0 152118.0 151773.0 150565.0
9 1.0 24.900118363849696 68.70963822009114 -0.07824799409525712 -0.7883382523994841 -0.4678840405080305 -0.20173951312369431 0.09797054138647107 -0.08314253548907476 25444.0 61031.0 107124.0 155843.0 201109.0 239564.0 270022.0 292639.0 308245.0 317927.0 322788.0 323834.0 321930.0 317795.0 312010.0 305038.0
10 1.0 251.07435833204292 -40.96135881612675 -0.07824799409525712 -0.7883382523994841 -0.4678840405080305 -0.20173951312369431 0.09797054138647107 -0.08314253548907476 27870.0 58839.0 94606.0 129285.00000000001 159356.0 183419.0 201406.0 213922.0 221819.0 225979.0 227199.0 226164.0 223434.0 219458.0 214592.0 209114.0
11 1.0 163.27536576410478 -21.76975870606286 -0.07824799409525712 -0.7883382523994841 -0.4678840405080305 -0.20173951312369431 0.09797054138647107 -0.08314253548907476 8793.0 25594.0 51409.0 82561.0 114859.0 145107.0 171430.0 193044.0 209887.0 222310.0 230854.0 236118.0 238682.0 239071.0 237737.0 235065.0
12 1.0 259.94001580932525 -22.6266870022351 -0.07824799409525712 -0.7883382523994841 -0.4678840405080305 -0.20173951312369431 0.09797054138647107 -0.08314253548907476 17972.0 38676.0 63071.0 87126.0 108296.0 125469.0 138487.0 147694.0 153642.0 156928.0 158104.0 157653.0 155972.0 153384.0 150146.0 146457.0
13 1.0 311.8976373343065 44.781886357223954 -0.07824799409525712 -0.7883382523994841 -0.4678840405080305 -0.20173951312369431 0.09797054138647107 -0.08314253548907476 7404.0 21934.0 44645.0 72447.0 101644.0 129316.99999999999 153689.0 173954.0 189975.0 202008.0 210502.0 215971.0 218928.0 219839.0 219117.0 217110.0
14 1.0 351.1877418010389 -47.19469634297301 -0.07824799409525712 -0.7883382523994841 -0.4678840405080305 -0.20173951312369431 0.09797054138647107 -0.08314253548907476 11466.0 30624.0 57998.0 89298.0 120420.0 148581.0 172362.0 191334.0 205674.0 215862.0 222498.0 226191.0 227502.0 226923.0 224872.0 221694.0
15 1.0 308.08920326133995 -59.06644217142426 -0.07824799409525712 -0.7883382523994841 -0.4678840405080305 -0.20173951312369431 0.09797054138647107 -0.08314253548907476 15135.0 36151.0 63628.00000000001 93133.0 121116.0 145489.0 165391.0 180753.0 191939.0 199502.0 204039.0 206117.0 206240.0 204836.0 202263.0 198811.0
16 1.0 4.21707030660071 -9.127503236207147 -0.07824799409525712 -0.7883382523994841 -0.4678840405080305 -0.20173951312369431 0.09797054138647107 -0.08314253548907476 12621.0 34853.0 67354.0 105017.0 142732.0 176959.0 205851.0 228829.0 246093.0 258236.00000000003 266010.0 270175.0 271435.0 270405.0 267604.0 263459.0
17 1.0 129.592103212211 -35.19568667208249 -0.07824799409525712 -0.7883382523994841 -0.4678840405080305 -0.20173951312369431 0.09797054138647107 -0.08314253548907476 6581.0 19026.0 38232.0 61642.0 86242.0 109658.0 130422.00000000001 147851.0 161801.0 172451.0 180145.0 185289.0 188294.0 189538.0 189361.0 188051.0
18 1.0 262.7966024726609 61.05404200655744 -0.07824799409525712 -0.7883382523994841 -0.4678840405080305 -0.20173951312369431 0.09797054138647107 -0.08314253548907476 10219.0 29438.0 58543.0 93165.0 128564.00000000001 161263.0 189320.0 212007.0 229375.0 241897.0 250222.99999999997 255047.00000000003 257021.0 256724.99999999997 254654.0 251220.0
19 1.0 61.78668381411859 -47.20647131718502 -0.07824799409525712 -0.7883382523994841 -0.4678840405080305 -0.20173951312369431 0.09797054138647107 -0.08314253548907476 13668.0 37076.0 70718.0 109171.0 147241.0 181444.0 210045.0 232575.0 249318.0 260927.00000000003 268188.0 271882.0 272722.0 271325.0 268206.0 263792.0
20 1.0 187.57317823348654 0.4301023480670665 -0.07824799409525712 -0.7883382523994841 -0.4678840405080305 -0.20173951312369431 0.09797054138647107 -0.08314253548907476 12485.0 35192.0 68810.0 108019.0 147391.0 183136.0 213273.0 237183.0 255077.0 267593.0 275529.0 279694.0 280835.0 279599.0 276532.0 272083.0
21 1.0 19.561675802131305 79.66504794562746 -0.07824799409525712 -0.7883382523994841 -0.4678840405080305 -0.20173951312369431 0.09797054138647107 -0.08314253548907476 20737.0 51800.0 93470.0 138706.0 181665.0 218882.0 248937.0 271743.0 287932.0 298438.0 304255.0 306316.0 305436.0 302303.0 297480.0 291419.0
22 1.0 71.99874896270403 24.119585594038938 -0.07824799409525712 -0.7883382523994841 -0.4678840405080305 -0.20173951312369431 0.09797054138647107 -0.08314253548907476 23569.0 50013.0 80718.0 110623.0 136653.0 157559.0 173250.0 184225.0 191211.0 194961.0 196164.0 195407.0 193176.0 189857.0 185759.0 181122.0
23 1.0 6.66784600582103 66.11209298324366 -0.07824799409525712 -0.7883382523994841 -0.4678840405080305 -0.20173951312369431 0.09797054138647107 -0.08314253548907476 23489.0 58320.0 104590.0 154310.0 201030.0 241053.0 272967.0 296817.0 313401.0 323812.0 329183.0 330557.0 328835.0 324767.0 318961.0 311904.0
24 1.0 285.7311732086714 79.23774408385813 -0.07824799409525712 -0.7883382523994841 -0.4678840405080305 -0.20173951312369431 0.09797054138647107 -0.08314253548907476 14742.0 40156.0 76686.0 118351.0 159449.0 196193.0 226737.0 250618.0 268189.0 280198.0 287524.0 291032.0 291503.0 289608.0 285908.0 280860.0
25 1.0 80.61288770173685 45.13767513954335 -0.07824799409525712 -0.7883382523994841 -0.4678840405080305 -0.20173951312369431 0.09797054138647107 -0.08314253548907476 23266.0 49754.0 80802.0 111310.0 138108.0 159844.0 176349.0 188070.0 195705.0 199996.0 201630.0 201203.0 199210.0 196050.0 192043.0 187440.0
26 1.0 124.32660505088496 35.92351084045525 -0.07824799409525712 -0.7883382523994841 -0.4678840405080305 -0.20173951312369431 0.09797054138647107 -0.08314253548907476 6201.0 15762.000000000002 29137.0 44379.0 59646.0 73660.0 85730.0 95604.0 103307.0 109022.0 112995.0 115493.0 116769.0 117055.0 116549.0 115420.0
27 1.0 334.1092656476127 84.23380198876086 -0.07824799409525712 -0.7883382523994841 -0.4678840405080305 -0.20173951312369431 0.09797054138647107 -0.08314253548907476 17585.0 45786.0 84893.0 128371.00000000001 170429.0 207434.0 237750.0 261104.99999999997 277993.0 289256.0 295832.0 298619.0 298418.0 295907.0 291648.0 286096.0
28 1.0 253.5891846924718 88.99214213658229 -0.07824799409525712 -0.7883382523994841 -0.4678840405080305 -0.20173951312369431 0.09797054138647107 -0.08314253548907476 16705.0 43542.0 80871.0 122515.0 162953.0 198680.0 228088.0 250869.0 267462.0 278649.0 285311.0 288303.0 288386.0 286212.0 282321.0 277154.0
29 1.0 11.462014631270826 -8.672097119443265 -0.07824799409525712 -0.7883382523994841 -0.4678840405080305 -0.20173951312369431 0.09797054138647107 -0.08314253548907476 15175.0 41200.0 78514.0 120982.0 162790.0 200094.0 231032.0 255157.00000000003 272847.0 284877.0 292150.0 295553.0 295883.0 293826.0 289951.0 284721.0
0 1.0 59.289896339248585 -77.2434399268425 -0.07824799409525712 -0.7883382523994841 -0.4678840405080305 -0.20173951312369431 0.09797054138647107 -0.08314253548907476 17580.0 46317.0 86425.0 131143.0 174435.0 212507.0 243655.0 267598.0 284857.0 296311.0 302938.0 305670.0 305338.0 302643.0 298166.0 292374.0
1 1.0 223.73222453991488 -37.29707434070661 -0.07824799409525712 -0.7883382523994841 -0.4678840405080305 -0.20173951312369431 0.09797054138647107 -0.08314253548907476 34473.0 75520.0 124658.0 173651.0 217114.0 252589.0 279614.0 298816.0 311287.0 318233.0 320787.0 319939.0 316514.0 311180.0 304472.0 296807.0
2 1.0 207.80229189750034 -62.57615297620852 -0.07824799409525712 -0.7883382523994841 -0.4678840405080305 -0.20173951312369431 0.09797054138647107 -0.08314253548907476 31119.0 72144.0 123562.0 176487.0 224548.0 264514.0 295479.0 317883.0 332800.0 341499.0 345215.0 345043.0 341907.0 336564.0 329619.0 321547.0
3 1.0 85.64141569482311 -14.852452536717877 -0.07824799409525712 -0.7883382523994841 -0.4678840405080305 -0.20173951312369431 0.09797054138647107 -0.08314253548907476 8949.0 22826.0 42111.0 63865.00000000001 85387.0 104875.0 121406.0 134700.0 144864.0 152206.0 157115.0 159989.0 161202.0 161082.0 159914.0 157931.0
4 1.0 336.3170392529258 -66.36792087481392 -0.07824799409525712 -0.7883382523994841 -0.4678840405080305 -0.20173951312369431 0.09797054138647107 -0.08314253548907476 15678.999999999998 39510.0 71886.0 107510.0 141837.0 172057.0 196915.0 216206.0 230318.0 239905.0 245700.0 248410.0 248664.0 247005.0 243879.0 239656.0
5 1.0 221.02774414772256 18.741204723758756 -0.07824799409525712 -0.7883382523994841 -0.4678840405080305 -0.20173951312369431 0.09797054138647107 -0.08314253548907476 14079.0 37900.0 71952.0 110737.0 149038.0 183381.0 212053.0 234602.0 251328.0 262897.0 270102.0 273732.0 274504.0 273036.0 269847.0 265364.0
6 1.0 192.827809088985 -21.094549351586267 -0.07824799409525712 -0.7883382523994841 -0.4678840405080305 -0.20173951312369431 0.09797054138647107 -0.08314253548907476 21945.0 56137.0 102500.0 152952.0 200746.0 241912.0 274871.0 299586.0 316837.0 327731.0 333425.0 334994.0 333365.0 329314.0 323469.0 316330.0
7 1.0 212.36759148764554 71.1694591718778 -0.07824799409525712 -0.7883382523994841 -0.4678840405080305 -0.20173951312369431 0.09797054138647107 -0.08314253548907476 12205.0 34028.0 66126.0 103451.0 140909.0 174948.0 203711.0 226606.0 243823.0 255950.0 263729.0 267918.0 269216.0 268234.0 265488.0 261404.00000000003
8 1.0 262.8439306260371 84.20304092373033 -0.07824799409525712 -0.7883382523994841 -0.4678840405080305 -0.20173951312369431 0.09797054138647107 -0.08314253548907476 15432.0 41271.0 77915.0 119341.0 159957.0 196112.0 226064.0 249413.0 266541.0 278201.0 285267.0 288593.0 288946.0 286985.0 283261.0 278220.0
9 1.0 112.30019837265667 8.43928230049599 -0.07824799409525712 -0.7883382523994841 -0.4678840405080305 -0.20173951312369431 0.09797054138647107 -0.08314253548907476 3956.0000000000005 10451.0 19857.0 30881.0 42188.0 52790.0 62111.0 69896.0 76114.0 80860.0 84294.0 86598.0 87952.0 88524.0 88464.0 87898.0
10 1.0 143.35958239779308 -40.531757423832616 -0.07824799409525712 -0.7883382523994841 -0.4678840405080305 -0.20173951312369431 0.09797054138647107 -0.08314253548907476 9345.0 26651.0 52828.0 84075.0 116220.0 146147.0 172067.0 193261.0 209709.0 221785.0 230038.0 235067.0 237449.0 237700.0 236269.0 233530.0
11 1.0 75.54374963104397 16.601475377130626 -0.07824799409525712 -0.7883382523994841 -0.4678840405080305 -0.20173951312369431 0.09797054138647107 -0.08314253548907476 19336.0 41739.0 68286.0 94636.0 118014.0 137177.0 151904.0 162524.0 169601.0 173751.0 175556.0 175526.0 174088.0 171592.0 168317.0 164487.0
12 1.0 67.02948211692102 71.41700848039378 -0.07824799409525712 -0.7883382523994841 -0.4678840405080305 -0.20173951312369431 0.09797054138647107 -0.08314253548907476 23380.0 54546.0 94247.0 135883.0 174482.0 207325.0 233459.0 253018.00000000003 266683.0 275345.0 279912.0 281217.0 279979.0 276800.0 272169.0 266480.0
13 1.0 339.9740603942161 -16.787997749565307 -0.07824799409525712 -0.7883382523994841 -0.4678840405080305 -0.20173951312369431 0.09797054138647107 -0.08314253548907476 6267.0 17734.0 35141.0 56123.0 78011.0 98742.0 117066.0 132412.0 144676.0 154027.0 160772.0 165273.0 167890.0 168959.0 168775.0 167595.0
14 1.0 266.2382862177435 9.374089804554757 -0.07824799409525712 -0.7883382523994841 -0.4678840405080305 -0.20173951312369431 0.09797054138647107 -0.08314253548907476 6916.0 17967.0 33668.0 51730.0 69922.0 86678.0 101141.0 112992.0 122256.0 129147.00000000001 133961.0 137016.0 138613.0 139029.0 138499.0 137225.0
15 1.0 176.56517110232414 -41.10250183089374 -0.07824799409525712 -0.7883382523994841 -0.4678840405080305 -0.20173951312369431 0.09797054138647107 -0.08314253548907476 20218.0 52755.0 97578.0 146913.0 194065.0 234986.0 267985.0 292926.0 310509.0 321789.0 327888.0 329858.0 328615.0 324926.0 319416.0 312587.0
16 1.0 81.86926607039636 -8.020053098995149 -0.07824799409525712 -0.7883382523994841 -0.4678840405080305 -0.20173951312369431 0.09797054138647107 -0.08314253548907476 10505.0 25688.0 46051.0 68416.0 90074.0 109326.0 125380.99999999999 138073.0 147593.0 154307.0 158637.0 160999.0 161770.0 161280.0 159805.0 157576.0
17 1.0 91.56833343734147 -17.69156363167224 -0.07824799409525712 -0.7883382523994841 -0.4678840405080305 -0.20173951312369431 0.09797054138647107 -0.08314253548907476 7484.0 19651.0 36995.0 56946.0 77002.0 95413.0 111231.0 124118.0 134114.0 141472.0 146530.0 149652.0 151178.0 151416.0 150633.0 149049.0
18 1.0 20.89049771659522 -45.28557628506522 -0.07824799409525712 -0.7883382523994841 -0.4678840405080305 -0.20173951312369431 0.09797054138647107 -0.08314253548907476 14071.0 38267.0 73075.0 112857.0 152208.0 187508.0 216967.0 240110.0 257243.0 269056.0 276375.0 280014.0 280717.0 279124.0 275770.0 271095.0
19 1.0 156.3899852009235 1.0559490885555078 -0.07824799409525712 -0.7883382523994841 -0.4678840405080305 -0.20173951312369431 0.09797054138647107 -0.08314253548907476 4167.0 12799.0 26880.0 44814.0 64360.0 83565.0 101096.0 116231.0 128706.99999999999 138556.0 145982.0 151267.0 154717.0 156629.0 157276.0 156897.0
20 1.0 112.24651751787692 -34.13145132363395 -0.07824799409525712 -0.7883382523994841 -0.4678840405080305 -0.20173951312369431 0.09797054138647107 -0.08314253548907476 6619.0 18651.0 36828.0 58645.0 81316.0 102707.0 121544.0 137256.0 149755.0 159231.0 166014.0 170486.0 173022.0 173972.0 173643.0 172300.0
21 1.0 250.6836559735654 -22.85372450146545 -0.07824799409525712 -0.7883382523994841 -0.4678840405080305 -0.20173951312369431 0.09797054138647107 -0.08314253548907476 22412.0 47998.0 78034.0 107585.0 133571.0 154672.0 170713.0 182123.0 189575.0 193784.0 195418.0 195052.0 193166.0 190147.0 186306.0 181885.0
22 1.0 135.99066214529313 4.494679605767573 -0.07824799409525712 -0.7883382523994841 -0.4678840405080305 -0.20173951312369431 0.09797054138647107 -0.08314253548907476 2708.0 8087.0 16734.0 27699.0 39679.0 51535.0 62479.0 72065.0 80111.0 86609.0 91654.0 95392.0 97991.0 99618.0 100431.0 100571.0
23 1.0 64.65732392146853 45.10710412721775 -0.07824799409525712 -0.7883382523994841 -0.4678840405080305 -0.20173951312369431 0.09797054138647107 -0.08314253548907476 29625.0 63177.0 102408.0 140884.0 174616.0 201903.0 222538.0 237095.0 246464.0 251593.99999999997 253365.0 252539.0 249748.0 245504.0 240214.0 234196.0
24 1.0 8.884342220879242 -29.968656157570443 -0.07824799409525712 -0.7883382523994841 -0.4678840405080305 -0.20173951312369431 0.09797054138647107 -0.08314253548907476 12616.0 34579.0 66475.0 103257.0 139960.0 173178.0 201161.0 223379.0 240047.0 251753.99999999997 259234.00000000003 263227.0 264414.0 263390.0 260656.0 256626.00000000003
25 1.0 24.20986732676949 76.34857799173744 -0.07824799409525712 -0.7883382523994841 -0.4678840405080305 -0.20173951312369431 0.09797054138647107 -0.08314253548907476 22276.0 54763.0 97768.0 143994.0 187550.0 225026.0 255091.0 277741.0 293673.0 303866.0 309348.0 311070.0 309861.0 306415.0 301299.0 294966.0
26 1.0 244.58139845948423 65.21733843046243 -0.07824799409525712 -0.7883382523994841 -0.4678840405080305 -0.20173951312369431 0.09797054138647107 -0.08314253548907476 11162.0 31899.999999999996 63034.00000000001 99782.0 137081.0 171287.0 200419.0 223783.0 241495.0 254099.00000000003 262314.0 266886.0 268512.0 267808.0 265292.0 261397.0
27 1.0 163.33086404017632 -81.23574672440486 -0.07824799409525712 -0.7883382523994841 -0.4678840405080305 -0.20173951312369431 0.09797054138647107 -0.08314253548907476 22450.0 56342.0 101694.0 150662.0 196844.0 236527.0 268267.0 292069.0 308695.0 319213.0 324734.0 326282.0 324749.0 320876.0 315265.0 308399.0
28 1.0 193.16851599914 -44.3443456337719 -0.07824799409525712 -0.7883382523994841 -0.4678840405080305 -0.20173951312369431 0.09797054138647107 -0.08314253548907476 28714.0 69398.0 121980.0 177185.0 227986.0 270631.0 303916.0 328166.0 344449.0 354083.0 358372.0 358486.0 355414.0 349967.0 342796.0 334413.0
29 1.0 322.80166549452315 -9.695607721343649 -0.07824799409525712 -0.7883382523994841 -0.4678840405080305 -0.20173951312369431 0.09797054138647107 -0.08314253548907476 3657.0 10574.0 21365.0 34722.0 49021.0 62914.0 75517.0 86363.0 95297.0 102356.0 107691.0 111503.0 114008.0 115415.0 115917.0 115682.0
0 1.0 356.52202106281356 -71.16698002635466 -0.07824799409525712 -0.7883382523994841 -0.4678840405080305 -0.20173951312369431 0.09797054138647107 -0.08314253548907476 16619.0 42717.0 78603.0 118326.0 156690.0 190455.0 218170.0 239593.0 255168.99999999997 265647.0 271868.0 274638.0 274674.0 272590.0 268892.0 263994.0
1 1.0 78.08291438345061 -27.274321973970522 -0.07824799409525712 -0.7883382523994841 -0.4678840405080305 -0.20173951312369431 0.09797054138647107 -0.08314253548907476 10795.0 28332.0 53114.0 81288.0 109231.0 134506.0 155868.0 172946.0 185892.0 195130.0 201187.0 204601.0 205870.0 205431.0 203658.0 200858.0
2 1.0 238.70815311603627 43.21755461118286 -0.07824799409525712 -0.7883382523994841 -0.4678840405080305 -0.20173951312369431 0.09797054138647107 -0.08314253548907476 10036.0 28662.0 56700.0 89939.0 123860.0 155170.0 182037.0 203780.0 220451.0 232500.0 240548.0 245249.0 247225.0 247026.0 245124.0 241912.0
3 1.0 94.79605562537424 32.49260660570866 -0.07824799409525712 -0.7883382523994841 -0.4678840405080305 -0.20173951312369431 0.09797054138647107 -0.08314253548907476 14176.0 30930.0 50973.0 71002.0 88849.0 103512.0 114786.0 122902.0 128289.99999999999 131425.0 132759.0 132689.0 131549.0 129611.0 127090.00000000001 124159.0
4 1.0 7.434359807662325 22.02919714188087 -0.07824799409525712 -0.7883382523994841 -0.4678840405080305 -0.20173951312369431 0.09797054138647107 -0.08314253548907476 20888.0 54162.0 99745.0 149700.0 197273.0 238425.0 271504.0 296415.0 313897.0 325030.0 330958.0 332747.0 331321.0 327454.0 321774.0 314785.0
5 1.0 273.01631538101094 37.895112490022214 -0.07824799409525712 -0.7883382523994841 -0.4678840405080305 -0.20173951312369431 0.09797054138647107 -0.08314253548907476 6565.0 19042.0 38267.0 61618.0 86051.0 109194.0 129606.0 146637.0 160173.0 170417.0 177731.0 182530.0 185229.0 186210.0 185811.0 184319.0
6 1.0 115.20617429608842 -53.113736347253685 -0.07824799409525712 -0.7883382523994841 -0.4678840405080305 -0.20173951312369431 0.09797054138647107 -0.08314253548907476 11164.0 30996.0 60216.0 94349.0 128814.00000000001 160365.0 187254.0 208876.0 225343.0 237145.0 244929.0 249368.0 251089.99999999997 250651.0 248525.0 245105.0
7 1.0 138.04700190188328 -28.494339324348218 -0.07824799409525712 -0.7883382523994841 -0.4678840405080305 -0.20173951312369431 0.09797054138647107 -0.08314253548907476 5593.0 16547.0 33828.0 55267.0 78135.0 100191.0 119992.0 136816.0 150459.0 161035.0 168829.0 174198.0 177512.0 179123.0 179344.0 178451.0
8 1.0 211.79416087929806 31.723646809943318 -0.07824799409525712 -0.7883382523994841 -0.4678840405080305 -0.20173951312369431 0.09797054138647107 -0.08314253548907476 11501.0 32690.999999999996 64347.0 101567.0 139223.0 173660.0 202912.0 226311.0 243996.0 256531.0 264651.0 269114.0 270626.0 269805.0 267176.0 263171.0
9 1.0 299.17744388502854 68.26225734563889 -0.07824799409525712 -0.7883382523994841 -0.4678840405080305 -0.20173951312369431 0.09797054138647107 -0.08314253548907476 12607.0 35492.0 69327.0 108741.0 148280.0 184141.0 214348.0 238289.0 256186.00000000003 268683.0 276586.0 280711.0 281805.0 280521.0 277405.0 272909.0
10 1.0 226.43346369281355 7.86204968905713 -0.07824799409525712 -0.7883382523994841 -0.4678840405080305 -0.20173951312369431 0.09797054138647107 -0.08314253548907476 17183.0 43286.0 78758.0 117773.0 155327.0 188327.0 215397.0 236326.0 251552.0 261810.0 267913.0 270647.0 270709.0 268694.0 265097.0 260320.0
11 1.0 314.1542359610623 -39.11406282980341 -0.07824799409525712 -0.7883382523994841 -0.4678840405080305 -0.20173951312369431 0.09797054138647107 -0.08314253548907476 7882.0 20004.0 36823.0 55803.0 74612.0 91690.0 106234.0 117991.0 127044.99999999999 133656.0 138152.0 140874.0 142141.0 142237.0 141404.0 139848.0
12 1.0 98.47513253362888 -84.55765355892314 -0.07824799409525712 -0.7883382523994841 -0.4678840405080305 -0.20173951312369431 0.09797054138647107 -0.08314253548907476 20135.0 51539.0 94298.0 141090.0 185715.0 224449.0 255743.0 279477.0 296300.0 307189.0 313187.0 315273.0 314302.0 310995.0 305939.0 299607.0
13 1.0 287.29686020852296 37.8606292153584 -0.07824799409525712 -0.7883382523994841 -0.4678840405080305 -0.20173951312369431 0.09797054138647107 -0.08314253548907476 5606.0 16582.0 33823.0 55107.0 77691.0 99357.0 118698.0 135030.0 148179.0 158282.0 165639.0 170617.0 173591.0 174911.0 174893.0 173807.0
14 1.0 66.8289399501428 -88.58086136848073 -0.07824799409525712 -0.7883382523994841 -0.4678840405080305 -0.20173951312369431 0.09797054138647107 -0.08314253548907476 20951.0 52714.0 95409.0 141735.0 185654.0 223609.0 254164.0 277259.0 293568.0 304065.0 309781.0 311680.0 310598.0 307241.0 302182.0 295883.0
15 1.0 343.0049965099 -22.9177674322208 -0.07824799409525712 -0.7883382523994841 -0.4678840405080305 -0.20173951312369431 0.09797054138647107 -0.08314253548907476 7260.0 20250.0 39667.0 62761.0 86560.0 108846.0 128322.99999999999 144447.0 157165.0 166710.0 173451.0 177798.0 180155.0 180890.0 180325.0 178734.0
16 1.0 247.4957794996135 5.496698621300723 -0.07824799409525712 -0.7883382523994841 -0.4678840405080305 -0.20173951312369431 0.09797054138647107 -0.08314253548907476 13036.0 31790.0 56870.0 84326.0 110816.0 134260.0 153710.0 168985.0 180343.0 188253.0 193244.0 195839.0 196506.0 195654.0 193622.0 190694.0
17 1.0 77.58276376088104 75.98006311809476 -0.07824799409525712 -0.7883382523994841 -0.4678840405080305 -0.20173951312369431 0.09797054138647107 -0.08314253548907476 20913.0 50061.0 88040.0 128556.0 166639.0 199437.0 225843.0 245859.0 260070.00000000003 269305.0 274434.0 276268.0 275517.0 272779.0 268542.0 263205.0
18 1.0 341.0534125760127 -73.89098189407798 -0.07824799409525712 -0.7883382523994841 -0.4678840405080305 -0.20173951312369431 0.09797054138647107 -0.08314253548907476 17711.0 44528.0 80769.0 120404.0 158343.0 191498.0 218546.0 239328.0 254332.0 264327.0 270155.0 272614.0 272414.0 270154.0 266332.0 261351.99999999997
19 1.0 263.1080904372568 -16.930382045708924 -0.07824799409525712 -0.7883382523994841 -0.4678840405080305 -0.20173951312369431 0.09797054138647107 -0.08314253548907476 14340.0 31529.0 52297.0 73255.0 92130.0 107834.0 120103.0 129134.0 135334.0 139170.0 141094.0 141506.0 140745.0 139094.0 136778.0 133979.0
20 1.0 91.4189913342093 -85.6236240521716 -0.07824799409525712 -0.7883382523994841 -0.4678840405080305 -0.20173951312369431 0.09797054138647107 -0.08314253548907476 20304.0 51771.0 94492.0 141156.0 185604.0 224150.0 255273.00000000003 278862.0 295574.0 306381.0 312325.0 314378.0 313392.0 310083.0 305036.0 298721.0
21 1.0 76.79231185229351 -28.33002281851374 -0.07824799409525712 -0.7883382523994841 -0.4678840405080305 -0.20173951312369431 0.09797054138647107 -0.08314253548907476 11077.0 29119.0 54630.0 83627.0 112368.0 138337.0 160258.0 177752.0 190983.0 200394.0 206534.0 209959.0 211184.0 210662.0 208777.0 205847.0
22 1.0 186.55225701503878 22.00159059116308 -0.07824799409525712 -0.7883382523994841 -0.4678840405080305 -0.20173951312369431 0.09797054138647107 -0.08314253548907476 9192.0 26685.0 53422.0 85505.0 118584.0 149396.0 176064.0 197836.0 214693.0 227027.0 235415.0 240481.0 242825.0 242984.0 241422.0 238526.0
23 1.0 9.238578499631366 -39.767769318852295 -0.07824799409525712 -0.7883382523994841 -0.4678840405080305 -0.20173951312369431 0.09797054138647107 -0.08314253548907476 12788.0 34845.0 66720.0 103341.0 139778.0 172681.0 200345.0 222271.0 238689.0 250194.00000000003 257518.00000000003 261396.00000000003 262504.0 261430.0 258670.0 254631.0
24 1.0 74.68922715879938 -52.245009061985684 -0.07824799409525712 -0.7883382523994841 -0.4678840405080305 -0.20173951312369431 0.09797054138647107 -0.08314253548907476 12955.0 35354.0 67747.0 104972.0 142006.0 175432.0 203516.0 225753.0 242379.0 254004.0 261376.0 265246.0 266303.0 265148.0 262285.0 258129.0
25 1.0 152.88676875054225 -69.17341800112314 -0.07824799409525712 -0.7883382523994841 -0.4678840405080305 -0.20173951312369431 0.09797054138647107 -0.08314253548907476 20281.0 52641.0 97074.0 145896.0 192520.0 232973.0 265598.0 290267.0 307671.0 318848.0 324906.0 326882.0 325678.0 322053.0 316625.0 309887.0
26 1.0 134.7011929203212 13.88524392366152 -0.07824799409525712 -0.7883382523994841 -0.4678840405080305 -0.20173951312369431 0.09797054138647107 -0.08314253548907476 2989.0 8680.0 17607.0 28708.0 40637.0 52264.0 62839.00000000001 71963.0 79500.0 85479.0 90022.0 93296.0 95479.0 96746.0 97253.0 97143.0
27 1.0 166.88715277133184 35.14860106284348 -0.07824799409525712 -0.7883382523994841 -0.4678840405080305 -0.20173951312369431 0.09797054138647107 -0.08314253548907476 6605.0 19081.0 38246.0 61470.0 85727.0 108669.0 128881.0 145727.0 159104.0 169219.0 176432.0 181158.0 183808.0 184760.0 184349.0 182858.0
28 1.0 99.94633426610349 30.95228530724802 -0.07824799409525712 -0.7883382523994841 -0.4678840405080305 -0.20173951312369431 0.09797054138647107 -0.08314253548907476 11400.0 25422.0 42616.0 60189.0 76202.0 89678.0 100338.0 108304.0 113886.0 117460.0 119393.0 120017.0 119618.0 118433.0 116654.0 114437.0
29 1.0 211.24236472494076 80.79498372969132 -0.07824799409525712 -0.7883382523994841 -0.4678840405080305 -0.20173951312369431 0.09797054138647107 -0.08314253548907476 14204.0 38296.0 72758.0 112013.0 150770.0 185507.0 214488.0 237261.0 254133.0 265782.0 273017.0 276636.0 277367.0 275837.0 272572.0 268002.0
0 1.0 310.9880181323633 -89.51342149916951 -0.07824799409525712 -0.7883382523994841 -0.4678840405080305 -0.20173951312369431 0.09797054138647107 -0.08314253548907476 21428.0 53481.0 96300.0 142565.0 186293.0 223992.0 254278.99999999997 277126.0 293220.0 303541.0 309119.0 310912.0 309755.0 306344.0 301252.0 294934.0
1 1.0 42.31146814633191 26.49539770092649 -0.07824799409525712 -0.7883382523994841 -0.4678840405080305 -0.20173951312369431 0.09797054138647107 -0.08314253548907476 33989.0 75137.0 124762.0 174495.0 218778.0 255027.99999999997 282715.0 302442.0 315306.0 322527.0 325258.0 324507.0 321118.0 315773.0 309019.0 301281.0
2 1.0 186.2564785754811 18.070602677575124 -0.07824799409525712 -0.7883382523994841 -0.4678840405080305 -0.20173951312369431 0.09797054138647107 -0.08314253548907476 9385.0 27225.0 54461.0 87106.0 120725.0 152000.0 179032.0 201065.0 218091.0 230517.0 238933.0 243979.0 246267.0 246343.0 244680.0 241672.0
3 1.0 47.54451828425519 15.973129794651868 -0.07824799409525712 -0.7883382523994841 -0.4678840405080305 -0.20173951312369431 0.09797054138647107 -0.08314253548907476 30509.0 67825.0 113154.0 158901.0 199924.0 233760.0 259832.0 278620.0 291083.0 298309.0 301345.0 301109.0 298378.0 293785.0 287834.0 280926.0
4 1.0 258.06948522933374 83.29865757124364 -0.07824799409525712 -0.7883382523994841 -0.4678840405080305 -0.20173951312369431 0.09797054138647107 -0.08314253548907476 15118.0 40635.0 76972.0 118174.0 158663.0 194775.0 224745.0 248151.0 265358.0 277108.0 284266.0 287680.0 288117.0 286235.0 282581.0 277604.0
5 1.0 142.58149301062573 -86.96309879339286 -0.07824799409525712 -0.7883382523994841 -0.4678840405080305 -0.20173951312369431 0.09797054138647107 -0.08314253548907476 21504.0 54061.0 97755.0 145085.0 189873.0 228501.0 259527.99999999997 282915.0 299367.0 309893.0 315554.0 317335.0 316096.0 312554.0 307294.0 300786.0
6 1.0 203.55167226906323 35.36683752626102 -0.07824799409525712 -0.7883382523994841 -0.4678840405080305 -0.20173951312369431 0.09797054138647107 -0.08314253548907476 10660.0 30616.0 60729.0 96429.0 132809.0 166300.0 194936.0 218001.0 235575.0 248165.0 256458.00000000003 261172.00000000003 262984.0 262491.0 260201.00000000003 256539.00000000003
7 1.0 65.9807410370683 56.462156946335426 -0.07824799409525712 -0.7883382523994841 -0.4678840405080305 -0.20173951312369431 0.09797054138647107 -0.08314253548907476 27678.0 60657.0 100334.0 140179.0 175846.0 205280.0 228020.0 244488.0 255504.99999999997 262000.0 264864.0 264881.0 262715.0 258908.00000000003 253898.0 248029.0
8 1.0 52.1451933636158 1.7652953918851466 -0.07824799409525712 -0.7883382523994841 -0.4678840405080305 -0.20173951312369431 0.09797054138647107 -0.08314253548907476 24174.0 55777.0 95557.0 136864.0 174832.0 206887.0 232197.0 250977.99999999997 263955.0 272038.0 276137.0 277077.0 275567.0 272194.0 267437.0 261676.00000000003
9 1.0 175.70026103362363 -29.886323472574354 -0.07824799409525712 -0.7883382523994841 -0.4678840405080305 -0.20173951312369431 0.09797054138647107 -0.08314253548907476 16101.0 43621.0 82872.0 127289.99999999999 170754.0 209295.0 241047.0 265618.0 283463.0 295433.0 302493.0 305581.0 305532.0 303060.0 298753.0 293090.0
10 1.0 128.020585625984 52.35122938093289 -0.07824799409525712 -0.7883382523994841 -0.4678840405080305 -0.20173951312369431 0.09797054138647107 -0.08314253548907476 9907.0 24686.0 44891.0 67432.0 89552.0 109447.0 126225.0 139641.0 149836.0 157148.0 161988.0 164770.0 165879.0 165650.0 164371.0 162279.0
11 1.0 338.5555002910127 -72.49627338616357 -0.07824799409525712 -0.7883382523994841 -0.4678840405080305 -0.20173951312369431 0.09797054138647107 -0.08314253548907476 17415.0 43704.0 79208.0 118036.0 155216.0 187733.0 214286.0 234717.0 249495.0 259369.00000000003 265159.0 267644.0 267517.0 265365.0 261675.0 256841.0
12 1.0 275.5170913705075 -10.43358520861345 -0.07824799409525712 -0.7883382523994841 -0.4678840405080305 -0.20173951312369431 0.09797054138647107 -0.08314253548907476 7480.0 17710.0 31115.0 45639.0 59593.0 71946.0 82229.0 90355.0 96455.0 100765.0 103555.0 105090.0 105613.0 105331.0 104424.0 103036.0
13 1.0 269.51890314619703 3.5914274227508827 -0.07824799409525712 -0.7883382523994841 -0.4678840405080305 -0.20173951312369431 0.09797054138647107 -0.08314253548907476 6694.0 16971.0 31302.999999999996 47589.0 63855.99999999999 78744.0 91525.0 101944.0 110042.0 116018.0 120146.0 122712.0 123991.0 124228.0 123638.0 122399.0
14 1.0 325.33910630853603 34.91215396821855 -0.07824799409525712 -0.7883382523994841 -0.4678840405080305 -0.20173951312369431 0.09797054138647107 -0.08314253548907476 6984.0 20825.0 42613.0 69452.0 97794.0 124796.0 148695.0 168670.0 184553.0 196566.0 205125.0 210722.0 213848.0 214954.0 214440.0 212649.0
15 1.0 30.032076759126678 -73.6405682341663 -0.07824799409525712 -0.7883382523994841 -0.4678840405080305 -0.20173951312369431 0.09797054138647107 -0.08314253548907476 16950.0 44571.0 83126.0 126164.0 167916.0 204731.0 234951.0 258278.99999999997 275190.0 286511.0 293168.0 296052.0 295955.0 293553.0 289403.0 283959.0
16 1.0 198.78928917206636 -49.00328972318503 -0.07824799409525712 -0.7883382523994841 -0.4678840405080305 -0.20173951312369431 0.09797054138647107 -0.08314253548907476 31165.0 73450.0 127039.99999999999 182547.0 233120.0 275230.0 307852.0 331425.0 347077.0 356156.0 359971.0 359689.0 356292.0 350580.0 343195.0 334640.0
17 1.0 210.4113848240768 -16.14571871577739 -0.07824799409525712 -0.7883382523994841 -0.4678840405080305 -0.20173951312369431 0.09797054138647107 -0.08314253548907476 26963.0 64382.99999999999 112580.0 163256.0 210100.0 249688.0 280863.0 303848.0 319554.0 329138.0 333761.0 334476.0 332182.0 327624.0 321400.0 313988.0
18 1.0 346.2970962770024 22.193041143623518 -0.07824799409525712 -0.7883382523994841 -0.4678840405080305 -0.20173951312369431 0.09797054138647107 -0.08314253548907476 10269.0 29336.0 58105.0 92292.0 127258.00000000001 159590.0 187376.0 209888.0 227164.0 239657.0 248005.0 252883.00000000003 254933.00000000003 254726.99999999997 252751.99999999997 249419.0
19 1.0 105.17310964531758 69.65294061913514 -0.07824799409525712 -0.7883382523994841 -0.4678840405080305 -0.20173951312369431 0.09797054138647107 -0.08314253548907476 17832.0 42465.0 74576.0 108956.0 141453.0 169647.0 192555.0 210126.0 222808.0 231266.0 236209.0 238308.0 238157.0 236258.0 233028.0 228803.0
20 1.0 86.69836076956085 21.388710283447764 -0.07824799409525712 -0.7883382523994841 -0.4678840405080305 -0.20173951312369431 0.09797054138647107 -0.08314253548907476 15029.0 32600.999999999996 53499.0 74274.0 92698.0 107764.0 119286.0 127531.0 132953.0 136056.0 137313.0 137134.0 135866.0 133787.0 131120.0 128039.99999999999
21 1.0 36.10581921557922 -65.9769352317118 -0.07824799409525712 -0.7883382523994841 -0.4678840405080305 -0.20173951312369431 0.09797054138647107 -0.08314253548907476 15651.000000000002 41972.0 79326.0 121538.0 162879.0 199624.0 230004.0 253628.00000000003 270902.0 282606.0 289639.0 292876.0 293103.0 290993.0 287105.0 281893.0
22 1.0 5.9146666529307135 86.50442390171082 -0.07824799409525712 -0.7883382523994841 -0.4678840405080305 -0.20173951312369431 0.09797054138647107 -0.08314253548907476 18032.0 46325.0 85195.0 128152.99999999999 169548.0 205874.0 235576.0 258423.0 274919.0 285899.0 292286.0 294965.0 294716.0 292207.0 287986.0 282499.0
23 1.0 334.6305540451886 66.92143225598872 -0.07824799409525712 -0.7883382523994841 -0.4678840405080305 -0.20173951312369431 0.09797054138647107 -0.08314253548907476 16735.0 44911.0 84787.0 129657.0 173373.0 211999.0 243715.0 268177.0 285870.0 297669.0 304555.0 307473.0 307265.0 304644.0 300202.0 294416.0
24 1.0 241.16995677272763 0.4897370061583217 -0.07824799409525712 -0.7883382523994841 -0.4678840405080305 -0.20173951312369431 0.09797054138647107 -0.08314253548907476 16681.0 39496.0 69148.0 100866.0 130857.0 156908.0 178116.0 194426.0 206243.0 214171.0 218857.0 220917.0 220894.0 219251.0 216369.0 212562.0
25 1.0 282.6550483283296 76.02263672339393 -0.07824799409525712 -0.7883382523994841 -0.4678840405080305 -0.20173951312369431 0.09797054138647107 -0.08314253548907476 13782.0 38115.0 73537.0 114312.0 154825.0 191267.0 221727.0 245678.0 263417.0 275650.0 283228.0 286997.0 287726.0 286081.0 282617.0 277789.0
26 1.0 101.42283807142167 7.448542876284435 -0.07824799409525712 -0.7883382523994841 -0.4678840405080305 -0.20173951312369431 0.09797054138647107 -0.08314253548907476 5986.0 14741.0 26638.0 39900.0 52952.0 64764.0 74818.0 82958.0 89251.0 93873.0 97048.0 99005.0 99960.0 100103.0 99599.0 98586.0
27 1.0 211.1076598270776 76.19509222004936 -0.07824799409525712 -0.7883382523994841 -0.4678840405080305 -0.20173951312369431 0.09797054138647107 -0.08314253548907476 13134.0 36022.0 69228.0 107450.0 145502.0 179848.0 208692.0 231511.0 248550.0 260440.99999999997 267956.0 271873.0 272903.0 271664.0 268677.0 264368.0
28 1.0 23.023895803553206 59.38152634860177 -0.07824799409525712 -0.7883382523994841 -0.4678840405080305 -0.20173951312369431 0.09797054138647107 -0.08314253548907476 28596.0 67491.0 117072.0 168790.0 216282.0 256177.0 287404.0 310266.0 325739.0 335026.0 339321.0 339699.0 337072.0 332192.0 325664.0 317967.0
29 1.0 174.82593453646425 84.29155385297352 -0.07824799409525712 -0.7883382523994841 -0.4678840405080305 -0.20173951312369431 0.09797054138647107 -0.08314253548907476 15587.0 40799.0 76057.0 115597.0 154192.0 188474.0 216854.0 238986.0 255243.0 266338.0 273093.0 276308.0 276707.0 274908.0 271430.0 266694.0
0 1.0 351.89825030800085 75.5609059400685 -0.07824799409525712 -0.7883382523994841 -0.4678840405080305 -0.20173951312369431 0.09797054138647107 -0.08314253548907476 19646.0 50453.0 92597.0 138916.0 183262.0 221894.0 253219.00000000003 277071.0 294062.0 305140.0 311333.0 313606.0 312812.0 309665.0 304754.0 298552.0
1 1.0 315.54188831397266 -83.5139128628575 -0.07824799409525712 -0.7883382523994841 -0.4678840405080305 -0.20173951312369431 0.09797054138647107 -0.08314253548907476 21030.0 51826.0 92648.0 136579.0 178030.0 213762.0 242498.0 264221.0 279577.0 289485.0 294909.0 296747.0 295782.0 292671.0 287952.0 282056.0
2 1.0 121.73722266126443 -58.54103925103081 -0.07824799409525712 -0.7883382523994841 -0.4678840405080305 -0.20173951312369431 0.09797054138647107 -0.08314253548907476 13088.0 36007.0 69377.0 107903.0 146350.0 181122.0 210374.0 233550.0 250882.0 262997.0 270673.0 274695.0 275782.0 274562.0 271563.0 267220.0
3 1.0 346.16525563493946 -19.95575812178656 -0.07824799409525712 -0.7883382523994841 -0.4678840405080305 -0.20173951312369431 0.09797054138647107 -0.08314253548907476 7631.0 21388.0 42014.0 66578.0 91898.0 115589.0 136262.0 153333.0 166754.0 176782.0 183819.0 188310.0 190691.0 191358.0 190656.0 188879.0
4 1.0 83.41258552963363 81.38568551317573 -0.07824799409525712 -0.7883382523994841 -0.4678840405080305 -0.20173951312369431 0.09797054138647107 -0.08314253548907476 19213.0 47436.0 85125.0 126027.0 164966.0 198846.0 226372.0 247428.0 262546.0 272533.0 278263.0 280562.0 280158.0 277667.0 273596.0 268359.0
5 1.0 341.75477606964535 -35.99479449433267 -0.07824799409525712 -0.7883382523994841 -0.4678840405080305 -0.20173951312369431 0.09797054138647107 -0.08314253548907476 8634.0 23389.0 44856.0 69831.0 95087.0 118329.0 138305.0 154554.0 167126.0 176339.0 182632.0 186470.0 188292.0 188493.0 187411.0 185331.0
6 1.0 338.8959736943395 -61.11582410023181 -0.07824799409525712 -0.7883382523994841 -0.4678840405080305 -0.20173951312369431 0.09797054138647107 -0.08314253548907476 14095.0 35980.0 66077.0 99524.0 132034.0 160887.0 184815.0 203552.0 217411.0 226974.0 232913.0 235885.0 236483.0 235217.0 232516.0 228732.0
7 1.0 287.71293144686103 69.53483989558077 -0.07824799409525712 -0.7883382523994841 -0.4678840405080305 -0.20173951312369431 0.09797054138647107 -0.08314253548907476 12313.0 34768.0 68069.0 106963.0 146068.0 181612.0 211616.0 235449.0 253313.0 265834.0 273799.0 278011.0 279209.0 278037.0 275038.0 270657.0
8 1.0 226.9612572720448 -9.649005213023472 -0.07824799409525712 -0.7883382523994841 -0.4678840405080305 -0.20173951312369431 0.09797054138647107 -0.08314253548907476 24562.0 56724.0 97314.0 139579.0 178525.0 211484.0 237569.0 256971.0 270418.0 278833.0 283143.0 284197.0 282720.0 279319.0 274485.0 268612.0
9 1.0 314.7436679849809 73.41760698377868 -0.07824799409525712 -0.7883382523994841 -0.4678840405080305 -0.20173951312369431 0.09797054138647107 -0.08314253548907476 15221.0 41453.0 79091.0 121917.0 164047.0 201600.0 232710.0 256936.0 274670.0 286701.0 293945.0 297297.0 297565.0 295436.0 291487.0 286182.0
10 1.0 105.48730242280682 -61.15851606237421 -0.07824799409525712 -0.7883382523994841 -0.4678840405080305 -0.20173951312369431 0.09797054138647107 -0.08314253548907476 13453.0 36865.0 70813.0 109870.0 148730.0 183779.0 213185.0 236419.0 253736.00000000003 265788.0 273369.0 277277.0 278241.0 276895.0 273770.0 269305.0
11 1.0 305.61967991265055 29.00115207145791 -0.07824799409525712 -0.7883382523994841 -0.4678840405080305 -0.20173951312369431 0.09797054138647107 -0.08314253548907476 4102.0 12514.0 26166.0 43498.0 62358.0 80875.0 97778.0 112377.0 124417.0 133931.0 141109.0 146222.0 149563.0 151417.0 152047.0 151684.0
12 1.0 222.43560909030856 -10.75252449069147 -0.07824799409525712 -0.7883382523994841 -0.4678840405080305 -0.20173951312369431 0.09797054138647107 -0.08314253548907476 25568.0 59551.0 102663.0 147664.0 189163.0 224267.0 252008.99999999997 272592.0 286799.0 295625.0 300070.0 301044.0 299329.0 295574.0 290306.0 283944.0
13 1.0 4.765268793203816 -76.23238157454863 -0.07824799409525712 -0.7883382523994841 -0.4678840405080305 -0.20173951312369431 0.09797054138647107 -0.08314253548907476 17755.0 45555.0 83646.0 125647.00000000001 166042.0 201436.0 230342.0 252554.0 268577.0 279232.0 285423.0 288009.0 287753.0 285302.0 281190.0 275849.0
14 1.0 125.00406645559904 35.363366037450106 -0.07824799409525712 -0.7883382523994841 -0.4678840405080305 -0.20173951312369431 0.09797054138647107 -0.08314253548907476 5994.0 15334.0 28470.0 43504.0 58612.0 72519.0 84527.0 94372.0 102075.0 107807.0 111811.0 114349.0 115672.0 116007.0 115552.0 114476.0
15 1.0 53.330709941339414 -45.46822400295233 -0.07824799409525712 -0.7883382523994841 -0.4678840405080305 -0.20173951312369431 0.09797054138647107 -0.08314253548907476 14280.0 38684.0 73677.0 113573.0 152964.0 188247.0 217654.0 240728.0 257789.0 269533.0 276789.0 280374.0 281029.0 279396.0 276009.0 271305.0
16 1.0 353.45858033457114 -82.86920593568681 -0.07824799409525712 -0.7883382523994841 -0.4678840405080305 -0.20173951312369431 0.09797054138647107 -0.08314253548907476 19710.0 49600.0 89875.0 133717.0 175443.0 211663.0 240973.0 263272.0 279156.0 289522.0 295328.0 297475.0 296754.0 293831.0 289252.0 283458.0
17 1.0 172.2133105343957 -79.21002631507682 -0.07824799409525712 -0.7883382523994841 -0.4678840405080305 -0.20173951312369431 0.09797054138647107 -0.08314253548907476 23235.0 57927.0 104086.0 153709.0 200338.0 240276.0 272115.0 295904.0 312441.0 322822.0 328177.0 329547.0 327832.0 323778.0 317993.0 310960.0
18 1.0 179.06089157951857 -79.00586332797828 -0.07824799409525712 -0.7883382523994841 -0.4678840405080305 -0.20173951312369431 0.09797054138647107 -0.08314253548907476 23799.0 58929.0 105419.0 155208.0 201861.0 241724.0 273435.0 297074.0 313459.0 323697.0 328924.0 330181.0 328367.0 324230.0 318374.0 311282.0
19 1.0 230.2101059035405 73.39193234730709 -0.07824799409525712 -0.7883382523994841 -0.4678840405080305 -0.20173951312369431 0.09797054138647107 -0.08314253548907476 12509.0 34942.0 67950.0 106309.0 144757.0 179637.0 209047.0 232398.0 249898.0 262165.0 269973.0 274106.0 275288.0 274146.0 271212.0 266922.0
20 1.0 132.6904582066623 43.17910520923817 -0.07824799409525712 -0.7883382523994841 -0.4678840405080305 -0.20173951312369431 0.09797054138647107 -0.08314253548907476 6997.0 18172.0 34038.0 52281.0 70647.0 87554.0 102139.0 114083.0 123414.0 130347.99999999999 135184.0 138243.0 139832.0 140227.0 139666.0 138354.0
21 1.0 49.284097806815616 71.6512242984723 -0.07824799409525712 -0.7883382523994841 -0.4678840405080305 -0.20173951312369431 0.09797054138647107 -0.08314253548907476 24660.0 58014.0 100694.0 145527.0 187078.0 222375.0 250384.0 271255.0 285743.0 294825.0 299495.0 300660.0 299105.0 295482.0 290320.0 284044.0
22 1.0 295.9623839499284 31.064816033373845 -0.07824799409525712 -0.7883382523994841 -0.4678840405080305 -0.20173951312369431 0.09797054138647107 -0.08314253548907476 4376.0 13144.0 27167.0 44767.0 63741.00000000001 82226.0 98991.0 113387.0 125198.0 134480.0 141441.0 146359.0 149531.0 151242.0 151752.0 151291.0
23 1.0 68.34524828499286 5.2091872255589635 -0.07824799409525712 -0.7883382523994841 -0.4678840405080305 -0.20173951312369431 0.09797054138647107 -0.08314253548907476 19174.0 42978.0 72345.0 102502.0 130075.0 153329.0 171732.0 185462.0 195041.0 201112.0 204315.0 205231.0 204362.0 202125.0 198860.0 194840.0
24 1.0 184.07483371672416 -35.19965441747191 -0.07824799409525712 -0.7883382523994841 -0.4678840405080305 -0.20173951312369431 0.09797054138647107 -0.08314253548907476 22174.0 56831.0 103837.0 154961.0 203345.0 244966.0 278238.0 303141.0 320477.0 331378.0 337024.0 338505.0 336763.0 332582.0 326599.0 319320.0
25 1.0 80.75413043090613 89.63320523916121 -0.07824799409525712 -0.7883382523994841 -0.4678840405080305 -0.20173951312369431 0.09797054138647107 -0.08314253548907476 17090.0 44202.0 81689.0 123341.0 163667.0 199211.0 228408.0 250979.99999999997 267384.0 278406.0 284931.0 287813.0 287809.0 285570.0 281631.0 276429.0
26 1.0 35.22401441785226 -24.805969390909922 -0.07824799409525712 -0.7883382523994841 -0.4678840405080305 -0.20173951312369431 0.09797054138647107 -0.08314253548907476 16905.0 44801.0 83952.0 127801.0 170416.0 208029.0 238911.0 262745.0 280010.0 291552.0 298320.0 301229.0 301091.0 298599.0 294326.0 288735.0
27 1.0 310.388946271806 -5.28318914149628 -0.07824799409525712 -0.7883382523994841 -0.4678840405080305 -0.20173951312369431 0.09797054138647107 -0.08314253548907476 2915.0 8425.0 17038.0 27729.0 39204.0 50386.0 60562.0 69353.0 76631.0 82423.0 86845.0 90056.0 92225.0 93518.0 94084.0 94056.0
28 1.0 350.2510160483269 -21.915868513776886 -0.07824799409525712 -0.7883382523994841 -0.4678840405080305 -0.20173951312369431 0.09797054138647107 -0.08314253548907476 8568.0 23884.0 46678.0 73624.0 101196.0 126807.0 148988.0 167161.0 181322.0 191786.0 199018.0 203516.0 205761.0 206187.0 205169.0 203022.0
29 1.0 345.90047690268005 86.31484728038254 -0.07824799409525712 -0.7883382523994841 -0.4678840405080305 -0.20173951312369431 0.09797054138647107 -0.08314253548907476 17698.0 45781.0 84559.0 127564.00000000001 169105.0 205626.0 235535.0 258575.0 275238.0 286355.0 292851.0 295611.0 295422.0 292953.0 288758.0 283284.0
