idx D_km lam beta x1 y1 z1 x2 y2 z2 flux5 flux6 flux7 flux8 flux9 flux10 flux11 flux12 flux13 flux14 flux15 flux16 flux17 flux18 flux19 flux20
0 1.0 197.5728614138369 73.17998985981222 -0.7814569591888108 0.37841969347846655 0.007968030838672811 0.1900958006233801 0.17545585638957656 -0.08085922910928832 3157.0 9353.0 19522.0 32729.0 47467.0 62299.0 76162.0 88413.0 98755.0 107133.0 113643.0 118461.0 121799.0 123874.0 124890.0 125034.0
1 1.0 257.468171894071 49.328519885754986 -0.7814569591888108 0.37841969347846655 0.007968030838672811 0.1900958006233801 0.17545585638957656 -0.08085922910928832 5181.0 14779.0 29888.0 48772.0 69100.0 88863.0 106715.0 121944.0 134318.0 143909.0 150960.0 155789.0 158734.0 160116.0 160227.0 159321.0
2 1.0 216.99481538579178 -30.033872634844457 -0.7814569591888108 0.37841969347846655 0.007968030838672811 0.1900958006233801 0.17545585638957656 -0.08085922910928832 9254.0 22488.0 40367.0 60244.0 79773.0 97403.0 112350.0 124379.0 133591.0 140261.0 144736.0 147371.0 148500.0 148417.0 147377.0 145591.0
3 1.0 196.15794587888288 -75.40174980216058 -0.7814569591888108 0.37841969347846655 0.007968030838672811 0.1900958006233801 0.17545585638957656 -0.08085922910928832 13843.0 33801.0 60760.0 90559.0 119518.0 145263.0 166654.0 183428.0 195837.0 204389.0 209676.0 212283.0 212744.0 211520.0 208999.0 205501.0
4 1.0 152.5157277620057 -16.69658914551468 -0.7814569591888108 0.37841969347846655 0.007968030838672811 0.1900958006233801 0.17545585638957656 -0.08085922910928832 12186.0 26267.0 43028.0 59791.0 74814.0 87280.0 97008.0 104164.0 109069.0 112093.0 113589.0 113874.0 113217.0 111841.0 109928.0 107621.0
5 1.0 232.5218807039962 -48.19785440923031 -0.7814569591888108 0.37841969347846655 0.007968030838672811 0.1900958006233801 0.17545585638957656 -0.08085922910928832 12323.0 30257.0 54655.0 81816.0 108413.0 132250.0 152237.0 168077.0 179954.0 188296.0 193620.0 196449.0 197262.0 196480.0 194459.0 191493.0
6 1.0 157.5313960545693 -66.15222574356306 -0.7814569591888108 0.37841969347846655 0.007968030838672811 0.1900958006233801 0.17545585638957656 -0.08085922910928832 14287.0 34288.0 60890.0 89972.0 118011.0 142792.0 163290.0 179303.0 191107.0 199204.0 204174.0 206582.0 206940.0 205689.0 203201.0 199780.0
7 1.0 321.03828028154874 -80.38310727837145 -0.7814569591888108 0.37841969347846655 0.007968030838672811 0.1900958006233801 0.17545585638957656 -0.08085922910928832 12688.0 31023.0 55853.0 83391.0 110268.0 134282.0 154357.0 170218.0 182068.0 190351.0 195597.0 198337.0 199057.0 198182.0 196069.0 193016.0
8 1.0 346.91859378037054 40.60698555790418 -0.7814569591888108 0.37841969347846655 0.007968030838672811 0.1900958006233801 0.17545585638957656 -0.08085922910928832 5303.0 13293.0 24605.0 37791.0 51362.0 64193.0 75593.0 85235.0 93045.0 99107.0 103584.0 106679.0 108596.0 109532.0 109663.0 109142.0
9 1.0 138.03894677727996 -87.94305744749441 -0.7814569591888108 0.37841969347846655 0.007968030838672811 0.1900958006233801 0.17545585638957656 -0.08085922910928832 13258.0 32598.000000000004 58911.0 88165.0 116739.0 142255.0 163549.0 180326.0 192806.0 201471.0 206897.0 209655.0 210272.0 209201.0 206829.0 203471.0
10 1.0 285.02101370975925 48.70453473049972 -0.7814569591888108 0.37841969347846655 0.007968030838672811 0.1900958006233801 0.17545585638957656 -0.08085922910928832 7343.0 19568.0 37671.0 59275.0 81709.0 102882.0 121517.0 137029.0 149318.0 158568.0 165112.0 169335.0 171622.0 172329.0 171768.0 170208.0
11 1.0 190.40217111104562 -63.549603827932486 -0.7814569591888108 0.37841969347846655 0.007968030838672811 0.1900958006233801 0.17545585638957656 -0.08085922910928832 13584.0 32701.0 58205.0 86165.0 113195.0 137153.0 157034.0 172622.0 184167.0 192141.0 197093.0 199563.0 200040.0 198951.0 196651.0 193437.0
12 1.0 204.49604199381562 -75.68602513438397 -0.7814569591888108 0.37841969347846655 0.007968030838672811 0.1900958006233801 0.17545585638957656 -0.08085922910928832 13802.0 33748.0 60727.0 90574.0 119600.0 145417.0 166878.0 183712.0 196172.0 204762.0 210076.0 212702.0 213174.0 211955.0 209434.0 205931.0
13 1.0 333.214789785358 -73.87145383705104 -0.7814569591888108 0.37841969347846655 0.007968030838672811 0.1900958006233801 0.17545585638957656 -0.08085922910928832 12060.0 29301.0 52529.0 78212.0 103241.0 125600.99999999999 144305.0 159106.0 170191.0 177969.0 182930.0 185561.0 186313.0 185577.0 183685.0 180912.0
14 1.0 25.5729809512393 30.968605323704594 -0.7814569591888108 0.37841969347846655 0.007968030838672811 0.1900958006233801 0.17545585638957656 -0.08085922910928832 2904.0 8024.999999999999 15965.0 25904.0 36743.0 47505.0 57489.0 66284.0 73704.0 79725.0 84419.0 87910.0 90348.0 91882.0 92657.0 92803.0
15 1.0 31.366547892554657 -45.83390222648794 -0.7814569591888108 0.37841969347846655 0.007968030838672811 0.1900958006233801 0.17545585638957656 -0.08085922910928832 7013.0 17322.0 31524.000000000004 47615.0 63728.00000000001 78565.0 91414.0 102002.0 110342.0 116605.0 121036.0 123902.0 125461.99999999999 125953.00000000001 125581.0 124524.0
16 1.0 7.278623078517259 -14.302895997582283 -0.7814569591888108 0.37841969347846655 0.007968030838672811 0.1900958006233801 0.17545585638957656 -0.08085922910928832 4197.0 9972.0 17559.0 25800.0 33743.0 40801.0 46707.0 51405.0 54966.0 57516.0 59205.0 60180.0 60575.0 60506.0 60071.0 59355.0
17 1.0 299.74314439725765 10.326382438305046 -0.7814569591888108 0.37841969347846655 0.007968030838672811 0.1900958006233801 0.17545585638957656 -0.08085922910928832 14082.0 31730.0 54049.0 77684.0 100036.0 119576.0 135653.0 148195.0 157454.0 163834.0 167784.0 169738.0 170086.0 169168.0 167269.0 164622.0
18 1.0 280.13643034194615 64.89921128918289 -0.7814569591888108 0.37841969347846655 0.007968030838672811 0.1900958006233801 0.17545585638957656 -0.08085922910928832 4907.0 14192.0 28949.0 47506.0 67570.0 87141.0 104870.0 120034.0 132388.0 141993.0 149082.0 153965.0 156975.0 158428.0 158613.0 157782.0
19 1.0 313.2043733688549 40.8679672880391 -0.7814569591888108 0.37841969347846655 0.007968030838672811 0.1900958006233801 0.17545585638957656 -0.08085922910928832 8551.0 20837.0 37743.0 56956.0 76264.0 94088.0 109538.0 122258.0 132248.0 139706.0 144932.0 148251.0 149985.0 150423.0 149823.0 148403.0
20 1.0 352.30260320379506 -41.34097705703137 -0.7814569591888108 0.37841969347846655 0.007968030838672811 0.1900958006233801 0.17545585638957656 -0.08085922910928832 7900.000000000001 18400.0 31970.0 46529.0 60423.0 72663.0 82817.0 90818.0 96806.0 101016.0 103715.0 105166.0 105605.0 105240.0 104244.0 102764.0
21 1.0 287.6970831180205 -66.33309612759703 -0.7814569591888108 0.37841969347846655 0.007968030838672811 0.1900958006233801 0.17545585638957656 -0.08085922910928832 13483.0 32658.0 58382.0 86694.0 114141.0 138516.0 158770.0 174668.0 186453.0 194600.0 199667.0 202204.0 202710.0 201618.0 199295.0 196039.0
22 1.0 166.13257041105547 -80.03262232418437 -0.7814569591888108 0.37841969347846655 0.007968030838672811 0.1900958006233801 0.17545585638957656 -0.08085922910928832 13793.0 33780.0 60859.0 90854.0 120049.0 146031.0 167638.0 184592.0 197141.0 205794.0 211147.0 213793.0 214268.0 213041.0 210504.0 206978.0
23 1.0 280.99050346312396 -35.712245793430355 -0.7814569591888108 0.37841969347846655 0.007968030838672811 0.1900958006233801 0.17545585638957656 -0.08085922910928832 14930.0 35394.0 62333.0 91570.0 119610.0 144289.0 164628.0 180460.0 192081.0 200007.0 204821.0 207093.0 207332.0 205980.0 203406.0 199913.0
24 1.0 42.57879331281596 -42.818733136857915 -0.7814569591888108 0.37841969347846655 0.007968030838672811 0.1900958006233801 0.17545585638957656 -0.08085922910928832 6946.0 17471.0 32265.000000000004 49310.0 66611.0 82715.0 96784.0 108464.0 117728.0 124735.0 129739.0 133024.0 134871.0 135537.0 135251.0 134207.0
25 1.0 230.3715676779086 -7.894697975913658 -0.7814569591888108 0.37841969347846655 0.007968030838672811 0.1900958006233801 0.17545585638957656 -0.08085922910928832 7236.0 18257.0 33791.0 51718.0 69930.0 86888.0 101704.0 114004.0 123758.0 131135.0 136402.0 139857.0 141797.0 142492.0 142182.0 141073.0
26 1.0 51.607183467256704 32.990640398582485 -0.7814569591888108 0.37841969347846655 0.007968030838672811 0.1900958006233801 0.17545585638957656 -0.08085922910928832 3205.0 9468.0 19737.0 33072.0 47956.0 62941.0 76954.0 89343.0 99805.0 108282.0 114869.0 119745.0 123121.0 125217.0 126240.99999999999 126381.0
27 1.0 340.0808101378502 35.21258021499429 -0.7814569591888108 0.37841969347846655 0.007968030838672811 0.1900958006233801 0.17545585638957656 -0.08085922910928832 6281.0 15084.0 27026.0 40482.0 53954.0 66396.0 77220.0 86192.0 93308.0 98699.0 102560.0 105106.0 106550.0 107088.0 106890.0 106106.0
28 1.0 187.8653958300258 -38.96660761521 -0.7814569591888108 0.37841969347846655 0.007968030838672811 0.1900958006233801 0.17545585638957656 -0.08085922910928832 10806.0 25201.0 43855.0 63900.0 83028.0 99848.0 113747.0 124636.0 132717.0 138331.0 141860.0 143675.0 144112.0 143458.0 141960.0 139815.0
29 1.0 149.2782983965885 -21.61314793797831 -0.7814569591888108 0.37841969347846655 0.007968030838672811 0.1900958006233801 0.17545585638957656 -0.08085922910928832 13143.0 28522.0 47026.0 65738.0 82686.0 96899.0 108110.0 116456.0 122270.0 125947.0 127878.99999999999 128420.0 127873.99999999999 126494.0 124488.0 122020.0
0 1.0 95.24002035766571 -57.39282688735745 -0.7814569591888108 0.37841969347846655 0.007968030838672811 0.1900958006233801 0.17545585638957656 -0.08085922910928832 13135.0 32451.0 58858.0 88322.0 117172.0 142979.0 164543.0 181546.0 194203.0 202997.0 208508.0 211316.0 211953.0 210880.0 208488.0 205097.0
1 1.0 278.724128196318 51.93819221517336 -0.7814569591888108 0.37841969347846655 0.007968030838672811 0.1900958006233801 0.17545585638957656 -0.08085922910928832 6488.0 17817.0 35019.0 55916.0 77902.0 98866.0 117477.0 133090.0 145557.0 155028.0 161810.0 166274.0 168795.0 169721.0 169365.0 167993.0
2 1.0 164.21411959795748 -79.76734624201674 -0.7814569591888108 0.37841969347846655 0.007968030838672811 0.1900958006233801 0.17545585638957656 -0.08085922910928832 13781.0 33756.0 60821.0 90800.0 119980.0 145949.0 167545.0 184489.0 197032.0 205680.0 211030.0 213673.0 214149.0 212922.0 210386.0 206862.0
3 1.0 204.63622159271347 35.459503510497726 -0.7814569591888108 0.37841969347846655 0.007968030838672811 0.1900958006233801 0.17545585638957656 -0.08085922910928832 2837.0 7488.0 14393.0 22779.0 31744.0 40529.0 48616.0 55708.0 61679.0 66521.0 70300.0 73116.0 75089.0 76338.0 76976.0 77109.0
4 1.0 6.764328157087851 50.1651712693986 -0.7814569591888108 0.37841969347846655 0.007968030838672811 0.1900958006233801 0.17545585638957656 -0.08085922910928832 3828.0 10616.0 21134.0 34239.0 48422.0 62368.0 75163.0 86292.0 95550.0 102938.0 108581.0 112665.0 115399.0 116990.0 117631.0 117496.0
5 1.0 222.34877894731574 49.93336113277556 -0.7814569591888108 0.37841969347846655 0.007968030838672811 0.1900958006233801 0.17545585638957656 -0.08085922910928832 3143.0 8957.0 18250.0 30145.0 43321.0 56545.0 68909.0 79859.0 89140.0 96700.0 102619.0 107047.0 110163.0 112155.0 113200.0 113460.0
6 1.0 220.3544601800717 -43.303938417836115 -0.7814569591888108 0.37841969347846655 0.007968030838672811 0.1900958006233801 0.17545585638957656 -0.08085922910928832 11282.0 27474.0 49354.0 73628.0 97366.0 118651.0 136533.0 150752.0 161467.0 169052.0 173958.0 176643.0 177528.0 176982.0 175321.0 172806.0
7 1.0 222.0962388749125 -22.713635172138936 -0.7814569591888108 0.37841969347846655 0.007968030838672811 0.1900958006233801 0.17545585638957656 -0.08085922910928832 8477.0 20819.0 37695.0 56663.0 75489.0 92651.0 107341.0 119282.0 128530.0 135321.0 139969.0 142808.0 144155.0 144293.0 143469.0 141893.0
8 1.0 339.7493082652647 15.76793433535002 -0.7814569591888108 0.37841969347846655 0.007968030838672811 0.1900958006233801 0.17545585638957656 -0.08085922910928832 7581.0 16814.0 28181.0 39916.0 50769.0 60081.0 67626.0 73434.0 77671.0 80551.0 82297.0 83119.0 83201.0 82699.0 81744.0 80445.0
9 1.0 245.45530767725404 -40.892057563595934 -0.7814569591888108 0.37841969347846655 0.007968030838672811 0.1900958006233801 0.17545585638957656 -0.08085922910928832 12449.0 30781.0 55885.0 83965.0 111548.0 136320.0 157117.0 173610.0 185979.0 194666.0 200207.0 203147.0 203988.0 203168.0 201059.0 197969.0
10 1.0 129.42284420656296 -23.246496140780025 -0.7814569591888108 0.37841969347846655 0.007968030838672811 0.1900958006233801 0.17545585638957656 -0.08085922910928832 15134.0 33606.0 56541.0 80424.0 102663.0 121821.0 137352.0 149272.0 157899.0 163676.0 167076.0 168542.0 168469.0 167192.0 164993.0 162101.0
11 1.0 157.33150336776293 -54.530229566584865 -0.7814569591888108 0.37841969347846655 0.007968030838672811 0.1900958006233801 0.17545585638957656 -0.08085922910928832 14254.0 33333.0 58141.0 84840.0 110306.0 132646.0 151030.0 165337.0 175852.0 183042.0 187435.0 189537.0 189807.0 188639.0 186363.0 183249.0
12 1.0 251.14723053381536 -7.225940923918671 -0.7814569591888108 0.37841969347846655 0.007968030838672811 0.1900958006233801 0.17545585638957656 -0.08085922910928832 10039.0 25603.0 47646.0 73011.0 98541.0 121978.0 142069.0 158350.0 170867.0 179945.0 186033.0 189610.0 191131.0 191004.0 189580.0 187152.0
13 1.0 21.68116978653714 -81.96978577425946 -0.7814569591888108 0.37841969347846655 0.007968030838672811 0.1900958006233801 0.17545585638957656 -0.08085922910928832 12340.0 30334.0 54840.0 82143.0 108893.0 132876.0 152987.0 168927.0 180877.0 189268.0 194621.0 197462.0 198275.0 197483.0 195444.0 192457.0
14 1.0 240.03601756044037 53.96325922271123 -0.7814569591888108 0.37841969347846655 0.007968030838672811 0.1900958006233801 0.17545585638957656 -0.08085922910928832 3846.0 11181.0 23027.0 38205.0 54942.0 71601.0 87003.0 100464.0 111692.0 120665.0 127520.0 132482.0 135801.0 137732.0 138512.0 138352.0
15 1.0 241.4296330625374 -76.1478395424061 -0.7814569591888108 0.37841969347846655 0.007968030838672811 0.1900958006233801 0.17545585638957656 -0.08085922910928832 13644.0 33467.0 60359.0 90180.0 119233.0 145111.0 166651.0 183568.0 196106.0 204765.0 210138.0 212812.0 213322.0 212133.0 209635.0 206149.0
16 1.0 75.73772198658273 3.3903267896746883 -0.7814569591888108 0.37841969347846655 0.007968030838672811 0.1900958006233801 0.17545585638957656 -0.08085922910928832 6371.0 17617.0 34793.0 55743.0 77841.0 98950.0 117711.0 133463.0 146048.0 155613.0 162466.0 166980.0 169534.0 170479.0 170130.0 168756.0
17 1.0 46.41346715574719 -34.7741820818647 -0.7814569591888108 0.37841969347846655 0.007968030838672811 0.1900958006233801 0.17545585638957656 -0.08085922910928832 6157.0 15709.0 29362.0 45329.0 61758.0 77245.0 90944.0 102463.0 111730.0 118859.0 124068.0 127611.0 129746.0 130714.0 130731.00000000001 129984.99999999999
18 1.0 113.55420633270619 13.957730789647584 -0.7814569591888108 0.37841969347846655 0.007968030838672811 0.1900958006233801 0.17545585638957656 -0.08085922910928832 10099.0 23935.0 42440.0 62992.99999999999 83258.0 101660.0 117372.0 130118.00000000001 139966.0 147176.0 152087.0 155060.0 156432.0 156511.0 155561.0 153805.0
19 1.0 130.93587753934415 82.69800135001651 -0.7814569591888108 0.37841969347846655 0.007968030838672811 0.1900958006233801 0.17545585638957656 -0.08085922910928832 3417.0 10301.0 21713.0 36586.0 53176.0 69822.0 85306.0 98905.0 110295.0 119434.0 126448.0 131551.0 134996.0 137035.0 137905.0 137819.0
20 1.0 205.27083735043666 26.20264400208069 -0.7814569591888108 0.37841969347846655 0.007968030838672811 0.1900958006233801 0.17545585638957656 -0.08085922910928832 3078.0 7889.0 14798.0 22953.0 31468.999999999996 39657.0 47079.0 53507.0 58863.0 63166.0 66490.0 68940.0 70627.0 71663.0 72153.0 72189.0
21 1.0 157.89654484643532 -83.63476156401164 -0.7814569591888108 0.37841969347846655 0.007968030838672811 0.1900958006233801 0.17545585638957656 -0.08085922910928832 13539.0 33256.0 60049.0 89798.0 118814.0 144684.0 166234.0 183175.0 195742.0 204433.0 209836.0 212539.0 213076.0 211910.0 209433.0 205965.0
22 1.0 355.8145817013214 -12.527560888548976 -0.7814569591888108 0.37841969347846655 0.007968030838672811 0.1900958006233801 0.17545585638957656 -0.08085922910928832 5251.0 11987.0 20480.0 29383.0 37686.0 44837.0 50632.0 55087.0 58327.0 60524.0 61854.0 62482.0 62552.0 62185.0 61482.0 60523.0
23 1.0 36.736131869290105 1.803033417285036 -0.7814569591888108 0.37841969347846655 0.007968030838672811 0.1900958006233801 0.17545585638957656 -0.08085922910928832 2967.0 7892.0 15275.0 24310.0 34020.0 43574.0 52393.0 60147.0 66693.0 72023.0 76202.0 79341.0 81567.0 83010.0 83790.0 84020.0
24 1.0 75.19563219414049 6.511949046621353 -0.7814569591888108 0.37841969347846655 0.007968030838672811 0.1900958006233801 0.17545585638957656 -0.08085922910928832 6043.0 16851.0 33491.0 53916.0 75573.0 96353.0 114897.0 130530.0 143073.0 152654.0 159565.0 164164.0 166821.0 167880.0 167649.0 166395.0
25 1.0 58.07142643859865 32.65065190869082 -0.7814569591888108 0.37841969347846655 0.007968030838672811 0.1900958006233801 0.17545585638957656 -0.08085922910928832 3429.0 10210.0 21371.0 35868.0 52017.0 68220.0 83302.0 96561.0 107685.0 116627.0 123508.0 128534.00000000001 131946.0 133987.0 134889.0 134857.0
26 1.0 235.11899716754343 -40.032702408282105 -0.7814569591888108 0.37841969347846655 0.007968030838672811 0.1900958006233801 0.17545585638957656 -0.08085922910928832 11627.0 28672.0 51978.0 78054.0 103710.0 126816.00000000001 146289.0 161810.0 173529.0 181837.0 187222.0 190178.0 191164.0 190585.0 188785.0 186049.0
27 1.0 91.18497691432157 -66.80509821606236 -0.7814569591888108 0.37841969347846655 0.007968030838672811 0.1900958006233801 0.17545585638957656 -0.08085922910928832 12818.0 31749.0 57708.0 86749.0 115254.0 140812.0 162218.0 179139.0 191775.0 200592.0 206157.0 209039.0 209763.0 208784.0 206488.0 203195.0
28 1.0 167.87187822827028 -19.31837822152302 -0.7814569591888108 0.37841969347846655 0.007968030838672811 0.1900958006233801 0.17545585638957656 -0.08085922910928832 9949.0 21857.0 36332.0 51069.0 64477.00000000001 75759.0 84685.0 91354.0 96026.0 99011.0 100619.0 101129.0 100780.0 99770.0 98263.0 96388.0
29 1.0 87.99321312057698 82.1530301032708 -0.7814569591888108 0.37841969347846655 0.007968030838672811 0.1900958006233801 0.17545585638957656 -0.08085922910928832 3490.0 10575.0 22353.0 37715.0 54845.0 72016.0 87966.0 101947.0 113631.0 122980.0 130132.0 135312.0 138784.0 140810.0 141639.0 141490.0
0 1.0 57.2290501123871 -56.31643948484795 -0.7814569591888108 0.37841969347846655 0.007968030838672811 0.1900958006233801 0.17545585638957656 -0.08085922910928832 9680.0 24304.0 44731.0 68033.0 91380.0 112775.0 131125.0 146031.0 157541.0 165945.0 171644.0 175064.0 176612.0 176653.0 175500.0 173419.0
1 1.0 39.73505081914985 72.71711188708267 -0.7814569591888108 0.37841969347846655 0.007968030838672811 0.1900958006233801 0.17545585638957656 -0.08085922910928832 3581.0 10845.0 22901.0 38597.0 56067.0 73545.0 89750.0 103926.0 115749.0 125185.99999999999 132383.0 137574.0 141030.0 143022.0 143800.0 143591.0
2 1.0 236.27865220749842 7.885071013918747 -0.7814569591888108 0.37841969347846655 0.007968030838672811 0.1900958006233801 0.17545585638957656 -0.08085922910928832 6224.0 16237.999999999998 30879.0 48302.0 66465.0 83758.0 99167.0 112198.0 122724.0 130847.99999999999 136798.0 140853.0 143302.0 144418.0 144447.0 143604.0
3 1.0 49.74586248550097 -7.755944103762147 -0.7814569591888108 0.37841969347846655 0.007968030838672811 0.1900958006233801 0.17545585638957656 -0.08085922910928832 3970.9999999999995 10741.0 21053.0 33784.0 47509.0 60995.0 73385.0 84195.0 93228.0 100482.0 106071.0 110166.0 112962.0 114654.0 115423.0 115434.0
4 1.0 70.76965020481926 68.76745384138013 -0.7814569591888108 0.37841969347846655 0.007968030838672811 0.1900958006233801 0.17545585638957656 -0.08085922910928832 3604.0 10917.0 23062.0 38881.0 56494.0 74119.0 90460.0 104754.0 116674.0 126187.0 133438.0 138667.0 142144.0 144145.0 144923.0 144704.0
5 1.0 132.74106143794708 -7.451286881654539 -0.7814569591888108 0.37841969347846655 0.007968030838672811 0.1900958006233801 0.17545585638957656 -0.08085922910928832 13397.0 29243.0 48503.0 68198.0 86256.0 101605.0 113897.0 123218.0 129871.99999999999 134246.0 136735.0 137702.0 137465.0 136293.0 134407.0 131988.0
6 1.0 295.55756274525663 40.350174590077785 -0.7814569591888108 0.37841969347846655 0.007968030838672811 0.1900958006233801 0.17545585638957656 -0.08085922910928832 9269.0 23111.0 42498.0 64750.0 87213.0 107964.0 125914.0 140628.0 152107.0 160599.0 166465.0 170102.0 171894.0 172191.0 171297.0 169469.0
7 1.0 34.956459285502056 -18.17544209344163 -0.7814569591888108 0.37841969347846655 0.007968030838672811 0.1900958006233801 0.17545585638957656 -0.08085922910928832 3875.0 9907.0 18551.0 28723.0 39288.0 49377.0 58442.0 66211.0 72605.0 77669.0 81515.0 84287.0 86133.0 87199.0 87617.0 87504.0
8 1.0 301.6601666995694 72.7279907221724 -0.7814569591888108 0.37841969347846655 0.007968030838672811 0.1900958006233801 0.17545585638957656 -0.08085922910928832 4435.0 13013.0 26831.0 44397.0 63565.0 82416.0 99622.0 114448.0 126622.00000000001 136173.0 143303.0 148296.0 151464.0 153106.0 153500.0 152886.0
9 1.0 34.59542684182671 34.20450363442093 -0.7814569591888108 0.37841969347846655 0.007968030838672811 0.1900958006233801 0.17545585638957656 -0.08085922910928832 2900.0 8305.0 16952.0 28012.0 40256.0 52542.0 64028.0 74207.0 82840.0 89881.0 95401.0 99537.0 102457.0 104330.0 105322.0 105582.0
10 1.0 351.5254074048225 35.931969765093015 -0.7814569591888108 0.37841969347846655 0.007968030838672811 0.1900958006233801 0.17545585638957656 -0.08085922910928832 4861.0 12118.0 22318.0 34141.0 46261.0 57688.0 67823.0 76391.0 83334.0 88729.0 92726.0 95501.0 97238.0 98107.0 98264.0 97843.0
11 1.0 168.71443259317257 -31.010327719718596 -0.7814569591888108 0.37841969347846655 0.007968030838672811 0.1900958006233801 0.17545585638957656 -0.08085922910928832 11326.0 25369.0 42846.0 61030.0 77919.0 92422.0 104137.0 113097.0 119555.0 123858.0 126369.00000000001 127428.99999999999 127336.0 126346.00000000001 124668.0 122475.0
12 1.0 351.6339917485214 46.22015569264005 -0.7814569591888108 0.37841969347846655 0.007968030838672811 0.1900958006233801 0.17545585638957656 -0.08085922910928832 4722.0 12351.0 23586.0 37070.0 51258.0 64901.0 77189.0 87704.0 96315.0 103075.0 108139.0 111710.0 114003.0 115225.0 115564.0 115187.0
13 1.0 217.74438710821656 24.490989980485438 -0.7814569591888108 0.37841969347846655 0.007968030838672811 0.1900958006233801 0.17545585638957656 -0.08085922910928832 3513.0 9202.0 17600.0 27747.0 38541.0 49070.0 58720.0 67149.0 74221.0 79939.0 84386.0 87690.0 89993.0 91440.0 92166.0 92294.0
14 1.0 266.1348885833886 -46.79635079165228 -0.7814569591888108 0.37841969347846655 0.007968030838672811 0.1900958006233801 0.17545585638957656 -0.08085922910928832 13999.0 34148.0 61340.0 91370.0 120530.0 146430.0 167930.0 184771.0 197214.0 205770.0 211041.0 213618.0 214038.0 212767.0 210195.0 206644.0
15 1.0 14.107605211555443 -61.103011952653844 -0.7814569591888108 0.37841969347846655 0.007968030838672811 0.1900958006233801 0.17545585638957656 -0.08085922910928832 9370.0 22795.0 40947.0 61141.0 80987.0 98907.0 114098.0 126320.99999999999 135676.0 142444.0 146978.0 149639.0 150767.0 150663.0 149586.0 147752.0
16 1.0 101.81050652750744 53.35046541311971 -0.7814569591888108 0.37841969347846655 0.007968030838672811 0.1900958006233801 0.17545585638957656 -0.08085922910928832 4273.0 12314.0 25116.0 41300.0 58927.0 76278.0 92157.0 105898.0 117243.0 126207.99999999999 132965.0 137764.0 140881.0 142585.0 143125.0 142721.0
17 1.0 43.270762036740805 82.64998854634004 -0.7814569591888108 0.37841969347846655 0.007968030838672811 0.1900958006233801 0.17545585638957656 -0.08085922910928832 3588.0 10881.0 23003.0 38801.0 56394.0 74002.0 90329.0 104612.0 116522.0 126026.0 133271.0 138495.0 141969.0 143966.0 144742.0 144523.0
18 1.0 106.61047110797217 -7.535011093192281 -0.7814569591888108 0.37841969347846655 0.007968030838672811 0.1900958006233801 0.17545585638957656 -0.08085922910928832 13019.0 30668.0 54026.0 79650.0 104561.0 126831.0 145511.0 160353.0 171530.0 179431.0 184528.0 187296.0 188175.0 187552.0 185755.0 183059.0
19 1.0 42.74197882352786 16.377149758263286 -0.7814569591888108 0.37841969347846655 0.007968030838672811 0.1900958006233801 0.17545585638957656 -0.08085922910928832 2881.0 8100.0 16353.0 26858.0 38476.0 50147.0 61085.0 70809.0 79086.0 85862.0 91198.0 95217.0 98072.0 99925.0 100929.0 101227.0
20 1.0 114.47394458183138 64.39007595483983 -0.7814569591888108 0.37841969347846655 0.007968030838672811 0.1900958006233801 0.17545585638957656 -0.08085922910928832 3696.0 10823.0 22349.0 37112.0 53377.0 69552.0 84498.0 97553.0 108440.0 117137.0 123782.0 128590.00000000001 131807.0 133678.0 134432.0 134275.0
21 1.0 149.13467802528118 -7.699778396305732 -0.7814569591888108 0.37841969347846655 0.007968030838672811 0.1900958006233801 0.17545585638957656 -0.08085922910928832 11687.0 25043.0 40776.0 56317.0 70040.0 81231.0 89775.0 95882.0 99898.0 102197.0 103131.0 103002.0 102066.0 100527.0 98550.0 96263.0
22 1.0 23.09309868556237 81.3374058298925 -0.7814569591888108 0.37841969347846655 0.007968030838672811 0.1900958006233801 0.17545585638957656 -0.08085922910928832 3657.0 11065.0 23347.0 39321.0 57080.0 74826.0 91255.0 105608.0 117558.0 127079.0 134321.0 139528.0 142976.0 144941.0 145680.0 145422.0
23 1.0 249.28996297320714 13.63520916807704 -0.7814569591888108 0.37841969347846655 0.007968030838672811 0.1900958006233801 0.17545585638957656 -0.08085922910928832 7483.0 19816.0 37998.0 59643.0 82086.0 103253.0 121874.0 137372.0 149647.0 158886.0 165420.0 169635.0 171915.0 172615.0 172048.0 170481.0
24 1.0 203.97652351436705 57.738081726236686 -0.7814569591888108 0.37841969347846655 0.007968030838672811 0.1900958006233801 0.17545585638957656 -0.08085922910928832 2861.0 8163.0 16643.0 27507.0 39566.0 51700.0 63077.99999999999 73189.0 81789.0 88820.0 94347.0 98502.0 101444.0 103344.0 104362.0 104648.0
25 1.0 95.54021673820034 73.5918693142929 -0.7814569591888108 0.37841969347846655 0.007968030838672811 0.1900958006233801 0.17545585638957656 -0.08085922910928832 3517.0 10610.0 22356.0 37636.0 54644.0 71673.0 87479.0 101328.0 112899.0 122157.0 129237.99999999999 134367.0 137806.0 139813.0 140634.0 140486.0
26 1.0 188.36929924801188 56.7942873783424 -0.7814569591888108 0.37841969347846655 0.007968030838672811 0.1900958006233801 0.17545585638957656 -0.08085922910928832 2809.0 7882.0 15862.000000000002 25958.0 37056.0 48139.0 58472.0 67612.0 75357.0 81673.0 86628.0 90346.0 92978.0 94677.0 95590.0 95849.0
27 1.0 33.818583873039 -61.30539657918793 -0.7814569591888108 0.37841969347846655 0.007968030838672811 0.1900958006233801 0.17545585638957656 -0.08085922910928832 9432.0 23270.0 42260.0 63633.99999999999 84833.0 104114.0 120560.0 133863.0 144102.0 151559.0 156603.0 159619.0 160971.0 160984.0 159937.0 158065.0
28 1.0 207.34073840022455 23.201719031106066 -0.7814569591888108 0.37841969347846655 0.007968030838672811 0.1900958006233801 0.17545585638957656 -0.08085922910928832 3263.0 8319.0 15540.0 24028.0 32855.0 41314.0 48956.0 55549.0 61020.0 65393.00000000001 68751.0 71204.0 72871.0 73868.0 74305.0 74280.0
29 1.0 334.5466311274371 -18.28183344845813 -0.7814569591888108 0.37841969347846655 0.007968030838672811 0.1900958006233801 0.17545585638957656 -0.08085922910928832 9573.0 20799.0 34256.0 47782.0 59951.0 70082.0 78010.0 83859.0 87883.0 90375.0 91624.0 91884.0 91375.0 90279.0 88742.0 86884.0
0 1.0 114.68482288247652 -78.71166863579778 -0.7814569591888108 0.37841969347846655 0.007968030838672811 0.1900958006233801 0.17545585638957656 -0.08085922910928832 13412.0 33003.0 59675.0 89337.0 118303.0 144157.0 165715.0 182678.0 195275.0 204000.0 209438.0 212175.0 212742.0 211606.0 209154.0 205710.0
1 1.0 240.2677367869254 -13.674194659828444 -0.7814569591888108 0.37841969347846655 0.007968030838672811 0.1900958006233801 0.17545585638957656 -0.08085922910928832 9066.0 22936.0 42477.0 64939.0 87596.0 108492.0 126527.0 141274.0 152746.0 161202.0 167017.0 170596.0 172328.0 172565.0 171615.0 169736.0
2 1.0 47.447230465581185 -43.436867959906614 -0.7814569591888108 0.37841969347846655 0.007968030838672811 0.1900958006233801 0.17545585638957656 -0.08085922910928832 7302.0 18467.0 34241.0 52476.0 71024.0 88314.0 103431.0 115990.0 125955.00000000001 133494.0 138879.0 142412.0 144395.0 145106.0 144789.0 143654.0
3 1.0 257.8777934826836 62.82689551713193 -0.7814569591888108 0.37841969347846655 0.007968030838672811 0.1900958006233801 0.17545585638957656 -0.08085922910928832 4317.0 12674.0 26188.0 43437.0 62331.0 80976.0 98049.0 112806.0 124961.0 134530.0 141704.0 146757.0 149994.0 151711.0 152181.0 151642.0
4 1.0 104.1861934609924 -84.00516722159469 -0.7814569591888108 0.37841969347846655 0.007968030838672811 0.1900958006233801 0.17545585638957656 -0.08085922910928832 13170.0 32426.999999999996 58667.0 87877.0 116438.0 141966.0 163288.0 180100.0 192618.0 201321.0 206780.0 209568.0 210210.0 209161.0 206806.0 203463.0
5 1.0 65.94889032256206 82.61688993542523 -0.7814569591888108 0.37841969347846655 0.007968030838672811 0.1900958006233801 0.17545585638957656 -0.08085922910928832 3554.0 10774.0 22774.0 38419.0 55852.0 73311.0 89512.0 103697.0 115537.0 124997.0 132219.0 137436.0 140917.0 142933.0 143733.0 143544.0
6 1.0 211.14465653162995 -26.033607275052667 -0.7814569591888108 0.37841969347846655 0.007968030838672811 0.1900958006233801 0.17545585638957656 -0.08085922910928832 8422.0 20304.0 36235.0 53850.0 71088.0 86603.0 99724.0 110259.0 118308.0 124120.0 128005.00000000001 130278.0 131234.0 131133.0 130198.00000000001 128615.0
7 1.0 7.238716627497679 -25.792759727542276 -0.7814569591888108 0.37841969347846655 0.007968030838672811 0.1900958006233801 0.17545585638957656 -0.08085922910928832 5089.0 12046.0 21153.0 31018.0 40511.0 48946.0 56013.0 61654.0 65951.0 69054.0 71134.0 72363.0 72895.0 72866.0 72392.0 71570.0
8 1.0 298.4184105182507 -87.06086951693258 -0.7814569591888108 0.37841969347846655 0.007968030838672811 0.1900958006233801 0.17545585638957656 -0.08085922910928832 13054.0 32068.0 57919.0 86651.0 114715.0 139783.0 160714.0 177218.0 189510.0 198060.0 203432.0 206184.0 206832.0 205821.0 203527.0 200263.0
9 1.0 1.6903714293169436 -56.65818145748689 -0.7814569591888108 0.37841969347846655 0.007968030838672811 0.1900958006233801 0.17545585638957656 -0.08085922910928832 9061.0 21761.0 38712.0 57377.0 75566.0 91869.0 105594.0 116558.0 124879.0 130835.0 134760.0 136994.0 137849.0 137603.0 136491.0 134711.0
10 1.0 244.01395324664284 -17.773289855350427 -0.7814569591888108 0.37841969347846655 0.007968030838672811 0.1900958006233801 0.17545585638957656 -0.08085922910928832 10055.0 25342.0 46761.0 71230.0 95752.0 118212.0 137450.0 153046.0 165055.0 173788.0 179672.0 183160.0 184683.0 184628.0 183326.0 181058.0
11 1.0 97.20287034917935 77.27245511448851 -0.7814569591888108 0.37841969347846655 0.007968030838672811 0.1900958006233801 0.17545585638957656 -0.08085922910928832 3503.0 10571.0 22282.0 37530.0 54515.0 71531.0 87333.0 101185.0 112764.0 122033.0 129124.99999999999 134266.0 137715.0 139732.0 140561.0 140421.0
12 1.0 264.66984796413414 -72.06931256017117 -0.7814569591888108 0.37841969347846655 0.007968030838672811 0.1900958006233801 0.17545585638957656 -0.08085922910928832 13585.0 33256.0 59894.0 89396.0 118116.0 143688.0 164969.0 181685.0 194077.0 202641.0 207961.0 210615.0 211132.0 209969.0 207512.0 204078.0
13 1.0 346.38787624227774 80.15427602623433 -0.7814569591888108 0.37841969347846655 0.007968030838672811 0.1900958006233801 0.17545585638957656 -0.08085922910928832 3847.0 11553.0 24235.0 40634.0 58776.0 76828.0 93479.0 107973.0 119996.0 129537.00000000001 136760.0 141919.0 145300.0 147185.0 147837.0 147488.0
14 1.0 89.55113166718489 66.5079354983938 -0.7814569591888108 0.37841969347846655 0.007968030838672811 0.1900958006233801 0.17545585638957656 -0.08085922910928832 3675.0 11026.0 23141.0 38840.0 56256.0 73640.0 89730.0 103788.0 115500.0 124840.0 131955.0 137081.0 140488.0 142443.0 143197.0 142973.0
15 1.0 207.4166403904213 -8.25076855664068 -0.7814569591888108 0.37841969347846655 0.007968030838672811 0.1900958006233801 0.17545585638957656 -0.08085922910928832 5867.0 14165.0 25296.0 37629.0 49751.0 60740.0 70133.0 77785.0 83749.0 88179.0 91273.0 93235.0 94258.0 94516.0 94158.0 93313.0
16 1.0 213.13509525786205 -31.19384128171319 -0.7814569591888108 0.37841969347846655 0.007968030838672811 0.1900958006233801 0.17545585638957656 -0.08085922910928832 9304.0 22480.0 40172.0 59742.0 78883.0 96090.0 110618.0 122260.0 131134.0 137521.0 141771.0 144237.0 145245.0 145086.0 144006.0 142212.0
17 1.0 206.01068608471442 -48.10605672976977 -0.7814569591888108 0.37841969347846655 0.007968030838672811 0.1900958006233801 0.17545585638957656 -0.08085922910928832 11716.0 28157.0 50084.0 74157.0 97502.0 118292.0 135653.0 149380.0 159665.0 166892.0 171514.0 173983.0 174711.0 174060.0 172334.0 169786.0
18 1.0 80.30938775062259 20.603647165837387 -0.7814569591888108 0.37841969347846655 0.007968030838672811 0.1900958006233801 0.17545585638957656 -0.08085922910928832 5711.0 16108.0 32259.000000000004 52210.0 73471.0 93957.0 112306.0 127831.0 140335.0 149930.0 156892.0 161569.0 164319.0 165481.0 165358.0 164213.0
19 1.0 342.9896441461146 -84.04657353440899 -0.7814569591888108 0.37841969347846655 0.007968030838672811 0.1900958006233801 0.17545585638957656 -0.08085922910928832 12680.0 31115.0 56166.0 84017.0 111244.0 135600.0 155976.0 172082.0 184117.0 192528.0 197853.0 200630.0 201355.0 200459.0 198308.0 195201.0
20 1.0 160.96513630234585 -87.19090839957092 -0.7814569591888108 0.37841969347846655 0.007968030838672811 0.1900958006233801 0.17545585638957656 -0.08085922910928832 13318.0 32748.0 59181.0 88566.0 117259.0 142874.0 164243.0 181068.0 193576.0 202252.0 207674.0 210420.0 211017.0 209922.0 207523.0 204136.0
21 1.0 304.707122089606 -12.816769950317195 -0.7814569591888108 0.37841969347846655 0.007968030838672811 0.1900958006233801 0.17545585638957656 -0.08085922910928832 14794.0 32653.0 54643.0 77367.0 98380.0 116366.0 130856.0 141908.0 149846.0 155105.0 158139.0 159369.0 159169.0 157853.0 155684.0 152876.0
22 1.0 251.81253911430156 -77.74666668455036 -0.7814569591888108 0.37841969347846655 0.007968030838672811 0.1900958006233801 0.17545585638957656 -0.08085922910928832 13544.0 33224.0 59926.0 89541.0 118398.0 144110.0 165519.0 182342.0 194818.0 203443.0 208805.0 211484.0 212013.0 210852.0 208389.0 204942.0
23 1.0 107.07730230784811 -44.65062211570328 -0.7814569591888108 0.37841969347846655 0.007968030838672811 0.1900958006233801 0.17545585638957656 -0.08085922910928832 14599.0 35013.0 62218.0 92027.0 120828.0 146327.0 167448.0 183964.0 196147.0 204508.0 209639.0 212125.0 212492.0 211198.0 208626.0 205091.0
24 1.0 292.9672150928918 -50.19103523770491 -0.7814569591888108 0.37841969347846655 0.007968030838672811 0.1900958006233801 0.17545585638957656 -0.08085922910928832 13995.0 33150.0 58341.0 85671.0 111891.0 134994.0 154070.0 168958.0 179930.0 187460.0 192085.0 194330.0 194671.0 193516.0 191209.0 188032.0
25 1.0 142.74206670491446 -44.425585129886656 -0.7814569591888108 0.37841969347846655 0.007968030838672811 0.1900958006233801 0.17545585638957656 -0.08085922910928832 14948.0 34142.0 58587.0 84507.0 108960.0 130228.00000000001 147601.0 161025.0 170809.0 177425.0 181384.0 183177.0 183243.0 181957.0 179633.0 176528.0
26 1.0 317.1971509600182 -66.4100583812536 -0.7814569591888108 0.37841969347846655 0.007968030838672811 0.1900958006233801 0.17545585638957656 -0.08085922910928832 12326.0 29626.0 52689.0 77991.0 102499.0 124289.0 142446.0 156765.0 167453.0 174921.0 179654.0 182129.0 182784.0 182000.0 180097.0 177343.0
27 1.0 209.25823414890914 -87.83347987842222 -0.7814569591888108 0.37841969347846655 0.007968030838672811 0.1900958006233801 0.17545585638957656 -0.08085922910928832 13283.0 32652.0 58994.0 88270.0 116852.0 142365.0 163648.0 180407.0 192867.0 201512.0 206917.0 209657.0 210257.0 209172.0 206787.0 203419.0
28 1.0 317.424730267747 -69.21282651502534 -0.7814569591888108 0.37841969347846655 0.007968030838672811 0.1900958006233801 0.17545585638957656 -0.08085922910928832 12363.0 29847.0 53254.0 79008.0 104010.0 126273.0 144846.0 159503.0 170449.0 178100.0 182948.0 185483.0 186152.0 185346.0 183395.0 180571.0
29 1.0 249.3113724279957 21.32644671229461 -0.7814569591888108 0.37841969347846655 0.007968030838672811 0.1900958006233801 0.17545585638957656 -0.08085922910928832 6709.0 18068.0 35096.0 55639.0 77177.0 97686.0 115890.0 131172.0 143390.0 152689.0 159365.0 163776.0 166286.0 167234.0 166922.0 165612.0
0 1.0 261.09154073507057 85.36611830724905 -0.7814569591888108 0.37841969347846655 0.007968030838672811 0.1900958006233801 0.17545585638957656 -0.08085922910928832 3615.0 10905.0 22980.0 38688.0 56163.0 73644.0 89849.0 104027.0 115852.0 125291.00000000001 132490.0 137684.0 141143.0 143136.0 143916.0 143708.0
1 1.0 180.47677749361281 88.26210028096091 -0.7814569591888108 0.37841969347846655 0.007968030838672811 0.1900958006233801 0.17545585638957656 -0.08085922910928832 3515.0 10621.0 22413.0 37778.0 54901.0 72059.0 87994.0 101960.0 113631.0 122971.0 130116.00000000001 135292.0 138762.0 140788.0 141617.0 141470.0
2 1.0 344.1901085003606 -16.37026283284891 -0.7814569591888108 0.37841969347846655 0.007968030838672811 0.1900958006233801 0.17545585638957656 -0.08085922910928832 7490.0 16481.0 27401.0 38503.0 48593.0 57072.0 63770.99999999999 68763.0 72244.0 74446.0 75601.0 75921.0 75587.0 74751.0 73537.0 72045.0
3 1.0 231.83647172266947 -60.66820331161104 -0.7814569591888108 0.37841969347846655 0.007968030838672811 0.1900958006233801 0.17545585638957656 -0.08085922910928832 13288.0 32556.0 58682.0 87657.0 115906.0 141097.0 162097.0 178626.0 190911.0 199431.0 204756.0 207453.0 208038.0 206962.0 204604.0 201276.0
4 1.0 152.5878174809447 24.977116325975274 -0.7814569591888108 0.37841969347846655 0.007968030838672811 0.1900958006233801 0.17545585638957656 -0.08085922910928832 5782.0 13275.0 22894.0 33214.0 43108.0 51898.0 59275.0 65181.0 69697.0 72976.0 75191.0 76519.0 77118.0 77129.0 76673.0 75851.0
5 1.0 218.30155708605275 -1.7450376212273113 -0.7814569591888108 0.37841969347846655 0.007968030838672811 0.1900958006233801 0.17545585638957656 -0.08085922910928832 5534.0 13773.0 25229.0 38337.0 51598.0 63942.0 74760.0 83798.0 91033.0 96584.0 100630.0 103378.0 105030.0 105776.0 105781.0 105191.0
6 1.0 6.909551391360069 88.09375991119765 -0.7814569591888108 0.37841969347846655 0.007968030838672811 0.1900958006233801 0.17545585638957656 -0.08085922910928832 3605.0 10903.0 23012.0 38777.0 56325.0 73882.0 90160.0 104399.0 116272.0 125749.0 132973.0 138183.0 141649.0 143643.0 144420.0 144204.0
7 1.0 108.56693400283775 -78.24524271267956 -0.7814569591888108 0.37841969347846655 0.007968030838672811 0.1900958006233801 0.17545585638957656 -0.08085922910928832 13326.0 32813.0 59366.0 88918.0 117798.0 143592.0 165116.0 182065.0 194663.0 203400.0 208858.0 211618.0 212212.0 211102.0 208678.0 205261.0
8 1.0 237.66247349736662 50.98219889648635 -0.7814569591888108 0.37841969347846655 0.007968030838672811 0.1900958006233801 0.17545585638957656 -0.08085922910928832 3773.0 10916.0 22419.0 37144.0 53383.0 69559.0 84533.0 97638.0 108587.0 117355.0 124071.0 128947.0 132228.0 134158.0 134966.0 134855.0
9 1.0 104.42793859575987 -38.0882704803311 -0.7814569591888108 0.37841969347846655 0.007968030838672811 0.1900958006233801 0.17545585638957656 -0.08085922910928832 14466.0 34651.0 61555.0 91060.0 119601.0 144906.0 165898.0 182344.0 194503.0 202875.0 208043.0 210580.0 211009.0 209783.0 207281.0 203817.0
10 1.0 222.48555443958296 -46.54464838621668 -0.7814569591888108 0.37841969347846655 0.007968030838672811 0.1900958006233801 0.17545585638957656 -0.08085922910928832 11757.0 28686.0 51591.0 77007.0 101850.0 124104.0 142772.0 157589.0 168729.0 176588.0 181646.0 184383.0 185242.0 184613.0 182824.0 180147.0
11 1.0 154.35673234047582 29.250822875881667 -0.7814569591888108 0.37841969347846655 0.007968030838672811 0.1900958006233801 0.17545585638957656 -0.08085922910928832 5085.0 11949.0 20994.0 30928.0 40659.0 49487.0 57054.0 63248.0 68107.0 71747.0 74319.0 75980.0 76881.0 77159.0 76934.0 76306.0
12 1.0 48.770663120082084 -45.70862670162639 -0.7814569591888108 0.37841969347846655 0.007968030838672811 0.1900958006233801 0.17545585638957656 -0.08085922910928832 7700.0 19450.0 36016.0 55126.0 74516.0 92543.0 108260.0 121272.0 131554.0 139291.0 144775.0 148327.0 150267.0 150887.0 150444.0 149159.0
13 1.0 107.38163734417108 29.854641160653784 -0.7814569591888108 0.37841969347846655 0.007968030838672811 0.1900958006233801 0.17545585638957656 -0.08085922910928832 7078.0 18158.0 34135.0 52931.0 72321.0 90599.0 106724.0 120219.0 130994.0 139198.0 145099.0 149012.0 151253.0 152120.0 151873.0 150741.0
14 1.0 205.18736785245537 3.11553309641198 -0.7814569591888108 0.37841969347846655 0.007968030838672811 0.1900958006233801 0.17545585638957656 -0.08085922910928832 4521.0 11026.0 19836.0 29680.0 39430.0 48340.0 56020.0 62340.0 67326.0 71092.0 73788.0 75572.0 76595.0 76994.0 76885.0 76372.0
15 1.0 212.71419404934235 -13.663982081547132 -0.7814569591888108 0.37841969347846655 0.007968030838672811 0.1900958006233801 0.17545585638957656 -0.08085922910928832 6705.0 16299.000000000002 29284.0 43779.0 58110.0 71153.0 82321.0 91417.0 98487.0 103710.0 107323.0 109571.0 110693.0 110899.0 110375.0 109276.0
16 1.0 206.75708958584838 9.843805559055411 -0.7814569591888108 0.37841969347846655 0.007968030838672811 0.1900958006233801 0.17545585638957656 -0.08085922910928832 4025.0 9943.0 18080.0 27305.0 36581.0 45191.0 52738.0 59062.0 64156.00000000001 68100.0 71017.0 73043.0 74313.0 74952.0 75073.0 74771.0
17 1.0 235.1522951485681 -38.330726414466646 -0.7814569591888108 0.37841969347846655 0.007968030838672811 0.1900958006233801 0.17545585638957656 -0.08085922910928832 11450.0 28258.0 51265.0 77035.0 102420.0 125309.0 144625.0 160045.0 171709.0 180001.0 185397.0 188385.0 189418.0 188895.0 187157.0 184487.0
18 1.0 234.757177200608 37.1834471291362 -0.7814569591888108 0.37841969347846655 0.007968030838672811 0.1900958006233801 0.17545585638957656 -0.08085922910928832 4024.0 11254.0 22589.0 36855.0 52422.0 67829.0 82037.0 94448.0 104808.0 113102.0 119455.0 124070.0 127176.00000000001 129001.0 129760.99999999999 129648.99999999999
19 1.0 155.31063675623062 -15.325763519958471 -0.7814569591888108 0.37841969347846655 0.007968030838672811 0.1900958006233801 0.17545585638957656 -0.08085922910928832 11532.0 24854.0 40683.0 56474.0 70580.0 82247.0 91317.0 97961.0 102491.0 105260.0 106605.0 106824.0 106169.0 104849.0 103032.0 100854.0
20 1.0 322.75677450638267 -25.101799112539396 -0.7814569591888108 0.37841969347846655 0.007968030838672811 0.1900958006233801 0.17545585638957656 -0.08085922910928832 11753.0 25825.0 42974.0 60492.0 76502.0 90048.0 100837.0 108968.0 114729.0 118476.0 120568.0 121329.0 121042.0 119943.0 118226.0 116049.0
21 1.0 132.32227321724275 59.158244620032804 -0.7814569591888108 0.37841969347846655 0.007968030838672811 0.1900958006233801 0.17545585638957656 -0.08085922910928832 3706.0 10467.0 21102.0 34487.0 49073.0 63483.0 76748.0 88314.0 97955.0 105662.0 111561.0 115842.0 118721.0 120414.0 121120.0 121019.0
22 1.0 156.91137309562566 76.4940441515746 -0.7814569591888108 0.37841969347846655 0.007968030838672811 0.1900958006233801 0.17545585638957656 -0.08085922910928832 3267.0 9723.0 20333.0 34104.0 49442.0 64840.99999999999 79191.0 91831.0 102460.0 111033.0 117657.0 122526.0 125862.0 127895.00000000001 128840.00000000001 128892.0
23 1.0 321.092407805642 -81.71868404028655 -0.7814569591888108 0.37841969347846655 0.007968030838672811 0.1900958006233801 0.17545585638957656 -0.08085922910928832 12747.0 31202.0 56221.0 83987.0 111097.0 135323.0 155576.0 171574.0 183522.0 191868.0 197147.0 199896.0 200607.0 199708.0 197562.0 194468.0
24 1.0 290.22983605659084 -48.12714129064221 -0.7814569591888108 0.37841969347846655 0.007968030838672811 0.1900958006233801 0.17545585638957656 -0.08085922910928832 14262.0 33766.0 59403.0 87206.0 113868.0 137346.0 156718.0 171825.0 182944.0 190561.0 195225.0 197472.0 197784.0 196579.0 194206.0 190950.0
25 1.0 253.39989007453187 -27.266513491338614 -0.7814569591888108 0.37841969347846655 0.007968030838672811 0.1900958006233801 0.17545585638957656 -0.08085922910928832 12231.0 30464.0 55618.0 83909.0 111812.0 136945.0 158092.0 174892.0 187512.0 196389.0 202067.0 205096.0 205986.0 205184.0 203069.0 199954.0
26 1.0 36.0816794324284 56.693966286644525 -0.7814569591888108 0.37841969347846655 0.007968030838672811 0.1900958006233801 0.17545585638957656 -0.08085922910928832 3404.0 10130.0 21171.0 35473.0 51368.0 67287.0 82083.0 95079.0 105972.0 114725.0 121459.0 126375.99999999999 129714.0 131711.0 132593.0 132562.0
27 1.0 331.0137409480825 87.38845697579356 -0.7814569591888108 0.37841969347846655 0.007968030838672811 0.1900958006233801 0.17545585638957656 -0.08085922910928832 3632.0 10978.0 23158.0 39006.0 56635.0 74265.0 90599.0 104880.0 116781.0 126273.0 133502.0 138709.0 142166.0 144148.0 144908.0 144675.0
28 1.0 257.1268678376801 84.41490684066332 -0.7814569591888108 0.37841969347846655 0.007968030838672811 0.1900958006233801 0.17545585638957656 -0.08085922910928832 3614.0 10900.0 22966.0 38660.0 56120.0 73586.0 89778.0 103945.0 115762.0 125196.0 132392.0 137584.0 141043.0 143038.0 143820.0 143615.0
29 1.0 359.5849223644319 72.89070219898684 -0.7814569591888108 0.37841969347846655 0.007968030838672811 0.1900958006233801 0.17545585638957656 -0.08085922910928832 3911.9999999999995 11610.0 24161.0 40289.0 58060.0 75698.0 91943.0 106070.0 117786.0 127083.0 134124.0 139157.0 142460.0 144307.0 144952.0 144622.0
0 1.0 53.80138967687775 -36.619872288474625 -0.7814569591888108 0.37841969347846655 0.007968030838672811 0.1900958006233801 0.17545585638957656 -0.08085922910928832 6931.0 17803.0 33430.0 51759.0 70628.0 88398.0 104074.0 117202.0 127697.0 135704.0 141479.0 145326.0 147549.0 148433.0 148232.0 147165.0
1 1.0 312.52538065255715 88.56202381460534 -0.7814569591888108 0.37841969347846655 0.007968030838672811 0.1900958006233801 0.17545585638957656 -0.08085922910928832 3567.0 10807.0 22831.0 38499.0 55949.0 73419.0 89625.0 103809.0 115643.0 125095.00000000001 132306.0 137512.0 140982.0 142986.0 143775.0 143576.0
2 1.0 58.497456483494936 -45.10439260983878 -0.7814569591888108 0.37841969347846655 0.007968030838672811 0.1900958006233801 0.17545585638957656 -0.08085922910928832 8375.0 21332.0 39737.0 61054.0 82710.0 102820.0 120296.0 134689.0 145978.0 154385.0 160252.0 163955.0 165861.0 166307.0 165586.0 163947.0
3 1.0 221.6014431421839 -70.9368921211982 -0.7814569591888108 0.37841969347846655 0.007968030838672811 0.1900958006233801 0.17545585638957656 -0.08085922910928832 13667.0 33448.0 60226.0 89875.0 118729.0 144412.0 165776.0 182550.0 194977.0 203557.0 208878.0 211523.0 212023.0 210837.0 208354.0 204890.0
4 1.0 44.57519382579895 81.17146998997094 -0.7814569591888108 0.37841969347846655 0.007968030838672811 0.1900958006233801 0.17545585638957656 -0.08085922910928832 3596.0 10903.0 23043.0 38861.0 56474.0 74100.0 90441.0 104735.0 116653.0 126162.0 133410.0 138633.0 142106.0 144102.0 144874.0 144652.0
5 1.0 305.2829625560044 -47.98435401574267 -0.7814569591888108 0.37841969347846655 0.007968030838672811 0.1900958006233801 0.17545585638957656 -0.08085922910928832 13396.0 31230.0 54348.0 79178.0 102836.0 123585.0 140670.0 153984.0 163792.0 170527.0 174672.0 176696.0 177020.0 176007.0 173961.0 171132.0
6 1.0 290.63482514100383 34.15828771399508 -0.7814569591888108 0.37841969347846655 0.007968030838672811 0.1900958006233801 0.17545585638957656 -0.08085922910928832 10363.0 25473.0 46329.0 69979.0 93603.0 115221.0 133748.0 148790.0 160399.0 168868.0 174601.0 178029.0 179562.0 179569.0 178367.0 176225.0
7 1.0 204.8762659012536 -79.49585538349405 -0.7814569591888108 0.37841969347846655 0.007968030838672811 0.1900958006233801 0.17545585638957656 -0.08085922910928832 13762.0 33717.0 60760.0 90724.0 119897.0 145867.0 167470.0 184427.0 196984.0 205649.0 211015.0 213674.0 214163.0 212949.0 210424.0 206909.0
8 1.0 146.58598700135988 41.52763784294572 -0.7814569591888108 0.37841969347846655 0.007968030838672811 0.1900958006233801 0.17545585638957656 -0.08085922910928832 4380.0 11075.0 20617.0 31800.000000000004 43370.0 54368.0 64197.00000000001 72567.0 79402.0 84760.0 88772.0 91601.0 93417.0 94383.0 94647.0 94341.0
9 1.0 24.900118363849696 68.70963822009114 -0.7814569591888108 0.37841969347846655 0.007968030838672811 0.1900958006233801 0.17545585638957656 -0.08085922910928832 3646.0 10913.0 22862.0 38324.0 55465.0 72570.0 88403.0 102242.0 113777.0 122985.0 130008.00000000001 135078.0 138457.0 140408.0 141177.0 140981.0
10 1.0 251.07435833204292 -40.96135881612675 -0.7814569591888108 0.37841969347846655 0.007968030838672811 0.1900958006233801 0.17545585638957656 -0.08085922910928832 12912.0 31890.0 57839.0 86812.0 115210.0 140650.0 161943.0 178769.0 191330.0 200092.0 205620.0 208480.0 209194.0 208214.0 205926.0 202644.0
11 1.0 163.27536576410478 -21.76975870606286 -0.7814569591888108 0.37841969347846655 0.007968030838672811 0.1900958006233801 0.17545585638957656 -0.08085922910928832 10952.0 23977.0 39766.0 55810.0 70390.0 82648.0 92339.0 99575.0 104637.0 107865.0 109596.0 110132.0 109734.0 108617.0 106960.0 104904.0
12 1.0 259.94001580932525 -22.6266870022351 -0.7814569591888108 0.37841969347846655 0.007968030838672811 0.1900958006233801 0.17545585638957656 -0.08085922910928832 12888.0 31940.000000000004 58067.0 87292.0 115966.0 141665.0 163175.0 180166.0 192843.0 201676.0 207239.0 210105.0 210804.0 209794.0 207463.0 204132.0
13 1.0 311.8976373343065 44.781886357223954 -0.7814569591888108 0.37841969347846655 0.007968030838672811 0.1900958006233801 0.17545585638957656 -0.08085922910928832 7998.0 19933.0 36701.0 56050.0 75716.0 94032.0 110023.0 123274.0 133748.0 141627.0 147203.0 150807.0 152763.0 153371.0 152895.0 151560.0
14 1.0 351.1877418010389 -47.19469634297301 -0.7814569591888108 0.37841969347846655 0.007968030838672811 0.1900958006233801 0.17545585638957656 -0.08085922910928832 8605.0 20200.0 35315.0 51646.0 67314.0 81169.0 92693.0 101788.0 108605.0 113407.0 116497.0 118172.0 118704.0 118328.0 117241.0 115610.0
15 1.0 308.08920326133995 -59.06644217142426 -0.7814569591888108 0.37841969347846655 0.007968030838672811 0.1900958006233801 0.17545585638957656 -0.08085922910928832 12763.0 30384.0 53664.0 79024.0 103449.0 125056.0 142975.0 157033.0 167464.0 174693.0 179213.0 181504.0 182005.0 181095.0 179093.0 176262.0
16 1.0 4.21707030660071 -9.127503236207147 -0.7814569591888108 0.37841969347846655 0.007968030838672811 0.1900958006233801 0.17545585638957656 -0.08085922910928832 4221.0 9921.0 17336.0 25331.0 33000.0 39795.0 45472.0 49987.0 53406.0 55853.0 57468.0 58390.0 58747.0 58651.0 58196.0 57463.0
17 1.0 129.592103212211 -35.19568667208249 -0.7814569591888108 0.37841969347846655 0.007968030838672811 0.1900958006233801 0.17545585638957656 -0.08085922910928832 15598.0 35305.0 60228.0 86536.0 111278.0 132751.0 150265.0 163780.0 173620.0 180262.0 184228.0 186012.0 186056.0 184738.0 182373.0 179220.0
18 1.0 262.7966024726609 61.05404200655744 -0.7814569591888108 0.37841969347846655 0.007968030838672811 0.1900958006233801 0.17545585638957656 -0.08085922910928832 4579.0 13388.0 27539.0 45490.0 65034.99999999999 84217.0 101688.0 116707.0 129008.00000000001 138629.0 145782.0 150762.0 153890.0 155473.0 155794.0 155100.0
19 1.0 61.78668381411859 -47.20647131718502 -0.7814569591888108 0.37841969347846655 0.007968030838672811 0.1900958006233801 0.17545585638957656 -0.08085922910928832 8942.0 22729.0 42250.0 64776.0 87569.0 108645.0 126876.99999999999 141817.0 153465.0 162075.0 168018.0 171697.0 173507.0 173800.0 172888.0 171031.0
20 1.0 187.57317823348654 0.4301023480670665 -0.7814569591888108 0.37841969347846655 0.007968030838672811 0.1900958006233801 0.17545585638957656 -0.08085922910928832 5031.0 11723.0 20348.0 29570.0 38338.0 46034.0 52392.0 57380.0 61092.0 63684.00000000001 65328.0 66192.0 66427.0 66164.0 65514.0 64566.0
21 1.0 19.561675802131305 79.66504794562746 -0.7814569591888108 0.37841969347846655 0.007968030838672811 0.1900958006233801 0.17545585638957656 -0.08085922910928832 3697.0 11159.0 23507.0 39545.0 57355.0 75136.0 91587.0 105948.0 117897.0 127410.0 134641.0 139834.0 143267.0 145217.0 145941.0 145668.0
22 1.0 71.99874896270403 24.119585594038938 -0.7814569591888108 0.37841969347846655 0.007968030838672811 0.1900958006233801 0.17545585638957656 -0.08085922910928832 4532.0 13242.0 27244.0 45022.0 64401.0 83443.0 100805.0 115751.0 128008.00000000001 137609.0 144761.0 149756.0 152907.0 154521.0 154877.0 154220.0
23 1.0 6.66784600582103 66.11209298324366 -0.7814569591888108 0.37841969347846655 0.007968030838672811 0.1900958006233801 0.17545585638957656 -0.08085922910928832 3895.0 11395.0 23501.0 38967.0 55958.0 72803.0 88317.0 101822.0 113040.0 121962.0 128741.0 133608.0 136825.0 138651.0 139326.0 139065.0
24 1.0 285.7311732086714 79.23774408385813 -0.7814569591888108 0.37841969347846655 0.007968030838672811 0.1900958006233801 0.17545585638957656 -0.08085922910928832 3903.0 11702.0 24527.0 41095.0 59410.0 77618.0 94398.0 108988.0 121077.0 130656.0 137894.0 143051.0 146416.0 148276.0 148895.0 148508.0
25 1.0 80.61288770173685 45.13767513954335 -0.7814569591888108 0.37841969347846655 0.007968030838672811 0.1900958006233801 0.17545585638957656 -0.08085922910928832 4198.0 12443.0 25845.0 42998.0 61817.0 80406.0 97438.0 112169.0 124309.0 133872.0 141046.0 146106.0 149353.0 151084.0 151569.0 151048.0
26 1.0 124.32660505088496 35.92351084045525 -0.7814569591888108 0.37841969347846655 0.007968030838672811 0.1900958006233801 0.17545585638957656 -0.08085922910928832 6102.0 15310.0 28355.0 43549.0 59159.0 73871.0 86887.0 97836.0 106646.0 113421.0 118365.0 121718.0 123724.0 124613.0 124592.0 123840.0
27 1.0 334.1092656476127 84.23380198876086 -0.7814569591888108 0.37841969347846655 0.007968030838672811 0.1900958006233801 0.17545585638957656 -0.08085922910928832 3750.0 11298.0 23770.0 39952.0 57906.0 75817.0 92374.0 106816.0 118822.0 128369.00000000001 135617.0 140812.0 144236.0 146168.0 146868.0 146568.0
28 1.0 253.5891846924718 88.99214213658229 -0.7814569591888108 0.37841969347846655 0.007968030838672811 0.1900958006233801 0.17545585638957656 -0.08085922910928832 3559.0 10763.0 22720.0 38296.0 55643.0 73014.0 89132.0 103245.0 115027.0 124443.0 131634.0 136831.0 140302.0 142314.0 143117.0 142936.0
29 1.0 11.462014631270826 -8.672097119443265 -0.7814569591888108 0.37841969347846655 0.007968030838672811 0.1900958006233801 0.17545585638957656 -0.08085922910928832 3664.0 8853.0 15793.999999999998 23451.0 30940.0 37696.0 43444.0 48109.0 51734.0 54422.0 56300.0 57495.0 58127.0 58300.0 58105.0 57619.0
0 1.0 59.289896339248585 -77.2434399268425 -0.7814569591888108 0.37841969347846655 0.007968030838672811 0.1900958006233801 0.17545585638957656 -0.08085922910928832 12120.0 29957.0 54384.0 81720.0 108597.0 132765.0 153088.0 169239.0 181386.0 189951.0 195453.0 198417.0 199328.0 198614.0 196634.0 193689.0
1 1.0 223.73222453991488 -37.29707434070661 -0.7814569591888108 0.37841969347846655 0.007968030838672811 0.1900958006233801 0.17545585638957656 -0.08085922910928832 10628.0 25993.0 46862.0 70120.0 92968.0 113549.0 130923.00000000001 144814.0 155356.0 162888.0 167836.0 170631.0 171675.0 171322.0 169875.0 167584.0
2 1.0 207.80229189750034 -62.57615297620852 -0.7814569591888108 0.37841969347846655 0.007968030838672811 0.1900958006233801 0.17545585638957656 -0.08085922910928832 13291.0 32253.999999999996 57742.0 85835.0 113106.0 137353.0 157525.0 173380.0 185152.0 193310.0 198404.0 200980.0 201533.0 200494.0 198224.0 195023.0
3 1.0 85.64141569482311 -14.852452536717877 -0.7814569591888108 0.37841969347846655 0.007968030838672811 0.1900958006233801 0.17545585638957656 -0.08085922910928832 10025.0 25739.0 48101.0 73896.0 99886.0 123744.0 144182.0 160724.0 173418.0 182600.0 188735.0 192313.0 193801.0 193616.0 192117.0 189604.0
4 1.0 336.3170392529258 -66.36792087481392 -0.7814569591888108 0.37841969347846655 0.007968030838672811 0.1900958006233801 0.17545585638957656 -0.08085922910928832 11413.0 27440.0 48829.0 72330.0 95142.0 115478.0 132482.0 145949.0 156058.0 163183.0 167762.0 170234.0 171001.0 170415.0 168773.0 166322.0
5 1.0 221.02774414772256 18.741204723758756 -0.7814569591888108 0.37841969347846655 0.007968030838672811 0.1900958006233801 0.17545585638957656 -0.08085922910928832 4086.0 10597.0 20109.0 31495.000000000004 43501.0 55118.0 65678.0 74824.0 82424.0 88501.0 93161.0 96557.0 98854.0 100218.0 100803.0 100745.0
6 1.0 192.827809088985 -21.094549351586267 -0.7814569591888108 0.37841969347846655 0.007968030838672811 0.1900958006233801 0.17545585638957656 -0.08085922910928832 7692.0 17931.0 31169.0 45375.0 58935.0 70884.0 80800.0 88619.0 94475.0 98599.0 101251.0 102686.0 103133.0 102795.0 101841.0 100412.0
7 1.0 212.36759148764554 71.1694591718778 -0.7814569591888108 0.37841969347846655 0.007968030838672811 0.1900958006233801 0.17545585638957656 -0.08085922910928832 3210.0 9510.0 19859.0 33308.0 48324.0 63440.0 77572.0 90059.0 100598.0 109131.0 115755.0 120652.0 124037.0 126132.0 127146.00000000001 127271.0
8 1.0 262.8439306260371 84.20304092373033 -0.7814569591888108 0.37841969347846655 0.007968030838672811 0.1900958006233801 0.17545585638957656 -0.08085922910928832 3634.0 10959.0 23089.0 38862.0 56403.0 73945.0 90200.0 104416.0 116267.0 125723.0 132931.0 138126.0 141581.0 143567.0 144337.0 144116.0
9 1.0 112.30019837265667 8.43928230049599 -0.7814569591888108 0.37841969347846655 0.007968030838672811 0.1900958006233801 0.17545585638957656 -0.08085922910928832 11013.0 25913.0 45678.0 67469.0 88806.0 108055.0 124380.0 137526.0 147597.0 154888.0 159773.0 162638.0 163845.0 163720.0 162539.0 160538.0
10 1.0 143.35958239779308 -40.531757423832616 -0.7814569591888108 0.37841969347846655 0.007968030838672811 0.1900958006233801 0.17545585638957656 -0.08085922910928832 14860.0 33612.0 57270.0 82175.0 105542.0 125779.0 142253.0 154946.0 164173.0 170391.0 174093.0 175746.0 175767.0 174511.0 172273.0 169296.0
11 1.0 75.54374963104397 16.601475377130626 -0.7814569591888108 0.37841969347846655 0.007968030838672811 0.1900958006233801 0.17545585638957656 -0.08085922910928832 5351.0 15259.0 30811.0 50181.0 70959.0 91090.0 109211.0 124615.0 137084.0 146704.0 153736.0 158511.0 161378.0 162666.0 162674.0 161660.0
12 1.0 67.02948211692102 71.41700848039378 -0.7814569591888108 0.37841969347846655 0.007968030838672811 0.1900958006233801 0.17545585638957656 -0.08085922910928832 3494.0 10665.0 22631.0 38268.0 55715.0 73203.0 89438.0 103657.0 115527.0 125012.00000000001 132253.0 137485.0 140976.0 142997.0 143800.0 143611.0
13 1.0 339.9740603942161 -16.787997749565307 -0.7814569591888108 0.37841969347846655 0.007968030838672811 0.1900958006233801 0.17545585638957656 -0.08085922910928832 8348.0 18235.0 30141.0 42152.0 52989.0 62038.0 69141.0 74400.0 78038.0 80312.0 81475.0 81754.0 81344.0 80406.0 79071.0 77445.0
14 1.0 266.2382862177435 9.374089804554757 -0.7814569591888108 0.37841969347846655 0.007968030838672811 0.1900958006233801 0.17545585638957656 -0.08085922910928832 11310.0 28486.0 52472.0 79724.0 106837.0 131448.0 152310.0 169011.0 181670.0 190679.0 196550.0 199810.0 200949.0 200404.0 198544.0 195678.0
15 1.0 176.56517110232414 -41.10250183089374 -0.7814569591888108 0.37841969347846655 0.007968030838672811 0.1900958006233801 0.17545585638957656 -0.08085922910928832 11812.0 27210.0 46937.0 67947.0 87851.0 105240.0 119521.0 130631.0 138804.0 144408.0 147850.0 149520.0 149771.0 148905.0 147176.0 144793.0
16 1.0 81.86926607039636 -8.020053098995149 -0.7814569591888108 0.37841969347846655 0.007968030838672811 0.1900958006233801 0.17545585638957656 -0.08085922910928832 8563.0 22579.0 43032.0 67093.0 91731.0 114665.0 134569.0 150891.0 163600.0 172964.0 179391.0 183331.0 185220.0 185454.0 184376.0 182276.0
17 1.0 91.56833343734147 -17.69156363167224 -0.7814569591888108 0.37841969347846655 0.007968030838672811 0.1900958006233801 0.17545585638957656 -0.08085922910928832 11556.0 28835.0 52802.0 79920.0 106832.0 131225.0 151881.0 168409.0 180931.0 189840.0 195642.0 198859.0 199976.0 199425.0 197572.0 194722.0
18 1.0 20.89049771659522 -45.28557628506522 -0.7814569591888108 0.37841969347846655 0.007968030838672811 0.1900958006233801 0.17545585638957656 -0.08085922910928832 6878.0 16743.0 30114.0 45054.0 59829.0 73276.0 84786.0 94156.0 101434.0 106808.0 110520.0 112829.0 113979.0 114189.0 113649.0 112519.0
19 1.0 156.3899852009235 1.0559490885555078 -0.7814569591888108 0.37841969347846655 0.007968030838672811 0.1900958006233801 0.17545585638957656 -0.08085922910928832 9223.0 19853.0 32426.000000000004 44882.0 55901.0 64888.0 71737.0 76608.0 79775.0 81541.0 82190.0 81973.0 81097.0 79732.0 78015.0 76051.0
20 1.0 112.24651751787692 -34.13145132363395 -0.7814569591888108 0.37841969347846655 0.007968030838672811 0.1900958006233801 0.17545585638957656 -0.08085922910928832 15280.0 35710.0 62372.0 91186.0 118774.0 143051.0 163076.0 178689.0 190176.0 198039.0 202844.0 205145.0 205442.0 204166.0 201678.0 198277.0
21 1.0 250.6836559735654 -22.85372450146545 -0.7814569591888108 0.37841969347846655 0.007968030838672811 0.1900958006233801 0.17545585638957656 -0.08085922910928832 11470.0 28730.0 52703.0 79836.0 106757.0 131150.0 151800.0 168317.0 180824.0 189719.0 195509.0 198715.0 199824.0 199267.0 197409.0 194556.0
22 1.0 135.99066214529313 4.494679605767573 -0.7814569591888108 0.37841969347846655 0.007968030838672811 0.1900958006233801 0.17545585638957656 -0.08085922910928832 11275.0 24637.0 40864.0 57439.0 72628.0 85540.0 95895.0 103767.0 109410.0 113144.0 115294.0 116164.0 116015.0 115071.0 113519.0 111508.0
23 1.0 64.65732392146853 45.10710412721775 -0.7814569591888108 0.37841969347846655 0.007968030838672811 0.1900958006233801 0.17545585638957656 -0.08085922910928832 3629.0 10927.0 23003.0 38700.0 56155.0 73613.0 89795.0 103951.0 115757.0 125182.99999999999 132372.0 137559.0 141013.0 143005.0 143785.0 143579.0
24 1.0 8.884342220879242 -29.968656157570443 -0.7814569591888108 0.37841969347846655 0.007968030838672811 0.1900958006233801 0.17545585638957656 -0.08085922910928832 5396.0 12819.0 22589.0 33231.0 43529.0 52729.0 60475.0 66682.0 71426.0 74859.0 77164.0 78524.0 79109.0 79070.0 78536.0 77615.0
25 1.0 24.20986732676949 76.34857799173744 -0.7814569591888108 0.37841969347846655 0.007968030838672811 0.1900958006233801 0.17545585638957656 -0.08085922910928832 3687.0 11113.0 23390.0 39326.0 57017.0 74681.0 91025.0 105297.0 117178.0 126641.0 133840.0 139016.0 142443.0 144397.0 145132.0 144875.0
26 1.0 244.58139845948423 65.21733843046243 -0.7814569591888108 0.37841969347846655 0.007968030838672811 0.1900958006233801 0.17545585638957656 -0.08085922910928832 3764.0 11154.0 23246.0 38855.0 56139.0 73378.0 89331.0 103272.0 114892.0 124165.0 131236.0 136337.0 139733.0 141690.0 142455.0 142248.0
27 1.0 163.33086404017632 -81.23574672440486 -0.7814569591888108 0.37841969347846655 0.007968030838672811 0.1900958006233801 0.17545585638957656 -0.08085922910928832 13688.0 33575.0 60556.0 90475.0 119621.0 145579.0 167179.0 184139.0 196703.0 205375.0 210749.0 213416.0 213913.0 212707.0 210189.0 206681.0
28 1.0 193.16851599914 -44.3443456337719 -0.7814569591888108 0.37841969347846655 0.007968030838672811 0.1900958006233801 0.17545585638957656 -0.08085922910928832 11386.0 26888.0 47226.0 69289.0 90501.0 109270.0 124865.0 137144.0 146303.0 152705.0 156764.0 158889.0 159455.0 158784.0 157151.0 154784.0
29 1.0 322.80166549452315 -9.695607721343649 -0.7814569591888108 0.37841969347846655 0.007968030838672811 0.1900958006233801 0.17545585638957656 -0.08085922910928832 12164.0 26140.0 42693.0 59158.0 73826.0 85921.0 95295.0 102137.0 106780.0 109599.0 110944.0 111129.0 110414.0 109017.0 107111.0 104836.0
0 1.0 356.52202106281356 -71.16698002635466 -0.7814569591888108 0.37841969347846655 0.007968030838672811 0.1900958006233801 0.17545585638957656 -0.08085922910928832 11152.0 27129.0 48699.0 72613.0 95995.0 116961.0 134580.0 148595.0 159162.0 166648.0 171494.0 174151.0 175033.0 174503.0 172872.0 170396.0
1 1.0 78.08291438345061 -27.274321973970522 -0.7814569591888108 0.37841969347846655 0.007968030838672811 0.1900958006233801 0.17545585638957656 -0.08085922910928832 9349.0 24270.0 45734.0 70706.0 96046.0 119453.0 139621.0 156043.0 168728.0 177984.0 184245.0 187985.0 189655.0 189663.0 188359.0 186038.0
2 1.0 238.70815311603627 43.21755461118286 -0.7814569591888108 0.37841969347846655 0.007968030838672811 0.1900958006233801 0.17545585638957656 -0.08085922910928832 4100.0 11649.0 23622.0 38781.0 55364.0 71777.0 86889.0 100054.0 111003.0 119729.0 126374.99999999999 131165.0 134350.0 136179.0 136885.0 136675.0
3 1.0 94.79605562537424 32.49260660570866 -0.7814569591888108 0.37841969347846655 0.007968030838672811 0.1900958006233801 0.17545585638957656 -0.08085922910928832 5996.0 16394.0 32182.000000000004 51421.0 71757.0 91265.0 108703.0 123451.0 135338.0 144475.0 151125.0 155612.0 158274.0 159427.0 159358.0 158312.0
4 1.0 7.434359807662325 22.02919714188087 -0.7814569591888108 0.37841969347846655 0.007968030838672811 0.1900958006233801 0.17545585638957656 -0.08085922910928832 3464.0 8722.0 16147.000000000002 24776.0 33644.0 42034.0 49511.0 55871.0 61068.0 65151.0 68223.0 70408.0 71831.0 72615.0 72870.0 72692.0
5 1.0 273.01631538101094 37.895112490022214 -0.7814569591888108 0.37841969347846655 0.007968030838672811 0.1900958006233801 0.17545585638957656 -0.08085922910928832 8194.0 21650.0 41358.0 64634.0 88562.0 110928.0 130420.00000000001 146478.0 159048.0 168372.0 174834.0 178861.0 180875.0 181258.0 180343.0 178415.0
6 1.0 115.20617429608842 -53.113736347253685 -0.7814569591888108 0.37841969347846655 0.007968030838672811 0.1900958006233801 0.17545585638957656 -0.08085922910928832 14826.0 35489.0 62941.0 92935.0 121838.0 147365.0 168460.0 184914.0 197016.0 205289.0 210333.0 212735.0 213025.0 211661.0 209028.0 205438.0
7 1.0 138.04700190188328 -28.494339324348218 -0.7814569591888108 0.37841969347846655 0.007968030838672811 0.1900958006233801 0.17545585638957656 -0.08085922910928832 14868.0 32885.0 55121.0 78140.0 99456.0 117721.0 132450.0 143689.0 151767.0 157122.0 160213.0 161471.0 161274.0 159943.0 157745.0 154898.0
8 1.0 211.79416087929806 31.723646809943318 -0.7814569591888108 0.37841969347846655 0.007968030838672811 0.1900958006233801 0.17545585638957656 -0.08085922910928832 3064.0 8097.999999999999 15594.0 24718.0 34482.0 44053.0 52861.0 60585.0 67090.0 72371.0 76502.0 79593.0 81775.0 83177.0 83921.0 84118.0
9 1.0 299.17744388502854 68.26225734563889 -0.7814569591888108 0.37841969347846655 0.007968030838672811 0.1900958006233801 0.17545585638957656 -0.08085922910928832 4844.0 13965.0 28434.0 46620.0 66288.0 85491.0 102909.0 117832.0 130014.99999999999 139512.0 146545.0 151415.0 154444.0 155940.0 156186.0 155427.0
10 1.0 226.43346369281355 7.86204968905713 -0.7814569591888108 0.37841969347846655 0.007968030838672811 0.1900958006233801 0.17545585638957656 -0.08085922910928832 5184.0 13325.0 25080.0 38976.0 53431.0 67211.0 79536.0 90022.0 98561.0 105225.0 110181.0 113640.0 115821.0 116934.0 117171.0 116697.0
11 1.0 314.1542359610623 -39.11406282980341 -0.7814569591888108 0.37841969347846655 0.007968030838672811 0.1900958006233801 0.17545585638957656 -0.08085922910928832 12673.0 28853.0 49352.0 70992.0 91344.0 109014.0 123443.0 134605.0 142764.0 148311.0 151668.0 153237.0 153377.0 152395.0 150547.0 148045.0
12 1.0 98.47513253362888 -84.55765355892314 -0.7814569591888108 0.37841969347846655 0.007968030838672811 0.1900958006233801 0.17545585638957656 -0.08085922910928832 13116.0 32296.0 58432.0 87532.0 115990.0 141432.0 162689.0 179456.0 191947.0 200637.0 206096.0 208892.0 209548.0 208519.0 206186.0 202866.0
13 1.0 287.29686020852296 37.8606292153584 -0.7814569591888108 0.37841969347846655 0.007968030838672811 0.1900958006233801 0.17545585638957656 -0.08085922910928832 9453.0 23826.0 44106.0 67472.0 91089.0 112900.0 131736.0 147137.0 159108.0 167917.0 173954.0 177645.0 179401.0 179591.0 178540.0 176519.0
14 1.0 66.8289399501428 -88.58086136848073 -0.7814569591888108 0.37841969347846655 0.007968030838672811 0.1900958006233801 0.17545585638957656 -0.08085922910928832 13066.0 32140.000000000004 58104.0 86991.0 115227.0 140464.0 161547.0 178178.0 190572.0 199198.0 204622.0 207407.0 208070.0 207061.0 204760.0 201478.0
15 1.0 343.0049965099 -22.9177674322208 -0.7814569591888108 0.37841969347846655 0.007968030838672811 0.1900958006233801 0.17545585638957656 -0.08085922910928832 7910.0 17572.0 29435.0 41601.0 52735.0 62150.0 69635.0 75259.0 79228.0 81796.0 83217.0 83720.0 83504.0 82735.0 81546.0 80046.0
16 1.0 247.4957794996135 5.496698621300723 -0.7814569591888108 0.37841969347846655 0.007968030838672811 0.1900958006233801 0.17545585638957656 -0.08085922910928832 8054.0 21011.0 39838.0 62008.0 84801.0 106149.0 124821.0 140275.0 152445.0 161546.0 167925.0 171979.0 174101.0 174649.0 173939.0 172240.0
17 1.0 77.58276376088104 75.98006311809476 -0.7814569591888108 0.37841969347846655 0.007968030838672811 0.1900958006233801 0.17545585638957656 -0.08085922910928832 3510.0 10660.0 22559.0 38084.0 55394.0 72739.0 88840.0 102944.0 114721.0 124135.0 131326.0 136525.0 139999.0 142015.0 142823.0 142647.0
18 1.0 341.0534125760127 -73.89098189407798 -0.7814569591888108 0.37841969347846655 0.007968030838672811 0.1900958006233801 0.17545585638957656 -0.08085922910928832 11824.0 28762.0 51609.0 76900.0 101575.0 123643.0 142126.0 156771.0 167759.0 175489.0 180438.0 183088.0 183880.0 183199.0 181374.0 178674.0
19 1.0 263.1080904372568 -16.930382045708924 -0.7814569591888108 0.37841969347846655 0.007968030838672811 0.1900958006233801 0.17545585638957656 -0.08085922910928832 13062.0 32277.0 58558.0 87898.0 116644.0 142375.0 163889.0 180865.0 193514.0 202313.0 207838.0 210667.0 211329.0 210283.0 207919.0 204557.0
20 1.0 91.4189913342093 -85.6236240521716 -0.7814569591888108 0.37841969347846655 0.007968030838672811 0.1900958006233801 0.17545585638957656 -0.08085922910928832 13048.0 32128.999999999996 58133.0 87088.0 115408.0 140733.0 161899.0 178601.0 191049.0 199717.0 205169.0 207971.0 208642.0 207633.0 205325.0 202034.0
21 1.0 76.79231185229351 -28.33002281851374 -0.7814569591888108 0.37841969347846655 0.007968030838672811 0.1900958006233801 0.17545585638957656 -0.08085922910928832 9185.0 23875.0 45044.0 69718.0 94799.0 118008.0 138041.0 154382.0 167034.0 176290.0 182578.0 186362.0 188088.0 188158.0 186920.0 184667.0
22 1.0 186.55225701503878 22.00159059116308 -0.7814569591888108 0.37841969347846655 0.007968030838672811 0.1900958006233801 0.17545585638957656 -0.08085922910928832 3314.0 8116.0 14642.0 21952.0 29206.0 35847.0 41582.0 46312.0 50054.0 52892.0 54936.0 56301.0 57099.0 57431.0 57384.0 57032.0
23 1.0 9.238578499631366 -39.767769318852295 -0.7814569591888108 0.37841969347846655 0.007968030838672811 0.1900958006233801 0.17545585638957656 -0.08085922910928832 6495.0 15495.0 27411.0 40457.0 53126.0 64469.0 74031.0 81701.0 87568.0 91822.0 94691.0 96403.0 97168.0 97171.0 96571.0 95499.0
24 1.0 74.68922715879938 -52.245009061985684 -0.7814569591888108 0.37841969347846655 0.007968030838672811 0.1900958006233801 0.17545585638957656 -0.08085922910928832 10748.0 27136.0 50096.0 76279.0 102433.0 126280.0 146593.0 162947.0 175427.0 184393.0 190321.0 193709.0 195027.0 194692.0 193061.0 190434.0
25 1.0 152.88676875054225 -69.17341800112314 -0.7814569591888108 0.37841969347846655 0.007968030838672811 0.1900958006233801 0.17545585638957656 -0.08085922910928832 14263.0 34443.0 61428.0 91039.0 119661.0 145001.0 165985.0 182391.0 194489.0 202792.0 207889.0 210360.0 210730.0 209452.0 206906.0 203406.0
26 1.0 134.7011929203212 13.88524392366152 -0.7814569591888108 0.37841969347846655 0.007968030838672811 0.1900958006233801 0.17545585638957656 -0.08085922910928832 9584.0 21376.0 36080.0 51477.0 65928.0 78507.0 88844.0 96925.0 102923.0 107101.0 109743.0 111119.0 111475.0 111021.0 109935.0 108364.0
27 1.0 166.88715277133184 35.14860106284348 -0.7814569591888108 0.37841969347846655 0.007968030838672811 0.1900958006233801 0.17545585638957656 -0.08085922910928832 3594.0 8911.0 16299.999999999998 24771.0 33374.0 41425.0 48523.0 54495.0 59317.0 63055.0 65818.0 67736.0 68936.0 69538.0 69650.0 69366.0
28 1.0 99.94633426610349 30.95228530724802 -0.7814569591888108 0.37841969347846655 0.007968030838672811 0.1900958006233801 0.17545585638957656 -0.08085922910928832 6517.0 17325.0 33376.0 52640.0 72792.0 91977.0 109025.0 123374.0 134887.0 143694.0 150065.0 154325.0 156807.0 157823.0 157653.0 156537.0
29 1.0 211.24236472494076 80.79498372969132 -0.7814569591888108 0.37841969347846655 0.007968030838672811 0.1900958006233801 0.17545585638957656 -0.08085922910928832 3378.0 10160.0 21396.0 36042.0 52389.0 68805.0 84091.0 97529.0 108798.0 117851.0 124811.0 129887.0 133325.0 135374.0 136267.0 136215.0
0 1.0 310.9880181323633 -89.51342149916951 -0.7814569591888108 0.37841969347846655 0.007968030838672811 0.1900958006233801 0.17545585638957656 -0.08085922910928832 13090.0 32183.999999999996 58165.0 87061.0 115297.0 140528.0 161601.0 178219.0 190598.0 199210.0 204620.0 207394.0 208047.0 207029.0 204720.0 201432.0
1 1.0 42.31146814633191 26.49539770092649 -0.7814569591888108 0.37841969347846655 0.007968030838672811 0.1900958006233801 0.17545585638957656 -0.08085922910928832 2891.0 8304.0 17004.0 28188.0 40623.0 53143.0 64880.99999999999 75304.0 84157.0 91383.0 97049.0 101293.0 104285.0 106200.0 107208.0 107464.0
2 1.0 186.2564785754811 18.070602677575124 -0.7814569591888108 0.37841969347846655 0.007968030838672811 0.1900958006233801 0.17545585638957656 -0.08085922910928832 3527.0 8536.0 15253.0 22686.0 29979.0 36576.0 42200.0 46769.0 50320.0 52951.0 54783.0 55942.0 56546.0 56699.0 56492.0 56001.0
3 1.0 47.54451828425519 15.973129794651868 -0.7814569591888108 0.37841969347846655 0.007968030838672811 0.1900958006233801 0.17545585638957656 -0.08085922910928832 3049.0 8682.0 17681.0 29201.0 41971.0 54796.0 66796.0 77431.0 86451.0 93804.0 99565.0 103878.0 106919.0 108868.0 109898.0 110165.0
4 1.0 258.06948522933374 83.29865757124364 -0.7814569591888108 0.37841969347846655 0.007968030838672811 0.1900958006233801 0.17545585638957656 -0.08085922910928832 3628.0 10937.0 23039.0 38775.0 56276.0 73778.0 90000.0 104188.0 116019.0 125460.99999999999 132659.0 137851.0 141305.0 143294.0 144068.0 143854.0
5 1.0 142.58149301062573 -86.96309879339286 -0.7814569591888108 0.37841969347846655 0.007968030838672811 0.1900958006233801 0.17545585638957656 -0.08085922910928832 13290.0 32683.999999999996 59075.0 88418.0 117077.0 142666.0 164017.0 180832.0 193336.0 202012.0 207438.0 210190.0 210793.0 209706.0 207315.0 203936.0
6 1.0 203.55167226906323 35.36683752626102 -0.7814569591888108 0.37841969347846655 0.007968030838672811 0.1900958006233801 0.17545585638957656 -0.08085922910928832 2830.0 7449.0 14287.0 22570.0 31406.000000000004 40053.0 48007.0 54977.0 60846.0 65606.0 69320.0 72089.0 74029.0 75257.0 75884.0 76012.0
7 1.0 65.9807410370683 56.462156946335426 -0.7814569591888108 0.37841969347846655 0.007968030838672811 0.1900958006233801 0.17545585638957656 -0.08085922910928832 3613.0 10928.0 23065.0 38866.0 56453.0 74047.0 90358.0 104625.0 116520.0 126012.00000000001 133247.0 138463.0 141931.0 143926.0 144699.0 144479.0
8 1.0 52.1451933636158 1.7652953918851466 -0.7814569591888108 0.37841969347846655 0.007968030838672811 0.1900958006233801 0.17545585638957656 -0.08085922910928832 3642.0 10142.0 20312.0 33123.0 47140.0 61071.0 73989.0 85346.0 94902.0 102627.0 108622.0 113052.0 116116.0 118013.0 118931.0 119042.0
9 1.0 175.70026103362363 -29.886323472574354 -0.7814569591888108 0.37841969347846655 0.007968030838672811 0.1900958006233801 0.17545585638957656 -0.08085922910928832 10419.0 23546.0 40020.0 57271.0 73380.0 87279.0 98561.0 107238.0 113539.0 117790.0 120330.0 121481.0 121526.0 120706.0 119223.0 117238.0
10 1.0 128.020585625984 52.35122938093289 -0.7814569591888108 0.37841969347846655 0.007968030838672811 0.1900958006233801 0.17545585638957656 -0.08085922910928832 4191.0 11480.0 22646.0 36432.0 51242.0 65713.0 78914.0 90335.0 99786.0 107284.0 112972.0 117050.0 119739.0 121257.0 121806.0 121563.0
11 1.0 338.5555002910127 -72.49627338616357 -0.7814569591888108 0.37841969347846655 0.007968030838672811 0.1900958006233801 0.17545585638957656 -0.08085922910928832 11785.0 28606.0 51252.0 76289.0 100695.0 122512.0 140779.0 155252.0 166109.0 173745.0 178633.0 181247.0 182023.0 181342.0 179528.0 176848.0
12 1.0 275.5170913705075 -10.43358520861345 -0.7814569591888108 0.37841969347846655 0.007968030838672811 0.1900958006233801 0.17545585638957656 -0.08085922910928832 14670.0 35015.0 62038.0 91594.0 120125.0 145377.0 166295.0 182657.0 194734.0 203031.0 208133.0 210614.0 210996.0 209732.0 207199.0 203711.0
13 1.0 269.51890314619703 3.5914274227508827 -0.7814569591888108 0.37841969347846655 0.007968030838672811 0.1900958006233801 0.17545585638957656 -0.08085922910928832 12624.0 31141.0 56505.0 84897.0 112809.0 137891.0 158952.0 175652.0 188172.0 196954.0 202546.0 205500.0 206325.0 205467.0 203304.0 200149.0
14 1.0 325.33910630853603 34.91215396821855 -0.7814569591888108 0.37841969347846655 0.007968030838672811 0.1900958006233801 0.17545585638957656 -0.08085922910928832 8204.0 19331.0 34139.0 50555.0 66755.0 81511.0 94173.0 104515.0 112580.0 118563.0 122720.0 125329.0 126651.99999999999 126928.99999999999 126367.0 125144.0
15 1.0 30.032076759126678 -73.6405682341663 -0.7814569591888108 0.37841969347846655 0.007968030838672811 0.1900958006233801 0.17545585638957656 -0.08085922910928832 11249.0 27681.0 50113.0 75195.0 99880.0 122134.0 140919.0 155930.0 167303.0 175410.0 180709.0 183672.0 184735.0 184286.0 182651.0 180106.0
16 1.0 198.78928917206636 -49.00328972318503 -0.7814569591888108 0.37841969347846655 0.007968030838672811 0.1900958006233801 0.17545585638957656 -0.08085922910928832 11907.0 28413.0 50280.0 74165.0 97234.0 117704.0 134740.0 148162.0 158176.0 165173.0 169607.0 171928.0 172547.0 171818.0 170044.0 167471.0
17 1.0 210.4113848240768 -16.14571871577739 -0.7814569591888108 0.37841969347846655 0.007968030838672811 0.1900958006233801 0.17545585638957656 -0.08085922910928832 6957.0 16812.0 30060.0 44763.0 59221.0 72317.0 83480.0 92531.0 99531.0 104668.0 108186.0 110337.0 111361.0 111472.0 110855.0 109667.0
18 1.0 346.2970962770024 22.193041143623518 -0.7814569591888108 0.37841969347846655 0.007968030838672811 0.1900958006233801 0.17545585638957656 -0.08085922910928832 6044.0 13904.0 24030.0 34936.0 45433.0 54796.0 62689.99999999999 69040.0 73923.0 77494.0 79932.0 81419.0 82124.0 82195.0 81759.0 80925.0
19 1.0 105.17310964531758 69.65294061913514 -0.7814569591888108 0.37841969347846655 0.007968030838672811 0.1900958006233801 0.17545585638957656 -0.08085922910928832 3578.0 10682.0 22350.0 37447.0 54191.0 70915.0 86413.0 99977.0 111303.0 120361.0 127289.00000000001 132307.0 135671.0 137636.0 138440.0 138297.0
20 1.0 86.69836076956085 21.388710283447764 -0.7814569591888108 0.37841969347846655 0.007968030838672811 0.1900958006233801 0.17545585638957656 -0.08085922910928832 6467.0 17730.0 34813.0 55558.0 77384.0 98202.0 116689.0 132209.0 144610.0 154039.0 160800.0 165260.0 167788.0 168731.0 168398.0 167055.0
21 1.0 36.10581921557922 -65.9769352317118 -0.7814569591888108 0.37841969347846655 0.007968030838672811 0.1900958006233801 0.17545585638957656 -0.08085922910928832 10199.0 25174.0 45711.0 68791.0 91630.0 112347.0 129955.99999999999 144143.0 155005.0 162856.0 168105.0 171175.0 172460.0 172315.0 171041.0 168893.0
22 1.0 5.9146666529307135 86.50442390171082 -0.7814569591888108 0.37841969347846655 0.007968030838672811 0.1900958006233801 0.17545585638957656 -0.08085922910928832 3645.0 11020.0 23247.0 39156.0 56849.0 74538.0 90925.0 105248.0 117180.0 126693.0 133935.0 139148.0 142606.0 144584.0 145338.0 145096.0
23 1.0 334.6305540451886 66.92143225598872 -0.7814569591888108 0.37841969347846655 0.007968030838672811 0.1900958006233801 0.17545585638957656 -0.08085922910928832 4544.0 13018.0 26416.0 43253.0 61496.0 79368.0 95650.0 109676.0 121201.0 130259.00000000001 137040.0 141810.0 144858.0 146466.0 146892.0 146362.0
24 1.0 241.16995677272763 0.4897370061583217 -0.7814569591888108 0.37841969347846655 0.007968030838672811 0.1900958006233801 0.17545585638957656 -0.08085922910928832 7593.0 19636.0 37020.0 57428.0 78403.0 98082.0 115348.0 129705.99999999999 141087.0 149672.0 155768.0 159729.0 161906.0 162621.0 162161.0 160771.0
25 1.0 282.6550483283296 76.02263672339393 -0.7814569591888108 0.37841969347846655 0.007968030838672811 0.1900958006233801 0.17545585638957656 -0.08085922910928832 4053.0 12093.0 25246.0 42168.0 60807.0 79280.0 96253.0 110969.0 123127.0 132729.0 139955.0 145075.0 148384.0 150177.0 150722.0 150258.0
26 1.0 101.42283807142167 7.448542876284435 -0.7814569591888108 0.37841969347846655 0.007968030838672811 0.1900958006233801 0.17545585638957656 -0.08085922910928832 10349.0 25400.0 46153.0 69672.0 93158.0 114649.0 133069.0 148028.0 159576.0 168006.0 173717.0 177138.0 178675.0 178693.0 177509.0 175390.0
27 1.0 211.1076598270776 76.19509222004936 -0.7814569591888108 0.37841969347846655 0.007968030838672811 0.1900958006233801 0.17545585638957656 -0.08085922910928832 3295.0 9844.0 20653.0 34728.0 50445.0 66251.0 81000.0 94000.0 104936.0 113755.0 120567.0 125567.00000000001 128985.99999999999 131061.00000000001 132014.0 132046.0
28 1.0 23.023895803553206 59.38152634860177 -0.7814569591888108 0.37841969347846655 0.007968030838672811 0.1900958006233801 0.17545585638957656 -0.08085922910928832 3554.0 10447.0 21643.0 36033.0 51936.0 67794.0 82482.0 95344.0 106096.0 114709.0 121311.0 126108.0 129340.00000000001 131245.0 132048.0 131950.0
29 1.0 174.82593453646425 84.29155385297352 -0.7814569591888108 0.37841969347846655 0.007968030838672811 0.1900958006233801 0.17545585638957656 -0.08085922910928832 3408.0 10271.0 21650.0 36486.0 53039.0 69653.0 85113.0 98692.0 110068.0 119197.0 126205.00000000001 131307.0 134751.0 136792.0 137665.0 137585.0
0 1.0 351.89825030800085 75.5609059400685 -0.7814569591888108 0.37841969347846655 0.007968030838672811 0.1900958006233801 0.17545585638957656 -0.08085922910928832 3967.0 11799.0 24584.0 41020.0 59129.0 77095.0 93629.0 107995.0 119894.0 129323.0 136451.0 141532.0 144850.0 146689.0 147306.0 146934.0
1 1.0 315.54188831397266 -83.5139128628575 -0.7814569591888108 0.37841969347846655 0.007968030838672811 0.1900958006233801 0.17545585638957656 -0.08085922910928832 12855.0 31523.000000000004 56865.0 85010.0 112495.0 137054.0 157576.0 173773.0 185855.0 194278.0 199589.0 202334.0 203013.0 202062.0 199851.0 196682.0
2 1.0 121.73722266126443 -58.54103925103081 -0.7814569591888108 0.37841969347846655 0.007968030838672811 0.1900958006233801 0.17545585638957656 -0.08085922910928832 14737.0 35349.0 62766.0 92739.0 121630.0 147149.0 168236.0 184684.0 196780.0 205049.0 210090.0 212491.0 212782.0 211421.0 208791.0 205206.0
3 1.0 346.16525563493946 -19.95575812178656 -0.7814569591888108 0.37841969347846655 0.007968030838672811 0.1900958006233801 0.17545585638957656 -0.08085922910928832 7231.0 16084.000000000002 26968.0 38141.0 48373.0 57026.0 63901.0 69059.0 72688.0 75023.0 76297.0 76726.0 76492.0 75749.0 74624.0 73215.0
4 1.0 83.41258552963363 81.38568551317573 -0.7814569591888108 0.37841969347846655 0.007968030838672811 0.1900958006233801 0.17545585638957656 -0.08085922910928832 3537.0 10702.0 22599.0 38102.0 55376.0 72679.0 88740.0 102809.0 114559.0 123954.0 131133.0 136326.0 139799.0 141818.0 142632.0 142464.0
5 1.0 341.75477606964535 -35.99479449433267 -0.7814569591888108 0.37841969347846655 0.007968030838672811 0.1900958006233801 0.17545585638957656 -0.08085922910928832 8707.0 19821.0 33854.0 48615.0 62450.0 74426.0 84181.0 91713.0 97211.0 100947.0 103212.0 104278.0 104389.0 103751.0 102535.0 100884.0
6 1.0 338.8959736943395 -61.11582410023181 -0.7814569591888108 0.37841969347846655 0.007968030838672811 0.1900958006233801 0.17545585638957656 -0.08085922910928832 10829.0 25834.0 45718.0 67463.0 88505.0 107224.0 122853.0 135216.0 144487.0 151011.0 155195.0 157444.0 158127.0 157568.0 156041.0 153773.0
7 1.0 287.71293144686103 69.53483989558077 -0.7814569591888108 0.37841969347846655 0.007968030838672811 0.1900958006233801 0.17545585638957656 -0.08085922910928832 4614.0 13478.0 27694.0 45698.0 65275.0 84469.0 101935.0 116941.0 129222.0 138821.0 145953.0 150915.0 154025.0 155594.0 155902.0 155196.0
8 1.0 226.9612572720448 -9.649005213023472 -0.7814569591888108 0.37841969347846655 0.007968030838672811 0.1900958006233801 0.17545585638957656 -0.08085922910928832 7112.0 17815.0 32789.0 49973.0 67354.0 83483.0 97531.0 109158.0 118347.0 125266.99999999999 130177.99999999999 133369.0 135124.0 135703.0 135335.0 134217.0
9 1.0 314.7436679849809 73.41760698377868 -0.7814569591888108 0.37841969347846655 0.007968030838672811 0.1900958006233801 0.17545585638957656 -0.08085922910928832 4392.0 12866.0 26509.0 43856.0 62796.00000000001 81437.0 98469.0 113163.0 125246.0 134741.0 141845.0 146836.0 150020.0 151691.0 152123.0 151553.0
10 1.0 105.48730242280682 -61.15851606237421 -0.7814569591888108 0.37841969347846655 0.007968030838672811 0.1900958006233801 0.17545585638957656 -0.08085922910928832 13817.0 33819.0 60912.0 90924.0 120136.0 146135.0 167755.0 184719.0 197274.0 205929.0 211282.0 213925.0 214396.0 213163.0 210619.0 207086.0
11 1.0 305.61967991265055 29.00115207145791 -0.7814569591888108 0.37841969347846655 0.007968030838672811 0.1900958006233801 0.17545585638957656 -0.08085922910928832 11074.0 25831.0 45241.0 66502.0 87221.0 105843.0 121588.0 134236.0 143901.0 150880.0 155539.0 158253.0 159373.0 159212.0 158038.0 156076.0
12 1.0 222.43560909030856 -10.75252449069147 -0.7814569591888108 0.37841969347846655 0.007968030838672811 0.1900958006233801 0.17545585638957656 -0.08085922910928832 6889.0 17098.0 31239.0 47342.0 63538.0 78512.0 91527.0 102289.0 110794.0 117206.0 121763.0 124732.0 126373.00000000001 126923.00000000001 126592.00000000001 125561.0
13 1.0 4.765268793203816 -76.23238157454863 -0.7814569591888108 0.37841969347846655 0.007968030838672811 0.1900958006233801 0.17545585638957656 -0.08085922910928832 11670.0 28563.0 51490.0 76988.0 101961.0 124368.0 143196.0 158167.0 169446.0 177425.0 182581.0 185397.0 186317.0 185730.0 183969.0 181308.0
14 1.0 125.00406645559904 35.363366037450106 -0.7814569591888108 0.37841969347846655 0.007968030838672811 0.1900958006233801 0.17545585638957656 -0.08085922910928832 6174.0 15416.0 28448.0 43577.0 59078.0 73658.0 86538.0 97358.0 106053.0 112733.0 117600.0 120894.0 122857.0 123717.0 123677.0 122916.0
15 1.0 53.330709941339414 -45.46822400295233 -0.7814569591888108 0.37841969347846655 0.007968030838672811 0.1900958006233801 0.17545585638957656 -0.08085922910928832 7998.999999999999 20291.0 37693.0 57820.0 78273.0 97295.0 113869.0 127569.99999999999 138366.0 146458.0 152155.0 155805.0 157749.0 158299.0 157731.0 156280.0
16 1.0 353.45858033457114 -82.86920593568681 -0.7814569591888108 0.37841969347846655 0.007968030838672811 0.1900958006233801 0.17545585638957656 -0.08085922910928832 12505.0 30688.0 55401.0 82888.0 109777.0 133849.0 154009.0 169965.0 181908.0 190275.0 195594.0 198395.0 199164.0 198327.0 196244.0 193212.0
17 1.0 172.2133105343957 -79.21002631507682 -0.7814569591888108 0.37841969347846655 0.007968030838672811 0.1900958006233801 0.17545585638957656 -0.08085922910928832 13771.0 33725.0 60753.0 90686.0 119814.0 145733.0 167283.0 184191.0 196705.0 205332.0 210669.0 213305.0 213777.0 212551.0 210019.0 206501.0
18 1.0 179.06089157951857 -79.00586332797828 -0.7814569591888108 0.37841969347846655 0.007968030838672811 0.1900958006233801 0.17545585638957656 -0.08085922910928832 13851.0 33885.0 60999.0 91010.0 120201.0 146168.0 167753.0 184684.0 197211.0 205845.0 211182.0 213814.0 214280.0 213045.0 210501.0 206971.0
19 1.0 230.2101059035405 73.39193234730709 -0.7814569591888108 0.37841969347846655 0.007968030838672811 0.1900958006233801 0.17545585638957656 -0.08085922910928832 3425.0 10243.0 21496.0 36134.0 52450.0 68823.0 84060.0 97452.0 108681.0 117703.0 124639.0 129700.00000000001 133130.0 135176.0 136071.0 136024.0
20 1.0 132.6904582066623 43.17910520923817 -0.7814569591888108 0.37841969347846655 0.007968030838672811 0.1900958006233801 0.17545585638957656 -0.08085922910928832 4895.0 12615.0 23833.0 37166.0 51094.0 64415.0 76359.0 86541.0 94849.0 101343.0 106182.0 109568.0 111712.0 112817.0 113068.0 112628.0
21 1.0 49.284097806815616 71.6512242984723 -0.7814569591888108 0.37841969347846655 0.007968030838672811 0.1900958006233801 0.17545585638957656 -0.08085922910928832 3555.0 10788.0 22815.0 38496.0 55967.0 73461.0 89689.0 103893.0 115744.0 125208.00000000001 132428.0 137640.0 141114.0 143119.0 143909.0 143708.0
22 1.0 295.9623839499284 31.064816033373845 -0.7814569591888108 0.37841969347846655 0.007968030838672811 0.1900958006233801 0.17545585638957656 -0.08085922910928832 11055.0 26480.0 47291.0 70513.0 93443.0 114247.0 131956.0 146252.0 157221.0 165171.0 170501.0 173631.0 174956.0 174832.0 173561.0 171401.0
23 1.0 68.34524828499286 5.2091872255589635 -0.7814569591888108 0.37841969347846655 0.007968030838672811 0.1900958006233801 0.17545585638957656 -0.08085922910928832 5076.0 14360.0 28916.0 47096.0 66688.0 85780.0 103078.0 117888.0 129973.0 139390.0 146360.0 151183.0 154177.0 155649.0 155880.0 155111.0
24 1.0 184.07483371672416 -35.19965441747191 -0.7814569591888108 0.37841969347846655 0.007968030838672811 0.1900958006233801 0.17545585638957656 -0.08085922910928832 10461.0 24148.0 41707.0 60431.0 78195.0 93746.0 106551.0 116547.0 123935.0 129036.00000000001 132209.0 133796.0 134110.0 133418.0 131945.0 129880.0
25 1.0 80.75413043090613 89.63320523916121 -0.7814569591888108 0.37841969347846655 0.007968030838672811 0.1900958006233801 0.17545585638957656 -0.08085922910928832 3559.0 10759.0 22706.0 38267.0 55597.0 72951.0 89053.0 103152.0 114923.0 124329.0 131513.0 136705.0 140173.0 142183.0 142987.0 142805.0
26 1.0 35.22401441785226 -24.805969390909922 -0.7814569591888108 0.37841969347846655 0.007968030838672811 0.1900958006233801 0.17545585638957656 -0.08085922910928832 4525.0 11436.0 21218.0 32598.000000000004 44297.0 55361.0 65211.00000000001 73577.0 80399.0 85745.0 89754.0 92590.0 94425.0 95419.0 95719.0 95453.0
27 1.0 310.388946271806 -5.28318914149628 -0.7814569591888108 0.37841969347846655 0.007968030838672811 0.1900958006233801 0.17545585638957656 -0.08085922910928832 14043.0 30608.0 50689.0 71156.0 89851.0 105669.0 118272.0 127771.0 134497.0 138866.0 141294.0 142163.0 141802.0 140491.0 138457.0 135887.0
28 1.0 350.2510160483269 -21.915868513776886 -0.7814569591888108 0.37841969347846655 0.007968030838672811 0.1900958006233801 0.17545585638957656 -0.08085922910928832 6591.0 14878.0 25211.0 35945.0 45886.0 54397.0 61258.0 66504.0 70296.0 72842.0 74354.0 75031.0 75044.0 74538.0 73632.0 72424.0
29 1.0 345.90047690268005 86.31484728038254 -0.7814569591888108 0.37841969347846655 0.007968030838672811 0.1900958006233801 0.17545585638957656 -0.08085922910928832 3652.0 11046.0 23303.0 39249.0 56979.0 74701.0 91114.0 105456.0 117400.0 126919.0 134164.0 139375.0 142829.0 144801.0 145548.0 145297.0
