idx D_km lam beta x1 y1 z1 x2 y2 z2 flux5 flux6 flux7 flux8 flux9 flux10 flux11 flux12 flux13 flux14 flux15 flux16 flux17 flux18 flux19 flux20
0 1.0 197.5728614138369 73.17998985981222 0.3611727869245104 -0.5924974807975515 -0.3633186265558896 -0.20738423524141034 0.13423165195500428 -0.0488362898699057 20433.0 49702.0 87975.0 128689.0 166711.0 199163.0 224994.0 244288.0 257712.0 266158.0 270538.0 271691.0 270340.0 267087.0 262421.0 256733.0
1 1.0 257.468171894071 49.328519885754986 0.3611727869245104 -0.5924974807975515 -0.3633186265558896 -0.20738423524141034 0.13423165195500428 -0.0488362898699057 17104.0 44338.0 81795.0 123081.0 162677.0 197210.0 225238.0 246600.0 261836.0 271792.0 277384.0 279474.0 278821.0 276066.0 271732.0 266242.0
2 1.0 216.99481538579178 -30.033872634844457 0.3611727869245104 -0.5924974807975515 -0.3633186265558896 -0.20738423524141034 0.13423165195500428 -0.0488362898699057 23960.0 59331.0 105822.0 155164.0 200918.0 239556.0 269878.0 292100.0 307141.0 316167.0 320344.0 320723.0 318198.0 313502.0 307225.0 299832.0
3 1.0 196.15794587888288 -75.40174980216058 0.3611727869245104 -0.5924974807975515 -0.3633186265558896 -0.20738423524141034 0.13423165195500428 -0.0488362898699057 28067.0 67084.0 116844.0 168476.0 215485.0 254543.00000000003 284700.0 306389.0 320692.0 328882.0 332197.0 331729.0 328396.0 322944.0 315968.0 307934.0
4 1.0 152.5157277620057 -16.69658914551468 0.3611727869245104 -0.5924974807975515 -0.3633186265558896 -0.20738423524141034 0.13423165195500428 -0.0488362898699057 1711.0 5384.0 11544.0 19603.0 28624.0 37733.0 46291.0 53912.0 60414.0 65758.0 69992.0 73212.0 75535.0 77084.0 77977.0 78322.0
5 1.0 232.5218807039962 -48.19785440923031 0.3611727869245104 -0.5924974807975515 -0.3633186265558896 -0.20738423524141034 0.13423165195500428 -0.0488362898699057 27308.0 63422.99999999999 108708.0 155310.0 197608.0 232760.0 259975.99999999997 279656.0 292751.0 300381.0 303634.0 303472.0 300710.0 296010.0 289905.0 282811.0
6 1.0 157.5313960545693 -66.15222574356306 0.3611727869245104 -0.5924974807975515 -0.3633186265558896 -0.20738423524141034 0.13423165195500428 -0.0488362898699057 22450.0 56216.0 101102.0 149183.0 194123.0 232355.0 262583.0 284928.0 300229.0 309594.0 314148.0 314915.0 312773.0 308446.0 302517.0 295449.0
7 1.0 321.03828028154874 -80.38310727837145 0.3611727869245104 -0.5924974807975515 -0.3633186265558896 -0.20738423524141034 0.13423165195500428 -0.0488362898699057 25606.0 58868.0 100345.0 142938.0 181600.0 213785.0 238784.0 256950.99999999997 269136.0 276344.0 279553.0 279632.0 277317.0 273210.0 267794.0 261451.0
8 1.0 346.91859378037054 40.60698555790418 0.3611727869245104 -0.5924974807975515 -0.3633186265558896 -0.20738423524141034 0.13423165195500428 -0.0488362898699057 11283.0 30100.0 56932.0 87549.0 117925.0 145349.0 168445.0 186812.0 200635.0 210396.0 216689.0 220114.0 221224.0 220502.0 218356.0 215125.0
9 1.0 138.03894677727996 -87.94305744749441 0.3611727869245104 -0.5924974807975515 -0.3633186265558896 -0.20738423524141034 0.13423165195500428 -0.0488362898699057 27686.0 65587.0 113669.0 163439.0 208719.0 246356.0 275455.0 296434.0 310322.0 318337.0 321658.0 321330.0 318233.0 313081.0 306447.0 298777.0
10 1.0 285.02101370975925 48.70453473049972 0.3611727869245104 -0.5924974807975515 -0.3633186265558896 -0.20738423524141034 0.13423165195500428 -0.0488362898699057 12483.0 32956.0 61788.0 94313.0 126238.99999999999 154760.0 178526.0 197206.0 211071.0 220681.0 226691.0 229751.0 230449.0 229292.0 226707.0 223043.0
11 1.0 190.40217111104562 -63.549603827932486 0.3611727869245104 -0.5924974807975515 -0.3633186265558896 -0.20738423524141034 0.13423165195500428 -0.0488362898699057 25676.0 63055.0 111766.0 163081.0 210335.0 249965.0 280830.0 303242.0 318215.0 326994.0 330808.0 330753.0 327757.0 322577.0 315816.0 307952.0
12 1.0 204.49604199381562 -75.68602513438397 0.3611727869245104 -0.5924974807975515 -0.3633186265558896 -0.20738423524141034 0.13423165195500428 -0.0488362898699057 28403.0 67403.0 116888.0 168071.0 214574.0 253154.0 282909.0 304287.0 318367.0 326412.0 329645.0 329145.0 325818.0 320401.0 313480.0 305514.0
13 1.0 333.214789785358 -73.87145383705104 0.3611727869245104 -0.5924974807975515 -0.3633186265558896 -0.20738423524141034 0.13423165195500428 -0.0488362898699057 22897.0 52336.0 89023.0 126779.0 161186.0 189979.0 212491.0 228995.0 240206.0 246992.0 250201.0 250597.0 248827.0 245427.0 240827.0 235368.0
14 1.0 25.5729809512393 30.968605323704594 0.3611727869245104 -0.5924974807975515 -0.3633186265558896 -0.20738423524141034 0.13423165195500428 -0.0488362898699057 23257.0 57980.0 103918.0 152920.0 198544.0 237210.0 267656.0 290052.0 305286.0 314503.0 318861.0 319404.0 317025.0 312458.0 306294.0 299000.0
15 1.0 31.366547892554657 -45.83390222648794 0.3611727869245104 -0.5924974807975515 -0.3633186265558896 -0.20738423524141034 0.13423165195500428 -0.0488362898699057 21694.0 52948.0 93782.0 137105.0 177407.0 211645.0 238743.0 258838.0 272680.0 281244.0 285518.0 286404.0 284673.0 280967.0 275802.0 269592.0
16 1.0 7.278623078517259 -14.302895997582283 0.3611727869245104 -0.5924974807975515 -0.3633186265558896 -0.20738423524141034 0.13423165195500428 -0.0488362898699057 10358.0 26404.0 48533.0 73235.0 97381.0 118951.0 136975.0 151222.0 161887.0 169379.0 174176.0 176755.0 177546.0 176925.0 175209.0 172656.0
17 1.0 299.74314439725765 10.326382438305046 0.3611727869245104 -0.5924974807975515 -0.3633186265558896 -0.20738423524141034 0.13423165195500428 -0.0488362898699057 1449.0 4254.0 8716.0 14336.0 20451.0 26488.0 32057.000000000004 36940.0 41052.0 44392.0 47010.0 48980.0 50385.0 51310.0 51831.0 52018.0
18 1.0 280.13643034194615 64.89921128918289 0.3611727869245104 -0.5924974807975515 -0.3633186265558896 -0.20738423524141034 0.13423165195500428 -0.0488362898699057 18748.0 48272.0 88557.0 132637.0 174609.0 210946.0 240200.0 262282.0 277830.0 287786.0 293150.0 294853.0 293707.0 290393.0 285464.0 279364.0
19 1.0 313.2043733688549 40.8679672880391 0.3611727869245104 -0.5924974807975515 -0.3633186265558896 -0.20738423524141034 0.13423165195500428 -0.0488362898699057 6975.0 19272.0 37492.0 59007.0 81043.0 101561.0 119392.0 134064.0 145554.0 154101.0 160059.0 163819.0 165759.0 166223.0 165509.0 163872.0
20 1.0 352.30260320379506 -41.34097705703137 0.3611727869245104 -0.5924974807975515 -0.3633186265558896 -0.20738423524141034 0.13423165195500428 -0.0488362898699057 10109.0 24348.0 43156.0 63556.0 83097.0 100298.0 114505.0 125616.0 133842.0 139535.0 143090.0 144893.0 145288.0 144574.0 143003.0 140780.0
21 1.0 287.6970831180205 -66.33309612759703 0.3611727869245104 -0.5924974807975515 -0.3633186265558896 -0.20738423524141034 0.13423165195500428 -0.0488362898699057 21743.0 48184.0 80439.0 113210.0 142840.0 167521.0 186769.0 200864.0 210441.0 216244.0 218998.0 219351.0 217851.0 214952.0 211019.0 206342.0
22 1.0 166.13257041105547 -80.03262232418437 0.3611727869245104 -0.5924974807975515 -0.3633186265558896 -0.20738423524141034 0.13423165195500428 -0.0488362898699057 27353.0 65906.0 115387.0 166957.0 214067.0 253315.0 283696.0 305609.0 320116.0 328483.0 331945.0 331597.0 328360.0 322985.0 316068.0 308078.0
23 1.0 280.99050346312396 -35.712245793430355 0.3611727869245104 -0.5924974807975515 -0.3633186265558896 -0.20738423524141034 0.13423165195500428 -0.0488362898699057 10368.0 22584.0 37391.0 52469.0 66217.0 77823.0 87037.0 93945.0 98799.0 101907.0 103582.0 104109.0 103736.0 102671.0 101085.0 99117.0
24 1.0 42.57879331281596 -42.818733136857915 0.3611727869245104 -0.5924974807975515 -0.3633186265558896 -0.20738423524141034 0.13423165195500428 -0.0488362898699057 23240.0 57240.0 101846.0 149198.0 193173.0 230402.0 259718.99999999997 281307.0 296022.0 304963.0 309235.0 309837.0 307622.0 303293.0 297417.0 290440.0
25 1.0 230.3715676779086 -7.894697975913658 0.3611727869245104 -0.5924974807975515 -0.3633186265558896 -0.20738423524141034 0.13423165195500428 -0.0488362898699057 21285.0 53056.0 95219.0 140406.0 182734.0 218867.0 247574.0 268935.0 283706.0 292900.0 297554.0 298616.0 296905.0 293098.0 287744.0 281279.0
26 1.0 51.607183467256704 32.990640398582485 0.3611727869245104 -0.5924974807975515 -0.3633186265558896 -0.20738423524141034 0.13423165195500428 -0.0488362898699057 27993.0 65262.0 112034.0 160134.0 203726.0 239873.0 267778.0 287875.0 301165.0 308820.0 311973.0 311623.0 308613.0 303629.0 297218.0 289810.0
27 1.0 340.0808101378502 35.21258021499429 0.3611727869245104 -0.5924974807975515 -0.3633186265558896 -0.20738423524141034 0.13423165195500428 -0.0488362898699057 7578.0 20871.0 40497.0 63589.00000000001 87148.0 108987.0 127872.99999999999 143321.0 155338.0 164197.0 170296.0 174065.0 175915.0 176218.0 175295.0 173415.0
28 1.0 187.8653958300258 -38.96660761521 0.3611727869245104 -0.5924974807975515 -0.3633186265558896 -0.20738423524141034 0.13423165195500428 -0.0488362898699057 17115.0 44244.0 81520.0 122614.0 162052.0 196485.0 224469.0 245835.0 261108.0 271122.0 276782.0 278944.0 278362.0 275673.0 271400.0 265965.0
29 1.0 149.2782983965885 -21.61314793797831 0.3611727869245104 -0.5924974807975515 -0.3633186265558896 -0.20738423524141034 0.13423165195500428 -0.0488362898699057 2297.0 6981.0 14610.0 24371.0 35104.0 45771.0 55646.0 64310.00000000001 71585.0 77455.0 82004.0 85361.0 87681.0 89116.0 89810.0 89893.0
0 1.0 95.24002035766571 -57.39282688735745 0.3611727869245104 -0.5924974807975515 -0.3633186265558896 -0.20738423524141034 0.13423165195500428 -0.0488362898699057 20273.0 50860.0 91736.0 135808.0 177313.0 212929.0 241378.0 262681.0 277536.0 286910.0 291804.0 293141.0 291721.0 288208.0 283143.0 276958.0
1 1.0 278.724128196318 51.93819221517336 0.3611727869245104 -0.5924974807975515 -0.3633186265558896 -0.20738423524141034 0.13423165195500428 -0.0488362898699057 14508.0 37978.0 70677.0 107182.0 142647.0 173996.0 199817.0 219840.0 234444.0 244312.0 250214.0 252896.0 253025.0 251170.99999999997 247806.0 243316.0
2 1.0 164.21411959795748 -79.76734624201674 0.3611727869245104 -0.5924974807975515 -0.3633186265558896 -0.20738423524141034 0.13423165195500428 -0.0488362898699057 27259.0 65772.0 115253.0 166861.0 214030.0 253344.0 283787.0 305753.0 320302.0 328702.0 332187.0 331855.0 328628.0 323257.0 316341.0 308349.0
3 1.0 204.63622159271347 35.459503510497726 0.3611727869245104 -0.5924974807975515 -0.3633186265558896 -0.20738423524141034 0.13423165195500428 -0.0488362898699057 14858.0 38167.0 70153.0 105485.0 139538.0 169451.0 193956.0 212859.0 226567.0 235755.0 241173.0 243538.0 243488.0 241566.0 238222.0 233821.0
4 1.0 6.764328157087851 50.1651712693986 0.3611727869245104 -0.5924974807975515 -0.3633186265558896 -0.20738423524141034 0.13423165195500428 -0.0488362898699057 20692.0 52471.0 95221.0 141457.0 185040.0 222413.0 252205.0 274438.0 289859.0 299500.0 304428.0 305626.0 303941.0 300078.0 294607.0 287982.0
5 1.0 222.34877894731574 49.93336113277556 0.3611727869245104 -0.5924974807975515 -0.3633186265558896 -0.20738423524141034 0.13423165195500428 -0.0488362898699057 18819.0 47994.0 87514.0 130550.0 171400.0 206692.0 235066.0 256464.00000000003 271522.0 281160.0 286349.0 287992.0 286875.0 283656.0 278870.0 272948.0
6 1.0 220.3544601800717 -43.303938417836115 0.3611727869245104 -0.5924974807975515 -0.3633186265558896 -0.20738423524141034 0.13423165195500428 -0.0488362898699057 26747.0 64237.0 112317.0 162457.0 208327.0 246624.0 276353.0 297879.0 312212.0 320568.0 324139.0 323983.0 320993.0 315898.0 309280.0 301596.0
7 1.0 222.0962388749125 -22.713635172138936 0.3611727869245104 -0.5924974807975515 -0.3633186265558896 -0.20738423524141034 0.13423165195500428 -0.0488362898699057 23422.0 57974.0 103430.0 151742.0 196624.0 234611.0 264501.0 286485.0 301439.0 310493.0 314780.0 315323.0 312997.0 308521.0 302473.0 295311.0
8 1.0 339.7493082652647 15.76793433535002 0.3611727869245104 -0.5924974807975515 -0.3633186265558896 -0.20738423524141034 0.13423165195500428 -0.0488362898699057 2708.0 8050.0 16592.0 27365.0 39070.0 50583.0 61138.0 70309.0 77932.0 84014.0 88661.0 92031.0 94296.0 95628.0 96187.0 96114.0
9 1.0 245.45530767725404 -40.892057563595934 0.3611727869245104 -0.5924974807975515 -0.3633186265558896 -0.20738423524141034 0.13423165195500428 -0.0488362898699057 23751.0 54162.0 92013.0 130933.0 166375.0 196010.0 219159.0 236104.0 247589.0 254508.0 257740.00000000003 258073.0 256178.00000000003 252604.0 247798.0 242112.0
10 1.0 129.42284420656296 -23.246496140780025 0.3611727869245104 -0.5924974807975515 -0.3633186265558896 -0.20738423524141034 0.13423165195500428 -0.0488362898699057 2729.0 7791.0 15626.000000000002 25278.0 35580.0 45575.0 54641.0 62456.0 68915.0 74049.0 77965.0 80803.0 82714.0 83843.0 84323.0 84270.0
11 1.0 157.33150336776293 -54.530229566584865 0.3611727869245104 -0.5924974807975515 -0.3633186265558896 -0.20738423524141034 0.13423165195500428 -0.0488362898699057 16610.0 42735.0 78562.0 118053.0 155991.0 189175.0 216215.0 236932.0 251815.99999999997 261653.00000000003 267300.0 269572.0 269189.0 266761.0 262789.0 257678.00000000003
12 1.0 251.14723053381536 -7.225940923918671 0.3611727869245104 -0.5924974807975515 -0.3633186265558896 -0.20738423524141034 0.13423165195500428 -0.0488362898699057 15767.0 38285.0 67939.0 99815.0 129959.99999999999 156066.0 177208.0 193347.0 204917.0 212554.0 216934.0 218690.0 218379.0 216472.0 213356.0 209343.0
13 1.0 21.68116978653714 -81.96978577425946 0.3611727869245104 -0.5924974807975515 -0.3633186265558896 -0.20738423524141034 0.13423165195500428 -0.0488362898699057 26447.0 62248.0 107553.0 154447.0 197177.0 232792.0 260434.0 280470.0 293845.0 301682.0 305080.0 305014.0 302308.0 297635.0 291533.0 284427.0
14 1.0 240.03601756044037 53.96325922271123 0.3611727869245104 -0.5924974807975515 -0.3633186265558896 -0.20738423524141034 0.13423165195500428 -0.0488362898699057 19352.0 49664.0 90875.0 135815.0 178471.0 215282.0 244816.0 267020.0 282572.0 292448.0 297674.0 299205.0 297866.0 294349.0 289216.0 282916.0
15 1.0 241.4296330625374 -76.1478395424061 0.3611727869245104 -0.5924974807975515 -0.3633186265558896 -0.20738423524141034 0.13423165195500428 -0.0488362898699057 28226.0 65093.0 111018.0 158035.0 200524.0 235694.0 262814.0 282329.0 295225.0 302645.0 305689.0 305330.0 302384.0 297518.0 291261.0 284032.0
16 1.0 75.73772198658273 3.3903267896746883 0.3611727869245104 -0.5924974807975515 -0.3633186265558896 -0.20738423524141034 0.13423165195500428 -0.0488362898699057 17009.0 39983.0 69429.0 100464.0 129364.0 154067.0 173827.0 188712.0 199209.0 205967.0 209654.0 210887.0 210199.0 208040.0 204773.0 200694.0
17 1.0 46.41346715574719 -34.7741820818647 0.3611727869245104 -0.5924974807975515 -0.3633186265558896 -0.20738423524141034 0.13423165195500428 -0.0488362898699057 23396.0 57914.0 103359.0 151701.0 196643.0 234704.0 264671.0 286722.0 301733.0 310830.0 315148.0 315712.0 313398.0 308927.0 302879.0 295713.0
18 1.0 113.55420633270619 13.957730789647584 0.3611727869245104 -0.5924974807975515 -0.3633186265558896 -0.20738423524141034 0.13423165195500428 -0.0488362898699057 2929.0 6901.0 12102.0 17756.0 23226.0 28123.0 32262.0 35598.0 38168.0 40049.0 41336.0 42123.0 42497.0 42537.0 42311.0 41878.0
19 1.0 130.93587753934415 82.69800135001651 0.3611727869245104 -0.5924974807975515 -0.3633186265558896 -0.20738423524141034 0.13423165195500428 -0.0488362898699057 23238.0 54842.0 95150.0 137250.0 175992.0 208638.0 234301.0 253207.00000000003 266125.0 274015.0 277831.0 278438.0 276571.0 272840.0 267734.0 261645.00000000003
20 1.0 205.27083735043666 26.20264400208069 0.3611727869245104 -0.5924974807975515 -0.3633186265558896 -0.20738423524141034 0.13423165195500428 -0.0488362898699057 14596.0 37800.0 69850.0 105411.0 139794.0 170069.0 194916.0 214113.0 228057.0 237425.0 242972.0 245423.0 245425.0 243528.0 240189.0 235778.0
21 1.0 157.89654484643532 -83.63476156401164 0.3611727869245104 -0.5924974807975515 -0.3633186265558896 -0.20738423524141034 0.13423165195500428 -0.0488362898699057 27625.0 66094.0 115219.0 166259.0 212790.0 251506.99999999997 281449.0 303030.0 317305.0 325529.0 328918.0 328552.0 325339.0 320017.0 313174.0 305273.0
22 1.0 355.8145817013214 -12.527560888548976 0.3611727869245104 -0.5924974807975515 -0.3633186265558896 -0.20738423524141034 0.13423165195500428 -0.0488362898699057 5840.0 15312.0 28826.0 44400.0 60100.0 74569.0 87067.0 97319.0 105347.0 111333.0 115530.0 118211.0 119636.0 120039.0 119624.0 118565.0
23 1.0 36.736131869290105 1.803033417285036 0.3611727869245104 -0.5924974807975515 -0.3633186265558896 -0.20738423524141034 0.13423165195500428 -0.0488362898699057 23407.0 58094.0 103850.0 152579.0 197912.0 236319.0 266562.0 288815.0 303960.0 313134.0 317482.0 318040.0 315694.0 311172.0 305061.0 297822.0
24 1.0 75.19563219414049 6.511949046621353 0.3611727869245104 -0.5924974807975515 -0.3633186265558896 -0.20738423524141034 0.13423165195500428 -0.0488362898699057 17437.0 40724.0 70413.0 101585.0 130524.0 155196.0 174878.0 189659.0 200038.0 206675.0 210243.0 211362.0 210569.0 208312.0 204957.0 200799.0
25 1.0 58.07142643859865 32.65065190869082 0.3611727869245104 -0.5924974807975515 -0.3633186265558896 -0.20738423524141034 0.13423165195500428 -0.0488362898699057 26929.0 61848.0 105290.0 149784.0 190054.0 223468.0 249319.0 268009.0 280450.0 287709.0 290814.0 290679.0 288073.0 283624.0 277835.0 271101.0
26 1.0 235.11899716754343 -40.032702408282105 0.3611727869245104 -0.5924974807975515 -0.3633186265558896 -0.20738423524141034 0.13423165195500428 -0.0488362898699057 25891.0 60334.0 103714.0 148547.0 189412.0 223526.0 250073.0 269393.0 282369.0 290060.0 293500.0 293614.0 291184.0 286851.0 281128.0 274423.0
27 1.0 91.18497691432157 -66.80509821606236 0.3611727869245104 -0.5924974807975515 -0.3633186265558896 -0.20738423524141034 0.13423165195500428 -0.0488362898699057 23582.0 58516.0 104575.0 153598.0 199172.0 237753.0 268104.0 290410.0 305565.0 314718.0 319024.0 319527.0 317117.0 312527.0 306345.0 299038.0
28 1.0 167.87187822827028 -19.31837822152302 0.3611727869245104 -0.5924974807975515 -0.3633186265558896 -0.20738423524141034 0.13423165195500428 -0.0488362898699057 4629.0 13295.0 26634.0 42897.0 60024.0 76387.0 90973.0 103299.0 113252.0 120940.0 126586.0 130459.99999999999 132836.0 133972.0 134097.0 133411.0
29 1.0 87.99321312057698 82.1530301032708 0.3611727869245104 -0.5924974807975515 -0.3633186265558896 -0.20738423524141034 0.13423165195500428 -0.0488362898699057 24534.0 57710.0 99845.0 143675.0 183846.0 217552.0 243921.0 263232.0 276314.0 284185.0 287853.0 288218.0 286049.0 281977.0 276509.0 270050.0
0 1.0 57.2290501123871 -56.31643948484795 0.3611727869245104 -0.5924974807975515 -0.3633186265558896 -0.20738423524141034 0.13423165195500428 -0.0488362898699057 24308.0 59870.0 106453.0 155790.0 201478.0 240023.0 270248.0 292382.0 307349.0 316315.0 320445.0 320788.0 318236.0 313521.0 307231.0 299828.0
1 1.0 39.73505081914985 72.71711188708267 0.3611727869245104 -0.5924974807975515 -0.3633186265558896 -0.20738423524141034 0.13423165195500428 -0.0488362898699057 27039.0 64058.00000000001 111102.0 159900.0 204401.0 241489.0 270249.0 291063.0 304917.0 312992.0 316439.0 316278.0 313373.0 308427.0 302004.0 294544.0
2 1.0 236.27865220749842 7.885071013918747 0.3611727869245104 -0.5924974807975515 -0.3633186265558896 -0.20738423524141034 0.13423165195500428 -0.0488362898699057 18969.0 48046.0 87232.0 129764.99999999999 170051.0 204805.0 232716.0 253747.0 268533.0 277983.0 283056.0 284641.0 283511.0 280312.0 275574.0 269717.0
3 1.0 49.74586248550097 -7.755944103762147 0.3611727869245104 -0.5924974807975515 -0.3633186265558896 -0.20738423524141034 0.13423165195500428 -0.0488362898699057 24287.0 59613.0 105772.0 154587.0 199752.0 237841.0 267705.0 289578.0 304374.0 313247.0 317344.0 317702.0 315198.0 310555.0 304354.0 297051.0
4 1.0 70.76965020481926 68.76745384138013 0.3611727869245104 -0.5924974807975515 -0.3633186265558896 -0.20738423524141034 0.13423165195500428 -0.0488362898699057 25886.0 59231.0 100712.0 143260.0 181861.0 213985.0 238929.0 257049.00000000003 269196.0 276372.0 279556.0 279616.0 277286.0 273169.0 267745.0 261397.0
5 1.0 132.74106143794708 -7.451286881654539 0.3611727869245104 -0.5924974807975515 -0.3633186265558896 -0.20738423524141034 0.13423165195500428 -0.0488362898699057 823.0 2498.0 5264.0 8866.0 12906.0 17006.0 20885.0 24374.0 27390.0 29909.0 31949.0 33549.0 34755.0 35619.0 36189.0 36511.0
6 1.0 295.55756274525663 40.350174590077785 0.3611727869245104 -0.5924974807975515 -0.3633186265558896 -0.20738423524141034 0.13423165195500428 -0.0488362898699057 7963.0 21608.0 41470.0 64580.0 87950.0 109460.0 127948.0 142991.0 154628.0 163155.0 168974.0 172513.0 174180.0 174339.0 173305.0 171342.0
7 1.0 34.956459285502056 -18.17544209344163 0.3611727869245104 -0.5924974807975515 -0.3633186265558896 -0.20738423524141034 0.13423165195500428 -0.0488362898699057 21705.0 53964.0 96681.0 142379.0 185109.0 221520.0 250388.0 271815.0 286579.0 295712.0 300270.0 301215.0 299375.0 295434.0 289946.0 283351.0
8 1.0 301.6601666995694 72.7279907221724 0.3611727869245104 -0.5924974807975515 -0.3633186265558896 -0.20738423524141034 0.13423165195500428 -0.0488362898699057 21121.0 53615.0 97293.0 144464.0 188842.0 226812.0 257000.0 279456.0 294962.0 304584.0 309421.0 310478.0 308620.0 304567.0 298896.0 292069.0
9 1.0 34.59542684182671 34.20450363442093 0.3611727869245104 -0.5924974807975515 -0.3633186265558896 -0.20738423524141034 0.13423165195500428 -0.0488362898699057 26633.0 64811.99999999999 114191.0 165926.0 213364.0 253002.99999999997 283767.0 306018.0 320801.0 329383.0 333005.0 332771.0 329609.0 324277.0 317380.0 309393.0
10 1.0 351.5254074048225 35.931969765093015 0.3611727869245104 -0.5924974807975515 -0.3633186265558896 -0.20738423524141034 0.13423165195500428 -0.0488362898699057 10918.0 29141.0 55162.0 84901.0 114458.0 141196.0 163765.0 181762.0 195353.0 204999.0 211267.0 214738.0 215945.0 215356.0 213369.0 210312.0
11 1.0 168.71443259317257 -31.010327719718596 0.3611727869245104 -0.5924974807975515 -0.3633186265558896 -0.20738423524141034 0.13423165195500428 -0.0488362898699057 8168.0 22365.0 43192.0 67556.0 92280.0 115082.0 134700.0 150663.0 163007.0 172043.0 178200.0 181937.0 183690.0 183848.0 182746.0 180664.0
12 1.0 351.6339917485214 46.22015569264005 0.3611727869245104 -0.5924974807975515 -0.3633186265558896 -0.20738423524141034 0.13423165195500428 -0.0488362898699057 14865.0 38837.0 72201.0 109429.0 145577.0 177511.0 203794.0 224156.0 238991.0 248998.0 254966.00000000003 257656.0 257751.0 255830.0 252377.00000000003 247783.0
13 1.0 217.74438710821656 24.490989980485438 0.3611727869245104 -0.5924974807975515 -0.3633186265558896 -0.20738423524141034 0.13423165195500428 -0.0488362898699057 17657.0 45631.0 83974.0 126108.0 166401.0 201441.0 229791.0 251320.0 266601.0 276511.0 281991.0 283926.0 283091.0 280138.0 275599.0 269904.0
14 1.0 266.1348885833886 -46.79635079165228 0.3611727869245104 -0.5924974807975515 -0.3633186265558896 -0.20738423524141034 0.13423165195500428 -0.0488362898699057 18884.0 41503.0 69011.0 96973.0 122321.0 143521.0 160140.0 172389.0 180786.0 185948.0 188483.0 188940.0 187787.0 185411.0 182129.0 178191.0
15 1.0 14.107605211555443 -61.103011952653844 0.3611727869245104 -0.5924974807975515 -0.3633186265558896 -0.20738423524141034 0.13423165195500428 -0.0488362898699057 21250.0 50306.0 87496.0 126483.00000000001 162502.0 192989.0 217079.0 234941.0 247259.0 254899.0 258734.00000000003 259558.99999999997 258054.99999999997 254786.0 250210.0 244692.0
16 1.0 101.81050652750744 53.35046541311971 0.3611727869245104 -0.5924974807975515 -0.3633186265558896 -0.20738423524141034 0.13423165195500428 -0.0488362898699057 16425.0 35935.0 59613.0 83681.0 105536.0 123873.0 138321.0 149052.0 156494.0 161164.0 163572.0 164180.0 163383.0 161512.0 158835.0 155569.0
17 1.0 43.270762036740805 82.64998854634004 0.3611727869245104 -0.5924974807975515 -0.3633186265558896 -0.20738423524141034 0.13423165195500428 -0.0488362898699057 25567.0 60960.0 106238.0 153474.0 196779.0 233059.0 261353.99999999997 281975.0 295840.0 304068.0 307764.0 307915.0 305356.0 300774.0 294718.0 287621.0
18 1.0 106.61047110797217 -7.535011093192281 0.3611727869245104 -0.5924974807975515 -0.3633186265558896 -0.20738423524141034 0.13423165195500428 -0.0488362898699057 4277.0 10920.0 20240.0 30883.0 41558.0 51371.0 59840.0 66791.0 72245.0 76327.0 79207.0 81068.0 82084.0 82411.0 82184.0 81519.0
19 1.0 42.74197882352786 16.377149758263286 0.3611727869245104 -0.5924974807975515 -0.3633186265558896 -0.20738423524141034 0.13423165195500428 -0.0488362898699057 26245.0 63742.99999999999 112219.0 163030.0 209670.0 248699.0 279049.0 301059.0 315742.0 324330.0 328034.0 327933.0 324940.0 319797.0 313099.0 305314.0
20 1.0 114.47394458183138 64.39007595483983 0.3611727869245104 -0.5924974807975515 -0.3633186265558896 -0.20738423524141034 0.13423165195500428 -0.0488362898699057 18035.0 40503.0 68346.0 97037.0 123324.0 145508.0 163052.0 176113.0 185191.0 190904.0 193872.0 194658.0 193745.0 191537.0 188359.0 184475.0
21 1.0 149.13467802528118 -7.699778396305732 0.3611727869245104 -0.5924974807975515 -0.3633186265558896 -0.20738423524141034 0.13423165195500428 -0.0488362898699057 798.0 2644.0 5907.0 10371.0 15570.0 21006.0 26274.0 31102.0 35334.0 38907.0 41820.0 44111.0 45837.0 47065.0 47865.0 48301.0
22 1.0 23.09309868556237 81.3374058298925 0.3611727869245104 -0.5924974807975515 -0.3633186265558896 -0.20738423524141034 0.13423165195500428 -0.0488362898699057 25660.0 61710.0 108072.0 156572.0 201094.0 238404.0 267494.0 288675.0 302894.0 311308.0 315058.0 315163.0 312487.0 307736.0 301477.0 294156.0
23 1.0 249.28996297320714 13.63520916807704 0.3611727869245104 -0.5924974807975515 -0.3633186265558896 -0.20738423524141034 0.13423165195500428 -0.0488362898699057 15500.0 39329.0 71699.0 107190.0 141197.0 170922.0 195162.0 213774.0 227198.0 236128.0 241324.0 243505.0 243307.0 241269.0 237839.0 233375.0
24 1.0 203.97652351436705 57.738081726236686 0.3611727869245104 -0.5924974807975515 -0.3633186265558896 -0.20738423524141034 0.13423165195500428 -0.0488362898699057 17582.0 43868.0 79018.0 117067.0 153121.0 184305.0 209460.0 228539.0 242083.0 250879.00000000003 255762.0 257511.0 256805.99999999997 254220.99999999997 250222.0 245189.0
25 1.0 95.54021673820034 73.5918693142929 0.3611727869245104 -0.5924974807975515 -0.3633186265558896 -0.20738423524141034 0.13423165195500428 -0.0488362898699057 23209.0 53231.0 90778.0 129525.0 164909.0 194570.0 217796.0 234846.0 246447.0 253484.0 256828.99999999997 257267.00000000003 255467.0 251979.0 247249.0 241630.0
26 1.0 188.36929924801188 56.7942873783424 0.3611727869245104 -0.5924974807975515 -0.3633186265558896 -0.20738423524141034 0.13423165195500428 -0.0488362898699057 15051.0 37143.0 66605.0 98561.0 128991.0 155501.0 177088.0 193662.0 205628.0 213607.0 218268.0 220247.0 220106.0 218321.0 215286.0 211322.0
27 1.0 33.818583873039 -61.30539657918793 0.3611727869245104 -0.5924974807975515 -0.3633186265558896 -0.20738423524141034 0.13423165195500428 -0.0488362898699057 23855.0 57435.0 100751.0 146233.0 188166.0 223488.0 251199.0 271540.0 285359.0 293713.0 297652.0 298125.0 295937.0 291752.0 286104.0 279416.0
28 1.0 207.34073840022455 23.201719031106066 0.3611727869245104 -0.5924974807975515 -0.3633186265558896 -0.20738423524141034 0.13423165195500428 -0.0488362898699057 15164.0 39314.0 72655.0 109603.0 145267.0 176605.0 202266.0 222040.0 236354.0 245925.0 251542.0 253964.00000000003 253863.0 251809.0 248275.0 243642.0
29 1.0 334.5466311274371 -18.28183344845813 0.3611727869245104 -0.5924974807975515 -0.3633186265558896 -0.20738423524141034 0.13423165195500428 -0.0488362898699057 1896.0 5107.0 9861.0 15547.0 21496.0 27184.0 32280.999999999996 36624.0 40168.0 42943.0 45018.0 46478.0 47416.0 47918.0 48064.0 47923.0
0 1.0 114.68482288247652 -78.71166863579778 0.3611727869245104 -0.5924974807975515 -0.3633186265558896 -0.20738423524141034 0.13423165195500428 -0.0488362898699057 26225.0 63891.0 112684.0 163883.0 210903.0 250255.99999999997 280854.0 303034.0 317819.0 326455.0 330164.0 330037.0 326995.0 321789.0 315019.0 307156.0
1 1.0 240.2677367869254 -13.674194659828444 0.3611727869245104 -0.5924974807975515 -0.3633186265558896 -0.20738423524141034 0.13423165195500428 -0.0488362898699057 20386.0 49370.0 87161.0 127300.0 164753.0 196708.0 222142.0 241145.0 254375.00000000003 262706.0 267036.0 268189.0 266874.0 263685.0 259101.00000000003 253508.99999999997
2 1.0 47.447230465581185 -43.436867959906614 0.3611727869245104 -0.5924974807975515 -0.3633186265558896 -0.20738423524141034 0.13423165195500428 -0.0488362898699057 23627.0 58320.0 103882.0 152259.0 197169.0 235158.0 265034.0 286992.0 301917.0 310939.0 315193.0 315705.0 313349.0 308845.0 302771.0 295585.0
3 1.0 257.8777934826836 62.82689551713193 0.3611727869245104 -0.5924974807975515 -0.3633186265558896 -0.20738423524141034 0.13423165195500428 -0.0488362898699057 19576.0 50195.0 91777.0 137077.0 180030.0 217059.0 246732.0 269008.0 284580.0 294436.0 299616.0 301082.0 299668.0 296070.0 290852.0 284468.0
4 1.0 104.1861934609924 -84.00516722159469 0.3611727869245104 -0.5924974807975515 -0.3633186265558896 -0.20738423524141034 0.13423165195500428 -0.0488362898699057 27196.0 65195.0 113814.0 164409.0 210602.0 249092.0 278906.0 300436.0 314718.0 322987.0 326450.0 326175.0 323061.0 317843.0 311105.0 303307.0
5 1.0 65.94889032256206 82.61688993542523 0.3611727869245104 -0.5924974807975515 -0.3633186265558896 -0.20738423524141034 0.13423165195500428 -0.0488362898699057 25210.0 59637.0 103478.0 149114.0 190923.0 225958.0 253309.0 273275.0 286737.0 294767.0 298423.0 298651.0 296255.0 291894.0 286100.0 279289.0
6 1.0 211.14465653162995 -26.033607275052667 0.3611727869245104 -0.5924974807975515 -0.3633186265558896 -0.20738423524141034 0.13423165195500428 -0.0488362898699057 21786.0 55042.0 99537.0 147405.0 192285.0 230558.0 260886.0 283357.0 298791.0 308286.0 312961.0 313838.0 311795.0 307555.0 301704.0 294704.0
7 1.0 7.238716627497679 -25.792759727542276 0.3611727869245104 -0.5924974807975515 -0.3633186265558896 -0.20738423524141034 0.13423165195500428 -0.0488362898699057 11458.0 28604.0 51817.0 77371.0 102068.0 123916.0 142002.0 156152.0 166615.0 173834.0 178317.0 180559.0 181007.0 180046.0 177999.0 175131.0
8 1.0 298.4184105182507 -87.06086951693258 0.3611727869245104 -0.5924974807975515 -0.3633186265558896 -0.20738423524141034 0.13423165195500428 -0.0488362898699057 27357.0 63880.99999999999 109804.0 157113.0 200059.0 235734.0 263330.0 283255.0 296481.0 304153.0 307380.0 307146.0 304278.0 299452.0 293208.0 285970.0
9 1.0 1.6903714293169436 -56.65818145748689 0.3611727869245104 -0.5924974807975515 -0.3633186265558896 -0.20738423524141034 0.13423165195500428 -0.0488362898699057 17704.0 41645.0 72315.0 104603.0 134628.0 160250.0 180707.0 196083.0 206894.0 213823.0 217568.0 218772.0 217991.0 215691.0 212251.0 207976.0
10 1.0 244.01395324664284 -17.773289855350427 0.3611727869245104 -0.5924974807975515 -0.3633186265558896 -0.20738423524141034 0.13423165195500428 -0.0488362898699057 19875.0 47401.0 82950.0 120509.0 155461.0 185252.0 208969.0 226713.0 239099.0 246940.0 251062.99999999997 252230.0 251097.00000000003 248210.0 244017.0 238872.0
11 1.0 97.20287034917935 77.27245511448851 0.3611727869245104 -0.5924974807975515 -0.3633186265558896 -0.20738423524141034 0.13423165195500428 -0.0488362898699057 23728.0 54952.0 94242.0 134920.0 172125.0 203331.0 227764.0 245692.0 257880.0 265263.0 268763.0 269208.0 267303.0 263628.0 258652.0 252745.0
12 1.0 264.66984796413414 -72.06931256017117 0.3611727869245104 -0.5924974807975515 -0.3633186265558896 -0.20738423524141034 0.13423165195500428 -0.0488362898699057 26209.0 59209.0 99844.0 141234.0 178591.0 209552.0 233502.0 250829.00000000003 262378.0 269132.0 272043.0 271952.0 269568.0 265472.0 260128.00000000003 253904.00000000003
13 1.0 346.38787624227774 80.15427602623433 0.3611727869245104 -0.5924974807975515 -0.3633186265558896 -0.20738423524141034 0.13423165195500428 -0.0488362898699057 24610.0 60408.0 107139.0 156504.0 202122.0 240540.0 270616.0 292602.0 307435.0 316286.0 320322.0 320590.0 317980.0 313221.0 306898.0 299473.0
14 1.0 89.55113166718489 66.5079354983938 0.3611727869245104 -0.5924974807975515 -0.3633186265558896 -0.20738423524141034 0.13423165195500428 -0.0488362898699057 22880.0 51536.0 86918.0 123141.0 156055.0 183562.0 205061.0 220826.0 231546.0 238044.0 241126.0 241516.0 239831.0 236578.0 232168.0 226928.0
15 1.0 207.4166403904213 -8.25076855664068 0.3611727869245104 -0.5924974807975515 -0.3633186265558896 -0.20738423524141034 0.13423165195500428 -0.0488362898699057 17385.0 45033.0 83026.0 124874.0 164980.0 199933.0 228278.0 249860.0 265232.0 275255.0 280858.0 282918.0 282205.0 279366.0 274934.0 269335.0
16 1.0 213.13509525786205 -31.19384128171319 0.3611727869245104 -0.5924974807975515 -0.3633186265558896 -0.20738423524141034 0.13423165195500428 -0.0488362898699057 23355.0 58268.0 104436.0 153647.0 199427.0 238189.0 268682.0 291088.0 306306.0 315491.0 319806.0 320302.0 317875.0 313259.0 307048.0 299709.0
17 1.0 206.01068608471442 -48.10605672976977 0.3611727869245104 -0.5924974807975515 -0.3633186265558896 -0.20738423524141034 0.13423165195500428 -0.0488362898699057 25160.0 61986.0 110121.0 160950.0 207855.0 247273.0 278039.0 300438.0 315458.0 324323.0 328246.0 328314.0 325447.0 320395.0 313761.0 306017.0
18 1.0 80.30938775062259 20.603647165837387 0.3611727869245104 -0.5924974807975515 -0.3633186265558896 -0.20738423524141034 0.13423165195500428 -0.0488362898699057 16440.0 37061.0 62697.0 89187.0 113525.0 134127.0 150481.0 162716.0 171280.0 176735.0 179646.0 180530.0 179830.0 177916.0 175090.0 171595.0
19 1.0 342.9896441461146 -84.04657353440899 0.3611727869245104 -0.5924974807975515 -0.3633186265558896 -0.20738423524141034 0.13423165195500428 -0.0488362898699057 26580.0 61890.0 106248.0 151960.0 193502.0 228072.0 254878.0 274297.0 287254.0 294841.0 298122.0 298042.0 295399.0 290843.0 284898.0 277975.0
20 1.0 160.96513630234585 -87.19090839957092 0.3611727869245104 -0.5924974807975515 -0.3633186265558896 -0.20738423524141034 0.13423165195500428 -0.0488362898699057 27790.0 65863.0 114171.0 164171.0 209654.0 247451.0 276663.0 297713.0 311639.0 319664.0 322975.0 322623.0 319491.0 314299.0 307620.0 299903.0
21 1.0 304.707122089606 -12.816769950317195 0.3611727869245104 -0.5924974807975515 -0.3633186265558896 -0.20738423524141034 0.13423165195500428 -0.0488362898699057 1052.0 2750.0 5201.0 8083.0 11068.0 13911.0 16460.0 18644.0 20443.0 21872.0 22962.0 23754.0 24290.0 24613.0 24759.0 24763.0
22 1.0 251.81253911430156 -77.74666668455036 0.3611727869245104 -0.5924974807975515 -0.3633186265558896 -0.20738423524141034 0.13423165195500428 -0.0488362898699057 27774.0 63825.00000000001 108652.0 154513.0 195961.0 230289.0 256786.0 275885.0 288539.0 295857.0 298907.0 298633.0 295831.0 291146.0 285098.0 278092.0
23 1.0 107.07730230784811 -44.65062211570328 0.3611727869245104 -0.5924974807975515 -0.3633186265558896 -0.20738423524141034 0.13423165195500428 -0.0488362898699057 13287.0 33974.0 62396.0 93915.0 124463.0 151478.0 173787.0 191164.0 203927.0 212646.0 217967.0 220519.0 220864.0 219486.0 216788.0 213099.0
24 1.0 292.9672150928918 -50.19103523770491 0.3611727869245104 -0.5924974807975515 -0.3633186265558896 -0.20738423524141034 0.13423165195500428 -0.0488362898699057 13291.0 28771.0 47402.0 66239.0 83279.0 97535.0 108738.0 117037.0 122778.0 126371.00000000001 128217.0 128677.00000000001 128061.00000000001 126623.99999999999 124574.0 122078.0
25 1.0 142.74206670491446 -44.425585129886656 0.3611727869245104 -0.5924974807975515 -0.3633186265558896 -0.20738423524141034 0.13423165195500428 -0.0488362898699057 9948.0 26444.0 49993.0 76949.0 103809.0 128182.99999999999 148833.0 165373.0 177936.0 186926.0 192847.0 196219.0 197522.0 197178.0 195547.0 192927.0
26 1.0 317.1971509600182 -66.4100583812536 0.3611727869245104 -0.5924974807975515 -0.3633186265558896 -0.20738423524141034 0.13423165195500428 -0.0488362898699057 19197.0 43026.0 72426.0 102581.0 130084.0 153190.0 171380.0 184852.0 194153.0 199943.0 202878.0 203550.0 202464.0 200041.0 196622.0 192477.0
27 1.0 209.25823414890914 -87.83347987842222 0.3611727869245104 -0.5924974807975515 -0.3633186265558896 -0.20738423524141034 0.13423165195500428 -0.0488362898699057 27833.0 65543.0 113187.0 162378.0 207061.0 244163.0 272827.0 293479.0 307141.0 315014.0 318264.0 317918.0 314844.0 309746.0 303187.0 295607.0
28 1.0 317.424730267747 -69.21282651502534 0.3611727869245104 -0.5924974807975515 -0.3633186265558896 -0.20738423524141034 0.13423165195500428 -0.0488362898699057 20687.0 46545.0 78488.0 111242.0 141080.0 166100.0 185743.0 200235.0 210179.0 216304.0 219329.0 219901.0 218574.0 215805.0 211968.0 207357.0
29 1.0 249.3113724279957 21.32644671229461 0.3611727869245104 -0.5924974807975515 -0.3633186265558896 -0.20738423524141034 0.13423165195500428 -0.0488362898699057 15698.0 40215.0 73736.0 110630.0 146060.0 177064.0 202356.0 221770.0 235756.0 245041.0 250416.00000000003 252637.0 252373.0 250188.00000000003 246552.0 241842.0
0 1.0 261.09154073507057 85.36611830724905 0.3611727869245104 -0.5924974807975515 -0.3633186265558896 -0.20738423524141034 0.13423165195500428 -0.0488362898699057 23769.0 58018.0 102643.0 149796.0 193447.0 230312.0 259284.0 280576.0 295056.0 303819.0 307965.0 308484.0 306221.0 301871.0 295994.0 289033.0
1 1.0 180.47677749361281 88.26210028096091 0.3611727869245104 -0.5924974807975515 -0.3633186265558896 -0.20738423524141034 0.13423165195500428 -0.0488362898699057 23969.0 57649.0 101097.0 146736.0 188834.0 224311.0 252154.0 272598.0 286490.0 294889.0 298851.0 299328.0 297129.0 292924.0 287247.0 280525.0
2 1.0 344.1901085003606 -16.37026283284891 0.3611727869245104 -0.5924974807975515 -0.3633186265558896 -0.20738423524141034 0.13423165195500428 -0.0488362898699057 3105.0 8302.0 15904.000000000002 24879.0 34143.0 42889.0 50635.0 57165.0 62440.0 66527.0 69546.0 71639.0 72946.0 73602.0 73726.0 73421.0
3 1.0 231.83647172266947 -60.66820331161104 0.3611727869245104 -0.5924974807975515 -0.3633186265558896 -0.20738423524141034 0.13423165195500428 -0.0488362898699057 28420.0 65663.0 112118.0 159713.0 202738.0 238355.0 265815.0 285567.0 298611.0 306106.0 309168.0 308784.0 305781.0 300836.0 294485.0 287151.0
4 1.0 152.5878174809447 24.977116325975274 0.3611727869245104 -0.5924974807975515 -0.3633186265558896 -0.20738423524141034 0.13423165195500428 -0.0488362898699057 1840.0 4996.0 9696.0 15340.0 21259.0 26935.0 32041.0 36416.0 40013.0 42858.0 45015.0 46565.0 47593.0 48182.0 48407.0 48335.0
5 1.0 218.30155708605275 -1.7450376212273113 0.3611727869245104 -0.5924974807975515 -0.3633186265558896 -0.20738423524141034 0.13423165195500428 -0.0488362898699057 19590.0 50224.0 91821.0 137131.0 180089.0 217118.0 246789.0 269061.0 284626.0 294476.0 299650.0 301110.0 299691.0 296087.0 290866.0 284478.0
6 1.0 6.909551391360069 88.09375991119765 0.3611727869245104 -0.5924974807975515 -0.3633186265558896 -0.20738423524141034 0.13423165195500428 -0.0488362898699057 24643.0 59413.0 104285.0 151389.0 194780.0 231280.0 259857.99999999997 280776.0 294925.0 303412.0 307333.0 307676.0 305279.0 300831.0 294885.0 287878.0
7 1.0 108.56693400283775 -78.24524271267956 0.3611727869245104 -0.5924974807975515 -0.3633186265558896 -0.20738423524141034 0.13423165195500428 -0.0488362898699057 26115.0 63662.0 112330.0 163421.0 210361.0 249663.0 280231.0 302401.0 317189.0 325836.0 329564.0 329459.0 326440.0 321259.0 314514.0 306675.0
8 1.0 237.66247349736662 50.98219889648635 0.3611727869245104 -0.5924974807975515 -0.3633186265558896 -0.20738423524141034 0.13423165195500428 -0.0488362898699057 19192.0 49309.0 90300.0 135043.0 177549.0 214262.0 243744.0 265932.0 281493.0 291396.0 296662.0 298237.0 296948.0 293481.0 288398.0 282145.0
9 1.0 104.42793859575987 -38.0882704803311 0.3611727869245104 -0.5924974807975515 -0.3633186265558896 -0.20738423524141034 0.13423165195500428 -0.0488362898699057 11425.0 29250.0 53856.0 81310.0 108110.0 132009.0 151940.0 167653.0 179376.0 187568.0 192764.0 195496.0 196244.0 195427.0 193396.0 190442.0
10 1.0 222.48555443958296 -46.54464838621668 0.3611727869245104 -0.5924974807975515 -0.3633186265558896 -0.20738423524141034 0.13423165195500428 -0.0488362898699057 27323.0 65001.0 112985.0 162795.0 208217.0 246047.0 275350.0 296521.0 310576.0 318729.0 322159.0 321914.0 318878.0 313768.0 307161.0 299506.0
11 1.0 154.35673234047582 29.250822875881667 0.3611727869245104 -0.5924974807975515 -0.3633186265558896 -0.20738423524141034 0.13423165195500428 -0.0488362898699057 2598.0 6837.0 12979.0 20190.0 27612.0 34608.0 40799.0 46015.0 50226.0 53484.0 55885.0 57542.0 58567.0 59067.0 59138.0 58863.0
12 1.0 48.770663120082084 -45.70862670162639 0.3611727869245104 -0.5924974807975515 -0.3633186265558896 -0.20738423524141034 0.13423165195500428 -0.0488362898699057 23751.0 58600.0 104347.0 152898.0 197950.0 236042.0 265985.0 287980.0 302917.0 311933.0 316168.0 316653.0 314265.0 309725.0 303614.0 296391.0
13 1.0 107.38163734417108 29.854641160653784 0.3611727869245104 -0.5924974807975515 -0.3633186265558896 -0.20738423524141034 0.13423165195500428 -0.0488362898699057 7396.0 16088.000000000002 26550.0 37112.0 46656.0 54645.0 60943.0 65640.0 68930.0 71039.0 72184.0 72561.0 72336.0 71649.0 70611.0 69314.0
14 1.0 205.18736785245537 3.11553309641198 0.3611727869245104 -0.5924974807975515 -0.3633186265558896 -0.20738423524141034 0.13423165195500428 -0.0488362898699057 15253.0 39797.0 73849.0 111712.0 148349.0 180600.0 207044.0 227440.0 242216.0 252099.00000000003 257902.00000000003 260403.0 260297.0 258173.0 254520.00000000003 249733.0
15 1.0 212.71419404934235 -13.663982081547132 0.3611727869245104 -0.5924974807975515 -0.3633186265558896 -0.20738423524141034 0.13423165195500428 -0.0488362898699057 19938.0 51001.0 93087.0 138844.0 182152.0 219422.0 249234.0 271567.0 287134.0 296943.0 302047.0 303419.0 301902.0 298195.0 292870.0 286379.0
16 1.0 206.75708958584838 9.843805559055411 0.3611727869245104 -0.5924974807975515 -0.3633186265558896 -0.20738423524141034 0.13423165195500428 -0.0488362898699057 15321.0 39908.0 73964.0 111784.0 148341.0 180494.0 206838.0 227144.0 241844.0 251668.0 257428.0 259902.00000000003 259778.99999999997 257649.00000000003 253996.99999999997 249218.0
17 1.0 235.1522951485681 -38.330726414466646 0.3611727869245104 -0.5924974807975515 -0.3633186265558896 -0.20738423524141034 0.13423165195500428 -0.0488362898699057 25616.0 59828.0 103002.0 147686.0 188465.0 222544.0 249094.0 268442.0 281459.0 289199.0 292692.0 292859.0 290479.0 286194.0 280517.0 273853.0
18 1.0 234.757177200608 37.1834471291362 0.3611727869245104 -0.5924974807975515 -0.3633186265558896 -0.20738423524141034 0.13423165195500428 -0.0488362898699057 18578.0 47946.0 88089.0 132066.0 173975.0 210281.0 239527.0 261616.00000000003 277181.0 287159.0 292549.0 294278.0 293160.0 289872.0 284970.0 278895.0
19 1.0 155.31063675623062 -15.325763519958471 0.3611727869245104 -0.5924974807975515 -0.3633186265558896 -0.20738423524141034 0.13423165195500428 -0.0488362898699057 1802.0 5645.0 12065.0 20437.0 29785.0 39201.0 48027.0 55869.0 62544.0 68013.0 72331.0 75599.0 77941.0 79485.0 80354.0 80661.0
20 1.0 322.75677450638267 -25.101799112539396 0.3611727869245104 -0.5924974807975515 -0.3633186265558896 -0.20738423524141034 0.13423165195500428 -0.0488362898699057 1964.0 4916.0 9022.0 13709.0 18432.0 22803.0 26607.0 29755.0 32244.000000000004 34122.0 35459.0 36335.0 36828.0 37007.0 36938.0 36672.0
21 1.0 132.32227321724275 59.158244620032804 0.3611727869245104 -0.5924974807975515 -0.3633186265558896 -0.20738423524141034 0.13423165195500428 -0.0488362898699057 13252.0 30091.0 51266.0 73408.0 94002.0 111660.0 125874.00000000001 136683.0 144406.0 149482.0 152365.0 153479.0 153196.0 151832.0 149646.0 146850.0
22 1.0 156.91137309562566 76.4940441515746 0.3611727869245104 -0.5924974807975515 -0.3633186265558896 -0.20738423524141034 0.13423165195500428 -0.0488362898699057 20602.0 48627.0 84520.0 122217.0 157130.0 186766.0 210264.0 227766.0 239912.0 247528.0 251452.0 252444.99999999997 251164.0 248154.0 243859.0 238631.0
23 1.0 321.092407805642 -81.71868404028655 0.3611727869245104 -0.5924974807975515 -0.3633186265558896 -0.20738423524141034 0.13423165195500428 -0.0488362898699057 26031.0 60027.0 102483.0 146104.0 185698.0 218644.0 244211.0 262767.0 275187.0 282505.0 285728.0 285747.0 283319.0 279061.0 273468.0 266932.0
24 1.0 290.22983605659084 -48.12714129064221 0.3611727869245104 -0.5924974807975515 -0.3633186265558896 -0.20738423524141034 0.13423165195500428 -0.0488362898699057 12935.0 27935.0 45954.0 64149.0 80594.0 94343.0 105138.0 113125.0 118636.0 122069.0 123811.0 124213.0 123575.0 122144.0 120124.0 117676.0
25 1.0 253.39989007453187 -27.266513491338614 0.3611727869245104 -0.5924974807975515 -0.3633186265558896 -0.20738423524141034 0.13423165195500428 -0.0488362898699057 18132.0 41698.0 71435.0 102454.0 131130.0 155509.0 174919.0 189474.0 199680.0 206194.0 209680.0 210749.0 209929.0 207663.0 204311.0 200163.0
26 1.0 36.0816794324284 56.693966286644525 0.3611727869245104 -0.5924974807975515 -0.3633186265558896 -0.20738423524141034 0.13423165195500428 -0.0488362898699057 28163.0 67025.0 116454.0 167666.0 214256.0 252952.0 282826.0 304315.0 318489.0 326610.0 329903.0 329448.0 326153.0 320758.0 313850.0 305891.0
27 1.0 331.0137409480825 87.38845697579356 0.3611727869245104 -0.5924974807975515 -0.3633186265558896 -0.20738423524141034 0.13423165195500428 -0.0488362898699057 24512.0 59401.0 104586.0 152119.0 195963.0 232875.0 261792.00000000003 282968.0 297298.0 305899.0 309881.0 310242.0 307830.0 303344.0 297342.0 290268.0
28 1.0 257.1268678376801 84.41490684066332 0.3611727869245104 -0.5924974807975515 -0.3633186265558896 -0.20738423524141034 0.13423165195500428 -0.0488362898699057 23605.0 57745.0 102305.0 149449.0 193132.0 230053.0 259089.0 280447.0 294985.0 303800.0 307989.0 308543.0 306308.0 301980.0 296120.0 289170.0
29 1.0 359.5849223644319 72.89070219898684 0.3611727869245104 -0.5924974807975515 -0.3633186265558896 -0.20738423524141034 0.13423165195500428 -0.0488362898699057 24611.0 60751.0 108098.0 158207.0 204552.0 243588.0 274136.0 296449.0 311480.0 320425.0 324474.0 324696.0 321998.0 317121.0 310663.0 303091.0
0 1.0 53.80138967687775 -36.619872288474625 0.3611727869245104 -0.5924974807975515 -0.3633186265558896 -0.20738423524141034 0.13423165195500428 -0.0488362898699057 23410.0 58018.0 103621.0 152156.0 197289.0 235518.0 265617.0 287765.0 302839.0 311971.0 316302.0 316862.0 314531.0 310034.0 303954.0 296751.0
1 1.0 312.52538065255715 88.56202381460534 0.3611727869245104 -0.5924974807975515 -0.3633186265558896 -0.20738423524141034 0.13423165195500428 -0.0488362898699057 24369.0 58932.0 103645.0 150664.0 194032.0 230552.0 259177.0 280154.0 294365.0 302912.0 306890.0 307284.0 304933.0 300525.0 294614.0 287638.0
2 1.0 58.497456483494936 -45.10439260983878 0.3611727869245104 -0.5924974807975515 -0.3633186265558896 -0.20738423524141034 0.13423165195500428 -0.0488362898699057 23448.0 58109.0 103779.0 152379.0 197570.0 235842.0 265972.0 288138.0 303221.0 312355.0 316682.0 317234.0 314892.0 310383.0 304290.0 297073.0
3 1.0 221.6014431421839 -70.9368921211982 0.3611727869245104 -0.5924974807975515 -0.3633186265558896 -0.20738423524141034 0.13423165195500428 -0.0488362898699057 28763.0 67315.0 115772.0 165611.0 210739.0 248100.0 276876.0 297532.0 311122.0 318875.0 321972.0 321458.0 318207.0 312931.0 306197.0 298448.0
4 1.0 44.57519382579895 81.17146998997094 0.3611727869245104 -0.5924974807975515 -0.3633186265558896 -0.20738423524141034 0.13423165195500428 -0.0488362898699057 25797.0 61364.0 106777.0 154089.0 197417.0 233682.0 261940.0 282513.0 296325.0 304501.0 308148.0 308254.0 305654.0 301036.0 294947.0 287823.0
5 1.0 305.2829625560044 -47.98435401574267 0.3611727869245104 -0.5924974807975515 -0.3633186265558896 -0.20738423524141034 0.13423165195500428 -0.0488362898699057 10289.0 22450.0 37217.0 52273.0 66011.0 77607.0 86809.0 93701.0 98536.0 101625.0 103284.0 103799.0 103419.0 102354.0 100773.0 98814.0
6 1.0 290.63482514100383 34.15828771399508 0.3611727869245104 -0.5924974807975515 -0.3633186265558896 -0.20738423524141034 0.13423165195500428 -0.0488362898699057 6712.0 18296.0 35274.0 55161.0 75399.0 94143.0 110357.0 123645.0 134014.0 141701.0 147043.0 150400.0 152121.0 152517.0 151859.0 150376.0
7 1.0 204.8762659012536 -79.49585538349405 0.3611727869245104 -0.5924974807975515 -0.3633186265558896 -0.20738423524141034 0.13423165195500428 -0.0488362898699057 28371.0 67105.0 116149.0 166818.0 212828.0 250993.00000000003 280429.0 301586.0 315528.0 323505.0 326723.0 326249.0 322977.0 317634.0 310801.0 302931.0
8 1.0 146.58598700135988 41.52763784294572 0.3611727869245104 -0.5924974807975515 -0.3633186265558896 -0.20738423524141034 0.13423165195500428 -0.0488362898699057 5220.0 12479.0 22123.0 32699.0 42970.0 52156.0 59887.0 66074.0 70794.0 74206.0 76496.0 77853.0 78448.0 78431.0 77931.0 77054.0
9 1.0 24.900118363849696 68.70963822009114 0.3611727869245104 -0.5924974807975515 -0.3633186265558896 -0.20738423524141034 0.13423165195500428 -0.0488362898699057 26807.0 64623.0 113229.0 163975.0 210420.0 249198.0 279291.0 301066.0 315550.0 323977.0 327556.0 327362.0 324302.0 319114.0 312388.0 304588.0
10 1.0 251.07435833204292 -40.96135881612675 0.3611727869245104 -0.5924974807975515 -0.3633186265558896 -0.20738423524141034 0.13423165195500428 -0.0488362898699057 22135.0 49946.0 84361.0 119671.0 151824.0 178755.0 199859.0 215386.0 225993.0 232475.0 235615.0 236115.0 234576.0 231494.0 227271.0 222227.0
11 1.0 163.27536576410478 -21.76975870606286 0.3611727869245104 -0.5924974807975515 -0.3633186265558896 -0.20738423524141034 0.13423165195500428 -0.0488362898699057 4162.0 12072.0 24366.0 39474.0 55493.0 70887.0 84686.0 96411.0 105935.0 113343.0 118835.0 122656.0 125060.0 126286.00000000001 126547.0 126032.0
12 1.0 259.94001580932525 -22.6266870022351 0.3611727869245104 -0.5924974807975515 -0.3633186265558896 -0.20738423524141034 0.13423165195500428 -0.0488362898699057 14361.0 33157.0 57075.0 82254.0 105758.0 125946.0 142207.0 154573.0 163412.0 169229.0 172547.0 173855.0 173578.0 172076.0 169645.0 166524.0
13 1.0 311.8976373343065 44.781886357223954 0.3611727869245104 -0.5924974807975515 -0.3633186265558896 -0.20738423524141034 0.13423165195500428 -0.0488362898699057 8593.0 23382.0 44930.0 69992.0 95294.0 118517.0 138403.0 154502.0 166878.0 175866.0 181920.0 185517.0 187106.0 187087.0 185803.0 183540.0
14 1.0 351.1877418010389 -47.19469634297301 0.3611727869245104 -0.5924974807975515 -0.3633186265558896 -0.20738423524141034 0.13423165195500428 -0.0488362898699057 11998.0 28398.0 49702.0 72492.0 94062.0 112832.0 128157.0 139990.0 148613.0 154448.0 157953.0 159562.0 159662.0 158582.0 156598.0 153934.0
15 1.0 308.08920326133995 -59.06644217142426 0.3611727869245104 -0.5924974807975515 -0.3633186265558896 -0.20738423524141034 0.13423165195500428 -0.0488362898699057 15578.0 34416.0 57480.0 81079.0 102624.0 120788.0 135163.0 145886.0 153364.0 158095.0 160577.0 161267.0 160556.0 158773.0 156185.0 153009.0
16 1.0 4.21707030660071 -9.127503236207147 0.3611727869245104 -0.5924974807975515 -0.3633186265558896 -0.20738423524141034 0.13423165195500428 -0.0488362898699057 8875.0 22945.0 42637.0 64903.0 86923.0 106813.0 123622.0 137070.0 147286.0 154603.0 159435.0 162204.0 163296.0 163053.0 161765.0 159671.0
17 1.0 129.592103212211 -35.19568667208249 0.3611727869245104 -0.5924974807975515 -0.3633186265558896 -0.20738423524141034 0.13423165195500428 -0.0488362898699057 6152.0 16695.0 32155.000000000004 50320.0 68889.0 86180.0 101235.0 113666.0 123457.0 130804.0 135998.0 139358.0 141196.0 141792.0 141392.0 140206.0
18 1.0 262.7966024726609 61.05404200655744 0.3611727869245104 -0.5924974807975515 -0.3633186265558896 -0.20738423524141034 0.13423165195500428 -0.0488362898699057 18866.0 48571.0 89086.0 133395.0 175562.0 212045.0 241394.0 263529.0 279095.0 289044.0 294383.0 296049.0 294858.0 291495.0 286515.0 280363.0
19 1.0 61.78668381411859 -47.20647131718502 0.3611727869245104 -0.5924974807975515 -0.3633186265558896 -0.20738423524141034 0.13423165195500428 -0.0488362898699057 23320.0 57833.0 103338.0 151792.0 196873.0 235074.0 265167.0 287323.0 302416.0 311573.0 315931.0 316519.0 314216.0 309746.0 303692.0 296513.0
20 1.0 187.57317823348654 0.4301023480670665 0.3611727869245104 -0.5924974807975515 -0.3633186265558896 -0.20738423524141034 0.13423165195500428 -0.0488362898699057 8408.0 22720.0 43457.0 67488.0 91698.0 113899.0 132909.0 148312.0 160169.0 168799.0 174631.0 178113.0 179673.0 179687.0 178484.0 176335.0
21 1.0 19.561675802131305 79.66504794562746 0.3611727869245104 -0.5924974807975515 -0.3633186265558896 -0.20738423524141034 0.13423165195500428 -0.0488362898699057 25806.0 62207.0 109081.0 158141.0 203178.0 240911.0 270316.0 291709.0 306052.0 314520.0 318270.0 318335.0 315591.0 310752.0 304393.0 296964.0
22 1.0 71.99874896270403 24.119585594038938 0.3611727869245104 -0.5924974807975515 -0.3633186265558896 -0.20738423524141034 0.13423165195500428 -0.0488362898699057 21132.0 47755.0 80736.0 114608.0 145486.0 171383.0 191708.0 206690.0 216953.0 223253.0 226337.0 226879.0 225454.0 222539.0 218518.0 213699.0
23 1.0 6.66784600582103 66.11209298324366 0.3611727869245104 -0.5924974807975515 -0.3633186265558896 -0.20738423524141034 0.13423165195500428 -0.0488362898699057 24430.0 60527.0 107944.0 158211.0 204752.0 243981.0 274694.0 297135.0 312259.0 321264.0 325347.0 325582.0 322881.0 317991.0 311511.0 303913.0
24 1.0 285.7311732086714 79.23774408385813 0.3611727869245104 -0.5924974807975515 -0.3633186265558896 -0.20738423524141034 0.13423165195500428 -0.0488362898699057 22859.0 56990.0 102152.0 150353.0 195273.0 233390.0 263456.0 285625.0 300757.0 309970.0 314393.0 315052.0 312821.0 308423.0 302437.0 295326.0
25 1.0 80.61288770173685 45.13767513954335 0.3611727869245104 -0.5924974807975515 -0.3633186265558896 -0.20738423524141034 0.13423165195500428 -0.0488362898699057 20995.0 46191.0 76784.0 107787.0 135779.0 159075.0 177231.0 190517.0 199534.0 204987.0 207560.0 207867.0 206426.0 203666.0 199931.0 195496.0
26 1.0 124.32660505088496 35.92351084045525 0.3611727869245104 -0.5924974807975515 -0.3633186265558896 -0.20738423524141034 0.13423165195500428 -0.0488362898699057 5349.0 11819.0 19726.0 27800.0 35153.0 41331.0 46202.0 49820.0 52330.0 53910.0 54733.0 54958.0 54720.0 54128.0 53275.0 52233.0
27 1.0 334.1092656476127 84.23380198876086 0.3611727869245104 -0.5924974807975515 -0.3633186265558896 -0.20738423524141034 0.13423165195500428 -0.0488362898699057 24560.0 59954.0 106002.0 154563.0 199409.0 237179.0 266763.0 288412.0 303044.0 311803.0 315832.0 316156.0 313645.0 309016.0 302843.0 295578.0
28 1.0 253.5891846924718 88.99214213658229 0.3611727869245104 -0.5924974807975515 -0.3633186265558896 -0.20738423524141034 0.13423165195500428 -0.0488362898699057 24199.0 58440.0 102712.0 149263.0 192212.0 228397.0 256778.99999999997 277597.0 291722.0 300238.0 304228.0 304665.0 302378.0 298049.0 292226.0 285343.0
29 1.0 11.462014631270826 -8.672097119443265 0.3611727869245104 -0.5924974807975515 -0.3633186265558896 -0.20738423524141034 0.13423165195500428 -0.0488362898699057 12141.0 30956.0 56808.0 85528.0 113449.0 138246.0 158834.0 174984.0 186957.0 195249.0 200430.0 203061.0 203647.0 202626.0 200364.0 197164.0
0 1.0 59.289896339248585 -77.2434399268425 0.3611727869245104 -0.5924974807975515 -0.3633186265558896 -0.20738423524141034 0.13423165195500428 -0.0488362898699057 26380.0 63428.0 110987.0 160626.0 206077.0 244060.0 273577.0 294981.0 309264.0 317626.0 321241.0 321157.0 318257.0 313263.0 306752.0 299178.0
1 1.0 223.73222453991488 -37.29707434070661 0.3611727869245104 -0.5924974807975515 -0.3633186265558896 -0.20738423524141034 0.13423165195500428 -0.0488362898699057 26050.0 62619.99999999999 109605.0 158703.0 203718.0 241393.0 270720.0 292032.0 306296.0 314693.0 318381.0 318394.0 315606.0 310731.0 304342.0 296890.0
2 1.0 207.80229189750034 -62.57615297620852 0.3611727869245104 -0.5924974807975515 -0.3633186265558896 -0.20738423524141034 0.13423165195500428 -0.0488362898699057 27855.0 66824.0 116662.0 168469.0 215697.0 254973.99999999997 285322.0 307166.0 321583.0 329854.0 333218.0 332776.0 329451.0 323993.0 317001.0 308942.0
3 1.0 85.64141569482311 -14.852452536717877 0.3611727869245104 -0.5924974807975515 -0.3633186265558896 -0.20738423524141034 0.13423165195500428 -0.0488362898699057 12765.0 31269.0 55893.0 82636.0 108191.0 130572.0 148925.0 163145.0 173541.0 180604.0 184878.0 186879.0 187070.0 185848.0 183539.0 180415.0
4 1.0 336.3170392529258 -66.36792087481392 0.3611727869245104 -0.5924974807975515 -0.3633186265558896 -0.20738423524141034 0.13423165195500428 -0.0488362898699057 19305.0 43968.0 74765.0 106609.0 135822.0 160475.0 179953.0 194429.0 204457.0 210730.0 213941.0 214720.0 213608.0 211057.0 207433.0 203029.0
5 1.0 221.02774414772256 18.741204723758756 0.3611727869245104 -0.5924974807975515 -0.3633186265558896 -0.20738423524141034 0.13423165195500428 -0.0488362898699057 18364.0 47422.0 87174.0 130757.00000000001 172328.0 208377.0 237448.0 259434.0 274957.0 284938.0 290363.0 292151.0 291106.0 287902.0 283086.0 277101.0
6 1.0 192.827809088985 -21.094549351586267 0.3611727869245104 -0.5924974807975515 -0.3633186265558896 -0.20738423524141034 0.13423165195500428 -0.0488362898699057 13882.0 36547.0 68329.0 104013.0 138857.0 169803.0 195409.0 215362.0 230002.0 239974.0 246025.0 248881.0 249197.0 247534.0 244359.0 240055.0
7 1.0 212.36759148764554 71.1694591718778 0.3611727869245104 -0.5924974807975515 -0.3633186265558896 -0.20738423524141034 0.13423165195500428 -0.0488362898699057 20743.0 51107.0 91132.0 133893.0 173908.0 208084.0 235280.0 255575.0 269672.0 278516.0 283074.0 284236.0 282766.0 279301.0 274357.0 268347.0
8 1.0 262.8439306260371 84.20304092373033 0.3611727869245104 -0.5924974807975515 -0.3633186265558896 -0.20738423524141034 0.13423165195500428 -0.0488362898699057 23599.0 57813.0 102507.0 149815.0 193658.0 230716.0 259859.99999999997 281292.0 295877.0 304715.0 308909.0 309454.0 307201.0 302848.0 296958.0 289977.0
9 1.0 112.30019837265667 8.43928230049599 0.3611727869245104 -0.5924974807975515 -0.3633186265558896 -0.20738423524141034 0.13423165195500428 -0.0488362898699057 2736.0 6689.0 12066.0 18089.0 24052.0 29481.0 34127.0 37905.0 40837.0 42998.0 44489.0 45415.0 45877.0 45963.0 45751.0 45306.0
10 1.0 143.35958239779308 -40.531757423832616 0.3611727869245104 -0.5924974807975515 -0.3633186265558896 -0.20738423524141034 0.13423165195500428 -0.0488362898699057 8139.0 21968.0 42048.0 65392.00000000001 88994.0 110715.0 129381.0 144560.0 156290.0 164865.0 170695.0 174215.0 175838.0 175934.0 174823.0 172775.0
11 1.0 75.54374963104397 16.601475377130626 0.3611727869245104 -0.5924974807975515 -0.3633186265558896 -0.20738423524141034 0.13423165195500428 -0.0488362898699057 18317.0 41809.0 71224.0 101724.0 129781.00000000001 153529.0 172357.0 186409.0 196201.0 202387.0 205625.0 206514.0 205572.0 203231.0 199842.0 195689.0
12 1.0 67.02948211692102 71.41700848039378 0.3611727869245104 -0.5924974807975515 -0.3633186265558896 -0.20738423524141034 0.13423165195500428 -0.0488362898699057 26191.0 60394.0 103148.0 147118.0 187062.0 220322.0 246151.0 264909.0 277475.0 284890.0 288167.0 288209.0 285778.0 281496.0 275866.0 269281.0
13 1.0 339.9740603942161 -16.787997749565307 0.3611727869245104 -0.5924974807975515 -0.3633186265558896 -0.20738423524141034 0.13423165195500428 -0.0488362898699057 2446.0 6587.0 12697.0 19964.0 27511.0 34668.0 41031.0 46415.0 50783.0 54186.0 56723.0 58508.0 59657.0 60277.0 60465.0 60305.0
14 1.0 266.2382862177435 9.374089804554757 0.3611727869245104 -0.5924974807975515 -0.3633186265558896 -0.20738423524141034 0.13423165195500428 -0.0488362898699057 9091.0 23239.0 42843.0 64836.00000000001 86440.0 105839.0 122139.0 135103.0 144884.0 151829.0 156353.0 158873.0 159773.0 159387.0 157997.0 155838.0
15 1.0 176.56517110232414 -41.10250183089374 0.3611727869245104 -0.5924974807975515 -0.3633186265558896 -0.20738423524141034 0.13423165195500428 -0.0488362898699057 14302.0 37462.0 69804.0 106005.0 141264.0 172510.0 198311.0 218374.0 233057.0 243027.0 249043.0 251842.99999999997 252089.0 250348.00000000003 247091.0 242703.0
16 1.0 81.86926607039636 -8.020053098995149 0.3611727869245104 -0.5924974807975515 -0.3633186265558896 -0.20738423524141034 0.13423165195500428 -0.0488362898699057 14017.0 33784.0 59714.0 87560.0 113915.0 136794.0 155391.0 169662.0 179972.0 186861.0 190905.0 192649.0 192571.0 191078.0 188507.0 185131.0
17 1.0 91.56833343734147 -17.69156363167224 0.3611727869245104 -0.5924974807975515 -0.3633186265558896 -0.20738423524141034 0.13423165195500428 -0.0488362898699057 10670.0 26470.0 47789.0 71228.0 93883.0 113947.0 130594.99999999999 143668.0 153387.0 160154.0 164423.0 166641.0 167209.0 166476.0 164734.0 162224.0
18 1.0 20.89049771659522 -45.28557628506522 0.3611727869245104 -0.5924974807975515 -0.3633186265558896 -0.20738423524141034 0.13423165195500428 -0.0488362898699057 19196.0 46560.0 82303.0 120334.0 155887.0 186289.0 210552.0 228747.0 241481.0 249576.0 253872.0 255147.0 254070.00000000003 251199.99999999997 246992.0 241812.0
19 1.0 156.3899852009235 1.0559490885555078 0.3611727869245104 -0.5924974807975515 -0.3633186265558896 -0.20738423524141034 0.13423165195500428 -0.0488362898699057 992.0 3138.0 6785.0 11633.0 17154.0 22826.0 28249.0 33162.0 37430.0 41002.0 43891.0 46143.0 47820.0 48996.0 49739.0 50118.0
20 1.0 112.24651751787692 -34.13145132363395 0.3611727869245104 -0.5924974807975515 -0.3633186265558896 -0.20738423524141034 0.13423165195500428 -0.0488362898699057 8243.0 21516.0 40268.0 61635.0 82907.0 102241.0 118681.0 131922.0 142061.0 149399.0 154325.0 157235.0 158500.0 158449.0 157361.0 155470.0
21 1.0 250.6836559735654 -22.85372450146545 0.3611727869245104 -0.5924974807975515 -0.3633186265558896 -0.20738423524141034 0.13423165195500428 -0.0488362898699057 18268.0 42641.0 73730.0 106386.0 136714.0 162576.0 183210.0 198703.0 209577.0 216520.0 220240.0 221385.0 220520.0 218117.0 214561.0 210163.0
22 1.0 135.99066214529313 4.494679605767573 0.3611727869245104 -0.5924974807975515 -0.3633186265558896 -0.20738423524141034 0.13423165195500428 -0.0488362898699057 509.0 1547.0 3258.0 5485.0 7991.0 10550.0 12994.0 15219.0 17167.0 18818.0 20177.0 21261.0 22095.0 22708.0 23130.0 23388.0
23 1.0 64.65732392146853 45.10710412721775 0.3611727869245104 -0.5924974807975515 -0.3633186265558896 -0.20738423524141034 0.13423165195500428 -0.0488362898699057 26205.0 59046.0 99418.0 140500.0 177560.0 208266.0 232016.0 249197.0 260648.0 267343.0 270226.0 270129.0 267756.0 263683.0 258371.00000000003 252183.0
24 1.0 8.884342220879242 -29.968656157570443 0.3611727869245104 -0.5924974807975515 -0.3633186265558896 -0.20738423524141034 0.13423165195500428 -0.0488362898699057 12646.0 31316.999999999996 56379.0 83759.0 110037.0 133125.0 152102.0 166832.0 177615.0 184950.0 189395.0 191485.0 191700.0 190450.0 188079.0 184864.0
25 1.0 24.20986732676949 76.34857799173744 0.3611727869245104 -0.5924974807975515 -0.3633186265558896 -0.20738423524141034 0.13423165195500428 -0.0488362898699057 26255.0 63143.00000000001 110532.0 160037.0 205401.0 243344.0 272857.0 294280.0 308597.0 317000.0 320661.0 320623.0 317768.0 312816.0 306345.0 298807.0
26 1.0 244.58139845948423 65.21733843046243 0.3611727869245104 -0.5924974807975515 -0.3633186265558896 -0.20738423524141034 0.13423165195500428 -0.0488362898699057 20553.0 52190.0 94774.0 140844.0 184277.0 221529.0 251232.0 273408.0 288799.0 298431.0 303369.0 304589.0 302935.0 299109.0 293679.0 287096.0
27 1.0 163.33086404017632 -81.23574672440486 0.3611727869245104 -0.5924974807975515 -0.3633186265558896 -0.20738423524141034 0.13423165195500428 -0.0488362898699057 27457.0 66016.0 115427.0 166874.0 213839.0 252948.99999999997 283213.0 305035.0 319475.0 327798.0 331236.0 330878.0 327642.0 322275.0 315373.0 307402.0
28 1.0 193.16851599914 -44.3443456337719 0.3611727869245104 -0.5924974807975515 -0.3633186265558896 -0.20738423524141034 0.13423165195500428 -0.0488362898699057 20640.0 52421.0 95219.0 141541.0 185223.0 222693.0 252570.00000000003 274872.0 290345.0 300022.0 304973.0 306183.0 304503.0 300638.0 295160.0 288525.0
29 1.0 322.80166549452315 -9.695607721343649 0.3611727869245104 -0.5924974807975515 -0.3633186265558896 -0.20738423524141034 0.13423165195500428 -0.0488362898699057 660.0 1941.0 3994.0 6608.0 9493.0 12392.0 15119.0 17566.0 19678.0 21445.0 22877.0 24001.0 24852.0 25464.0 25872.0 26109.0
0 1.0 356.52202106281356 -71.16698002635466 0.3611727869245104 -0.5924974807975515 -0.3633186265558896 -0.20738423524141034 0.13423165195500428 -0.0488362898699057 22634.0 52478.0 90051.0 128977.00000000001 164613.0 194542.0 218020.0 235293.0 247084.0 254280.0 257755.99999999997 258301.0 256585.99999999997 253164.99999999997 248486.0 242904.0
1 1.0 78.08291438345061 -27.274321973970522 0.3611727869245104 -0.5924974807975515 -0.3633186265558896 -0.20738423524141034 0.13423165195500428 -0.0488362898699057 17430.0 43079.0 77140.0 113850.0 148542.0 178500.0 202647.0 220955.0 233950.0 242391.0 247077.0 248752.0 248069.0 245576.0 241723.0 236870.0
2 1.0 238.70815311603627 43.21755461118286 0.3611727869245104 -0.5924974807975515 -0.3633186265558896 -0.20738423524141034 0.13423165195500428 -0.0488362898699057 18616.0 48031.0 88231.0 132261.0 174216.0 210559.0 239832.0 261938.99999999997 277515.0 287499.0 292889.0 294617.0 293494.0 290200.0 285289.0 279206.0
3 1.0 94.79605562537424 32.49260660570866 0.3611727869245104 -0.5924974807975515 -0.3633186265558896 -0.20738423524141034 0.13423165195500428 -0.0488362898699057 12407.0 26977.0 44597.0 62481.0 78719.0 92352.0 103108.0 111112.0 116684.0 120206.0 122058.0 122580.0 122066.0 120759.0 118856.0 116517.0
4 1.0 7.434359807662325 22.02919714188087 0.3611727869245104 -0.5924974807975515 -0.3633186265558896 -0.20738423524141034 0.13423165195500428 -0.0488362898699057 13427.0 34938.0 64900.0 98443.0 131182.0 160296.0 184455.0 203363.0 217323.0 226925.0 232853.0 235774.0 236295.0 234935.0 232132.0 228242.0
5 1.0 273.01631538101094 37.895112490022214 0.3611727869245104 -0.5924974807975515 -0.3633186265558896 -0.20738423524141034 0.13423165195500428 -0.0488362898699057 11437.0 30111.0 56413.0 86135.0 115385.0 141603.0 163531.0 180843.0 193760.0 202776.0 208481.0 211461.0 212252.0 211320.0 209055.0 205781.0
6 1.0 115.20617429608842 -53.113736347253685 0.3611727869245104 -0.5924974807975515 -0.3633186265558896 -0.20738423524141034 0.13423165195500428 -0.0488362898699057 15727.999999999998 40127.0 73435.0 110093.0 145328.0 176211.0 201461.0 220900.0 234962.0 244355.0 249858.0 252214.0 252083.99999999997 250029.0 246512.0 241910.0
7 1.0 138.04700190188328 -28.494339324348218 0.3611727869245104 -0.5924974807975515 -0.3633186265558896 -0.20738423524141034 0.13423165195500428 -0.0488362898699057 3574.0 10224.0 20500.0 33116.0 46522.0 59452.0 71092.0 81025.0 89126.0 95453.0 100159.0 103446.0 105524.0 106592.0 106834.0 106409.0
8 1.0 211.79416087929806 31.723646809943318 0.3611727869245104 -0.5924974807975515 -0.3633186265558896 -0.20738423524141034 0.13423165195500428 -0.0488362898699057 16455.0 42409.0 77990.0 117167.0 154749.0 187566.0 214258.0 234664.0 249286.0 258911.0 264398.0 266555.0 266098.0 263630.0 259646.0 254547.00000000003
9 1.0 299.17744388502854 68.26225734563889 0.3611727869245104 -0.5924974807975515 -0.3633186265558896 -0.20738423524141034 0.13423165195500428 -0.0488362898699057 19402.0 49759.0 91011.0 135984.0 178661.0 215484.0 245023.0 267225.0 282770.0 292635.0 297850.0 299367.0 298015.0 294485.0 289339.0 283026.0
10 1.0 226.43346369281355 7.86204968905713 0.3611727869245104 -0.5924974807975515 -0.3633186265558896 -0.20738423524141034 0.13423165195500428 -0.0488362898699057 19559.0 50055.0 91412.0 136428.0 179093.0 215867.0 245338.0 267468.0 282944.0 292749.0 297913.0 299389.0 298004.0 294449.0 289285.0 282958.0
11 1.0 314.1542359610623 -39.11406282980341 0.3611727869245104 -0.5924974807975515 -0.3633186265558896 -0.20738423524141034 0.13423165195500428 -0.0488362898699057 5883.0 13120.0 22087.0 31389.0 40022.0 47447.0 53472.0 58116.0 61507.0 63813.99999999999 65218.0 65884.0 65962.0 65579.0 64839.99999999999 63833.0
12 1.0 98.47513253362888 -84.55765355892314 0.3611727869245104 -0.5924974807975515 -0.3633186265558896 -0.20738423524141034 0.13423165195500428 -0.0488362898699057 27301.0 65298.99999999999 113839.0 164304.0 210352.0 248707.0 278409.0 299856.0 314081.0 322318.0 325766.0 325489.0 322385.0 317184.0 310468.0 302695.0
13 1.0 287.29686020852296 37.8606292153584 0.3611727869245104 -0.5924974807975515 -0.3633186265558896 -0.20738423524141034 0.13423165195500428 -0.0488362898699057 8379.0 22547.0 43000.0 66636.0 90394.0 112140.0 130733.99999999999 145784.0 157359.0 165780.0 171469.0 174868.0 176392.0 176413.0 175247.0 173160.0
14 1.0 66.8289399501428 -88.58086136848073 0.3611727869245104 -0.5924974807975515 -0.3633186265558896 -0.20738423524141034 0.13423165195500428 -0.0488362898699057 27522.0 64990.00000000001 112435.0 161504.0 206136.0 243241.0 271942.0 292650.0 306378.0 314320.0 317637.0 317355.0 314340.0 309295.0 302784.0 295247.0
15 1.0 343.0049965099 -22.9177674322208 0.3611727869245104 -0.5924974807975515 -0.3633186265558896 -0.20738423524141034 0.13423165195500428 -0.0488362898699057 3683.0 9538.0 17863.0 27474.0 37205.0 46225.0 54074.0 60571.0 65717.0 69615.0 72412.0 74270.0 75346.0 75782.0 75701.0 75211.0
16 1.0 247.4957794996135 5.496698621300723 0.3611727869245104 -0.5924974807975515 -0.3633186265558896 -0.20738423524141034 0.13423165195500428 -0.0488362898699057 16226.0 40624.0 73413.0 109087.0 143065.0 172612.0 196589.0 214900.0 228017.0 236657.0 241587.0 243533.0 243132.0 240923.0 237349.0 232768.0
17 1.0 77.58276376088104 75.98006311809476 0.3611727869245104 -0.5924974807975515 -0.3633186265558896 -0.20738423524141034 0.13423165195500428 -0.0488362898699057 25135.0 58232.0 99799.0 142717.0 181844.0 214540.0 240028.0 258624.00000000003 271164.0 278652.0 282070.0 282299.0 280081.0 276030.0 270636.0 264288.0
18 1.0 341.0534125760127 -73.89098189407798 0.3611727869245104 -0.5924974807975515 -0.3633186265558896 -0.20738423524141034 0.13423165195500428 -0.0488362898699057 23076.0 52981.0 90359.0 128889.0 164033.0 193457.0 216469.0 233342.0 244809.0 251751.99999999997 255042.0 255458.00000000003 253663.00000000003 250201.0 245513.0 239948.0
19 1.0 263.1080904372568 -16.930382045708924 0.3611727869245104 -0.5924974807975515 -0.3633186265558896 -0.20738423524141034 0.13423165195500428 -0.0488362898699057 11909.0 27932.0 48649.0 70755.0 91643.0 109793.0 124588.0 135991.0 144283.0 149880.0 153229.0 154755.0 154831.0 153779.0 151862.0 149296.0
20 1.0 91.4189913342093 -85.6236240521716 0.3611727869245104 -0.5924974807975515 -0.3633186265558896 -0.20738423524141034 0.13423165195500428 -0.0488362898699057 27367.0 65214.99999999999 113440.0 163500.0 209134.0 247122.0 276530.0 297760.0 311838.0 319988.0 323398.0 323120.0 320042.0 314888.0 308232.0 300529.0
21 1.0 76.79231185229351 -28.33002281851374 0.3611727869245104 -0.5924974807975515 -0.3633186265558896 -0.20738423524141034 0.13423165195500428 -0.0488362898699057 18027.0 44573.0 79799.0 117715.0 153488.0 184319.0 209107.0 227840.0 241078.0 249614.0 254280.99999999997 255854.00000000003 255009.0 252313.0 248230.0 243132.0
22 1.0 186.55225701503878 22.00159059116308 0.3611727869245104 -0.5924974807975515 -0.3633186265558896 -0.20738423524141034 0.13423165195500428 -0.0488362898699057 8104.999999999999 21474.0 40554.0 62435.0 84309.0 104243.0 121218.0 134897.0 145362.0 152921.0 157969.0 160919.0 162158.0 162027.0 160820.0 158781.0
23 1.0 9.238578499631366 -39.767769318852295 0.3611727869245104 -0.5924974807975515 -0.3633186265558896 -0.20738423524141034 0.13423165195500428 -0.0488362898699057 14647.0 35616.0 63271.99999999999 93059.0 121296.0 145824.0 165758.0 181040.0 192060.0 199394.0 203666.0 205461.0 205299.0 203619.0 200785.0 197092.0
24 1.0 74.68922715879938 -52.245009061985684 0.3611727869245104 -0.5924974807975515 -0.3633186265558896 -0.20738423524141034 0.13423165195500428 -0.0488362898699057 22217.0 55313.0 99147.0 146019.0 189806.0 227072.0 256569.0 278415.0 293420.0 302655.0 307206.0 308065.0 306082.0 301958.0 296261.0 289442.0
25 1.0 152.88676875054225 -69.17341800112314 0.3611727869245104 -0.5924974807975515 -0.3633186265558896 -0.20738423524141034 0.13423165195500428 -0.0488362898699057 23431.0 58345.0 104486.0 153660.0 199409.0 238151.0 268633.0 291036.0 306255.0 315444.0 319764.0 320265.0 317842.0 313231.0 307023.0 299687.0
26 1.0 134.7011929203212 13.88524392366152 0.3611727869245104 -0.5924974807975515 -0.3633186265558896 -0.20738423524141034 0.13423165195500428 -0.0488362898699057 772.0 2115.0 4147.0 6633.0 9291.0 11885.0 14257.0 16318.0 18034.0 19407.0 20460.0 21228.0 21749.0 22060.0 22198.0 22195.0
27 1.0 166.88715277133184 35.14860106284348 0.3611727869245104 -0.5924974807975515 -0.3633186265558896 -0.20738423524141034 0.13423165195500428 -0.0488362898699057 5202.0 13468.0 25162.0 38566.0 52028.0 64396.99999999999 75055.0 83778.0 90592.0 95660.0 99201.0 101449.0 102627.0 102935.0 102548.0 101612.0
28 1.0 99.94633426610349 30.95228530724802 0.3611727869245104 -0.5924974807975515 -0.3633186265558896 -0.20738423524141034 0.13423165195500428 -0.0488362898699057 10031.0 21798.0 36021.0 50472.0 63623.0 74706.0 83490.0 90066.0 94676.0 97619.0 99192.0 99669.0 99287.0 98243.0 96700.0 94791.0
29 1.0 211.24236472494076 80.79498372969132 0.3611727869245104 -0.5924974807975515 -0.3633186265558896 -0.20738423524141034 0.13423165195500428 -0.0488362898699057 22515.0 54746.0 96726.0 141155.0 182396.0 217354.0 244956.0 265368.0 279373.0 287981.0 292213.0 292993.0 291114.0 287230.0 281870.0 275454.0
0 1.0 310.9880181323633 -89.51342149916951 0.3611727869245104 -0.5924974807975515 -0.3633186265558896 -0.20738423524141034 0.13423165195500428 -0.0488362898699057 27604.0 64920.00000000001 112043.0 160700.0 204913.0 241649.0 270054.0 290545.0 304125.0 311979.0 315255.0 314969.0 311976.0 306975.0 300520.0 293050.0
1 1.0 42.31146814633191 26.49539770092649 0.3611727869245104 -0.5924974807975515 -0.3633186265558896 -0.20738423524141034 0.13423165195500428 -0.0488362898699057 27308.0 65650.0 114793.0 165977.0 212722.0 251668.99999999997 281825.0 303588.0 318008.0 326340.0 329806.0 329490.0 326305.0 320995.0 314152.0 306240.0
2 1.0 186.2564785754811 18.070602677575124 0.3611727869245104 -0.5924974807975515 -0.3633186265558896 -0.20738423524141034 0.13423165195500428 -0.0488362898699057 7755.0 20695.0 39283.0 60709.0 82218.0 101889.0 118697.0 132288.0 142728.0 150307.0 155412.0 158443.0 159779.0 159757.0 158664.0 156743.0
3 1.0 47.54451828425519 15.973129794651868 0.3611727869245104 -0.5924974807975515 -0.3633186265558896 -0.20738423524141034 0.13423165195500428 -0.0488362898699057 26557.0 63794.0 111551.0 161360.0 206934.0 244994.0 274550.0 295963.0 310234.0 318569.0 322149.0 322025.0 319082.0 314045.0 307492.0 299876.0
4 1.0 258.06948522933374 83.29865757124364 0.3611727869245104 -0.5924974807975515 -0.3633186265558896 -0.20738423524141034 0.13423165195500428 -0.0488362898699057 23442.0 57535.0 102140.0 149406.0 193251.0 230341.0 259531.0 281016.0 295653.0 304541.0 308779.0 309363.0 307142.0 302816.0 296949.0 289987.0
5 1.0 142.58149301062573 -86.96309879339286 0.3611727869245104 -0.5924974807975515 -0.3633186265558896 -0.20738423524141034 0.13423165195500428 -0.0488362898699057 27712.0 65821.0 114254.0 164434.0 210112.0 248089.0 277453.0 298621.0 312632.0 320713.0 324056.0 323718.0 320586.0 315382.0 308683.0 300940.0
6 1.0 203.55167226906323 35.36683752626102 0.3611727869245104 -0.5924974807975515 -0.3633186265558896 -0.20738423524141034 0.13423165195500428 -0.0488362898699057 14557.0 37398.0 68764.0 103443.0 136902.0 166329.0 190469.0 209125.0 222684.0 231806.0 237220.0 239630.0 239658.0 237839.0 234613.0 230340.0
7 1.0 65.9807410370683 56.462156946335426 0.3611727869245104 -0.5924974807975515 -0.3633186265558896 -0.20738423524141034 0.13423165195500428 -0.0488362898699057 26495.0 59868.0 100976.0 142856.0 180659.0 211989.0 236222.0 253747.99999999997 265425.0 272247.0 275178.0 275069.0 272639.0 268477.0 263052.0 256737.0
8 1.0 52.1451933636158 1.7652953918851466 0.3611727869245104 -0.5924974807975515 -0.3633186265558896 -0.20738423524141034 0.13423165195500428 -0.0488362898699057 24908.0 60328.0 106128.0 154226.0 198509.0 235716.0 264798.0 286034.0 300345.0 308873.0 312745.0 312974.0 310418.0 305782.0 299632.0 292412.0
9 1.0 175.70026103362363 -29.886323472574354 0.3611727869245104 -0.5924974807975515 -0.3633186265558896 -0.20738423524141034 0.13423165195500428 -0.0488362898699057 9798.0 26467.0 50546.0 78331.0 106176.0 131558.0 153146.0 170504.0 183742.0 193262.0 199580.0 203229.0 204705.0 204450.0 202835.0 200175.0
10 1.0 128.020585625984 52.35122938093289 0.3611727869245104 -0.5924974807975515 -0.3633186265558896 -0.20738423524141034 0.13423165195500428 -0.0488362898699057 10714.0 23942.0 40385.0 57456.0 73265.0 86790.0 97675.0 105966.0 111919.0 115871.0 118166.0 119125.0 119025.0 118104.0 116553.0 114532.0
11 1.0 338.5555002910127 -72.49627338616357 0.3611727869245104 -0.5924974807975515 -0.3633186265558896 -0.20738423524141034 0.13423165195500428 -0.0488362898699057 22351.0 51186.0 87193.0 124317.0 158204.0 186609.0 208860.0 225208.0 236350.0 243129.0 246381.0 246853.0 245184.0 241899.0 237423.0 232092.0
12 1.0 275.5170913705075 -10.43358520861345 0.3611727869245104 -0.5924974807975515 -0.3633186265558896 -0.20738423524141034 0.13423165195500428 -0.0488362898699057 6224.0 15050.0 26864.0 39880.0 52564.0 63938.99999999999 73531.0 81215.0 87076.0 91304.0 94127.0 95778.0 96470.0 96394.0 95713.0 94563.0
13 1.0 269.51890314619703 3.5914274227508827 0.3611727869245104 -0.5924974807975515 -0.3633186265558896 -0.20738423524141034 0.13423165195500428 -0.0488362898699057 7688.0 19505.0 35851.0 54218.0 72332.0 88687.0 102525.0 113623.0 122082.0 128168.0 132213.0 134555.0 135509.0 135353.0 134324.0 132622.0
14 1.0 325.33910630853603 34.91215396821855 0.3611727869245104 -0.5924974807975515 -0.3633186265558896 -0.20738423524141034 0.13423165195500428 -0.0488362898699057 5228.0 14849.0 29500.0 47204.0 65710.0 83271.0 98823.0 111879.0 122342.0 130348.99999999999 136158.0 140068.0 142383.0 143383.0 143318.0 142403.0
15 1.0 30.032076759126678 -73.6405682341663 0.3611727869245104 -0.5924974807975515 -0.3633186265558896 -0.20738423524141034 0.13423165195500428 -0.0488362898699057 25390.0 60263.0 104711.0 150969.0 193311.0 228748.0 256370.0 276494.0 290025.0 298058.0 301671.0 301827.0 299339.0 294877.0 288976.0 282057.0
16 1.0 198.78928917206636 -49.00328972318503 0.3611727869245104 -0.5924974807975515 -0.3633186265558896 -0.20738423524141034 0.13423165195500428 -0.0488362898699057 23626.0 58929.0 105591.0 155292.0 201489.0 240564.0 271264.0 293786.0 309046.0 318220.0 322484.0 322903.0 320381.0 315662.0 309342.0 301893.0
17 1.0 210.4113848240768 -16.14571871577739 0.3611727869245104 -0.5924974807975515 -0.3633186265558896 -0.20738423524141034 0.13423165195500428 -0.0488362898699057 19666.0 50376.0 92049.0 137422.0 180428.0 217488.0 247176.0 269455.0 285021.0 294866.0 300032.0 301481.0 300049.0 296433.0 291198.0 284796.0
18 1.0 346.2970962770024 22.193041143623518 0.3611727869245104 -0.5924974807975515 -0.3633186265558896 -0.20738423524141034 0.13423165195500428 -0.0488362898699057 5293.0 14894.0 29417.0 46889.0 65098.0 82340.0 97586.0 110370.0 120605.0 128431.99999999999 134106.0 137922.0 140177.0 141146.0 141074.0 140170.0
19 1.0 105.17310964531758 69.65294061913514 0.3611727869245104 -0.5924974807975515 -0.3633186265558896 -0.20738423524141034 0.13423165195500428 -0.0488362898699057 21226.0 48135.0 81598.0 116069.0 147570.0 174046.0 194869.0 210255.0 220828.0 227354.0 230593.0 231228.0 229848.0 226938.0 222891.0 218024.0
20 1.0 86.69836076956085 21.388710283447764 0.3611727869245104 -0.5924974807975515 -0.3633186265558896 -0.20738423524141034 0.13423165195500428 -0.0488362898699057 13490.0 30174.0 50859.0 72254.0 91977.0 108761.0 122176.0 132299.0 139465.0 144109.0 146673.0 147566.0 147145.0 145710.0 143508.0 140738.0
21 1.0 36.10581921557922 -65.9769352317118 0.3611727869245104 -0.5924974807975515 -0.3633186265558896 -0.20738423524141034 0.13423165195500428 -0.0488362898699057 24558.0 58959.0 103196.0 149514.0 192104.0 227882.0 255867.0 276334.0 290166.0 298451.0 302268.0 302581.0 300213.0 295837.0 289994.0 283112.0
22 1.0 5.9146666529307135 86.50442390171082 0.3611727869245104 -0.5924974807975515 -0.3633186265558896 -0.20738423524141034 0.13423165195500428 -0.0488362898699057 24856.0 60006.0 105390.0 153029.0 196898.0 233777.0 262629.0 283724.0 297968.0 306486.0 310391.0 310683.0 308211.0 303671.0 297623.0 290509.0
23 1.0 334.6305540451886 66.92143225598872 0.3611727869245104 -0.5924974807975515 -0.3633186265558896 -0.20738423524141034 0.13423165195500428 -0.0488362898699057 20419.0 52026.0 94693.0 140947.0 184616.0 222108.0 252025.0 274375.0 289897.0 299620.0 304613.0 305860.0 304212.0 300375.0 294921.0 288307.0
24 1.0 241.16995677272763 0.4897370061583217 0.3611727869245104 -0.5924974807975515 -0.3633186265558896 -0.20738423524141034 0.13423165195500428 -0.0488362898699057 18469.0 46000.0 82708.0 122323.0 159741.0 191997.0 217921.0 237494.0 251305.99999999997 260193.99999999997 265033.0 266640.0 265725.0 262881.0 258595.00000000003 253257.0
25 1.0 282.6550483283296 76.02263672339393 0.3611727869245104 -0.5924974807975515 -0.3633186265558896 -0.20738423524141034 0.13423165195500428 -0.0488362898699057 22049.0 55464.0 100014.0 147825.0 192573.0 230685.0 260851.0 283179.0 298496.0 307899.0 312507.0 313337.0 311263.0 307006.0 301148.0 294149.0
26 1.0 101.42283807142167 7.448542876284435 0.3611727869245104 -0.5924974807975515 -0.3633186265558896 -0.20738423524141034 0.13423165195500428 -0.0488362898699057 5503.0 13081.0 23073.0 33962.0 44488.0 53869.0 61743.0 68032.0 72820.0 76269.0 78572.0 79919.0 80484.0 80423.0 79866.0 78923.0
27 1.0 211.1076598270776 76.19509222004936 0.3611727869245104 -0.5924974807975515 -0.3633186265558896 -0.20738423524141034 0.13423165195500428 -0.0488362898699057 21619.0 52864.0 93778.0 137266.0 177789.0 212263.0 239587.0 259884.0 273896.0 282598.0 286981.0 287950.0 286280.0 282616.0 277479.0 271282.0
28 1.0 23.023895803553206 59.38152634860177 0.3611727869245104 -0.5924974807975515 -0.3633186265558896 -0.20738423524141034 0.13423165195500428 -0.0488362898699057 26371.0 64253.00000000001 113305.0 164748.0 211960.0 251446.99999999997 282122.0 304335.0 319120.0 327731.0 331401.0 331224.0 328128.0 322864.0 316037.0 308117.0
29 1.0 174.82593453646425 84.29155385297352 0.3611727869245104 -0.5924974807975515 -0.3633186265558896 -0.20738423524141034 0.13423165195500428 -0.0488362898699057 23049.0 55243.0 96741.0 140369.0 180683.0 214743.0 241564.0 261347.0 274876.0 283147.0 287159.0 287814.0 285884.0 282007.0 276696.0 270362.0
0 1.0 351.89825030800085 75.5609059400685 0.3611727869245104 -0.5924974807975515 -0.3633186265558896 -0.20738423524141034 0.13423165195500428 -0.0488362898699057 24365.0 60203.0 107207.0 157004.0 203104.0 241972.0 272423.0 294695.0 309726.0 318702.0 322802.0 323087.0 320459.0 315656.0 309272.0 301773.0
1 1.0 315.54188831397266 -83.5139128628575 0.3611727869245104 -0.5924974807975515 -0.3633186265558896 -0.20738423524141034 0.13423165195500428 -0.0488362898699057 26587.0 61515.0 105205.0 150114.0 190863.0 224742.0 251000.0 270018.0 282708.0 290141.0 293359.0 293285.0 290699.0 286239.0 280415.0 273630.0
2 1.0 121.73722266126443 -58.54103925103081 0.3611727869245104 -0.5924974807975515 -0.3633186265558896 -0.20738423524141034 0.13423165195500428 -0.0488362898699057 17823.0 45269.0 82459.0 123063.0 161758.0 195354.0 222529.0 243180.0 257863.99999999997 267418.0 272739.0 274667.0 273940.0 271178.0 266889.0 261481.00000000003
3 1.0 346.16525563493946 -19.95575812178656 0.3611727869245104 -0.5924974807975515 -0.3633186265558896 -0.20738423524141034 0.13423165195500428 -0.0488362898699057 3924.0000000000005 10258.0 19327.0 29850.0 40551.0 50517.0 59226.0 66466.0 72227.0 76607.0 79764.0 81871.0 83098.0 83602.0 83522.0 82975.0
4 1.0 83.41258552963363 81.38568551317573 0.3611727869245104 -0.5924974807975515 -0.3633186265558896 -0.20738423524141034 0.13423165195500428 -0.0488362898699057 24724.0 58067.0 100359.0 144308.0 184555.0 218301.0 244682.0 263984.0 277046.0 284890.0 288526.0 288857.0 286655.0 282550.0 277051.0 270561.0
5 1.0 341.75477606964535 -35.99479449433267 0.3611727869245104 -0.5924974807975515 -0.3633186265558896 -0.20738423524141034 0.13423165195500428 -0.0488362898699057 6234.0 15179.0 27197.0 40458.0 53380.0 64949.00000000001 74674.0 82432.0 88315.0 92525.0 95304.0 96896.0 97523.0 97381.0 96638.0 95432.0
6 1.0 338.8959736943395 -61.11582410023181 0.3611727869245104 -0.5924974807975515 -0.3633186265558896 -0.20738423524141034 0.13423165195500428 -0.0488362898699057 16658.0 38076.0 64978.99999999999 92972.0 118823.0 140799.0 158314.0 171474.0 180733.0 186676.0 189899.0 190945.0 190288.0 188323.0 185372.0 181698.0
7 1.0 287.71293144686103 69.53483989558077 0.3611727869245104 -0.5924974807975515 -0.3633186265558896 -0.20738423524141034 0.13423165195500428 -0.0488362898699057 20031.0 51207.0 93419.0 139289.0 182682.0 220007.0 249848.0 272189.0 287749.0 297541.0 302622.0 303968.0 302421.0 298686.0 293332.0 286813.0
8 1.0 226.9612572720448 -9.649005213023472 0.3611727869245104 -0.5924974807975515 -0.3633186265558896 -0.20738423524141034 0.13423165195500428 -0.0488362898699057 21611.0 54074.0 97237.0 143526.0 186873.0 223846.0 253176.99999999997 274958.0 289973.0 299269.0 303916.0 304892.0 303038.0 299050.0 293490.0 286806.0
9 1.0 314.7436679849809 73.41760698377868 0.3611727869245104 -0.5924974807975515 -0.3633186265558896 -0.20738423524141034 0.13423165195500428 -0.0488362898699057 21634.0 54706.0 98995.0 146675.0 191408.0 229580.0 259846.00000000003 282288.0 297718.0 307225.0 311926.0 312836.0 310830.0 306631.0 300820.0 293862.0
10 1.0 105.48730242280682 -61.15851606237421 0.3611727869245104 -0.5924974807975515 -0.3633186265558896 -0.20738423524141034 0.13423165195500428 -0.0488362898699057 20389.0 51225.0 92473.0 136968.0 178881.0 214848.0 243572.0 265075.0 280061.0 289506.0 294425.0 295751.0 294293.0 290722.0 285585.0 279319.0
11 1.0 305.61967991265055 29.00115207145791 0.3611727869245104 -0.5924974807975515 -0.3633186265558896 -0.20738423524141034 0.13423165195500428 -0.0488362898699057 3532.0 10175.0 20474.0 33140.0 46608.0 59604.0 71309.0 81306.0 89468.0 95852.0 100613.0 103951.0 106075.0 107187.0 107468.0 107079.0
12 1.0 222.43560909030856 -10.75252449069147 0.3611727869245104 -0.5924974807975515 -0.3633186265558896 -0.20738423524141034 0.13423165195500428 -0.0488362898699057 21476.0 54134.0 97787.0 144750.0 188813.0 226435.0 256298.00000000003 278477.0 293763.0 303222.0 307944.0 308929.0 307033.0 302966.0 297302.0 290496.0
13 1.0 4.765268793203816 -76.23238157454863 0.3611727869245104 -0.5924974807975515 -0.3633186265558896 -0.20738423524141034 0.13423165195500428 -0.0488362898699057 24751.0 57750.0 99359.0 142417.0 181724.0 214599.0 240243.0 258963.0 271594.0 279141.0 282594.0 282834.0 280613.0 276546.0 271128.0 264750.0
14 1.0 125.00406645559904 35.363366037450106 0.3611727869245104 -0.5924974807975515 -0.3633186265558896 -0.20738423524141034 0.13423165195500428 -0.0488362898699057 5083.0 11264.0 18841.0 26596.0 33673.0 39630.0 44334.0 47833.0 50263.0 51795.0 52594.0 52814.0 52585.0 52014.0 51189.0 50181.0
15 1.0 53.330709941339414 -45.46822400295233 0.3611727869245104 -0.5924974807975515 -0.3633186265558896 -0.20738423524141034 0.13423165195500428 -0.0488362898699057 23704.0 58625.0 104551.0 153351.0 198670.0 237006.0 267150.0 289295.0 304336.0 313415.0 317679.0 318168.0 315763.0 311193.0 305043.0 297773.0
16 1.0 353.45858033457114 -82.86920593568681 0.3611727869245104 -0.5924974807975515 -0.3633186265558896 -0.20738423524141034 0.13423165195500428 -0.0488362898699057 26314.0 61347.0 105407.0 150857.0 192197.0 226627.0 253348.00000000003 272727.0 285678.0 293283.0 296598.0 296564.0 293973.0 289474.0 283587.0 276722.0
17 1.0 172.2133105343957 -79.21002631507682 0.3611727869245104 -0.5924974807975515 -0.3633186265558896 -0.20738423524141034 0.13423165195500428 -0.0488362898699057 27442.0 66089.0 115668.0 167323.0 214494.0 253782.99999999997 284186.0 306107.0 320610.0 328967.0 332414.0 332049.0 328793.0 323398.0 316461.0 308452.0
18 1.0 179.06089157951857 -79.00586332797828 0.3611727869245104 -0.5924974807975515 -0.3633186265558896 -0.20738423524141034 0.13423165195500428 -0.0488362898699057 27641.0 66383.0 115978.0 167573.0 214640.0 253809.0 284095.0 305915.0 320336.0 328629.0 332029.0 331631.0 328354.0 322947.0 316005.0 307996.0
19 1.0 230.2101059035405 73.39193234730709 0.3611727869245104 -0.5924974807975515 -0.3633186265558896 -0.20738423524141034 0.13423165195500428 -0.0488362898699057 21648.0 53765.0 96252.0 141680.0 184151.0 220346.0 249054.0 270377.0 285087.0 294206.0 298779.0 299762.0 297973.0 294093.0 288670.0 282141.0
20 1.0 132.6904582066623 43.17910520923817 0.3611727869245104 -0.5924974807975515 -0.3633186265558896 -0.20738423524141034 0.13423165195500428 -0.0488362898699057 6475.0 14626.0 24881.0 35659.0 45774.0 54556.0 61738.0 67311.0 71404.0 74208.0 75927.0 76759.0 76878.0 76437.0 75562.0 74358.0
21 1.0 49.284097806815616 71.6512242984723 0.3611727869245104 -0.5924974807975515 -0.3633186265558896 -0.20738423524141034 0.13423165195500428 -0.0488362898699057 27124.0 63577.99999999999 109581.0 157107.0 200351.0 236347.0 264247.0 284438.0 297883.0 305726.0 309080.0 308935.0 306123.0 301327.0 295091.0 287845.0
22 1.0 295.9623839499284 31.064816033373845 0.3611727869245104 -0.5924974807975515 -0.3633186265558896 -0.20738423524141034 0.13423165195500428 -0.0488362898699057 5033.0 14007.0 27456.0 43527.0 60186.0 75884.0 89699.0 101218.0 110380.0 117327.0 122302.0 125585.0 127454.00000000001 128164.0 127942.0 126982.00000000001
23 1.0 68.34524828499286 5.2091872255589635 0.3611727869245104 -0.5924974807975515 -0.3633186265558896 -0.20738423524141034 0.13423165195500428 -0.0488362898699057 20659.0 48594.0 84219.0 121500.0 155927.0 185076.0 208135.0 225268.0 237119.0 244514.0 248278.0 249164.0 247819.0 244780.0 240482.0 235272.0
24 1.0 184.07483371672416 -35.19965441747191 0.3611727869245104 -0.5924974807975515 -0.3633186265558896 -0.20738423524141034 0.13423165195500428 -0.0488362898699057 14522.0 38063.0 70928.0 107688.0 143458.0 175121.0 201231.0 221503.0 236311.0 246336.0 252356.00000000003 255121.0 255303.0 253479.0 250126.00000000003 245634.0
25 1.0 80.75413043090613 89.63320523916121 0.3611727869245104 -0.5924974807975515 -0.3633186265558896 -0.20738423524141034 0.13423165195500428 -0.0488362898699057 24350.0 58579.0 102715.0 149040.0 191730.0 227664.0 255828.0 276472.0 290465.0 298888.0 302818.0 303221.0 300922.0 296597.0 290790.0 283931.0
26 1.0 35.22401441785226 -24.805969390909922 0.3611727869245104 -0.5924974807975515 -0.3633186265558896 -0.20738423524141034 0.13423165195500428 -0.0488362898699057 21704.0 53834.0 96309.0 141701.0 184121.0 220261.0 248915.0 270189.0 284855.0 293937.0 298480.0 299438.0 297630.0 293735.0 288301.0 281765.0
27 1.0 310.388946271806 -5.28318914149628 0.3611727869245104 -0.5924974807975515 -0.3633186265558896 -0.20738423524141034 0.13423165195500428 -0.0488362898699057 593.0 1742.0 3586.0 5934.0 8517.0 11096.0 13505.0 15647.000000000002 17480.0 19000.0 20222.0 21177.0 21895.0 22411.0 22756.0 22959.0
28 1.0 350.2510160483269 -21.915868513776886 0.3611727869245104 -0.5924974807975515 -0.3633186265558896 -0.20738423524141034 0.13423165195500428 -0.0488362898699057 5170.0 13303.0 24761.0 37868.0 51026.0 63121.0 73549.0 82085.0 88750.0 93697.0 97140.0 99308.0 100421.0 100678.0 100251.0 99289.0
29 1.0 345.90047690268005 86.31484728038254 0.3611727869245104 -0.5924974807975515 -0.3633186265558896 -0.20738423524141034 0.13423165195500428 -0.0488362898699057 24698.0 59870.0 105413.0 153307.0 197463.0 234616.0 263700.0 284978.0 299356.0 307965.0 311923.0 312240.0 309770.0 305215.0 299140.0 291990.0
