idx D_km lam beta x1 y1 z1 x2 y2 z2 flux5 flux6 flux7 flux8 flux9 flux10 flux11 flux12 flux13 flux14 flux15 flux16 flux17 flux18 flux19 flux20
0 1.0 197.5728614138369 73.17998985981222 0.7696412456678863 -0.08769878709850647 -0.29278083940078303 -0.17291349790835153 0.16287795338957758 -0.18487575503494694 13670.0 31464.0 54410.0 78985.0 102333.0 122731.0 139432.0 152341.0 161737.0 168066.0 171824.0 173487.0 173483.0 172178.0 169879.0 166834.0
1 1.0 257.468171894071 49.328519885754986 0.7696412456678863 -0.08769878709850647 -0.29278083940078303 -0.17291349790835153 0.16287795338957758 -0.18487575503494694 8167.000000000001 20880.0 38959.0 59820.0 80851.0 100168.0 116726.0 130134.0 140429.0 147880.0 152861.0 155771.0 156986.0 156844.0 155637.0 153607.0
2 1.0 216.99481538579178 -30.033872634844457 0.7696412456678863 -0.08769878709850647 -0.29278083940078303 -0.17291349790835153 0.16287795338957758 -0.18487575503494694 3072.0 8596.0 17245.0 28104.0 39922.0 51588.0 62323.0 71681.0 79481.0 85718.0 90493.0 93960.0 96293.0 97665.0 98239.0 98158.0
3 1.0 196.15794587888288 -75.40174980216058 0.7696412456678863 -0.08769878709850647 -0.29278083940078303 -0.17291349790835153 0.16287795338957758 -0.18487575503494694 4566.0 12812.0 25632.0 41508.0 58474.0 74866.0 89589.0 102080.0 112169.0 119936.0 125596.00000000001 129421.00000000001 131698.0 132695.0 132655.0 131788.0
4 1.0 152.5157277620057 -16.69658914551468 0.7696412456678863 -0.08769878709850647 -0.29278083940078303 -0.17291349790835153 0.16287795338957758 -0.18487575503494694 3548.0 8361.0 14665.0 21524.0 28175.0 34144.0 39210.0 43314.0 46499.0 48853.0 50488.0 51514.0 52035.0 52145.0 51924.0 51440.0
5 1.0 232.5218807039962 -48.19785440923031 0.7696412456678863 -0.08769878709850647 -0.29278083940078303 -0.17291349790835153 0.16287795338957758 -0.18487575503494694 3315.0 9695.0 20018.0 33226.0 47741.0 62120.0 75341.0 86822.0 96329.0 103860.0 109552.0 113609.0 116258.0 117725.0 118216.0 117916.0
6 1.0 157.5313960545693 -66.15222574356306 0.7696412456678863 -0.08769878709850647 -0.29278083940078303 -0.17291349790835153 0.16287795338957758 -0.18487575503494694 4144.0 11430.0 22682.0 36628.0 51608.0 66196.0 79428.0 90784.0 100084.0 107365.0 112792.0 116585.0 118981.0 120212.0 120486.0 119989.0
7 1.0 321.03828028154874 -80.38310727837145 0.7696412456678863 -0.08769878709850647 -0.29278083940078303 -0.17291349790835153 0.16287795338957758 -0.18487575503494694 7528.0 19079.0 35491.0 54498.0 73781.0 91637.0 107088.0 119740.0 129587.00000000001 136842.0 141824.0 144879.0 146343.0 146522.0 145680.0 144042.0
8 1.0 346.91859378037054 40.60698555790418 0.7696412456678863 -0.08769878709850647 -0.29278083940078303 -0.17291349790835153 0.16287795338957758 -0.18487575503494694 5534.0 13264.0 23633.0 35158.0 46533.0 56885.0 65760.0 73006.0 78660.0 82860.0 85792.0 87648.0 88613.0 88852.0 88509.0 87707.0
9 1.0 138.03894677727996 -87.94305744749441 0.7696412456678863 -0.08769878709850647 -0.29278083940078303 -0.17291349790835153 0.16287795338957758 -0.18487575503494694 6669.0 17609.0 33657.0 52636.0 72164.0 90425.0 106342.0 119454.0 129716.0 137323.0 142591.0 145871.0 147505.0 147808.0 147051.0 145468.0
10 1.0 285.02101370975925 48.70453473049972 0.7696412456678863 -0.08769878709850647 -0.29278083940078303 -0.17291349790835153 0.16287795338957758 -0.18487575503494694 5727.0 15155.0 29125.0 45858.0 63319.0 79890.0 94560.0 106850.0 116656.0 124102.0 129431.99999999999 132938.0 134913.0 135633.0 135340.0 134246.0
11 1.0 190.40217111104562 -63.549603827932486 0.7696412456678863 -0.08769878709850647 -0.29278083940078303 -0.17291349790835153 0.16287795338957758 -0.18487575503494694 3504.0 9920.0 20073.0 32896.0 46881.0 60676.0 73330.0 84306.0 93393.0 100593.0 106039.0 109926.0 112469.0 113882.0 114363.0 114087.0
12 1.0 204.49604199381562 -75.68602513438397 0.7696412456678863 -0.08769878709850647 -0.29278083940078303 -0.17291349790835153 0.16287795338957758 -0.18487575503494694 4617.0 12965.0 25940.0 41995.0 59133.0 75672.0 90509.0 103079.0 113217.0 121008.0 126672.0 130486.99999999999 132742.0 133711.0 133637.0 132734.0
13 1.0 333.214789785358 -73.87145383705104 0.7696412456678863 -0.08769878709850647 -0.29278083940078303 -0.17291349790835153 0.16287795338957758 -0.18487575503494694 8339.0 20381.0 36979.0 55809.0 74637.0 91888.0 106696.0 118740.0 128053.0 134866.0 139496.0 142284.0 143556.0 143604.0 142683.0 141006.0
14 1.0 25.5729809512393 30.968605323704594 0.7696412456678863 -0.08769878709850647 -0.29278083940078303 -0.17291349790835153 0.16287795338957758 -0.18487575503494694 9442.0 21965.0 38208.0 55691.0 72402.0 87114.0 99281.0 108813.0 115880.0 120778.0 123840.0 125394.0 125735.00000000001 125117.0 123758.0 121833.0
15 1.0 31.366547892554657 -45.83390222648794 0.7696412456678863 -0.08769878709850647 -0.29278083940078303 -0.17291349790835153 0.16287795338957758 -0.18487575503494694 13574.0 30087.0 50670.0 72208.0 92353.0 109771.0 123935.0 134836.0 142746.0 148061.0 151205.0 152583.0 152552.0 151421.0 149444.0 146831.0
16 1.0 7.278623078517259 -14.302895997582283 0.7696412456678863 -0.08769878709850647 -0.29278083940078303 -0.17291349790835153 0.16287795338957758 -0.18487575503494694 10062.0 21179.0 34073.0 46677.0 57730.0 66708.0 73555.0 78455.0 81690.0 83557.0 84332.0 84255.0 83525.0 82303.0 80721.0 78881.0
17 1.0 299.74314439725765 10.326382438305046 0.7696412456678863 -0.08769878709850647 -0.29278083940078303 -0.17291349790835153 0.16287795338957758 -0.18487575503494694 2630.0 6938.0 13370.0 21219.0 29629.0 37872.0 45448.0 52071.0 57625.0 62108.0 65586.0 68160.0 69945.0 71058.0 71607.0 71689.0
18 1.0 280.13643034194615 64.89921128918289 0.7696412456678863 -0.08769878709850647 -0.29278083940078303 -0.17291349790835153 0.16287795338957758 -0.18487575503494694 8454.0 21500.0 39957.0 61165.0 82469.0 101975.0 118644.0 132100.0 142394.0 149811.0 154735.0 157573.0 158708.0 158482.0 157190.0 155076.0
19 1.0 313.2043733688549 40.8679672880391 0.7696412456678863 -0.08769878709850647 -0.29278083940078303 -0.17291349790835153 0.16287795338957758 -0.18487575503494694 4218.0 10733.0 20115.0 31216.0 42791.0 53857.0 63785.99999999999 72256.0 79176.0 84592.0 88636.0 91472.0 93275.0 94213.0 94439.0 94089.0
20 1.0 352.30260320379506 -41.34097705703137 0.7696412456678863 -0.08769878709850647 -0.29278083940078303 -0.17291349790835153 0.16287795338957758 -0.18487575503494694 10123.0 21734.0 35649.0 49743.0 62582.0 73447.0 82121.0 88680.0 93349.0 96403.0 98124.0 98767.0 98559.0 97687.0 96310.0 94554.0
21 1.0 287.6970831180205 -66.33309612759703 0.7696412456678863 -0.08769878709850647 -0.29278083940078303 -0.17291349790835153 0.16287795338957758 -0.18487575503494694 5859.0 15351.0 29278.0 45837.0 63018.00000000001 79253.0 93575.0 105539.0 115059.0 122268.0 127412.0 130779.0 132657.0 133315.0 132990.0 131888.0
22 1.0 166.13257041105547 -80.03262232418437 0.7696412456678863 -0.08769878709850647 -0.29278083940078303 -0.17291349790835153 0.16287795338957758 -0.18487575503494694 5419.0 14832.0 29114.0 46451.0 64670.00000000001 82016.0 97384.0 110246.0 120487.0 128236.99999999999 133759.0 137363.0 139363.0 140051.0 139686.0 138488.0
23 1.0 280.99050346312396 -35.712245793430355 0.7696412456678863 -0.08769878709850647 -0.29278083940078303 -0.17291349790835153 0.16287795338957758 -0.18487575503494694 3647.0 10136.0 20199.0 32708.0 46183.0 59350.0 71337.0 81673.0 90185.0 96895.0 101944.0 105521.0 107836.0 109092.0 109475.0 109150.0
24 1.0 42.57879331281596 -42.818733136857915 0.7696412456678863 -0.08769878709850647 -0.29278083940078303 -0.17291349790835153 0.16287795338957758 -0.18487575503494694 13950.0 31378.000000000004 53403.0 76672.0 98576.0 117594.0 133097.0 145042.0 153710.0 159528.0 162961.0 164453.0 164400.0 163139.0 160956.0 158079.0
25 1.0 230.3715676779086 -7.894697975913658 0.7696412456678863 -0.08769878709850647 -0.29278083940078303 -0.17291349790835153 0.16287795338957758 -0.18487575503494694 4131.0 11309.0 22283.0 35766.0 50151.0 64086.00000000001 76672.0 87437.0 96227.0 103090.0 108189.0 111740.0 113969.0 115096.0 115321.0 114819.0
26 1.0 51.607183467256704 32.990640398582485 0.7696412456678863 -0.08769878709850647 -0.29278083940078303 -0.17291349790835153 0.16287795338957758 -0.18487575503494694 12081.0 28651.0 50498.0 74230.0 97000.0 117039.0 133548.0 146391.0 155809.0 162225.0 166114.0 167939.0 168116.0 167004.0 164903.0 162058.0
27 1.0 340.0808101378502 35.21258021499429 0.7696412456678863 -0.08769878709850647 -0.29278083940078303 -0.17291349790835153 0.16287795338957758 -0.18487575503494694 4693.0 11235.0 19997.0 29735.0 39365.0 48164.0 55749.0 61985.0 66894.0 70581.0 73191.0 74881.0 75802.0 76091.0 75871.0 75244.0
28 1.0 187.8653958300258 -38.96660761521 0.7696412456678863 -0.08769878709850647 -0.29278083940078303 -0.17291349790835153 0.16287795338957758 -0.18487575503494694 2613.0 7001.0 13647.0 21834.0 30663.0 39353.0 47358.0 54366.0 60247.0 64992.99999999999 68674.0 71395.0 73280.0 74450.0 75021.0 75099.0
29 1.0 149.2782983965885 -21.61314793797831 0.7696412456678863 -0.08769878709850647 -0.29278083940078303 -0.17291349790835153 0.16287795338957758 -0.18487575503494694 3408.0 8187.0 14583.0 21677.0 28674.0 35050.0 40536.0 45041.0 48589.0 51260.0 53164.0 54414.0 55120.0 55380.0 55279.0 54890.0
0 1.0 95.24002035766571 -57.39282688735745 0.7696412456678863 -0.08769878709850647 -0.29278083940078303 -0.17291349790835153 0.16287795338957758 -0.18487575503494694 7948.0 20392.0 38159.0 58730.0 79528.0 98681.0 115140.0 128502.0 138791.0 146266.0 151292.0 154258.0 155537.0 155464.0 154325.0 152363.0
1 1.0 278.724128196318 51.93819221517336 0.7696412456678863 -0.08769878709850647 -0.29278083940078303 -0.17291349790835153 0.16287795338957758 -0.18487575503494694 6561.0 17233.0 32871.0 51384.0 70473.0 88372.0 104021.0 116955.0 127118.00000000001 134690.0 139969.0 143295.0 145000.0 145388.0 144728.0 143244.0
2 1.0 164.21411959795748 -79.76734624201674 0.7696412456678863 -0.08769878709850647 -0.29278083940078303 -0.17291349790835153 0.16287795338957758 -0.18487575503494694 5411.0 14812.0 29076.0 46394.0 64596.0 81928.0 97286.0 110143.0 120381.0 128131.0 133654.0 137261.0 139265.0 139957.0 139596.0 138403.0
3 1.0 204.63622159271347 35.459503510497726 0.7696412456678863 -0.08769878709850647 -0.29278083940078303 -0.17291349790835153 0.16287795338957758 -0.18487575503494694 10983.0 24140.0 40426.0 57421.0 73333.0 87149.0 98464.0 107262.0 113739.0 118190.0 120932.0 122270.0 122478.0 121794.0 120416.0 118510.0
4 1.0 6.764328157087851 50.1651712693986 0.7696412456678863 -0.08769878709850647 -0.29278083940078303 -0.17291349790835153 0.16287795338957758 -0.18487575503494694 7849.0 18860.0 33659.0 50089.0 66234.0 80824.0 93205.0 103178.0 110817.0 116348.0 120054.0 122231.0 123154.0 123069.0 122189.0 120690.0
5 1.0 222.34877894731574 49.93336113277556 0.7696412456678863 -0.08769878709850647 -0.29278083940078303 -0.17291349790835153 0.16287795338957758 -0.18487575503494694 11787.0 27160.0 47140.0 68768.0 89572.0 107998.0 123318.0 135376.0 144355.0 150608.0 154541.0 156560.0 157035.0 156291.0 154598.0 152184.0
6 1.0 220.3544601800717 -43.303938417836115 0.7696412456678863 -0.08769878709850647 -0.29278083940078303 -0.17291349790835153 0.16287795338957758 -0.18487575503494694 3050.0 8792.0 18004.0 29759.0 42685.0 55530.0 67398.0 77769.0 86424.0 93348.0 98647.0 102491.0 105074.0 106589.0 107218.0 107122.0
7 1.0 222.0962388749125 -22.713635172138936 0.7696412456678863 -0.08769878709850647 -0.29278083940078303 -0.17291349790835153 0.16287795338957758 -0.18487575503494694 3324.0 9266.0 18524.0 30086.0 42605.0 54899.0 66153.0 75911.0 83997.0 90420.0 95298.0 98800.0 101116.0 102431.0 102919.0 102731.0
8 1.0 339.7493082652647 15.76793433535002 0.7696412456678863 -0.08769878709850647 -0.29278083940078303 -0.17291349790835153 0.16287795338957758 -0.18487575503494694 4064.0 9416.0 16287.0 23618.0 30583.0 36703.0 41777.0 45786.0 48807.0 50960.0 52378.0 53188.0 53505.0 53426.0 53035.0 52403.0
9 1.0 245.45530767725404 -40.892057563595934 0.7696412456678863 -0.08769878709850647 -0.29278083940078303 -0.17291349790835153 0.16287795338957758 -0.18487575503494694 3407.0 10024.0 20759.0 34501.0 49590.0 64514.0 78206.0 90065.0 99853.0 107578.0 113385.0 117495.0 120145.0 121574.0 121998.0 121610.0
10 1.0 129.42284420656296 -23.246496140780025 0.7696412456678863 -0.08769878709850647 -0.29278083940078303 -0.17291349790835153 0.16287795338957758 -0.18487575503494694 4791.0 11583.0 20796.0 31149.0 41478.0 50986.0 59233.0 66053.0 71453.0 75540.0 78467.0 80400.0 81501.0 81918.0 81782.0 81204.0
11 1.0 157.33150336776293 -54.530229566584865 0.7696412456678863 -0.08769878709850647 -0.29278083940078303 -0.17291349790835153 0.16287795338957758 -0.18487575503494694 3387.0 9143.0 17928.0 28792.0 40513.0 52027.0 62595.0 71800.0 79475.0 85619.0 90331.0 93764.0 96084.0 97462.0 98054.0 98001.0
12 1.0 251.14723053381536 -7.225940923918671 0.7696412456678863 -0.08769878709850647 -0.29278083940078303 -0.17291349790835153 0.16287795338957758 -0.18487575503494694 3699.0 10777.0 22144.0 36567.0 52283.0 67718.0 81788.0 93896.0 103822.0 111595.0 117384.0 121424.0 123971.0 125272.0 125555.0 125017.99999999999
13 1.0 21.68116978653714 -81.96978577425946 0.7696412456678863 -0.08769878709850647 -0.29278083940078303 -0.17291349790835153 0.16287795338957758 -0.18487575503494694 8380.0 20990.0 38680.0 58942.0 79294.0 97964.0 113970.0 126949.0 136936.0 144188.0 149061.0 151934.0 153168.0 153086.0 151967.0 150045.0
14 1.0 240.03601756044037 53.96325922271123 0.7696412456678863 -0.08769878709850647 -0.29278083940078303 -0.17291349790835153 0.16287795338957758 -0.18487575503494694 10625.0 25610.0 45859.0 68372.0 90433.0 110235.0 126864.0 140063.0 149973.0 156943.0 161397.0 163769.0 164457.0 163811.0 162128.0 159655.0
15 1.0 241.4296330625374 -76.1478395424061 0.7696412456678863 -0.08769878709850647 -0.29278083940078303 -0.17291349790835153 0.16287795338957758 -0.18487575503494694 5106.0 14128.0 27937.0 44808.0 62628.0 79668.0 94826.0 107564.0 117750.0 125500.0 131060.00000000001 134729.0 136814.0 137598.0 137334.0 136241.0
16 1.0 75.73772198658273 3.3903267896746883 0.7696412456678863 -0.08769878709850647 -0.29278083940078303 -0.17291349790835153 0.16287795338957758 -0.18487575503494694 12503.0 29970.0 53223.0 78647.0 103131.0 124717.0 142503.0 156320.0 166425.0 173272.0 177381.0 179257.0 179355.0 178066.0 175717.0 172575.0
17 1.0 46.41346715574719 -34.7741820818647 0.7696412456678863 -0.08769878709850647 -0.29278083940078303 -0.17291349790835153 0.16287795338957758 -0.18487575503494694 14272.0 32151.0 54735.0 78559.0 100938.0 120316.0 136062.0 148148.0 156876.0 162691.0 166077.0 167489.0 167336.0 165964.0 163663.0 160667.0
18 1.0 113.55420633270619 13.957730789647584 0.7696412456678863 -0.08769878709850647 -0.29278083940078303 -0.17291349790835153 0.16287795338957758 -0.18487575503494694 9318.0 21561.0 37356.0 54288.0 70426.0 84606.0 96317.0 105484.0 112277.0 116982.0 119920.0 121405.0 121721.0 121113.0 119787.0 117915.0
19 1.0 130.93587753934415 82.69800135001651 0.7696412456678863 -0.08769878709850647 -0.29278083940078303 -0.17291349790835153 0.16287795338957758 -0.18487575503494694 13336.0 31398.000000000004 55087.0 80717.0 105212.0 126678.00000000001 144275.0 157876.0 167764.0 174409.0 178337.0 180056.0 180019.0 178615.0 176170.0 172947.0
20 1.0 205.27083735043666 26.20264400208069 0.7696412456678863 -0.08769878709850647 -0.29278083940078303 -0.17291349790835153 0.16287795338957758 -0.18487575503494694 9427.0 20860.0 35112.0 50079.0 64184.00000000001 76516.0 86696.0 94688.0 100648.0 104818.0 107470.0 108867.0 109246.0 108815.0 107751.0 106197.0
21 1.0 157.89654484643532 -83.63476156401164 0.7696412456678863 -0.08769878709850647 -0.29278083940078303 -0.17291349790835153 0.16287795338957758 -0.18487575503494694 5993.0 16156.0 31340.0 49548.0 68485.0 86354.0 102056.0 115091.0 125376.99999999999 133081.0 138491.0 141940.0 143759.0 144251.0 143684.0 142285.0
22 1.0 355.8145817013214 -12.527560888548976 0.7696412456678863 -0.08769878709850647 -0.29278083940078303 -0.17291349790835153 0.16287795338957758 -0.18487575503494694 8059.999999999999 16971.0 27278.0 37291.0 45980.0 52927.0 58101.0 61677.0 63905.0 65044.00000000001 65331.0 64968.0 64121.0 62921.00000000001 61473.0 59857.0
23 1.0 36.736131869290105 1.803033417285036 0.7696412456678863 -0.08769878709850647 -0.29278083940078303 -0.17291349790835153 0.16287795338957758 -0.18487575503494694 12357.0 27750.0 47044.0 67247.0 86107.0 102357.0 115509.0 125571.99999999999 132819.0 137635.0 140428.0 141581.0 141434.0 140277.0 138347.0 135841.0
24 1.0 75.19563219414049 6.511949046621353 0.7696412456678863 -0.08769878709850647 -0.29278083940078303 -0.17291349790835153 0.16287795338957758 -0.18487575503494694 12578.0 30123.0 53455.0 78940.0 103462.0 125065.00000000001 142851.0 156658.0 166744.0 173568.0 177653.0 179505.0 179580.0 178269.0 175899.0 172738.0
25 1.0 58.07142643859865 32.65065190869082 0.7696412456678863 -0.08769878709850647 -0.29278083940078303 -0.17291349790835153 0.16287795338957758 -0.18487575503494694 12513.0 29770.0 52578.0 77388.0 101198.0 122141.0 139374.0 152751.0 162529.0 169156.0 173134.0 174952.0 175050.0 173804.0 171531.0 168487.0
26 1.0 235.11899716754343 -40.032702408282105 0.7696412456678863 -0.08769878709850647 -0.29278083940078303 -0.17291349790835153 0.16287795338957758 -0.18487575503494694 3259.0 9545.0 19727.0 32765.000000000004 47105.0 61320.0 74402.0 85771.0 95192.0 102663.0 108315.0 112349.0 114988.0 116455.0 116955.0 116670.0
27 1.0 91.18497691432157 -66.80509821606236 0.7696412456678863 -0.08769878709850647 -0.29278083940078303 -0.17291349790835153 0.16287795338957758 -0.18487575503494694 8087.0 20740.0 38781.0 59636.0 80685.0 100036.0 116634.0 130081.0 140412.0 147895.0 152903.0 155833.0 157065.0 156936.0 155737.0 153714.0
28 1.0 167.87187822827028 -19.31837822152302 0.7696412456678863 -0.08769878709850647 -0.29278083940078303 -0.17291349790835153 0.16287795338957758 -0.18487575503494694 2972.0 7155.0 12769.0 19012.0 25186.0 30834.0 35717.0 39754.0 42959.0 45400.0 47165.0 48351.0 49050.0 49346.0 49314.0 49017.0
29 1.0 87.99321312057698 82.1530301032708 0.7696412456678863 -0.08769878709850647 -0.29278083940078303 -0.17291349790835153 0.16287795338957758 -0.18487575503494694 12843.0 30598.0 54118.0 79743.0 104353.0 126000.0 143799.0 157596.0 167657.0 174448.0 178495.0 180306.0 180339.0 178988.0 176580.0 173381.0
0 1.0 57.2290501123871 -56.31643948484795 0.7696412456678863 -0.08769878709850647 -0.29278083940078303 -0.17291349790835153 0.16287795338957758 -0.18487575503494694 12051.0 28486.0 50254.0 74060.0 97067.0 117462.0 134386.0 147650.0 157461.0 164221.0 168396.0 170449.0 170799.0 169812.0 167793.0 164996.0
1 1.0 39.73505081914985 72.71711188708267 0.7696412456678863 -0.08769878709850647 -0.29278083940078303 -0.17291349790835153 0.16287795338957758 -0.18487575503494694 11297.0 27455.0 49295.0 73481.0 97037.0 118018.0 135484.0 149202.0 159367.0 166386.0 170738.0 172898.0 173303.0 172327.0 170289.0 167449.0
2 1.0 236.27865220749842 7.885071013918747 0.7696412456678863 -0.08769878709850647 -0.29278083940078303 -0.17291349790835153 0.16287795338957758 -0.18487575503494694 5352.0 14206.0 27353.0 43130.0 59628.0 75322.0 89256.0 100969.0 110355.0 117523.0 122696.0 126142.0 128136.0 128935.0 128765.99999999999 127828.0
3 1.0 49.74586248550097 -7.755944103762147 0.7696412456678863 -0.08769878709850647 -0.29278083940078303 -0.17291349790835153 0.16287795338957758 -0.18487575503494694 13820.0 31551.000000000004 54139.0 78067.0 100587.0 120097.0 135947.0 148105.0 156875.0 162711.0 166100.0 167506.0 167339.0 165949.0 163627.0 160610.0
4 1.0 70.76965020481926 68.76745384138013 0.7696412456678863 -0.08769878709850647 -0.29278083940078303 -0.17291349790835153 0.16287795338957758 -0.18487575503494694 12716.0 30434.0 53987.0 79701.0 104431.0 126200.0 144110.0 157997.0 168129.0 174971.0 179051.0 180883.0 180925.0 179575.0 177161.0 173952.0
5 1.0 132.74106143794708 -7.451286881654539 0.7696412456678863 -0.08769878709850647 -0.29278083940078303 -0.17291349790835153 0.16287795338957758 -0.18487575503494694 5357.0 12472.0 21690.0 31617.0 41133.0 49560.0 56590.0 62170.0 66388.0 69398.0 71381.0 72511.0 72948.0 72832.0 72281.0 71392.0
6 1.0 295.55756274525663 40.350174590077785 0.7696412456678863 -0.08769878709850647 -0.29278083940078303 -0.17291349790835153 0.16287795338957758 -0.18487575503494694 4329.0 11465.0 22136.0 35099.0 48859.0 62172.0 74211.0 84536.0 93000.0 99641.0 104606.0 108093.0 110315.0 111476.0 111764.0 111345.0
7 1.0 34.956459285502056 -18.17544209344163 0.7696412456678863 -0.08769878709850647 -0.29278083940078303 -0.17291349790835153 0.16287795338957758 -0.18487575503494694 13609.0 29859.0 49799.0 70349.0 89294.0 105449.0 118403.0 128222.0 135215.0 139788.0 142360.0 143318.0 143002.0 141698.0 139644.0 137030.0
8 1.0 301.6601666995694 72.7279907221724 0.7696412456678863 -0.08769878709850647 -0.29278083940078303 -0.17291349790835153 0.16287795338957758 -0.18487575503494694 9089.0 22786.0 41915.0 63684.00000000001 85387.0 105134.0 121911.0 135378.0 145615.0 152930.0 157725.0 160419.0 161405.0 161031.0 159593.0 157339.0
9 1.0 34.59542684182671 34.20450363442093 0.7696412456678863 -0.08769878709850647 -0.29278083940078303 -0.17291349790835153 0.16287795338957758 -0.18487575503494694 10448.0 24544.0 42991.0 62966.99999999999 82134.0 99050.0 113057.0 124038.0 132182.0 137825.0 141351.0 143135.0 143519.0 142798.0 141221.0 138993.0
10 1.0 351.5254074048225 35.931969765093015 0.7696412456678863 -0.08769878709850647 -0.29278083940078303 -0.17291349790835153 0.16287795338957758 -0.18487575503494694 5677.0 13402.0 23586.0 34736.0 45600.0 55379.0 63680.0 70390.0 75570.0 79367.0 81963.0 83546.0 84293.0 84363.0 83892.0 82995.0
11 1.0 168.71443259317257 -31.010327719718596 0.7696412456678863 -0.08769878709850647 -0.29278083940078303 -0.17291349790835153 0.16287795338957758 -0.18487575503494694 2708.0 6795.0 12561.0 19273.0 26197.0 32784.0 38693.0 43762.0 47944.0 51271.0 53814.0 55662.0 56912.0 57653.0 57971.0 57938.0
12 1.0 351.6339917485214 46.22015569264005 0.7696412456678863 -0.08769878709850647 -0.29278083940078303 -0.17291349790835153 0.16287795338957758 -0.18487575503494694 6331.0 15247.0 27275.0 40699.0 53988.0 66111.0 76522.0 85034.0 91683.0 96625.0 100072.0 102250.0 103374.0 103637.0 103211.0 102238.0
13 1.0 217.74438710821656 24.490989980485438 0.7696412456678863 -0.08769878709850647 -0.29278083940078303 -0.17291349790835153 0.16287795338957758 -0.18487575503494694 8645.0 20026.0 34967.0 51346.0 67339.0 81752.0 93978.0 103835.0 111403.0 116900.0 120603.0 122797.0 123751.0 123704.0 122865.0 121406.0
14 1.0 266.1348885833886 -46.79635079165228 0.7696412456678863 -0.08769878709850647 -0.29278083940078303 -0.17291349790835153 0.16287795338957758 -0.18487575503494694 3875.0 11079.0 22466.0 36764.0 52233.0 67352.0 81087.0 92878.0 102527.0 110070.0 115679.0 119586.0 122041.0 123284.0 123538.0 122994.0
15 1.0 14.107605211555443 -61.103011952653844 0.7696412456678863 -0.08769878709850647 -0.29278083940078303 -0.17291349790835153 0.16287795338957758 -0.18487575503494694 11495.0 26136.0 44936.0 65125.0 84448.0 101518.0 115695.0 126859.0 135185.0 140999.0 144677.0 146589.0 147074.0 146427.0 144899.0 142698.0
16 1.0 101.81050652750744 53.35046541311971 0.7696412456678863 -0.08769878709850647 -0.29278083940078303 -0.17291349790835153 0.16287795338957758 -0.18487575503494694 13502.0 31318.0 54329.0 78937.0 102249.0 122543.0 139089.0 151819.0 161030.0 167184.0 170784.0 172313.0 172199.0 170807.0 168442.0 165350.0
17 1.0 43.270762036740805 82.64998854634004 0.7696412456678863 -0.08769878709850647 -0.29278083940078303 -0.17291349790835153 0.16287795338957758 -0.18487575503494694 11922.0 28819.0 51516.0 76510.0 100721.0 122175.0 139938.0 153806.0 164007.0 170977.0 175222.0 177236.0 177470.0 176312.0 174086.0 171058.0
18 1.0 106.61047110797217 -7.535011093192281 0.7696412456678863 -0.08769878709850647 -0.29278083940078303 -0.17291349790835153 0.16287795338957758 -0.18487575503494694 8230.0 19713.0 35081.0 52072.0 68700.0 83665.0 96312.0 106450.0 114174.0 119724.0 123401.0 125513.00000000001 126346.99999999999 126155.99999999999 125160.0 123539.0
19 1.0 42.74197882352786 16.377149758263286 0.7696412456678863 -0.08769878709850647 -0.29278083940078303 -0.17291349790835153 0.16287795338957758 -0.18487575503494694 11986.0 27726.0 48009.0 69689.0 90251.0 108193.0 122878.0 134237.0 142519.0 148120.0 151473.0 152994.0 153056.0 151978.0 150025.0 147415.0
20 1.0 114.47394458183138 64.39007595483983 0.7696412456678863 -0.08769878709850647 -0.29278083940078303 -0.17291349790835153 0.16287795338957758 -0.18487575503494694 14013.0 32222.0 55577.0 80437.0 103910.0 124291.0 140872.0 153600.0 162785.0 168896.0 172443.0 173911.0 173733.0 172274.0 169841.0 166682.0
21 1.0 149.13467802528118 -7.699778396305732 0.7696412456678863 -0.08769878709850647 -0.29278083940078303 -0.17291349790835153 0.16287795338957758 -0.18487575503494694 4195.0 9681.0 16694.0 24143.0 31186.0 37337.0 42401.0 46365.0 49315.0 51381.0 52705.0 53418.0 53641.0 53474.0 53005.0 52301.0
22 1.0 23.09309868556237 81.3374058298925 0.7696412456678863 -0.08769878709850647 -0.29278083940078303 -0.17291349790835153 0.16287795338957758 -0.18487575503494694 11368.0 27672.0 49730.0 74164.0 97954.0 119133.0 136747.0 150565.0 160790.0 167833.0 172183.0 174323.0 174692.0 173673.0 171585.0 168693.0
23 1.0 249.28996297320714 13.63520916807704 0.7696412456678863 -0.08769878709850647 -0.29278083940078303 -0.17291349790835153 0.16287795338957758 -0.18487575503494694 5033.0 13897.0 27449.0 44011.0 61519.0 78284.0 93221.0 105797.0 115877.0 123568.0 129107.0 132786.0 134902.0 135733.0 135527.0 134498.0
24 1.0 203.97652351436705 57.738081726236686 0.7696412456678863 -0.08769878709850647 -0.29278083940078303 -0.17291349790835153 0.16287795338957758 -0.18487575503494694 13382.0 29987.0 50933.0 73059.0 93914.0 112062.0 126903.99999999999 138390.0 146776.0 152458.0 155869.0 157426.0 157500.0 156412.0 154431.0 151776.0
25 1.0 95.54021673820034 73.5918693142929 0.7696412456678863 -0.08769878709850647 -0.29278083940078303 -0.17291349790835153 0.16287795338957758 -0.18487575503494694 13432.0 31669.000000000004 55584.0 81437.0 106116.0 127714.0 145391.0 159030.0 168924.0 175551.0 179446.0 181122.0 181036.0 179582.0 177085.0 173811.0
26 1.0 188.36929924801188 56.7942873783424 0.7696412456678863 -0.08769878709850647 -0.29278083940078303 -0.17291349790835153 0.16287795338957758 -0.18487575503494694 13800.0 30337.0 50759.0 71964.0 91668.0 108606.0 122303.0 132782.0 140332.0 145353.0 148269.0 149476.0 149327.0 148120.0 146105.0 143483.0
27 1.0 33.818583873039 -61.30539657918793 0.7696412456678863 -0.08769878709850647 -0.29278083940078303 -0.17291349790835153 0.16287795338957758 -0.18487575503494694 12015.0 27722.0 48144.0 70242.0 91479.0 110265.0 125858.0 138108.0 147206.0 153517.0 157462.0 159457.0 159883.0 159070.0 157297.0 154794.0
28 1.0 207.34073840022455 23.201719031106066 0.7696412456678863 -0.08769878709850647 -0.29278083940078303 -0.17291349790835153 0.16287795338957758 -0.18487575503494694 8821.0 19715.0 33462.0 48059.0 61952.0 74212.0 84423.0 92514.0 98611.0 102937.0 105749.0 107301.0 107826.0 107529.0 106585.0 105141.0
29 1.0 334.5466311274371 -18.28183344845813 0.7696412456678863 -0.08769878709850647 -0.29278083940078303 -0.17291349790835153 0.16287795338957758 -0.18487575503494694 5426.0 11874.0 19713.0 27724.0 35069.0 41320.0 46340.0 50167.0 52921.0 54756.0 55828.0 56281.0 56242.0 55816.0 55093.0 54147.0
0 1.0 114.68482288247652 -78.71166863579778 0.7696412456678863 -0.08769878709850647 -0.29278083940078303 -0.17291349790835153 0.16287795338957758 -0.18487575503494694 6647.0 17600.0 33704.0 52775.0 72413.0 90782.0 106795.0 119984.0 130302.0 137948.0 143239.0 146529.0 148164.0 148459.0 147691.0 146091.0
1 1.0 240.2677367869254 -13.674194659828444 0.7696412456678863 -0.08769878709850647 -0.29278083940078303 -0.17291349790835153 0.16287795338957758 -0.18487575503494694 3696.0 10626.0 21643.0 35541.0 50638.0 65446.00000000001 78943.0 90569.0 100115.0 107609.0 113209.0 117139.0 119639.0 120944.0 121270.0 120806.0
2 1.0 47.447230465581185 -43.436867959906614 0.7696412456678863 -0.08769878709850647 -0.29278083940078303 -0.17291349790835153 0.16287795338957758 -0.18487575503494694 13853.0 31490.999999999996 54001.0 77944.0 100591.0 120319.0 136441.0 148888.0 157938.0 164028.0 167638.0 169228.0 169210.0 167936.0 165702.0 162747.0
3 1.0 257.8777934826836 62.82689551713193 0.7696412456678863 -0.08769878709850647 -0.29278083940078303 -0.17291349790835153 0.16287795338957758 -0.18487575503494694 9833.0 24402.0 44530.0 67228.0 89675.0 109947.0 127045.99999999999 140665.0 150925.0 158168.0 162827.0 165343.0 166125.0 165535.0 163876.0 161404.0
4 1.0 104.1861934609924 -84.00516722159469 0.7696412456678863 -0.08769878709850647 -0.29278083940078303 -0.17291349790835153 0.16287795338957758 -0.18487575503494694 6940.0 18227.0 34692.0 54075.0 73939.0 92448.0 108527.0 121725.0 132013.0 139604.0 144823.0 148033.0 149585.0 149797.0 148947.0 147270.0
5 1.0 65.94889032256206 82.61688993542523 0.7696412456678863 -0.08769878709850647 -0.29278083940078303 -0.17291349790835153 0.16287795338957758 -0.18487575503494694 12411.0 29792.0 52979.0 78374.0 102865.0 124482.0 142313.0 156180.0 166332.0 173223.0 177369.0 179277.0 179401.0 178133.0 175801.0 172671.0
6 1.0 211.14465653162995 -26.033607275052667 0.7696412456678863 -0.08769878709850647 -0.29278083940078303 -0.17291349790835153 0.16287795338957758 -0.18487575503494694 3082.0 8388.0 16505.0 26543.0 37359.0 47963.0 57676.0 66113.0 73125.0 78717.0 82985.0 86072.0 88136.0 89335.0 89815.0 89707.0
7 1.0 7.238716627497679 -25.792759727542276 0.7696412456678863 -0.08769878709850647 -0.29278083940078303 -0.17291349790835153 0.16287795338957758 -0.18487575503494694 11312.0 23755.0 38177.0 52280.0 64659.99999999999 74730.0 82424.0 87944.0 91603.0 93731.0 94637.0 94586.0 93802.0 92466.0 90723.0 88689.0
8 1.0 298.4184105182507 -87.06086951693258 0.7696412456678863 -0.08769878709850647 -0.29278083940078303 -0.17291349790835153 0.16287795338957758 -0.18487575503494694 6923.0 18060.0 34244.0 53268.0 72763.0 90942.0 106754.0 119756.0 129914.0 137432.0 142624.0 145841.0 147426.0 147691.0 146905.0 145300.0
9 1.0 1.6903714293169436 -56.65818145748689 0.7696412456678863 -0.08769878709850647 -0.29278083940078303 -0.17291349790835153 0.16287795338957758 -0.18487575503494694 11070.0 24732.0 41969.0 60241.0 77569.0 92774.0 105343.0 115201.0 122530.0 127630.0 130840.00000000001 132491.0 132884.0 132279.0 130897.00000000001 128921.00000000001
10 1.0 244.01395324664284 -17.773289855350427 0.7696412456678863 -0.08769878709850647 -0.29278083940078303 -0.17291349790835153 0.16287795338957758 -0.18487575503494694 3527.0 10289.0 21172.0 35020.0 50153.0 65065.0 78706.0 90489.0 100193.0 107830.0 113557.0 117592.0 120179.0 121553.0 121931.0 121505.0
11 1.0 97.20287034917935 77.27245511448851 0.7696412456678863 -0.08769878709850647 -0.29278083940078303 -0.17291349790835153 0.16287795338957758 -0.18487575503494694 13327.0 31481.000000000004 55333.0 81160.0 105846.0 127473.0 145191.0 158875.0 168813.0 175480.0 179410.0 181114.0 181052.0 179617.0 177135.0 173872.0
12 1.0 264.66984796413414 -72.06931256017117 0.7696412456678863 -0.08769878709850647 -0.29278083940078303 -0.17291349790835153 0.16287795338957758 -0.18487575503494694 5360.0 14598.0 28562.0 45485.0 63263.0 80200.0 95225.0 107824.0 117881.0 125516.99999999999 130982.99999999999 134578.0 136604.0 137344.0 137048.0 135934.0
13 1.0 346.38787624227774 80.15427602623433 0.7696412456678863 -0.08769878709850647 -0.29278083940078303 -0.17291349790835153 0.16287795338957758 -0.18487575503494694 10555.0 25934.0 46960.0 70462.0 93530.0 114221.0 131557.0 145269.0 155513.0 162665.0 167183.0 169527.0 170121.0 169334.0 167479.0 164814.0
14 1.0 89.55113166718489 66.5079354983938 0.7696412456678863 -0.08769878709850647 -0.29278083940078303 -0.17291349790835153 0.16287795338957758 -0.18487575503494694 13470.0 31763.0 55743.0 81654.0 106374.0 127996.0 145683.0 159322.0 169209.0 175825.0 179706.0 181366.0 181266.0 179796.0 177286.0 173999.0
15 1.0 207.4166403904213 -8.25076855664068 0.7696412456678863 -0.08769878709850647 -0.29278083940078303 -0.17291349790835153 0.16287795338957758 -0.18487575503494694 4067.9999999999995 10165.0 18787.0 28838.0 39189.0 48984.0 57697.0 65074.00000000001 71055.0 75703.0 79139.0 81518.0 82994.0 83719.0 83825.0 83432.0
16 1.0 213.13509525786205 -31.19384128171319 0.7696412456678863 -0.08769878709850647 -0.29278083940078303 -0.17291349790835153 0.16287795338957758 -0.18487575503494694 2995.0 8317.0 16604.0 26978.0 38253.0 49378.0 59617.0 68551.0 76007.0 81980.0 86564.0 89905.0 92167.0 93514.0 94098.0 94057.0
17 1.0 206.01068608471442 -48.10605672976977 0.7696412456678863 -0.08769878709850647 -0.29278083940078303 -0.17291349790835153 0.16287795338957758 -0.18487575503494694 2904.0 8237.0 16715.0 27489.0 39330.0 51110.0 62020.0 71586.0 79603.0 86050.0 91018.0 94658.0 97141.0 98642.0 99323.0 99332.0
18 1.0 80.30938775062259 20.603647165837387 0.7696412456678863 -0.08769878709850647 -0.29278083940078303 -0.17291349790835153 0.16287795338957758 -0.18487575503494694 12559.0 29974.0 53056.0 78207.0 102369.0 123630.0 141123.0 154696.0 164609.0 171318.0 175334.0 177156.0 177232.0 175947.0 173620.0 170515.0
19 1.0 342.9896441461146 -84.04657353440899 0.7696412456678863 -0.08769878709850647 -0.29278083940078303 -0.17291349790835153 0.16287795338957758 -0.18487575503494694 7647.0 19463.0 36284.0 55771.0 75527.0 93794.0 109570.0 122456.0 132454.0 139790.0 144795.0 147831.0 149245.0 149350.0 148420.0 146683.0
20 1.0 160.96513630234585 -87.19090839957092 0.7696412456678863 -0.08769878709850647 -0.29278083940078303 -0.17291349790835153 0.16287795338957758 -0.18487575503494694 6448.0 17136.0 32901.0 51626.0 70956.0 89085.0 104926.0 118008.0 128273.0 135909.0 141220.0 144552.0 146245.0 146608.0 145913.0 144389.0
21 1.0 304.707122089606 -12.816769950317195 0.7696412456678863 -0.08769878709850647 -0.29278083940078303 -0.17291349790835153 0.16287795338957758 -0.18487575503494694 2991.0 7632.0 14317.0 22227.0 30484.0 38395.0 45515.0 51618.0 56634.0 60592.0 63580.0 65711.0 67106.0 67880.0 68140.0 67982.0
22 1.0 251.81253911430156 -77.74666668455036 0.7696412456678863 -0.08769878709850647 -0.29278083940078303 -0.17291349790835153 0.16287795338957758 -0.18487575503494694 5478.0 14945.0 29256.0 46580.0 64750.0 82026.0 97316.0 110104.0 120279.0 127976.0 133456.0 137028.0 139007.0 139681.0 139308.0 138109.0
23 1.0 107.07730230784811 -44.65062211570328 0.7696412456678863 -0.08769878709850647 -0.29278083940078303 -0.17291349790835153 0.16287795338957758 -0.18487575503494694 6745.0 17215.0 32202.0 49690.0 67571.0 84266.0 98844.0 110901.0 120398.0 127505.0 132493.0 135672.0 137344.0 137789.0 137251.0 135939.0
24 1.0 292.9672150928918 -50.19103523770491 0.7696412456678863 -0.08769878709850647 -0.29278083940078303 -0.17291349790835153 0.16287795338957758 -0.18487575503494694 4919.0 12843.0 24476.0 38363.0 52867.0 66688.0 79005.0 89415.0 97818.0 104297.0 109036.0 112259.0 114199.0 115076.0 115086.0 114402.0
25 1.0 142.74206670491446 -44.425585129886656 0.7696412456678863 -0.08769878709850647 -0.29278083940078303 -0.17291349790835153 0.16287795338957758 -0.18487575503494694 3641.0 9399.0 17827.0 27944.0 38631.0 48973.0 58358.0 66458.0 73153.0 78465.0 82496.0 85387.0 87295.0 88372.0 88759.0 88583.0
26 1.0 317.1971509600182 -66.4100583812536 0.7696412456678863 -0.08769878709850647 -0.29278083940078303 -0.17291349790835153 0.16287795338957758 -0.18487575503494694 7484.0 18315.0 33296.0 50371.0 67541.0 83375.0 97065.0 108293.0 117065.0 123568.0 128077.0 130890.0 132299.0 132567.0 131923.0 130564.00000000001
27 1.0 209.25823414890914 -87.83347987842222 0.7696412456678863 -0.08769878709850647 -0.29278083940078303 -0.17291349790835153 0.16287795338957758 -0.18487575503494694 6458.0 17138.0 32879.0 51565.0 70852.0 88939.0 104746.0 117801.0 128047.0 135672.0 140978.0 144310.0 146006.0 146374.0 145686.0 144171.0
28 1.0 317.424730267747 -69.21282651502534 0.7696412456678863 -0.08769878709850647 -0.29278083940078303 -0.17291349790835153 0.16287795338957758 -0.18487575503494694 7555.0 18609.0 33978.0 51548.0 69246.0 85579.0 99701.0 111280.0 120316.0 127007.00000000001 131635.0 134512.0 135938.0 136187.0 135497.0 134072.0
29 1.0 249.3113724279957 21.32644671229461 0.7696412456678863 -0.08769878709850647 -0.29278083940078303 -0.17291349790835153 0.16287795338957758 -0.18487575503494694 5749.0 15509.0 30123.0 47696.0 66033.0 83398.0 98715.0 111485.0 121614.0 129247.0 134654.0 138151.0 140054.0 140655.0 140214.0 138950.0
0 1.0 261.09154073507057 85.36611830724905 0.7696412456678863 -0.08769878709850647 -0.29278083940078303 -0.17291349790835153 0.16287795338957758 -0.18487575503494694 11932.0 28774.0 51365.0 76225.0 100305.0 121646.0 139321.0 153128.0 163292.0 170244.0 174485.0 176508.0 176757.0 175620.0 173418.0 170417.0
1 1.0 180.47677749361281 88.26210028096091 0.7696412456678863 -0.08769878709850647 -0.29278083940078303 -0.17291349790835153 0.16287795338957758 -0.18487575503494694 12542.0 29969.0 53137.0 78457.0 102844.0 124351.0 142082.0 155867.0 165955.0 172800.0 176916.0 178806.0 178922.0 177654.0 175326.0 172206.0
2 1.0 344.1901085003606 -16.37026283284891 0.7696412456678863 -0.08769878709850647 -0.29278083940078303 -0.17291349790835153 0.16287795338957758 -0.18487575503494694 6653.0 14164.0 22962.0 31616.0 39225.0 45405.0 50102.0 53443.0 55627.0 56865.0 57353.0 57262.0 56730.0 55871.0 54776.0 53513.0
3 1.0 231.83647172266947 -60.66820331161104 0.7696412456678863 -0.08769878709850647 -0.29278083940078303 -0.17291349790835153 0.16287795338957758 -0.18487575503494694 3711.0 10755.0 22040.0 36350.0 51945.0 67269.0 81247.0 93286.0 103165.0 110910.0 116685.0 120725.0 123279.0 124596.0 124897.0 124382.0
4 1.0 152.5878174809447 24.977116325975274 0.7696412456678863 -0.08769878709850647 -0.29278083940078303 -0.17291349790835153 0.16287795338957758 -0.18487575503494694 9139.0 19430.0 31533.0 43525.0 54183.0 62950.99999999999 69724.0 74640.0 77942.0 79904.0 80787.0 80819.0 80197.0 79081.0 77599.0 75855.0
5 1.0 218.30155708605275 -1.7450376212273113 0.7696412456678863 -0.08769878709850647 -0.29278083940078303 -0.17291349790835153 0.16287795338957758 -0.18487575503494694 4776.0 12122.0 22658.0 35049.0 47868.0 60013.0 70800.0 79903.0 87247.0 92913.0 97064.0 99896.0 101612.0 102401.0 102434.0 101860.0
6 1.0 6.909551391360069 88.09375991119765 0.7696412456678863 -0.08769878709850647 -0.29278083940078303 -0.17291349790835153 0.16287795338957758 -0.18487575503494694 11991.0 28929.0 51646.0 76632.0 100819.0 122238.0 139963.0 153795.0 163965.0 170908.0 175131.0 177129.0 177350.0 176182.0 173949.0 170917.0
7 1.0 108.56693400283775 -78.24524271267956 0.7696412456678863 -0.08769878709850647 -0.29278083940078303 -0.17291349790835153 0.16287795338957758 -0.18487575503494694 6859.0 18073.0 34480.0 53836.0 73702.0 92235.0 108349.0 121588.0 131916.0 139544.0 144796.0 148034.0 149609.0 149841.0 149006.0 147341.0
8 1.0 237.66247349736662 50.98219889648635 0.7696412456678863 -0.08769878709850647 -0.29278083940078303 -0.17291349790835153 0.16287795338957758 -0.18487575503494694 10568.0 25374.0 45334.0 67504.0 89228.0 108738.0 125137.0 138172.0 147977.0 154891.0 159329.0 161715.0 162439.0 161844.0 160224.0 157819.0
9 1.0 104.42793859575987 -38.0882704803311 0.7696412456678863 -0.08769878709850647 -0.29278083940078303 -0.17291349790835153 0.16287795338957758 -0.18487575503494694 7194.0 18125.0 33566.0 51396.0 69473.0 86232.0 100771.0 112725.0 122079.0 129026.0 133853.0 136875.0 138403.0 138716.0 138059.0 136642.0
10 1.0 222.48555443958296 -46.54464838621668 0.7696412456678863 -0.08769878709850647 -0.29278083940078303 -0.17291349790835153 0.16287795338957758 -0.18487575503494694 3123.0 9051.0 18599.0 30805.0 44241.0 57592.0 69920.0 80680.0 89644.0 96798.0 102255.0 106195.0 108821.0 110338.0 110935.0 110782.0
11 1.0 154.35673234047582 29.250822875881667 0.7696412456678863 -0.08769878709850647 -0.29278083940078303 -0.17291349790835153 0.16287795338957758 -0.18487575503494694 9987.0 21155.0 34245.0 47181.0 58655.0 68081.0 75353.0 80625.0 84163.0 86261.0 87198.0 87223.0 86545.0 85335.0 83732.0 81847.0
12 1.0 48.770663120082084 -45.70862670162639 0.7696412456678863 -0.08769878709850647 -0.29278083940078303 -0.17291349790835153 0.16287795338957758 -0.18487575503494694 13619.0 31140.0 53625.0 77644.0 100438.0 120347.0 136655.0 149275.0 158475.0 164690.0 168398.0 170063.0 170099.0 168862.0 166650.0 163706.0
13 1.0 107.38163734417108 29.854641160653784 0.7696412456678863 -0.08769878709850647 -0.29278083940078303 -0.17291349790835153 0.16287795338957758 -0.18487575503494694 11513.0 26596.0 46012.0 66757.0 86436.0 103619.0 117699.0 128607.0 136578.0 141987.0 145244.0 146746.0 146848.0 145853.0 144016.0 141545.0
14 1.0 205.18736785245537 3.11553309641198 0.7696412456678863 -0.08769878709850647 -0.29278083940078303 -0.17291349790835153 0.16287795338957758 -0.18487575503494694 5466.0 12824.0 22603.0 33452.0 44184.0 53994.0 62451.0 69398.0 74855.0 78942.0 81821.0 83671.0 84663.0 84953.0 84676.0 83951.0
15 1.0 212.71419404934235 -13.663982081547132 0.7696412456678863 -0.08769878709850647 -0.29278083940078303 -0.17291349790835153 0.16287795338957758 -0.18487575503494694 3667.0 9595.0 18341.0 28859.0 39948.0 50631.0 60272.0 68538.0 75325.0 80668.0 84687.0 87537.0 89385.0 90391.0 90702.0 90447.0
16 1.0 206.75708958584838 9.843805559055411 0.7696412456678863 -0.08769878709850647 -0.29278083940078303 -0.17291349790835153 0.16287795338957758 -0.18487575503494694 6483.0 14925.0 25931.0 37952.0 49684.0 60282.0 69313.0 76643.0 82324.0 86505.0 89379.0 91146.0 91998.0 92106.0 91619.0 90665.0
17 1.0 235.1522951485681 -38.330726414466646 0.7696412456678863 -0.08769878709850647 -0.29278083940078303 -0.17291349790835153 0.16287795338957758 -0.18487575503494694 3265.0 9550.0 19719.0 32733.0 47040.0 61223.0 74273.0 85616.0 95017.0 102473.0 108116.0 112145.0 114784.0 116253.0 116757.0 116478.0
18 1.0 234.757177200608 37.1834471291362 0.7696412456678863 -0.08769878709850647 -0.29278083940078303 -0.17291349790835153 0.16287795338957758 -0.18487575503494694 9257.0 22407.0 40340.0 60488.0 80458.0 98601.0 114040.0 126481.00000000001 135997.0 142858.0 147422.0 150060.0 151123.0 150924.0 149732.0 147773.0
19 1.0 155.31063675623062 -15.325763519958471 0.7696412456678863 -0.08769878709850647 -0.29278083940078303 -0.17291349790835153 0.16287795338957758 -0.18487575503494694 3521.0 8268.0 14456.0 21153.0 27609.0 33369.0 38227.0 42139.0 45157.0 47374.0 48903.0 49852.0 50324.0 50407.0 50180.0 49707.0
20 1.0 322.75677450638267 -25.101799112539396 0.7696412456678863 -0.08769878709850647 -0.29278083940078303 -0.17291349790835153 0.16287795338957758 -0.18487575503494694 4822.0 11033.0 19026.0 27648.0 35972.0 43429.0 49747.0 54858.0 58814.0 61729.0 63740.00000000001 64987.0 65602.0 65702.0 65388.0 64748.0
21 1.0 132.32227321724275 59.158244620032804 0.7696412456678863 -0.08769878709850647 -0.29278083940078303 -0.17291349790835153 0.16287795338957758 -0.18487575503494694 13977.0 31348.0 53134.0 75960.0 97271.0 115625.0 130463.0 141793.0 149925.0 155299.0 158378.0 159602.0 159358.0 157973.0 155721.0 152823.0
22 1.0 156.91137309562566 76.4940441515746 0.7696412456678863 -0.08769878709850647 -0.29278083940078303 -0.17291349790835153 0.16287795338957758 -0.18487575503494694 14041.0 32328.000000000004 55864.0 81003.0 104815.0 125550.0 142464.0 155484.0 164909.0 171209.0 174895.0 176459.0 176339.0 174908.0 172479.0 169304.0
23 1.0 321.092407805642 -81.71868404028655 0.7696412456678863 -0.08769878709850647 -0.29278083940078303 -0.17291349790835153 0.16287795338957758 -0.18487575503494694 7443.0 18961.0 35388.0 54459.0 73835.0 91794.0 107343.0 120080.0 129995.0 137302.0 142320.0 145398.0 146875.0 147058.0 146214.0 144569.0
24 1.0 290.22983605659084 -48.12714129064221 0.7696412456678863 -0.08769878709850647 -0.29278083940078303 -0.17291349790835153 0.16287795338957758 -0.18487575503494694 4630.0 12243.0 23545.0 37148.0 51446.0 65140.0 77397.0 87799.0 96229.0 102757.0 107559.0 110851.0 112863.0 113811.0 113891.0 113273.0
25 1.0 253.39989007453187 -27.266513491338614 0.7696412456678863 -0.08769878709850647 -0.29278083940078303 -0.17291349790835153 0.16287795338957758 -0.18487575503494694 3404.0 10017.0 20750.0 34493.0 49586.0 64517.00000000001 78217.0 90086.0 99883.0 107616.0 113431.0 117546.0 120202.0 121634.0 122061.0 121674.0
26 1.0 36.0816794324284 56.693966286644525 0.7696412456678863 -0.08769878709850647 -0.29278083940078303 -0.17291349790835153 0.16287795338957758 -0.18487575503494694 10601.0 25558.0 45649.0 67835.0 89438.0 108719.0 124829.0 137552.0 147057.0 153699.0 157903.0 160096.0 160667.0 159958.0 158255.0 155796.0
27 1.0 331.0137409480825 87.38845697579356 0.7696412456678863 -0.08769878709850647 -0.29278083940078303 -0.17291349790835153 0.16287795338957758 -0.18487575503494694 11796.0 28539.0 51057.0 75883.0 99959.0 121318.0 139021.0 152861.0 163058.0 170041.0 174309.0 176355.0 176625.0 175505.0 173318.0 170329.0
28 1.0 257.1268678376801 84.41490684066332 0.7696412456678863 -0.08769878709850647 -0.29278083940078303 -0.17291349790835153 0.16287795338957758 -0.18487575503494694 11941.0 28780.0 51358.0 76200.0 100259.0 121582.0 139241.0 153037.0 163193.0 170140.0 174379.0 176401.0 176652.0 175516.0 173317.0 170319.0
29 1.0 359.5849223644319 72.89070219898684 0.7696412456678863 -0.08769878709850647 -0.29278083940078303 -0.17291349790835153 0.16287795338957758 -0.18487575503494694 9666.0 23808.0 43241.0 65100.00000000001 86708.0 106246.0 122764.0 135964.0 145955.0 153056.0 157673.0 160224.0 161097.0 160637.0 159136.0 156837.0
0 1.0 53.80138967687775 -36.619872288474625 0.7696412456678863 -0.08769878709850647 -0.29278083940078303 -0.17291349790835153 0.16287795338957758 -0.18487575503494694 13979.0 32078.000000000004 55328.0 80146.0 103655.0 124138.0 140863.0 153754.0 163102.0 169368.0 173053.0 174641.0 174561.0 173184.0 170815.0 167705.0
1 1.0 312.52538065255715 88.56202381460534 0.7696412456678863 -0.08769878709850647 -0.29278083940078303 -0.17291349790835153 0.16287795338957758 -0.18487575503494694 12036.0 29009.0 51754.0 76761.0 100961.0 122388.0 140117.0 153951.0 164121.0 171064.0 175285.0 177281.0 177500.0 176329.0 174093.0 171057.0
2 1.0 58.497456483494936 -45.10439260983878 0.7696412456678863 -0.08769878709850647 -0.29278083940078303 -0.17291349790835153 0.16287795338957758 -0.18487575503494694 13075.0 30550.0 53395.0 78105.0 101758.0 122542.0 139641.0 152919.0 162633.0 169221.0 173180.0 174994.0 175096.0 173861.0 171601.0 168573.0
3 1.0 221.6014431421839 -70.9368921211982 0.7696412456678863 -0.08769878709850647 -0.29278083940078303 -0.17291349790835153 0.16287795338957758 -0.18487575503494694 4273.0 12146.0 24524.0 39981.0 56605.0 72751.0 87320.0 99735.0 109807.0 117602.0 123320.0 127223.0 129589.00000000001 130681.99999999999 130740.0 129971.0
4 1.0 44.57519382579895 81.17146998997094 0.7696412456678863 -0.08769878709850647 -0.29278083940078303 -0.17291349790835153 0.16287795338957758 -0.18487575503494694 11856.0 28690.0 51324.0 76263.0 100435.0 121862.0 139610.0 153472.0 163674.0 170649.0 174902.0 176926.0 177172.0 176025.0 173811.0 170795.0
5 1.0 305.2829625560044 -47.98435401574267 0.7696412456678863 -0.08769878709850647 -0.29278083940078303 -0.17291349790835153 0.16287795338957758 -0.18487575503494694 5471.0 13574.0 24960.0 38141.0 51608.0 64233.0 75340.0 84626.0 92044.0 97699.0 101777.0 104492.0 106060.0 106683.0 106538.0 105780.0
6 1.0 290.63482514100383 34.15828771399508 0.7696412456678863 -0.08769878709850647 -0.29278083940078303 -0.17291349790835153 0.16287795338957758 -0.18487575503494694 3853.0 10409.0 20401.0 32717.999999999996 45944.0 58865.0 70648.0 80834.0 89250.0 95912.0 100948.0 104540.0 106888.0 108187.0 108621.0 108349.0
7 1.0 204.8762659012536 -79.49585538349405 0.7696412456678863 -0.08769878709850647 -0.29278083940078303 -0.17291349790835153 0.16287795338957758 -0.18487575503494694 5120.0 14173.0 28039.0 44988.0 62894.00000000001 80018.0 95250.0 108048.0 118279.0 126060.0 131639.0 135318.0 137404.0 138183.0 137910.0 136804.0
8 1.0 146.58598700135988 41.52763784294572 0.7696412456678863 -0.08769878709850647 -0.29278083940078303 -0.17291349790835153 0.16287795338957758 -0.18487575503494694 12058.0 26003.0 42760.0 59723.0 75127.0 88090.0 98357.0 106041.0 111429.0 114871.0 116715.0 117278.0 116836.0 115618.0 113813.0 111574.0
9 1.0 24.900118363849696 68.70963822009114 0.7696412456678863 -0.08769878709850647 -0.29278083940078303 -0.17291349790835153 0.16287795338957758 -0.18487575503494694 10377.0 25290.0 45546.0 68110.0 90231.0 110082.0 126746.0 139964.0 149882.0 156852.0 161302.0 163667.0 164348.0 163695.0 162007.0 159529.0
10 1.0 251.07435833204292 -40.96135881612675 0.7696412456678863 -0.08769878709850647 -0.29278083940078303 -0.17291349790835153 0.16287795338957758 -0.18487575503494694 3455.0 10166.0 21044.0 34955.0 50210.0 65279.00000000001 79086.0 91028.0 100871.0 108624.0 114441.0 118543.0 121176.0 122579.0 122971.0 122548.0
11 1.0 163.27536576410478 -21.76975870606286 0.7696412456678863 -0.08769878709850647 -0.29278083940078303 -0.17291349790835153 0.16287795338957758 -0.18487575503494694 3009.0 7251.0 12955.0 19316.0 25630.0 31426.999999999996 36457.0 40629.0 43948.0 46479.0 48310.0 49539.0 50259.0 50557.0 50513.0 50192.0
12 1.0 259.94001580932525 -22.6266870022351 0.7696412456678863 -0.08769878709850647 -0.29278083940078303 -0.17291349790835153 0.16287795338957758 -0.18487575503494694 3369.0 9889.0 20453.0 33974.0 48824.0 63519.00000000001 77013.0 88712.0 98381.0 106022.0 111780.0 115865.0 118513.0 119956.0 120407.0 120055.0
13 1.0 311.8976373343065 44.781886357223954 0.7696412456678863 -0.08769878709850647 -0.29278083940078303 -0.17291349790835153 0.16287795338957758 -0.18487575503494694 4508.0 11568.0 21797.0 33929.0 46582.0 58664.0 69482.0 78692.0 86197.0 92057.0 96420.0 99470.0 101399.0 102392.0 102614.0 102213.0
14 1.0 351.1877418010389 -47.19469634297301 0.7696412456678863 -0.08769878709850647 -0.29278083940078303 -0.17291349790835153 0.16287795338957758 -0.18487575503494694 10183.0 22211.0 36939.0 52161.0 66294.0 78476.0 88391.0 96058.0 101673.0 105508.0 107849.0 108970.0 109109.0 108476.0 107243.0 105553.0
15 1.0 308.08920326133995 -59.06644217142426 0.7696412456678863 -0.08769878709850647 -0.29278083940078303 -0.17291349790835153 0.16287795338957758 -0.18487575503494694 6520.0 16119.000000000002 29543.0 44995.0 60677.0 75269.0 87999.0 98543.0 106872.0 113135.0 117566.0 120427.0 121977.0 122455.0 122070.0 121003.0
16 1.0 4.21707030660071 -9.127503236207147 0.7696412456678863 -0.08769878709850647 -0.29278083940078303 -0.17291349790835153 0.16287795338957758 -0.18487575503494694 8977.0 18961.0 30584.0 41984.0 52015.0 60190.0 66447.0 70944.0 73931.0 75673.0 76418.0 76382.0 75747.0 74661.0 73241.0 71582.0
17 1.0 129.592103212211 -35.19568667208249 0.7696412456678863 -0.08769878709850647 -0.29278083940078303 -0.17291349790835153 0.16287795338957758 -0.18487575503494694 4526.0 11288.0 20819.0 31901.0 43299.0 54079.0 63667.0 71788.0 78376.0 83497.0 87287.0 89911.0 91542.0 92343.0 92463.0 92030.0
18 1.0 262.7966024726609 61.05404200655744 0.7696412456678863 -0.08769878709850647 -0.29278083940078303 -0.17291349790835153 0.16287795338957758 -0.18487575503494694 9187.0 23079.0 42496.0 64586.00000000001 86591.0 106587.0 123553.0 137146.0 147456.0 154802.0 159595.0 162263.0 163205.0 162775.0 161275.0 158955.0
19 1.0 61.78668381411859 -47.20647131718502 0.7696412456678863 -0.08769878709850647 -0.29278083940078303 -0.17291349790835153 0.16287795338957758 -0.18487575503494694 12639.0 29816.0 52465.0 77117.0 100825.0 121735.0 138993.0 152436.0 162304.0 169029.0 173105.0 175015.0 175195.0 174021.0 171809.0 168817.0
20 1.0 187.57317823348654 0.4301023480670665 0.7696412456678863 -0.08769878709850647 -0.29278083940078303 -0.17291349790835153 0.16287795338957758 -0.18487575503494694 4900.0 11026.0 18741.0 26892.0 34606.0 41378.0 46999.0 51447.0 54804.0 57199.0 58778.0 59678.0 60027.0 59933.0 59491.0 58776.0
21 1.0 19.561675802131305 79.66504794562746 0.7696412456678863 -0.08769878709850647 -0.29278083940078303 -0.17291349790835153 0.16287795338957758 -0.18487575503494694 11111.0 27112.0 48823.0 72936.0 96468.0 117465.0 134968.0 148733.0 158950.0 166018.0 170415.0 172616.0 173056.0 172111.0 170100.0 167282.0
22 1.0 71.99874896270403 24.119585594038938 0.7696412456678863 -0.08769878709850647 -0.29278083940078303 -0.17291349790835153 0.16287795338957758 -0.18487575503494694 12924.0 30831.0 54545.0 80361.0 105130.0 126893.0 144766.0 158602.0 168676.0 175461.0 179488.0 181270.0 181269.0 179881.0 177434.0 174197.0
23 1.0 6.66784600582103 66.11209298324366 0.7696412456678863 -0.08769878709850647 -0.29278083940078303 -0.17291349790835153 0.16287795338957758 -0.18487575503494694 9163.0 22458.0 40657.0 61100.0 81317.0 99631.0 115164.0 127633.0 137131.0 143943.0 148440.0 151003.0 151989.0 151715.0 150451.0 148425.0
24 1.0 285.7311732086714 79.23774408385813 0.7696412456678863 -0.08769878709850647 -0.29278083940078303 -0.17291349790835153 0.16287795338957758 -0.18487575503494694 10658.0 26199.0 47439.0 71161.0 94422.0 115261.0 132700.0 146471.0 156740.0 163891.0 168388.0 170698.0 171250.0 170415.0 168510.0 165794.0
25 1.0 80.61288770173685 45.13767513954335 0.7696412456678863 -0.08769878709850647 -0.29278083940078303 -0.17291349790835153 0.16287795338957758 -0.18487575503494694 13052.0 31012.0 54706.0 80421.0 105036.0 126623.00000000001 144323.0 158004.0 167950.0 174634.0 178585.0 180315.0 180281.0 178876.0 176424.0 173192.0
26 1.0 124.32660505088496 35.92351084045525 0.7696412456678863 -0.08769878709850647 -0.29278083940078303 -0.17291349790835153 0.16287795338957758 -0.18487575503494694 11450.0 25613.0 43289.0 61739.0 78927.0 93721.0 105692.0 114856.0 121463.0 125863.0 128424.00000000001 129494.0 129379.0 128341.00000000001 126596.99999999999 124324.0
27 1.0 334.1092656476127 84.23380198876086 0.7696412456678863 -0.08769878709850647 -0.29278083940078303 -0.17291349790835153 0.16287795338957758 -0.18487575503494694 11179.0 27285.0 49136.0 73394.0 97056.0 118154.0 135728.0 149538.0 159777.0 166848.0 171236.0 173418.0 173833.0 172860.0 170817.0 167968.0
28 1.0 253.5891846924718 88.99214213658229 0.7696412456678863 -0.08769878709850647 -0.29278083940078303 -0.17291349790835153 0.16287795338957758 -0.18487575503494694 12228.0 29377.0 52289.0 77422.0 101699.0 123162.0 140896.0 154713.0 164853.0 171759.0 175940.0 177895.0 178073.0 176864.0 174591.0 171522.0
29 1.0 11.462014631270826 -8.672097119443265 0.7696412456678863 -0.08769878709850647 -0.29278083940078303 -0.17291349790835153 0.16287795338957758 -0.18487575503494694 10033.0 21326.0 34619.0 47808.0 59546.0 69218.0 76701.0 82144.0 85813.0 88006.0 89011.0 89079.0 88427.0 87228.0 85627.0 83736.0
0 1.0 59.289896339248585 -77.2434399268425 0.7696412456678863 -0.08769878709850647 -0.29278083940078303 -0.17291349790835153 0.16287795338957758 -0.18487575503494694 8851.0 22135.0 40694.0 61852.0 82999.0 102297.0 118750.0 132008.0 142135.0 149418.0 154240.0 157003.0 158087.0 157830.0 156520.0 154400.0
1 1.0 223.73222453991488 -37.29707434070661 0.7696412456678863 -0.08769878709850647 -0.29278083940078303 -0.17291349790835153 0.16287795338957758 -0.18487575503494694 3096.0 8909.0 18214.0 30060.0 43061.0 55954.0 67843.0 78211.0 86845.0 93734.0 98991.0 102790.0 105327.0 106798.0 107385.0 107251.0
2 1.0 207.80229189750034 -62.57615297620852 0.7696412456678863 -0.08769878709850647 -0.29278083940078303 -0.17291349790835153 0.16287795338957758 -0.18487575503494694 3484.0 10008.0 20430.0 33658.0 48118.0 62392.0 75485.0 86834.0 96218.0 103642.0 109245.0 113231.0 115827.0 117253.0 117717.0 117399.0
3 1.0 85.64141569482311 -14.852452536717877 0.7696412456678863 -0.08769878709850647 -0.29278083940078303 -0.17291349790835153 0.16287795338957758 -0.18487575503494694 10782.0 26205.0 47083.0 70263.0 92913.0 113169.0 130111.0 143494.0 153485.0 160457.0 164857.0 167135.0 167704.0 166924.0 165100.0 162484.0
4 1.0 336.3170392529258 -66.36792087481392 0.7696412456678863 -0.08769878709850647 -0.29278083940078303 -0.17291349790835153 0.16287795338957758 -0.18487575503494694 8727.0 20671.0 36690.0 54523.0 72126.0 88110.0 101739.0 112768.0 121256.0 127433.99999999999 131603.0 134081.0 135169.0 135137.0 134217.0 132606.0
5 1.0 221.02774414772256 18.741204723758756 0.7696412456678863 -0.08769878709850647 -0.29278083940078303 -0.17291349790835153 0.16287795338957758 -0.18487575503494694 7539.0 17950.0 32006.0 47762.0 63430.0 77771.0 90109.0 100193.0 108051.0 113863.0 117880.0 120374.0 121604.0 121809.0 121193.0 119933.0
6 1.0 192.827809088985 -21.094549351586267 0.7696412456678863 -0.08769878709850647 -0.29278083940078303 -0.17291349790835153 0.16287795338957758 -0.18487575503494694 2974.0 7541.0 14073.0 21760.0 29750.0 37381.0 44233.0 50095.0 54904.0 58691.0 61544.0 63570.0 64888.0 65609.0 65836.0 65661.0
7 1.0 212.36759148764554 71.1694591718778 0.7696412456678863 -0.08769878709850647 -0.29278083940078303 -0.17291349790835153 0.16287795338957758 -0.18487575503494694 13254.0 30721.0 53407.0 77842.0 101166.0 121624.0 138435.0 151480.0 161017.0 167481.0 171362.0 173135.0 173225.0 172001.0 169769.0 166781.0
8 1.0 262.8439306260371 84.20304092373033 0.7696412456678863 -0.08769878709850647 -0.29278083940078303 -0.17291349790835153 0.16287795338957758 -0.18487575503494694 11791.0 28492.0 50936.0 75674.0 99665.0 120952.0 138601.0 152404.0 162579.0 169551.0 173820.0 175872.0 176154.0 175049.0 172878.0 169907.0
9 1.0 112.30019837265667 8.43928230049599 0.7696412456678863 -0.08769878709850647 -0.29278083940078303 -0.17291349790835153 0.16287795338957758 -0.18487575503494694 8864.0 20678.0 36047.0 52636.0 68536.0 82576.0 94225.0 103385.0 110209.0 114972.0 117985.0 119556.0 119965.0 119453.0 118225.0 116451.0
10 1.0 143.35958239779308 -40.531757423832616 0.7696412456678863 -0.08769878709850647 -0.29278083940078303 -0.17291349790835153 0.16287795338957758 -0.18487575503494694 3598.0 9132.0 17091.0 26522.0 36395.0 45894.0 54489.0 61900.0 68033.0 72913.0 76633.0 79323.0 81120.0 82160.0 82571.0 82463.0
11 1.0 75.54374963104397 16.601475377130626 0.7696412456678863 -0.08769878709850647 -0.29278083940078303 -0.17291349790835153 0.16287795338957758 -0.18487575503494694 12691.0 30339.0 53760.0 79300.0 103843.0 125438.0 143199.0 156972.0 167022.0 173811.0 177863.0 179686.0 179735.0 178403.0 176015.0 172839.0
12 1.0 67.02948211692102 71.41700848039378 0.7696412456678863 -0.08769878709850647 -0.29278083940078303 -0.17291349790835153 0.16287795338957758 -0.18487575503494694 12519.0 30038.0 53385.0 78927.0 103531.0 125223.0 143094.0 156972.0 167115.0 173982.0 178096.0 179966.0 180049.0 178740.0 176368.0 173200.0
13 1.0 339.9740603942161 -16.787997749565307 0.7696412456678863 -0.08769878709850647 -0.29278083940078303 -0.17291349790835153 0.16287795338957758 -0.18487575503494694 6039.0 12993.0 21248.0 29482.0 36844.0 42944.0 47703.0 51212.0 53632.0 55145.0 55922.0 56117.0 55857.0 55249.0 54378.0 53315.0
14 1.0 266.2382862177435 9.374089804554757 0.7696412456678863 -0.08769878709850647 -0.29278083940078303 -0.17291349790835153 0.16287795338957758 -0.18487575503494694 3609.0 10426.0 21339.0 35187.0 50302.0 65189.0 78803.0 90566.0 100252.0 107879.0 113598.0 117630.0 120215.0 121589.0 121968.0 121543.0
15 1.0 176.56517110232414 -41.10250183089374 0.7696412456678863 -0.08769878709850647 -0.29278083940078303 -0.17291349790835153 0.16287795338957758 -0.18487575503494694 2643.0 6976.0 13452.0 21361.0 29840.0 38157.0 45805.0 52495.0 58111.0 62648.99999999999 66175.0 68790.0 70610.0 71750.0 72321.0 72420.0
16 1.0 81.86926607039636 -8.020053098995149 0.7696412456678863 -0.08769878709850647 -0.29278083940078303 -0.17291349790835153 0.16287795338957758 -0.18487575503494694 11559.0 27916.0 49888.0 74108.0 97615.0 118498.0 135842.0 149437.0 159490.0 166411.0 170681.0 172777.0 173131.0 172117.0 170050.0 167190.0
17 1.0 91.56833343734147 -17.69156363167224 0.7696412456678863 -0.08769878709850647 -0.29278083940078303 -0.17291349790835153 0.16287795338957758 -0.18487575503494694 9824.0 23968.0 43220.0 64725.00000000001 85877.0 104933.0 121001.0 133817.0 143502.0 150375.0 154835.0 157291.0 158119.0 157653.0 156177.0 153926.0
18 1.0 20.89049771659522 -45.28557628506522 0.7696412456678863 -0.08769878709850647 -0.29278083940078303 -0.17291349790835153 0.16287795338957758 -0.18487575503494694 13067.0 28513.0 47456.0 67038.0 85188.0 100775.0 113381.0 123035.0 130002.0 134649.0 137360.0 138498.0 138384.0 137293.0 135453.0 133049.0
19 1.0 156.3899852009235 1.0559490885555078 0.7696412456678863 -0.08769878709850647 -0.29278083940078303 -0.17291349790835153 0.16287795338957758 -0.18487575503494694 4847.0 10803.0 18146.0 25705.0 32650.0 38555.0 43284.0 46874.0 49448.0 51158.0 52154.0 52576.0 52544.0 52158.0 51501.0 50639.0
20 1.0 112.24651751787692 -34.13145132363395 0.7696412456678863 -0.08769878709850647 -0.29278083940078303 -0.17291349790835153 0.16287795338957758 -0.18487575503494694 6293.0 15736.0 29017.0 44351.0 59948.0 74494.0 87218.0 97789.0 106171.0 112505.0 117017.0 119963.0 121597.0 122155.0 121844.0 120844.0
21 1.0 250.6836559735654 -22.85372450146545 0.7696412456678863 -0.08769878709850647 -0.29278083940078303 -0.17291349790835153 0.16287795338957758 -0.18487575503494694 3411.0 10045.0 20813.0 34600.0 49737.0 64707.0 78440.0 90331.0 100144.0 107884.0 113702.0 117816.0 120467.0 121893.0 122311.0 121916.0
22 1.0 135.99066214529313 4.494679605767573 0.7696412456678863 -0.08769878709850647 -0.29278083940078303 -0.17291349790835153 0.16287795338957758 -0.18487575503494694 6263.0 14183.0 24137.0 34573.0 44336.0 52785.0 59678.0 65018.00000000001 68941.0 71636.0 73302.0 74127.0 74279.0 73898.0 73105.0 71996.0
23 1.0 64.65732392146853 45.10710412721775 0.7696412456678863 -0.08769878709850647 -0.29278083940078303 -0.17291349790835153 0.16287795338957758 -0.18487575503494694 12621.0 30176.0 53488.0 78927.0 103390.0 124931.0 142664.0 156427.0 166482.0 173287.0 177361.0 179210.0 179287.0 177983.0 175623.0 172473.0
24 1.0 8.884342220879242 -29.968656157570443 0.7696412456678863 -0.08769878709850647 -0.29278083940078303 -0.17291349790835153 0.16287795338957758 -0.18487575503494694 11778.0 24836.0 40092.0 55149.0 68509.0 79505.0 88021.0 94234.0 98448.0 100997.0 102202.0 102344.0 101662.0 100353.0 98577.0 96461.0
25 1.0 24.20986732676949 76.34857799173744 0.7696412456678863 -0.08769878709850647 -0.29278083940078303 -0.17291349790835153 0.16287795338957758 -0.18487575503494694 10908.0 26633.0 47998.0 71764.0 94999.0 115769.0 133118.0 146796.0 156977.0 164049.0 168479.0 170734.0 171240.0 170369.0 168435.0 165697.0
26 1.0 244.58139845948423 65.21733843046243 0.7696412456678863 -0.08769878709850647 -0.29278083940078303 -0.17291349790835153 0.16287795338957758 -0.18487575503494694 11165.0 26965.0 48272.0 71872.0 94889.0 115437.0 132589.0 146106.0 156167.0 163156.0 167533.0 169760.0 170256.0 169391.0 167473.0 164758.0
27 1.0 163.33086404017632 -81.23574672440486 0.7696412456678863 -0.08769878709850647 -0.29278083940078303 -0.17291349790835153 0.16287795338957758 -0.18487575503494694 5603.0 15270.0 29867.0 47515.0 65995.0 83536.0 99032.0 111964.0 122228.0 129968.0 135455.0 139007.0 140945.0 141565.0 141128.0 139859.0
28 1.0 193.16851599914 -44.3443456337719 0.7696412456678863 -0.08769878709850647 -0.29278083940078303 -0.17291349790835153 0.16287795338957758 -0.18487575503494694 2703.0 7438.0 14790.0 24007.0 34072.0 44068.0 53341.0 61504.0 68384.0 73959.0 78297.0 81516.0 83755.0 85155.0 85850.0 85963.0
29 1.0 322.80166549452315 -9.695607721343649 0.7696412456678863 -0.08769878709850647 -0.29278083940078303 -0.17291349790835153 0.16287795338957758 -0.18487575503494694 3510.0 8237.0 14445.0 21237.0 27867.0 33858.0 38972.0 43139.0 46387.0 48800.0 50482.0 51544.0 52091.0 52216.0 52003.0 51521.0
0 1.0 356.52202106281356 -71.16698002635466 0.7696412456678863 -0.08769878709850647 -0.29278083940078303 -0.17291349790835153 0.16287795338957758 -0.18487575503494694 9571.0 22726.0 40373.0 59980.0 79266.0 96695.0 111470.0 123342.0 132398.0 138911.0 143226.0 145701.0 146674.0 146443.0 145264.0 143353.0
1 1.0 78.08291438345061 -27.274321973970522 0.7696412456678863 -0.08769878709850647 -0.29278083940078303 -0.17291349790835153 0.16287795338957758 -0.18487575503494694 11508.0 27969.0 50202.0 74795.0 98710.0 119976.0 137643.0 151486.0 161714.0 168745.0 173073.0 175183.0 175519.0 174464.0 172340.0 169411.0
2 1.0 238.70815311603627 43.21755461118286 0.7696412456678863 -0.08769878709850647 -0.29278083940078303 -0.17291349790835153 0.16287795338957758 -0.18487575503494694 9551.0 23245.0 41970.0 63015.0 83848.0 102732.0 118752.0 131607.0 141388.0 148389.0 152992.0 155593.0 156562.0 156229.0 154875.0 152737.0
3 1.0 94.79605562537424 32.49260660570866 0.7696412456678863 -0.08769878709850647 -0.29278083940078303 -0.17291349790835153 0.16287795338957758 -0.18487575503494694 12409.0 29142.0 51000.0 74582.0 97087.0 116809.0 132996.0 145541.0 154700.0 160901.0 164618.0 166309.0 166387.0 165204.0 163055.0 160182.0
4 1.0 7.434359807662325 22.02919714188087 0.7696412456678863 -0.08769878709850647 -0.29278083940078303 -0.17291349790835153 0.16287795338957758 -0.18487575503494694 7137.0 16247.999999999998 27789.0 39984.0 51476.0 61490.0 69705.0 76102.0 80818.0 84066.0 86077.0 87073.0 87252.0 86788.0 85824.0 84479.0
5 1.0 273.01631538101094 37.895112490022214 0.7696412456678863 -0.08769878709850647 -0.29278083940078303 -0.17291349790835153 0.16287795338957758 -0.18487575503494694 5179.0 14116.0 27683.0 44203.0 61636.0 78316.0 93174.0 105684.0 115712.0 123365.0 128879.0 132542.0 134649.0 135477.0 135272.0 134247.0
6 1.0 115.20617429608842 -53.113736347253685 0.7696412456678863 -0.08769878709850647 -0.29278083940078303 -0.17291349790835153 0.16287795338957758 -0.18487575503494694 5859.0 15295.0 29108.0 45520.0 62553.0 78662.0 92894.0 104803.0 114300.0 121511.0 126675.00000000001 130074.0 131993.0 132696.0 132418.0 131362.0
7 1.0 138.04700190188328 -28.494339324348218 0.7696412456678863 -0.08769878709850647 -0.29278083940078303 -0.17291349790835153 0.16287795338957758 -0.18487575503494694 3895.0 9541.0 17314.0 26178.0 35150.0 43529.0 50904.0 57097.0 62083.0 65932.0 68759.0 70700.0 71888.0 72452.0 72505.0 72144.0
8 1.0 211.79416087929806 31.723646809943318 0.7696412456678863 -0.08769878709850647 -0.29278083940078303 -0.17291349790835153 0.16287795338957758 -0.18487575503494694 10078.0 22637.0 38587.0 55602.0 71839.0 86178.0 98110.0 107541.0 114618.0 119608.0 122818.0 124550.0 125084.0 124663.0 123494.0 121750.0
9 1.0 299.17744388502854 68.26225734563889 0.7696412456678863 -0.08769878709850647 -0.29278083940078303 -0.17291349790835153 0.16287795338957758 -0.18487575503494694 8298.0 20998.0 38931.0 59543.0 80283.0 99318.0 115634.0 128853.0 139012.0 146376.0 151309.0 154201.0 155424.0 155307.0 154136.0 152151.0
10 1.0 226.43346369281355 7.86204968905713 0.7696412456678863 -0.08769878709850647 -0.29278083940078303 -0.17291349790835153 0.16287795338957758 -0.18487575503494694 5776.0 14625.0 27269.0 42060.0 57264.0 71562.0 84155.0 94681.0 103080.0 109469.0 114062.0 117104.0 118843.0 119510.0 119309.0 118418.0
11 1.0 314.1542359610623 -39.11406282980341 0.7696412456678863 -0.08769878709850647 -0.29278083940078303 -0.17291349790835153 0.16287795338957758 -0.18487575503494694 5374.0 12790.0 22796.0 34033.0 45258.0 55606.0 64593.0 72032.0 77923.0 82379.0 85562.0 87655.0 88834.0 89260.0 89077.0 88407.0
12 1.0 98.47513253362888 -84.55765355892314 0.7696412456678863 -0.08769878709850647 -0.29278083940078303 -0.17291349790835153 0.16287795338957758 -0.18487575503494694 7010.0 18364.0 34890.0 54312.0 74193.0 92701.0 108764.0 121939.0 132200.0 139763.0 144956.0 148141.0 149670.0 149862.0 148995.0 147303.0
13 1.0 287.29686020852296 37.8606292153584 0.7696412456678863 -0.08769878709850647 -0.29278083940078303 -0.17291349790835153 0.16287795338957758 -0.18487575503494694 4321.0 11686.0 22880.0 36610.0 51257.0 65454.0 78287.0 89274.0 98251.0 105265.0 110480.0 114113.0 116396.0 117552.0 117785.0 117274.0
14 1.0 66.8289399501428 -88.58086136848073 0.7696412456678863 -0.08769878709850647 -0.29278083940078303 -0.17291349790835153 0.16287795338957758 -0.18487575503494694 7037.0 18366.0 34818.0 54134.0 73897.0 92296.0 108269.0 121378.0 131595.0 139133.0 144316.0 147503.0 149043.0 149253.0 148407.0 146738.0
15 1.0 343.0049965099 -22.9177674322208 0.7696412456678863 -0.08769878709850647 -0.29278083940078303 -0.17291349790835153 0.16287795338957758 -0.18487575503494694 7301.0 15521.0 25146.0 34625.0 42983.0 49800.0 55014.0 58755.0 61233.0 62673.99999999999 63290.0 63261.0 62742.00000000001 61855.0 60698.0 59350.0
16 1.0 247.4957794996135 5.496698621300723 0.7696412456678863 -0.08769878709850647 -0.29278083940078303 -0.17291349790835153 0.16287795338957758 -0.18487575503494694 4497.0 12648.0 25320.0 41005.0 57763.0 73955.0 88503.0 100852.0 110837.0 118534.0 124154.0 127964.0 130244.0 131259.0 131249.0 130419.0
17 1.0 77.58276376088104 75.98006311809476 0.7696412456678863 -0.08769878709850647 -0.29278083940078303 -0.17291349790835153 0.16287795338957758 -0.18487575503494694 12830.0 30618.0 54206.0 79916.0 104612.0 126334.0 144190.0 158027.0 168113.0 174917.0 178967.0 180773.0 180797.0 179433.0 177009.0 173795.0
18 1.0 341.0534125760127 -73.89098189407798 0.7696412456678863 -0.08769878709850647 -0.29278083940078303 -0.17291349790835153 0.16287795338957758 -0.18487575503494694 8680.0 21063.0 38016.0 57147.0 76195.0 93584.0 108460.0 120518.0 129806.0 136568.0 141132.0 143844.0 145036.0 145003.0 144003.0 142250.0
19 1.0 263.1080904372568 -16.930382045708924 0.7696412456678863 -0.08769878709850647 -0.29278083940078303 -0.17291349790835153 0.16287795338957758 -0.18487575503494694 3294.0 9660.0 19976.0 33187.0 47710.0 62099.0 75329.0 86817.0 96327.0 103858.0 109546.0 113596.0 116237.0 117694.0 118175.0 117865.0
20 1.0 91.4189913342093 -85.6236240521716 0.7696412456678863 -0.08769878709850647 -0.29278083940078303 -0.17291349790835153 0.16287795338957758 -0.18487575503494694 7127.0 18596.0 35241.0 54762.0 74716.0 93269.0 109358.0 122543.0 132804.0 140358.0 145537.0 148705.0 150215.0 150387.0 149500.0 147787.0
21 1.0 76.79231185229351 -28.33002281851374 0.7696412456678863 -0.08769878709850647 -0.29278083940078303 -0.17291349790835153 0.16287795338957758 -0.18487575503494694 11676.0 28317.0 50743.0 75506.0 99549.0 120899.0 138610.0 152469.0 162690.0 169699.0 173995.0 176067.0 176362.0 175265.0 173099.0 170129.0
22 1.0 186.55225701503878 22.00159059116308 0.7696412456678863 -0.08769878709850647 -0.29278083940078303 -0.17291349790835153 0.16287795338957758 -0.18487575503494694 9121.0 19355.0 31350.000000000004 43196.0 53696.0 62325.0 68997.0 73858.0 77155.0 79157.0 80116.0 80253.0 79755.0 78774.0 77432.0 75828.0
23 1.0 9.238578499631366 -39.767769318852295 0.7696412456678863 -0.08769878709850647 -0.29278083940078303 -0.17291349790835153 0.16287795338957758 -0.18487575503494694 12158.0 25982.0 42474.0 59103.0 74178.0 86861.0 96916.0 104454.0 109758.0 113168.0 115021.0 115625.0 115249.0 114115.0 112406.0 110271.0
24 1.0 74.68922715879938 -52.245009061985684 0.7696412456678863 -0.08769878709850647 -0.29278083940078303 -0.17291349790835153 0.16287795338957758 -0.18487575503494694 10743.0 26295.0 47488.0 71121.0 94272.0 115005.0 132351.0 146048.0 156264.0 163379.0 167855.0 170156.0 170706.0 169878.0 167983.0 165281.0
25 1.0 152.88676875054225 -69.17341800112314 0.7696412456678863 -0.08769878709850647 -0.29278083940078303 -0.17291349790835153 0.16287795338957758 -0.18487575503494694 4522.0 12442.0 24615.0 39619.0 55640.0 71146.0 85119.0 97028.0 106704.0 114208.0 119731.0 123521.0 125838.0 126933.99999999999 127034.00000000001 126335.0
26 1.0 134.7011929203212 13.88524392366152 0.7696412456678863 -0.08769878709850647 -0.29278083940078303 -0.17291349790835153 0.16287795338957758 -0.18487575503494694 7573.0 16920.0 28521.0 40560.0 51715.0 61275.0 68988.0 74884.0 79138.0 81984.0 83661.0 84392.0 84373.0 83768.0 82714.0 81323.0
27 1.0 166.88715277133184 35.14860106284348 0.7696412456678863 -0.08769878709850647 -0.29278083940078303 -0.17291349790835153 0.16287795338957758 -0.18487575503494694 11400.0 23950.0 38518.0 52794.0 65359.0 75611.0 83471.0 89134.0 92909.0 95124.0 96089.0 96074.0 95304.0 93965.0 92204.0 90141.0
28 1.0 99.94633426610349 30.95228530724802 0.7696412456678863 -0.08769878709850647 -0.29278083940078303 -0.17291349790835153 0.16287795338957758 -0.18487575503494694 12050.0 28123.0 49004.0 71452.0 92830.0 111545.0 126901.99999999999 138812.0 147522.0 153437.0 157003.0 158653.0 158775.0 157701.0 155709.0 153026.0
29 1.0 211.24236472494076 80.79498372969132 0.7696412456678863 -0.08769878709850647 -0.29278083940078303 -0.17291349790835153 0.16287795338957758 -0.18487575503494694 12940.0 30529.0 53681.0 78823.0 102938.0 124147.0 141597.0 155141.0 165039.0 171740.0 175755.0 177579.0 177657.0 176374.0 174048.0 170942.0
0 1.0 310.9880181323633 -89.51342149916951 0.7696412456678863 -0.08769878709850647 -0.29278083940078303 -0.17291349790835153 0.16287795338957758 -0.18487575503494694 6888.0 18029.0 34258.0 53359.0 72944.0 91211.0 107100.0 120162.0 130365.00000000001 137911.0 143119.0 146342.0 147925.0 148181.0 147384.0 145764.0
1 1.0 42.31146814633191 26.49539770092649 0.7696412456678863 -0.08769878709850647 -0.29278083940078303 -0.17291349790835153 0.16287795338957758 -0.18487575503494694 11484.0 26877.0 46934.0 68554.0 89199.0 107323.0 122242.0 133855.0 142389.0 148224.0 151787.0 153490.0 153706.0 152756.0 150906.0 148378.0
2 1.0 186.2564785754811 18.070602677575124 0.7696412456678863 -0.08769878709850647 -0.29278083940078303 -0.17291349790835153 0.16287795338957758 -0.18487575503494694 8248.0 17582.0 28572.0 39468.0 49159.0 57152.0 63355.99999999999 67900.0 71005.0 72914.0 73859.0 74042.0 73633.0 72773.0 71575.0 70131.0
3 1.0 47.54451828425519 15.973129794651868 0.7696412456678863 -0.08769878709850647 -0.29278083940078303 -0.17291349790835153 0.16287795338957758 -0.18487575503494694 12425.0 28912.0 50266.0 73168.0 94929.0 113937.0 129501.0 141539.0 150313.0 156242.0 159786.0 161388.0 161442.0 160289.0 158210.0 155437.0
4 1.0 258.06948522933374 83.29865757124364 0.7696412456678863 -0.08769878709850647 -0.29278083940078303 -0.17291349790835153 0.16287795338957758 -0.18487575503494694 11839.0 28570.0 51035.0 75779.0 99766.0 121042.0 138678.0 152466.0 162628.0 169589.0 173847.0 175892.0 176166.0 175056.0 172881.0 169906.0
5 1.0 142.58149301062573 -86.96309879339286 0.7696412456678863 -0.08769878709850647 -0.29278083940078303 -0.17291349790835153 0.16287795338957758 -0.18487575503494694 6534.0 17329.0 33223.0 52070.0 71501.0 89701.0 105587.0 118691.0 128960.99999999999 136588.0 141883.0 145192.0 146859.0 147194.0 146470.0 144918.0
6 1.0 203.55167226906323 35.36683752626102 0.7696412456678863 -0.08769878709850647 -0.29278083940078303 -0.17291349790835153 0.16287795338957758 -0.18487575503494694 11025.0 24167.0 40379.0 57244.0 72991.0 86630.0 97773.0 106418.0 112767.0 117114.0 119777.0 121059.0 121231.0 120526.0 119142.0 117239.0
7 1.0 65.9807410370683 56.462156946335426 0.7696412456678863 -0.08769878709850647 -0.29278083940078303 -0.17291349790835153 0.16287795338957758 -0.18487575503494694 12562.0 30105.0 53457.0 78987.0 103568.0 125234.00000000001 143081.0 156940.0 167069.0 173927.0 178036.0 179904.0 179988.0 178681.0 176312.0 173148.0
8 1.0 52.1451933636158 1.7652953918851466 0.7696412456678863 -0.08769878709850647 -0.29278083940078303 -0.17291349790835153 0.16287795338957758 -0.18487575503494694 13326.0 30849.0 53438.0 77567.0 100410.0 120289.0 136496.0 148968.0 157998.0 164035.0 167574.0 169085.0 168986.0 167634.0 165329.0 162310.0
9 1.0 175.70026103362363 -29.886323472574354 0.7696412456678863 -0.08769878709850647 -0.29278083940078303 -0.17291349790835153 0.16287795338957758 -0.18487575503494694 2653.0 6703.0 12466.0 19219.0 26221.0 32904.0 38912.0 44069.0 48325.0 51708.0 54291.0 56165.0 57429.0 58177.0 58494.0 58456.0
10 1.0 128.020585625984 52.35122938093289 0.7696412456678863 -0.08769878709850647 -0.29278083940078303 -0.17291349790835153 0.16287795338957758 -0.18487575503494694 13441.0 30060.0 50829.0 72530.0 92752.0 110142.0 124189.0 134909.0 142600.0 147681.0 150592.0 151748.0 151514.0 150201.0 148067.0 145320.0
11 1.0 338.5555002910127 -72.49627338616357 0.7696412456678863 -0.08769878709850647 -0.29278083940078303 -0.17291349790835153 0.16287795338957758 -0.18487575503494694 8655.0 20929.0 37686.0 56562.0 75338.0 92472.0 107128.0 119011.0 128169.0 134842.0 139350.0 142037.0 143225.0 143208.0 142236.0 140521.0
12 1.0 275.5170913705075 -10.43358520861345 0.7696412456678863 -0.08769878709850647 -0.29278083940078303 -0.17291349790835153 0.16287795338957758 -0.18487575503494694 3039.0 8725.0 17822.0 29406.0 42129.0 54762.0 66426.0 76615.0 85116.0 91914.0 97116.0 100889.0 103425.0 104914.0 105533.0 105440.0
13 1.0 269.51890314619703 3.5914274227508827 0.7696412456678863 -0.08769878709850647 -0.29278083940078303 -0.17291349790835153 0.16287795338957758 -0.18487575503494694 3310.0 9581.0 19667.0 32534.0 46658.0 60649.0 73521.0 84711.0 93991.0 101357.0 106938.0 110929.0 113552.0 115021.0 115539.0 115283.0
14 1.0 325.33910630853603 34.91215396821855 0.7696412456678863 -0.08769878709850647 -0.29278083940078303 -0.17291349790835153 0.16287795338957758 -0.18487575503494694 3865.0 9548.0 17444.0 26511.0 35742.0 44403.0 52060.0 58517.0 63741.99999999999 67802.0 70810.0 72903.0 74219.0 74887.0 75022.0 74726.0
15 1.0 30.032076759126678 -73.6405682341663 0.7696412456678863 -0.08769878709850647 -0.29278083940078303 -0.17291349790835153 0.16287795338957758 -0.18487575503494694 9928.0 23943.0 42949.0 64179.0 85098.0 103990.0 119963.0 132742.0 142431.0 149337.0 153847.0 156361.0 157251.0 156846.0 155429.0 153235.0
16 1.0 198.78928917206636 -49.00328972318503 0.7696412456678863 -0.08769878709850647 -0.29278083940078303 -0.17291349790835153 0.16287795338957758 -0.18487575503494694 2839.0 7983.000000000001 16110.0 26409.0 37716.0 48965.0 59390.0 68541.0 76221.0 82407.0 87184.0 90692.0 93095.0 94557.0 95235.0 95267.0
17 1.0 210.4113848240768 -16.14571871577739 0.7696412456678863 -0.08769878709850647 -0.29278083940078303 -0.17291349790835153 0.16287795338957758 -0.18487575503494694 3486.0 9139.0 17494.0 27561.0 38193.0 48457.0 57739.0 65717.0 72285.0 77473.0 81391.0 84187.0 86017.0 87035.0 87380.0 87178.0
18 1.0 346.2970962770024 22.193041143623518 0.7696412456678863 -0.08769878709850647 -0.29278083940078303 -0.17291349790835153 0.16287795338957758 -0.18487575503494694 4721.0 10927.0 18902.0 27432.0 35566.0 42742.0 48717.0 53454.0 57030.0 59581.0 61255.0 62200.0 62552.0 62428.0 61928.0 61136.0
19 1.0 105.17310964531758 69.65294061913514 0.7696412456678863 -0.08769878709850647 -0.29278083940078303 -0.17291349790835153 0.16287795338957758 -0.18487575503494694 13825.0 32228.0 56118.0 81763.0 106118.0 127350.99999999999 144677.0 158008.0 167649.0 174081.0 177834.0 179413.0 179268.0 177785.0 175283.0 172022.0
20 1.0 86.69836076956085 21.388710283447764 0.7696412456678863 -0.08769878709850647 -0.29278083940078303 -0.17291349790835153 0.16287795338957758 -0.18487575503494694 12284.0 29197.0 51537.0 75835.0 99160.0 119689.0 136598.0 149742.0 159370.0 165915.0 169868.0 171702.0 171849.0 170675.0 168490.0 165545.0
21 1.0 36.10581921557922 -65.9769352317118 0.7696412456678863 -0.08769878709850647 -0.29278083940078303 -0.17291349790835153 0.16287795338957758 -0.18487575503494694 11262.0 26470.0 46591.0 68643.0 90043.0 109122.0 125067.00000000001 137674.0 147106.0 153712.0 157907.0 160108.0 160699.0 160014.0 158338.0 155907.0
22 1.0 5.9146666529307135 86.50442390171082 0.7696412456678863 -0.08769878709850647 -0.29278083940078303 -0.17291349790835153 0.16287795338957758 -0.18487575503494694 11750.0 28459.0 50948.0 75755.0 99821.0 121176.0 138880.0 152722.0 162922.0 169909.0 174182.0 176233.0 176508.0 175392.0 173209.0 170225.0
23 1.0 334.6305540451886 66.92143225598872 0.7696412456678863 -0.08769878709850647 -0.29278083940078303 -0.17291349790835153 0.16287795338957758 -0.18487575503494694 8048.0 20062.0 36826.0 55970.0 75182.0 92822.0 107980.0 120316.0 129859.0 136841.0 141589.0 144452.0 145763.0 145823.0 144891.0 143188.0
24 1.0 241.16995677272763 0.4897370061583217 0.7696412456678863 -0.08769878709850647 -0.29278083940078303 -0.17291349790835153 0.16287795338957758 -0.18487575503494694 4473.0 12441.0 24739.0 39903.0 56077.0 71704.0 85756.0 97704.0 107388.0 114877.0 120369.0 124118.0 126390.0 127439.0 127492.0 126749.0
25 1.0 282.6550483283296 76.02263672339393 0.7696412456678863 -0.08769878709850647 -0.29278083940078303 -0.17291349790835153 0.16287795338957758 -0.18487575503494694 10250.0 25344.0 46095.0 69387.0 92323.0 112950.0 130275.0 144011.0 154302.0 161514.0 166098.0 168509.0 169169.0 168445.0 166650.0 164041.0
26 1.0 101.42283807142167 7.448542876284435 0.7696412456678863 -0.08769878709850647 -0.29278083940078303 -0.17291349790835153 0.16287795338957758 -0.18487575503494694 10023.0 23719.0 41785.0 61478.0 80483.0 97342.0 111372.0 122424.0 130665.0 136417.0 140052.0 141941.0 142421.0 141787.0 140287.0 138128.0
27 1.0 211.1076598270776 76.19509222004936 0.7696412456678863 -0.08769878709850647 -0.29278083940078303 -0.17291349790835153 0.16287795338957758 -0.18487575503494694 13128.0 30696.0 53666.0 78506.0 102272.0 123143.0 140302.0 153616.0 163344.0 169932.0 173879.0 175673.0 175750.0 174487.0 172198.0 169139.0
28 1.0 23.023895803553206 59.38152634860177 0.7696412456678863 -0.08769878709850647 -0.29278083940078303 -0.17291349790835153 0.16287795338957758 -0.18487575503494694 9683.0 23461.0 42086.0 62789.0 83087.0 101332.0 116695.0 128938.0 138183.0 144740.0 148992.0 151329.0 152110.0 151655.0 150234.0 148073.0
29 1.0 174.82593453646425 84.29155385297352 0.7696412456678863 -0.08769878709850647 -0.29278083940078303 -0.17291349790835153 0.16287795338957758 -0.18487575503494694 13107.0 30936.0 54387.0 79824.0 104188.0 125582.0 143154.0 156765.0 166686.0 173378.0 177360.0 179136.0 179157.0 177810.0 175418.0 172245.0
0 1.0 351.89825030800085 75.5609059400685 0.7696412456678863 -0.08769878709850647 -0.29278083940078303 -0.17291349790835153 0.16287795338957758 -0.18487575503494694 9847.0 24293.0 44160.0 66506.0 88579.0 108511.0 125331.0 138742.0 148861.0 156023.0 160647.0 163164.0 163976.0 163434.0 161837.0 159436.0
1 1.0 315.54188831397266 -83.5139128628575 0.7696412456678863 -0.08769878709850647 -0.29278083940078303 -0.17291349790835153 0.16287795338957758 -0.18487575503494694 7237.0 18607.0 34942.0 53997.0 73423.0 91470.0 107123.0 119965.0 129975.0 137365.0 142450.0 145582.0 147100.0 147314.0 146492.0 144861.0
2 1.0 121.73722266126443 -58.54103925103081 0.7696412456678863 -0.08769878709850647 -0.29278083940078303 -0.17291349790835153 0.16287795338957758 -0.18487575503494694 5454.0 14437.0 27768.0 43773.0 60522.0 76472.0 90647.0 102575.0 112142.0 119454.0 124737.0 128260.99999999999 130304.0 131128.0 130965.0 130015.99999999999
3 1.0 346.16525563493946 -19.95575812178656 0.7696412456678863 -0.08769878709850647 -0.29278083940078303 -0.17291349790835153 0.16287795338957758 -0.18487575503494694 7457.0 15774.0 25452.0 34919.0 43204.0 49897.0 54947.0 58496.0 60765.0 61989.0 62386.0 62145.0 61422.0 60345.0 59013.0 57505.0
4 1.0 83.41258552963363 81.38568551317573 0.7696412456678863 -0.08769878709850647 -0.29278083940078303 -0.17291349790835153 0.16287795338957758 -0.18487575503494694 12796.0 30520.0 54022.0 79644.0 104262.0 125924.00000000001 143739.0 157552.0 167628.0 174432.0 178489.0 180308.0 180348.0 179002.0 176597.0 173402.0
5 1.0 341.75477606964535 -35.99479449433267 0.7696412456678863 -0.08769878709850647 -0.29278083940078303 -0.17291349790835153 0.16287795338957758 -0.18487575503494694 8388.0 18064.0 29676.0 41441.0 52163.0 61241.0 68500.0 74004.0 77939.0 80534.0 82019.0 82605.0 82478.0 81793.0 80682.0 79249.0
6 1.0 338.8959736943395 -61.11582410023181 0.7696412456678863 -0.08769878709850647 -0.29278083940078303 -0.17291349790835153 0.16287795338957758 -0.18487575503494694 9042.0 20926.0 36507.0 53562.0 70186.0 85138.0 97791.0 107965.0 115749.0 121376.0 125138.0 127336.0 128250.0 128131.0 127196.0 125624.00000000001
7 1.0 287.71293144686103 69.53483989558077 0.7696412456678863 -0.08769878709850647 -0.29278083940078303 -0.17291349790835153 0.16287795338957758 -0.18487575503494694 8875.0 22384.0 41348.0 63004.00000000001 84650.0 104382.0 121174.0 134673.0 144951.0 152311.0 157151.0 159888.0 160914.0 160576.0 159172.0 156949.0
8 1.0 226.9612572720448 -9.649005213023472 0.7696412456678863 -0.08769878709850647 -0.29278083940078303 -0.17291349790835153 0.16287795338957758 -0.18487575503494694 4022.0000000000005 10942.0 21474.0 34387.0 48154.0 61492.0 73548.0 83874.0 92319.0 98927.0 103850.0 107292.0 109468.0 110587.0 110839.0 110391.0
9 1.0 314.7436679849809 73.41760698377868 0.7696412456678863 -0.08769878709850647 -0.29278083940078303 -0.17291349790835153 0.16287795338957758 -0.18487575503494694 9052.0 22627.0 41552.0 63074.00000000001 84531.0 104063.0 120672.0 134018.0 144179.0 151453.0 156238.0 158943.0 159956.0 159619.0 158227.0 156023.0
10 1.0 105.48730242280682 -61.15851606237421 0.7696412456678863 -0.08769878709850647 -0.29278083940078303 -0.17291349790835153 0.16287795338957758 -0.18487575503494694 6896.0 18000.0 34162.0 53186.0 72705.0 90923.0 106783.0 119833.0 130035.00000000001 137591.0 142813.0 146055.0 147658.0 147934.0 147157.0 145556.0
11 1.0 305.61967991265055 29.00115207145791 0.7696412456678863 -0.08769878709850647 -0.29278083940078303 -0.17291349790835153 0.16287795338957758 -0.18487575503494694 3241.0 8396.0 15968.0 25094.0 34783.0 44213.0 52830.0 60327.0 66583.0 71605.0 75474.0 78309.0 80243.0 81409.0 81932.0 81925.0
12 1.0 222.43560909030856 -10.75252449069147 0.7696412456678863 -0.08769878709850647 -0.29278083940078303 -0.17291349790835153 0.16287795338957758 -0.18487575503494694 3976.9999999999995 10657.0 20707.0 32943.0 45935.0 58498.0 69846.0 79569.0 87529.0 93767.0 98427.0 101695.0 103772.0 104854.0 105117.0 104717.0
13 1.0 4.765268793203816 -76.23238157454863 0.7696412456678863 -0.08769878709850647 -0.29278083940078303 -0.17291349790835153 0.16287795338957758 -0.18487575503494694 9150.0 22240.0 40152.0 60323.0 80347.0 98560.0 114072.0 126580.0 136153.0 143061.0 147661.0 150325.0 151407.0 151220.0 150034.0 148077.0
14 1.0 125.00406645559904 35.363366037450106 0.7696412456678863 -0.08769878709850647 -0.29278083940078303 -0.17291349790835153 0.16287795338957758 -0.18487575503494694 11339.0 25338.0 42788.0 60986.0 77928.0 92503.0 104294.0 113318.0 119825.0 124158.0 126680.99999999999 127735.99999999999 127624.99999999999 126604.0 124887.0 122649.0
15 1.0 53.330709941339414 -45.46822400295233 0.7696412456678863 -0.08769878709850647 -0.29278083940078303 -0.17291349790835153 0.16287795338957758 -0.18487575503494694 13386.0 30927.0 53641.0 78049.0 101308.0 121682.0 138404.0 151365.0 160829.0 167233.0 171067.0 172803.0 172868.0 171627.0 169384.0 166391.0
16 1.0 353.45858033457114 -82.86920593568681 0.7696412456678863 -0.08769878709850647 -0.29278083940078303 -0.17291349790835153 0.16287795338957758 -0.18487575503494694 7957.000000000001 20073.0 37190.0 56910.0 76818.0 95164.0 110961.0 123828.0 133781.0 141058.0 145996.0 148962.0 150307.0 150345.0 149351.0 147554.0
17 1.0 172.2133105343957 -79.21002631507682 0.7696412456678863 -0.08769878709850647 -0.29278083940078303 -0.17291349790835153 0.16287795338957758 -0.18487575503494694 5232.0 14397.0 28374.0 45413.0 63381.00000000001 80541.0 95788.0 108585.0 118805.0 126568.00000000001 132126.0 135782.0 137843.0 138599.0 138303.0 137175.0
18 1.0 179.06089157951857 -79.00586332797828 0.7696412456678863 -0.08769878709850647 -0.29278083940078303 -0.17291349790835153 0.16287795338957758 -0.18487575503494694 5119.0 14136.0 27933.0 44794.0 62612.0 79658.0 94826.0 107578.0 117778.0 125541.00000000001 131113.0 134793.0 136886.0 137676.0 137417.0 136328.0
19 1.0 230.2101059035405 73.39193234730709 0.7696412456678863 -0.08769878709850647 -0.29278083940078303 -0.17291349790835153 0.16287795338957758 -0.18487575503494694 12422.0 29416.0 51900.0 76435.0 100075.0 120958.0 138217.0 151680.0 161579.0 168340.0 172455.0 174403.0 174621.0 173482.0 171303.0 168342.0
20 1.0 132.6904582066623 43.17910520923817 0.7696412456678863 -0.08769878709850647 -0.29278083940078303 -0.17291349790835153 0.16287795338957758 -0.18487575503494694 12341.0 27218.0 45537.0 64457.0 81927.0 96846.0 108831.0 117937.0 124445.0 128727.00000000001 131163.0 132110.0 131879.0 130731.99999999999 128888.0 126522.0
21 1.0 49.284097806815616 71.6512242984723 0.7696412456678863 -0.08769878709850647 -0.29278083940078303 -0.17291349790835153 0.16287795338957758 -0.18487575503494694 11740.0 28410.0 50834.0 75563.0 99555.0 120848.0 138505.0 152318.0 162502.0 169483.0 173759.0 175819.0 176107.0 175007.0 172842.0 169875.0
22 1.0 295.9623839499284 31.064816033373845 0.7696412456678863 -0.08769878709850647 -0.29278083940078303 -0.17291349790835153 0.16287795338957758 -0.18487575503494694 3488.0 9314.0 18120.0 28935.0 40544.0 51903.0 62298.0 71329.0 78840.0 84840.0 89430.0 92762.0 95004.0 96323.0 96874.0 96795.0
23 1.0 68.34524828499286 5.2091872255589635 0.7696412456678863 -0.08769878709850647 -0.29278083940078303 -0.17291349790835153 0.16287795338957758 -0.18487575503494694 13068.0 31103.0 54938.0 80844.0 105664.0 127445.0 145311.0 159125.0 169167.0 175915.0 179904.0 181649.0 181614.0 180193.0 177716.0 174452.0
24 1.0 184.07483371672416 -35.19965441747191 0.7696412456678863 -0.08769878709850647 -0.29278083940078303 -0.17291349790835153 0.16287795338957758 -0.18487575503494694 2598.0 6811.0 13053.0 20622.0 28692.0 36576.0 43803.0 50110.0 55391.0 59645.0 62936.00000000001 65360.0 67028.0 68050.0 68530.0 68562.0
25 1.0 80.75413043090613 89.63320523916121 0.7696412456678863 -0.08769878709850647 -0.29278083940078303 -0.17291349790835153 0.16287795338957758 -0.18487575503494694 12312.0 29550.0 52557.0 77773.0 102111.0 123613.0 141367.0 155190.0 165325.0 172219.0 176383.0 178318.0 178476.0 177245.0 174952.0 171862.0
26 1.0 35.22401441785226 -24.805969390909922 0.7696412456678863 -0.08769878709850647 -0.29278083940078303 -0.17291349790835153 0.16287795338957758 -0.18487575503494694 14052.0 30763.0 51249.0 72357.0 91820.0 108421.0 121736.0 131830.0 139020.0 143721.0 146364.0 147346.0 147018.0 145673.0 143556.0 140863.0
27 1.0 310.388946271806 -5.28318914149628 0.7696412456678863 -0.08769878709850647 -0.29278083940078303 -0.17291349790835153 0.16287795338957758 -0.18487575503494694 2841.0 7103.0 13101.0 20068.0 27236.0 34028.0 40090.0 45252.0 49469.0 52779.0 55260.0 57013.0 58141.0 58744.0 58912.0 58727.0
28 1.0 350.2510160483269 -21.915868513776886 0.7696412456678863 -0.08769878709850647 -0.29278083940078303 -0.17291349790835153 0.16287795338957758 -0.18487575503494694 8375.0 17643.0 28381.0 38847.0 47979.0 55334.0 60867.0 64740.00000000001 67200.0 68508.0 68905.0 68600.0 67765.0 66540.0 65036.0 63339.00000000001
29 1.0 345.90047690268005 86.31484728038254 0.7696412456678863 -0.08769878709850647 -0.29278083940078303 -0.17291349790835153 0.16287795338957758 -0.18487575503494694 11613.0 28178.0 50517.0 75198.0 99174.0 120476.0 138157.0 151999.0 162215.0 169228.0 173533.0 175619.0 175930.0 174851.0 172703.0 169751.0
