idx D_km lam beta x1 y1 z1 x2 y2 z2 flux5 flux6 flux7 flux8 flux9 flux10 flux11 flux12 flux13 flux14 flux15 flux16 flux17 flux18 flux19 flux20
0 1.0 197.5728614138369 73.17998985981222 -0.1597693607600474 0.6268551576414518 0.4581956253432469 0.13345350539112144 -0.2565288682686882 0.07613612977153913 17577.0 41625.0 72307.0 104310.0 133686.0 158354.0 177658.0 191791.0 201360.0 207110.0 209779.0 210029.0 208424.0 205428.0 201414.0 196675.0
1 1.0 257.468171894071 49.328519885754986 -0.1597693607600474 0.6268551576414518 0.4581956253432469 0.13345350539112144 -0.2565288682686882 0.07613612977153913 10361.0 27337.0 51129.0 77793.0 103758.0 126742.0 145687.0 160382.0 171102.0 178343.0 182673.0 184640.0 184733.0 183372.0 180905.0 177615.0
2 1.0 216.99481538579178 -30.033872634844457 -0.1597693607600474 0.6268551576414518 0.4581956253432469 0.13345350539112144 -0.2565288682686882 0.07613612977153913 13907.0 33603.0 59292.0 86617.0 112166.0 134025.0 151483.0 164584.0 173762.0 179602.0 182707.0 183634.0 182864.0 180800.0 177769.0 174035.0
3 1.0 196.15794587888288 -75.40174980216058 -0.1597693607600474 0.6268551576414518 0.4581956253432469 0.13345350539112144 -0.2565288682686882 0.07613612977153913 21073.0 48478.0 82519.0 117271.0 148583.0 174417.0 194259.0 208464.0 217779.0 223059.0 225125.0 224699.0 222385.0 218674.0 213957.0 208540.0
4 1.0 152.5157277620057 -16.69658914551468 -0.1597693607600474 0.6268551576414518 0.4581956253432469 0.13345350539112144 -0.2565288682686882 0.07613612977153913 4788.0 13306.0 25990.0 41024.0 56470.0 70888.0 83448.0 93809.0 101945.0 108018.0 112271.0 114976.0 116397.0 116774.0 116317.0 115204.0
5 1.0 232.5218807039962 -48.19785440923031 -0.1597693607600474 0.6268551576414518 0.4581956253432469 0.13345350539112144 -0.2565288682686882 0.07613612977153913 14380.0 32397.000000000004 54729.0 77705.0 98703.0 116367.0 130283.00000000001 140593.0 147709.0 152136.0 154376.0 154883.0 154043.0 152180.0 149556.0 146378.0
6 1.0 157.5313960545693 -66.15222574356306 -0.1597693607600474 0.6268551576414518 0.4581956253432469 0.13345350539112144 -0.2565288682686882 0.07613612977153913 18488.0 45240.0 79994.0 116522.0 150098.0 178211.0 200073.0 215920.0 226480.0 232644.0 235288.0 235191.0 233013.0 229290.0 224451.0 218833.0
7 1.0 321.03828028154874 -80.38310727837145 -0.1597693607600474 0.6268551576414518 0.4581956253432469 0.13345350539112144 -0.2565288682686882 0.07613612977153913 19750.0 44166.0 73962.0 104102.0 131150.0 153447.0 170600.0 182927.0 191064.0 195737.0 197644.0 197395.0 195506.0 192398.0 188404.0 183790.0
8 1.0 346.91859378037054 40.60698555790418 -0.1597693607600474 0.6268551576414518 0.4581956253432469 0.13345350539112144 -0.2565288682686882 0.07613612977153913 14454.0 36587.0 66358.0 98585.0 129005.00000000001 155137.0 176014.0 191639.0 202520.0 209366.0 212916.0 213853.0 212765.0 210144.0 206388.0 201816.0
9 1.0 138.03894677727996 -87.94305744749441 -0.1597693607600474 0.6268551576414518 0.4581956253432469 0.13345350539112144 -0.2565288682686882 0.07613612977153913 21275.0 48948.0 83297.0 118330.0 149863.0 175848.0 195778.0 210021.0 219334.0 224586.0 226605.0 226121.0 223742.0 219964.0 215178.0 209694.0
10 1.0 285.02101370975925 48.70453473049972 -0.1597693607600474 0.6268551576414518 0.4581956253432469 0.13345350539112144 -0.2565288682686882 0.07613612977153913 8496.0 22771.0 43156.0 66402.0 89419.0 110133.0 127502.0 141236.0 151494.0 158657.0 163191.0 165561.0 166193.0 165457.0 163665.0 161073.0
11 1.0 190.40217111104562 -63.549603827932486 -0.1597693607600474 0.6268551576414518 0.4581956253432469 0.13345350539112144 -0.2565288682686882 0.07613612977153913 20003.0 47165.0 81530.0 117042.0 149317.0 176123.0 196832.0 211748.0 221609.0 227284.0 229614.0 229345.0 227105.0 223402.0 218644.0 213151.0
12 1.0 204.49604199381562 -75.68602513438397 -0.1597693607600474 0.6268551576414518 0.4581956253432469 0.13345350539112144 -0.2565288682686882 0.07613612977153913 20977.0 47892.0 81161.0 115032.0 145504.0 170627.0 189919.0 203732.0 212795.0 217940.0 219963.0 219563.0 217327.0 213730.0 209153.0 203892.0
13 1.0 333.214789785358 -73.87145383705104 -0.1597693607600474 0.6268551576414518 0.4581956253432469 0.13345350539112144 -0.2565288682686882 0.07613612977153913 18456.0 41172.0 68895.0 96980.0 122247.0 143147.0 159298.0 170975.0 178755.0 183302.0 185256.0 185182.0 183558.0 180775.0 177147.0 172920.0
14 1.0 25.5729809512393 30.968605323704594 -0.1597693607600474 0.6268551576414518 0.4581956253432469 0.13345350539112144 -0.2565288682686882 0.07613612977153913 18611.0 44270.0 76985.0 111003.0 142094.0 168059.0 188242.0 202890.0 212683.0 218438.0 220952.0 220938.0 218997.0 215620.0 211200.0 206048.0
15 1.0 31.366547892554657 -45.83390222648794 -0.1597693607600474 0.6268551576414518 0.4581956253432469 0.13345350539112144 -0.2565288682686882 0.07613612977153913 17495.0 42933.0 76146.0 111238.0 143669.0 170984.0 192367.0 207996.0 218537.0 224825.0 227688.0 227871.0 226009.0 222619.0 218118.0 212834.0
16 1.0 7.278623078517259 -14.302895997582283 -0.1597693607600474 0.6268551576414518 0.4581956253432469 0.13345350539112144 -0.2565288682686882 0.07613612977153913 14387.0 35679.0 63886.0 94127.0 122497.0 146777.0 166133.0 180605.0 190681.0 197027.0 200327.0 201209.0 200218.0 197805.0 194337.0 190107.0
17 1.0 299.74314439725765 10.326382438305046 -0.1597693607600474 0.6268551576414518 0.4581956253432469 0.13345350539112144 -0.2565288682686882 0.07613612977153913 811.0 2590.0 5634.0 9691.0 14309.0 19037.0 23533.0 27579.0 31067.0 33963.0 36286.0 38081.0 39408.0 40329.0 40906.0 41194.0
18 1.0 280.13643034194615 64.89921128918289 -0.1597693607600474 0.6268551576414518 0.4581956253432469 0.13345350539112144 -0.2565288682686882 0.07613612977153913 14698.0 37442.0 68115.0 101321.0 132625.0 159455.0 180824.0 196751.0 207777.0 214647.0 218134.0 218946.0 217693.0 214881.0 210921.0 206139.0
19 1.0 313.2043733688549 40.8679672880391 -0.1597693607600474 0.6268551576414518 0.4581956253432469 0.13345350539112144 -0.2565288682686882 0.07613612977153913 7532.0 20265.0 38578.0 59625.0 80639.0 99720.0 115882.0 128813.00000000001 138614.0 145600.0 150170.0 152735.0 153672.0 153318.0 151955.0 149820.0
20 1.0 352.30260320379506 -41.34097705703137 -0.1597693607600474 0.6268551576414518 0.4581956253432469 0.13345350539112144 -0.2565288682686882 0.07613612977153913 12960.0 30556.0 53118.0 76876.0 98960.0 117795.0 132820.0 144100.0 152018.0 157079.0 159798.0 160650.0 160043.0 158321.0 155763.0 152594.0
21 1.0 287.6970831180205 -66.33309612759703 -0.1597693607600474 0.6268551576414518 0.4581956253432469 0.13345350539112144 -0.2565288682686882 0.07613612977153913 14796.0 31855.0 52191.0 72534.0 90730.0 105766.0 117414.0 125885.0 131589.0 134988.0 136531.0 136614.0 135572.0 133681.0 131165.0 128201.00000000001
22 1.0 166.13257041105547 -80.03262232418437 -0.1597693607600474 0.6268551576414518 0.4581956253432469 0.13345350539112144 -0.2565288682686882 0.07613612977153913 21134.0 49312.0 84624.0 120845.0 153557.0 180566.0 201304.0 216131.0 225828.0 231296.0 233399.0 232898.0 230428.0 226505.0 221538.0 215850.0
23 1.0 280.99050346312396 -35.712245793430355 -0.1597693607600474 0.6268551576414518 0.4581956253432469 0.13345350539112144 -0.2565288682686882 0.07613612977153913 4187.0 9148.0 15134.0 21183.0 26638.0 31177.0 34713.0 37296.0 39044.0 40092.0 40576.0 40616.0 40316.0 39760.0 39019.0 38146.0
24 1.0 42.57879331281596 -42.818733136857915 -0.1597693607600474 0.6268551576414518 0.4581956253432469 0.13345350539112144 -0.2565288682686882 0.07613612977153913 16257.0 40480.0 72534.0 106758.0 138668.0 165757.0 187133.0 202901.0 213667.0 220225.0 223377.0 223851.0 222269.0 219145.0 214893.0 209838.0
25 1.0 230.3715676779086 -7.894697975913658 -0.1597693607600474 0.6268551576414518 0.4581956253432469 0.13345350539112144 -0.2565288682686882 0.07613612977153913 8847.0 22414.0 40951.0 61452.0 81303.0 98865.0 113387.0 124727.0 133086.0 138827.0 142364.0 144100.0 144396.0 143565.0 141867.0 139515.0
26 1.0 51.607183467256704 32.990640398582485 -0.1597693607600474 0.6268551576414518 0.4581956253432469 0.13345350539112144 -0.2565288682686882 0.07613612977153913 13882.0 31446.0 53282.0 75792.0 96393.0 113747.0 127436.0 137593.0 144617.0 148998.0 151227.0 151748.0 150941.0 149122.0 146549.0 143429.0
27 1.0 340.0808101378502 35.21258021499429 -0.1597693607600474 0.6268551576414518 0.4581956253432469 0.13345350539112144 -0.2565288682686882 0.07613612977153913 11533.0 29715.0 54702.0 82299.0 108863.0 132145.0 151157.0 165759.0 176283.0 183272.0 187320.0 188997.0 188804.0 187168.0 184441.0 180909.0
28 1.0 187.8653958300258 -38.96660761521 -0.1597693607600474 0.6268551576414518 0.4581956253432469 0.13345350539112144 -0.2565288682686882 0.07613612977153913 15895.0 39860.0 71720.0 105835.0 137706.0 164804.0 186217.0 202035.0 212858.0 219474.0 222682.0 223209.0 221676.0 218598.0 214386.0 209369.0
29 1.0 149.2782983965885 -21.61314793797831 -0.1597693607600474 0.6268551576414518 0.4581956253432469 0.13345350539112144 -0.2565288682686882 0.07613612977153913 4887.0 13623.0 26662.0 42137.0 58044.0 72892.0 85819.0 96467.0 104812.0 111021.0 115349.0 118079.0 119485.0 119817.0 119294.0 118099.0
0 1.0 95.24002035766571 -57.39282688735745 -0.1597693607600474 0.6268551576414518 0.4581956253432469 0.13345350539112144 -0.2565288682686882 0.07613612977153913 13272.0 33892.0 61899.0 92478.0 121578.0 146781.0 167093.0 182451.0 193294.0 200266.0 204056.0 205305.0 204572.0 202328.0 198956.0 194764.0
1 1.0 278.724128196318 51.93819221517336 -0.1597693607600474 0.6268551576414518 0.4581956253432469 0.13345350539112144 -0.2565288682686882 0.07613612977153913 9814.0 26004.0 48819.0 74518.0 99667.0 122037.0 140571.0 155032.0 165658.0 172912.0 177332.0 179441.0 179712.0 178550.0 176292.0 173215.0
2 1.0 164.21411959795748 -79.76734624201674 -0.1597693607600474 0.6268551576414518 0.4581956253432469 0.13345350539112144 -0.2565288682686882 0.07613612977153913 21099.0 49309.0 84700.0 121025.0 153844.0 180949.0 201763.0 216646.0 226381.0 231871.0 233984.0 233484.0 231007.0 227072.0 222091.0 216385.0
3 1.0 204.63622159271347 35.459503510497726 -0.1597693607600474 0.6268551576414518 0.4581956253432469 0.13345350539112144 -0.2565288682686882 0.07613612977153913 13246.0 34046.0 62387.0 93367.0 122846.0 148358.0 168893.0 184393.0 195310.0 202304.0 206077.0 207281.0 206487.0 204170.0 200720.0 196447.0
4 1.0 6.764328157087851 50.1651712693986 -0.1597693607600474 0.6268551576414518 0.4581956253432469 0.13345350539112144 -0.2565288682686882 0.07613612977153913 19812.0 47565.0 83071.0 119983.0 153632.0 181608.0 203218.0 218764.0 229016.0 234887.0 237264.0 236930.0 234544.0 230640.0 225646.0 219893.0
5 1.0 222.34877894731574 49.93336113277556 -0.1597693607600474 0.6268551576414518 0.4581956253432469 0.13345350539112144 -0.2565288682686882 0.07613612977153913 14053.0 36008.0 65788.0 98189.0 128870.00000000001 155282.0 176416.0 192253.0 203298.0 210262.0 213892.0 214876.0 213812.0 211196.0 207431.0 202840.0
6 1.0 220.3544601800717 -43.303938417836115 -0.1597693607600474 0.6268551576414518 0.4581956253432469 0.13345350539112144 -0.2565288682686882 0.07613612977153913 15478.0 35978.0 61926.0 88952.0 113824.0 134820.0 151379.0 163637.0 172072.0 177288.0 179888.0 180420.0 179352.0 177072.0 173896.0 170073.0
7 1.0 222.0962388749125 -22.713635172138936 -0.1597693607600474 0.6268551576414518 0.4581956253432469 0.13345350539112144 -0.2565288682686882 0.07613612977153913 11989.0 29332.0 52254.0 76920.0 100236.0 120401.0 136693.0 149089.0 157932.0 163722.0 166989.0 168228.0 167874.0 166293.0 163785.0 160595.0
8 1.0 339.7493082652647 15.76793433535002 -0.1597693607600474 0.6268551576414518 0.4581956253432469 0.13345350539112144 -0.2565288682686882 0.07613612977153913 7929.0 20652.0 38477.0 58582.0 78369.0 96126.0 111010.0 122797.0 131630.0 137836.0 141808.0 143937.0 144581.0 144054.0 142619.0 140492.0
9 1.0 245.45530767725404 -40.892057563595934 -0.1597693607600474 0.6268551576414518 0.4581956253432469 0.13345350539112144 -0.2565288682686882 0.07613612977153913 10048.0 22522.0 38025.0 54090.0 68924.0 81565.0 91684.0 99334.0 104765.0 108299.0 110268.0 110980.0 110701.0 109657.0 108033.0 105981.0
10 1.0 129.42284420656296 -23.246496140780025 -0.1597693607600474 0.6268551576414518 0.4581956253432469 0.13345350539112144 -0.2565288682686882 0.07613612977153913 2468.0 7340.0 15086.0 24774.0 35196.0 45336.0 54528.0 62423.0 68909.0 74019.0 77868.0 80608.0 82399.0 83396.0 83739.0 83551.0
11 1.0 157.33150336776293 -54.530229566584865 -0.1597693607600474 0.6268551576414518 0.4581956253432469 0.13345350539112144 -0.2565288682686882 0.07613612977153913 15064.0 38229.0 69354.0 102951.0 134539.0 161548.0 183005.0 198951.0 209947.0 216755.0 220160.0 220878.0 219525.0 216614.0 212557.0 207680.0
12 1.0 251.14723053381536 -7.225940923918671 -0.1597693607600474 0.6268551576414518 0.4581956253432469 0.13345350539112144 -0.2565288682686882 0.07613612977153913 3863.0 10052.0 18841.0 28940.0 39102.0 48455.0 56524.0 63136.0 68305.0 72150.0 74837.0 76542.0 77434.0 77666.0 77370.0 76658.0
13 1.0 21.68116978653714 -81.96978577425946 -0.1597693607600474 0.6268551576414518 0.4581956253432469 0.13345350539112144 -0.2565288682686882 0.07613612977153913 20864.0 47974.0 81631.0 115981.0 146930.0 172466.0 192086.0 206138.0 215360.0 220597.0 222657.0 222254.0 219984.0 216331.0 211682.0 206340.0
14 1.0 240.03601756044037 53.96325922271123 -0.1597693607600474 0.6268551576414518 0.4581956253432469 0.13345350539112144 -0.2565288682686882 0.07613612977153913 13300.0 34348.0 63125.0 94643.0 124664.0 150652.0 171566.0 187340.0 198434.0 205524.0 209329.0 210515.0 209667.0 207270.0 203722.0 199341.0
15 1.0 241.4296330625374 -76.1478395424061 -0.1597693607600474 0.6268551576414518 0.4581956253432469 0.13345350539112144 -0.2565288682686882 0.07613612977153913 19802.0 44033.0 73496.0 103235.0 129890.0 151850.0 168739.0 180875.0 188887.0 193491.0 195369.0 195124.0 193263.0 190198.0 186259.0 181706.0
16 1.0 75.73772198658273 3.3903267896746883 -0.1597693607600474 0.6268551576414518 0.4581956253432469 0.13345350539112144 -0.2565288682686882 0.07613612977153913 4140.0 10419.0 19087.0 28844.0 38508.0 47289.0 54782.0 60858.0 65556.0 69005.0 71370.0 72823.0 73524.0 73617.0 73226.0 72455.0
17 1.0 46.41346715574719 -34.7741820818647 -0.1597693607600474 0.6268551576414518 0.4581956253432469 0.13345350539112144 -0.2565288682686882 0.07613612977153913 14766.0 37007.0 66679.0 98611.0 128621.00000000001 154315.0 174785.0 190063.0 200670.0 207314.0 210725.0 211576.0 210447.0 207817.0 204080.0 199544.0
18 1.0 113.55420633270619 13.957730789647584 -0.1597693607600474 0.6268551576414518 0.4581956253432469 0.13345350539112144 -0.2565288682686882 0.07613612977153913 710.0 1961.0 3859.0 6172.0 8627.0 11001.0 13152.0 15006.0 16540.0 17764.0 18703.0 19391.0 19864.0 20156.0 20298.0 20317.0
19 1.0 130.93587753934415 82.69800135001651 -0.1597693607600474 0.6268551576414518 0.4581956253432469 0.13345350539112144 -0.2565288682686882 0.07613612977153913 18771.0 42572.0 71989.0 102036.0 129214.0 151779.0 169263.0 181932.0 190395.0 195362.0 197523.0 197491.0 195783.0 192823.0 188949.0 184429.0
20 1.0 205.27083735043666 26.20264400208069 -0.1597693607600474 0.6268551576414518 0.4581956253432469 0.13345350539112144 -0.2565288682686882 0.07613612977153913 12781.0 33143.0 61102.0 91843.0 121232.0 146767.0 167399.0 183036.0 194103.0 201247.0 205161.0 206494.0 205813.0 203596.0 200232.0 196032.0
21 1.0 157.89654484643532 -83.63476156401164 -0.1597693607600474 0.6268551576414518 0.4581956253432469 0.13345350539112144 -0.2565288682686882 0.07613612977153913 21276.0 49374.0 84451.0 120346.0 152715.0 179415.0 199901.0 214539.0 224107.0 229496.0 231561.0 231053.0 228598.0 224708.0 219786.0 214150.0
22 1.0 355.8145817013214 -12.527560888548976 -0.1597693607600474 0.6268551576414518 0.4581956253432469 0.13345350539112144 -0.2565288682686882 0.07613612977153913 11442.0 28433.0 51142.0 75764.0 99168.0 119498.0 135990.0 148589.0 157624.0 163584.0 166998.0 168359.0 168105.0 166604.0 164161.0 161020.0
23 1.0 36.736131869290105 1.803033417285036 -0.1597693607600474 0.6268551576414518 0.4581956253432469 0.13345350539112144 -0.2565288682686882 0.07613612977153913 15149.0 37101.0 65873.0 96477.0 125009.00000000001 149297.0 168558.0 182875.0 192767.0 198918.0 202024.0 202722.0 201558.0 198985.0 195371.0 191008.0
24 1.0 75.19563219414049 6.511949046621353 -0.1597693607600474 0.6268551576414518 0.4581956253432469 0.13345350539112144 -0.2565288682686882 0.07613612977153913 4269.0 10621.0 19305.0 29006.0 38552.0 47176.0 54494.0 60393.0 64928.0 68234.0 70479.0 71836.0 72465.0 72507.0 72084.0 71296.0
25 1.0 58.07142643859865 32.65065190869082 -0.1597693607600474 0.6268551576414518 0.4581956253432469 0.13345350539112144 -0.2565288682686882 0.07613612977153913 11967.0 26917.0 45463.0 64589.99999999999 82134.0 96961.0 108713.0 117488.0 123615.0 127502.0 129559.00000000001 130157.0 129618.00000000001 128207.99999999999 126145.0 123602.0
26 1.0 235.11899716754343 -40.032702408282105 -0.1597693607600474 0.6268551576414518 0.4581956253432469 0.13345350539112144 -0.2565288682686882 0.07613612977153913 11991.0 27387.0 46755.0 66945.0 85623.0 101524.0 114213.0 123759.0 130486.99999999999 134816.0 137177.0 137963.0 137517.0 136123.0 134017.0 131387.0
27 1.0 91.18497691432157 -66.80509821606236 -0.1597693607600474 0.6268551576414518 0.4581956253432469 0.13345350539112144 -0.2565288682686882 0.07613612977153913 17010.0 42284.0 75601.0 111022.0 143895.0 171665.0 193455.0 209416.0 220208.0 226673.0 229650.0 229897.0 228058.0 224662.0 220133.0 214805.0
28 1.0 167.87187822827028 -19.31837822152302 -0.1597693607600474 0.6268551576414518 0.4581956253432469 0.13345350539112144 -0.2565288682686882 0.07613612977153913 8780.0 23390.0 44120.0 67630.0 90799.0 111563.0 128909.0 142574.0 152737.0 159796.0 164226.0 166496.0 167035.0 166215.0 164348.0 161689.0
29 1.0 87.99321312057698 82.1530301032708 -0.1597693607600474 0.6268551576414518 0.4581956253432469 0.13345350539112144 -0.2565288682686882 0.07613612977153913 19315.0 43467.0 73123.0 103266.0 130425.00000000001 152896.0 170248.0 182772.0 191090.0 195921.0 197960.0 197821.0 196018.0 192977.0 189033.0 184454.0
0 1.0 57.2290501123871 -56.31643948484795 -0.1597693607600474 0.6268551576414518 0.4581956253432469 0.13345350539112144 -0.2565288682686882 0.07613612977153913 16696.0 41513.0 74273.0 109162.0 141603.0 169064.0 190662.0 206529.0 217301.0 223799.0 226847.0 227188.0 225457.0 222177.0 217766.0 212556.0
1 1.0 39.73505081914985 72.71711188708267 -0.1597693607600474 0.6268551576414518 0.4581956253432469 0.13345350539112144 -0.2565288682686882 0.07613612977153913 20655.0 46415.0 77929.0 109829.0 138440.0 161993.0 180071.0 193019.0 201523.0 206359.0 208271.0 207912.0 205830.0 202468.0 198182.0 193251.0
2 1.0 236.27865220749842 7.885071013918747 -0.1597693607600474 0.6268551576414518 0.4581956253432469 0.13345350539112144 -0.2565288682686882 0.07613612977153913 7443.0 19489.0 36424.0 55561.0 74416.0 91350.0 105552.0 116806.0 125248.0 131189.0 135001.0 137058.0 137701.0 137226.0 135885.0 133884.0
3 1.0 49.74586248550097 -7.755944103762147 -0.1597693607600474 0.6268551576414518 0.4581956253432469 0.13345350539112144 -0.2565288682686882 0.07613612977153913 11909.0 29445.0 52769.0 77955.0 101807.0 122454.0 139143.0 151842.0 160900.0 166831.0 170176.0 171444.0 171081.0 169462.0 166896.0 163632.0
4 1.0 70.76965020481926 68.76745384138013 -0.1597693607600474 0.6268551576414518 0.4581956253432469 0.13345350539112144 -0.2565288682686882 0.07613612977153913 17727.0 38741.0 64027.0 89428.0 112159.0 130902.99999999999 145358.0 155799.0 162752.0 166818.0 168568.0 168509.0 167064.0 164582.0 161341.0 157562.0
5 1.0 132.74106143794708 -7.451286881654539 -0.1597693607600474 0.6268551576414518 0.4581956253432469 0.13345350539112144 -0.2565288682686882 0.07613612977153913 1196.0 3690.0 7816.999999999999 13165.0 19107.0 25068.0 30636.0 35568.0 39755.0 43181.0 45885.0 47933.0 49406.0 50384.0 50945.0 51159.0
6 1.0 295.55756274525663 40.350174590077785 -0.1597693607600474 0.6268551576414518 0.4581956253432469 0.13345350539112144 -0.2565288682686882 0.07613612977153913 5773.0 15956.999999999998 31002.0 48684.0 66689.0 83340.0 97704.0 109425.0 118518.0 125202.00000000001 129786.00000000001 132599.0 133958.0 134145.0 133402.0 131937.0
7 1.0 34.956459285502056 -18.17544209344163 -0.1597693607600474 0.6268551576414518 0.4581956253432469 0.13345350539112144 -0.2565288682686882 0.07613612977153913 15457.0 38503.0 69059.0 101769.0 132363.0 158434.0 179100.0 194432.0 204989.0 211511.0 214756.0 215414.0 214078.0 211239.0 207295.0 202559.0
8 1.0 301.6601666995694 72.7279907221724 -0.1597693607600474 0.6268551576414518 0.4581956253432469 0.13345350539112144 -0.2565288682686882 0.07613612977153913 17940.0 44148.0 78369.0 114478.0 147781.0 175752.0 197573.0 213449.0 224085.0 230353.0 233115.0 233143.0 231088.0 227486.0 222763.0 217254.0
9 1.0 34.59542684182671 34.20450363442093 -0.1597693607600474 0.6268551576414518 0.4581956253432469 0.13345350539112144 -0.2565288682686882 0.07613612977153913 17963.0 41743.0 71631.0 102482.0 130590.00000000001 154056.0 172326.0 185636.0 194590.0 199913.0 202316.0 202429.0 200791.0 197839.0 193928.0 189337.0
10 1.0 351.5254074048225 35.931969765093015 -0.1597693607600474 0.6268551576414518 0.4581956253432469 0.13345350539112144 -0.2565288682686882 0.07613612977153913 14629.0 36936.0 66874.0 99227.0 129722.0 155887.0 176766.0 192371.0 203220.0 210027.0 213536.0 214430.0 213302.0 210643.0 206851.0 202245.0
11 1.0 168.71443259317257 -31.010327719718596 -0.1597693607600474 0.6268551576414518 0.4581956253432469 0.13345350539112144 -0.2565288682686882 0.07613612977153913 10982.0 28846.0 53750.0 81523.0 108441.0 132156.0 151605.0 166604.0 177462.0 184718.0 188969.0 190791.0 190696.0 189118.0 186419.0 182889.0
12 1.0 351.6339917485214 46.22015569264005 -0.1597693607600474 0.6268551576414518 0.4581956253432469 0.13345350539112144 -0.2565288682686882 0.07613612977153913 16714.0 41643.0 74590.0 109693.0 142337.0 169965.0 191688.0 207639.0 218460.0 224980.0 228028.0 228354.0 226598.0 223285.0 218837.0 213587.0
13 1.0 217.74438710821656 24.490989980485438 -0.1597693607600474 0.6268551576414518 0.4581956253432469 0.13345350539112144 -0.2565288682686882 0.07613612977153913 11956.0 31187.0 57765.0 87157.0 115411.0 140097.0 160162.0 175474.0 186411.0 193574.0 197612.0 199142.0 198708.0 196766.0 193692.0 189789.0
14 1.0 266.1348885833886 -46.79635079165228 -0.1597693607600474 0.6268551576414518 0.4581956253432469 0.13345350539112144 -0.2565288682686882 0.07613612977153913 8666.0 18588.0 30401.0 42244.0 52892.0 61761.0 68707.0 73836.0 77368.0 79560.0 80661.0 80896.0 80457.0 79503.0 78165.0 76548.0
15 1.0 14.107605211555443 -61.103011952653844 -0.1597693607600474 0.6268551576414518 0.4581956253432469 0.13345350539112144 -0.2565288682686882 0.07613612977153913 18688.0 43803.0 75507.0 108284.0 138140.0 163027.0 182352.0 196371.0 205743.0 211248.0 213651.0 213632.0 211765.0 208519.0 204271.0 199317.0
16 1.0 101.81050652750744 53.35046541311971 -0.1597693607600474 0.6268551576414518 0.4581956253432469 0.13345350539112144 -0.2565288682686882 0.07613612977153913 9525.0 20288.0 33011.0 45684.0 57010.0 66387.0 73682.0 79025.0 82663.0 84875.0 85932.0 86075.0 85510.0 84407.0 82903.0 81108.0
17 1.0 43.270762036740805 82.64998854634004 -0.1597693607600474 0.6268551576414518 0.4581956253432469 0.13345350539112144 -0.2565288682686882 0.07613612977153913 20435.0 46462.0 78583.0 111283.0 140728.0 165041.0 183752.0 197191.0 206052.0 211128.0 213184.0 212892.0 210815.0 207413.0 203053.0 198022.0
18 1.0 106.61047110797217 -7.535011093192281 -0.1597693607600474 0.6268551576414518 0.4581956253432469 0.13345350539112144 -0.2565288682686882 0.07613612977153913 801.0 2430.0 5116.0 8616.0 12547.0 16547.0 20343.0 23761.0 26715.0 29176.0 31156.0 32689.999999999996 33825.0 34609.0 35095.0 35327.0
19 1.0 42.74197882352786 16.377149758263286 -0.1597693607600474 0.6268551576414518 0.4581956253432469 0.13345350539112144 -0.2565288682686882 0.07613612977153913 14479.0 34402.0 60006.0 86943.0 111914.0 133122.0 149942.0 162470.0 171162.0 176608.0 179406.0 180102.0 179168.0 176995.0 173899.0 170137.0
20 1.0 114.47394458183138 64.39007595483983 -0.1597693607600474 0.6268551576414518 0.4581956253432469 0.13345350539112144 -0.2565288682686882 0.07613612977153913 12958.0 28180.0 46531.0 65074.00000000001 81818.0 95788.0 106728.0 114792.0 120327.0 123739.0 125427.00000000001 125749.0 125011.00000000001 123464.0 121314.0 118727.0
21 1.0 149.13467802528118 -7.699778396305732 -0.1597693607600474 0.6268551576414518 0.4581956253432469 0.13345350539112144 -0.2565288682686882 0.07613612977153913 3238.0 9172.0 18206.0 29135.0 40578.0 51453.0 61097.0 69200.0 75697.0 80671.0 84279.0 86708.0 88145.0 88767.0 88727.0 88161.0
22 1.0 23.09309868556237 81.3374058298925 -0.1597693607600474 0.6268551576414518 0.4581956253432469 0.13345350539112144 -0.2565288682686882 0.07613612977153913 20768.0 47561.0 80764.0 114628.0 145140.0 170327.0 189693.0 203580.0 212710.0 217914.0 219985.0 219626.0 217421.0 213850.0 209291.0 204044.0
23 1.0 249.28996297320714 13.63520916807704 -0.1597693607600474 0.6268551576414518 0.4581956253432469 0.13345350539112144 -0.2565288682686882 0.07613612977153913 4891.0 13210.0 25306.0 39389.0 53656.0 66815.0 78154.0 87405.0 94585.0 99866.0 103491.0 105721.0 106801.0 106956.0 106376.0 105225.0
24 1.0 203.97652351436705 57.738081726236686 -0.1597693607600474 0.6268551576414518 0.4581956253432469 0.13345350539112144 -0.2565288682686882 0.07613612977153913 15487.0 38207.0 68130.0 100040.0 129823.0 155180.0 175278.0 190199.0 200488.0 206863.0 210057.0 210738.0 209479.0 206755.0 202951.0 198372.0
25 1.0 95.54021673820034 73.5918693142929 -0.1597693607600474 0.6268551576414518 0.4581956253432469 0.13345350539112144 -0.2565288682686882 0.07613612977153913 17146.0 37672.0 62504.00000000001 87557.0 110066.0 128694.0 143117.0 153585.0 160604.0 164759.0 166611.0 166659.0 165323.0 162947.0 159808.0 156124.0
26 1.0 188.36929924801188 56.7942873783424 -0.1597693607600474 0.6268551576414518 0.4581956253432469 0.13345350539112144 -0.2565288682686882 0.07613612977153913 14512.0 35190.0 62182.0 90876.0 117666.0 140535.0 158744.0 172355.0 181834.0 187808.0 190916.0 191749.0 190814.0 188535.0 185258.0 181257.0
27 1.0 33.818583873039 -61.30539657918793 -0.1597693607600474 0.6268551576414518 0.4581956253432469 0.13345350539112144 -0.2565288682686882 0.07613612977153913 19052.0 45747.0 79965.0 115628.0 148235.0 175443.0 196550.0 211821.0 221978.0 227889.0 230400.0 230266.0 228120.0 224481.0 219762.0 214288.0
28 1.0 207.34073840022455 23.201719031106066 -0.1597693607600474 0.6268551576414518 0.4581956253432469 0.13345350539112144 -0.2565288682686882 0.07613612977153913 12652.0 32889.0 60735.0 91400.0 120755.0 146288.0 166939.0 182607.0 193710.0 200893.0 204843.0 206210.0 205560.0 203370.0 200030.0 195852.0
29 1.0 334.5466311274371 -18.28183344845813 -0.1597693607600474 0.6268551576414518 0.4581956253432469 0.13345350539112144 -0.2565288682686882 0.07613612977153913 5579.0 13948.0 25386.0 38130.0 50614.0 61820.0 71248.0 78765.0 84455.0 88514.0 91177.0 92682.0 93247.0 93064.0 92297.0 91080.0
0 1.0 114.68482288247652 -78.71166863579778 -0.1597693607600474 0.6268551576414518 0.4581956253432469 0.13345350539112144 -0.2565288682686882 0.07613612977153913 20352.0 48532.0 84388.0 121518.0 155258.0 183234.0 204785.0 220239.0 230385.0 236146.0 238415.0 237980.0 235501.0 231513.0 226442.0 220621.0
1 1.0 240.2677367869254 -13.674194659828444 -0.1597693607600474 0.6268551576414518 0.4581956253432469 0.13345350539112144 -0.2565288682686882 0.07613612977153913 6617.0 16561.0 30131.0 45205.0 59917.0 73064.0 84071.0 92795.0 99350.0 103975.0 106956.0 108578.0 109101.0 108753.0 107727.0 106182.0
2 1.0 47.447230465581185 -43.436867959906614 -0.1597693607600474 0.6268551576414518 0.4581956253432469 0.13345350539112144 -0.2565288682686882 0.07613612977153913 15709.0 39260.0 70550.0 104079.0 135448.0 162170.0 183337.0 199021.0 209799.0 216435.0 219709.0 220331.0 218913.0 215959.0 211876.0 206988.0
3 1.0 257.8777934826836 62.82689551713193 -0.1597693607600474 0.6268551576414518 0.4581956253432469 0.13345350539112144 -0.2565288682686882 0.07613612977153913 14493.0 37015.0 67458.0 100475.0 131647.0 158403.0 179743.0 195675.0 206727.0 213639.0 217175.0 218039.0 216840.0 214081.0 210172.0 205438.0
4 1.0 104.1861934609924 -84.00516722159469 -0.1597693607600474 0.6268551576414518 0.4581956253432469 0.13345350539112144 -0.2565288682686882 0.07613612977153913 21097.0 49305.0 84688.0 120998.0 153797.0 180881.0 201675.0 216541.0 226263.0 231743.0 233849.0 233344.0 230865.0 226930.0 221950.0 216246.0
5 1.0 65.94889032256206 82.61688993542523 -0.1597693607600474 0.6268551576414518 0.4581956253432469 0.13345350539112144 -0.2565288682686882 0.07613612977153913 19964.0 45095.0 75999.0 107413.0 135693.0 159058.0 177061.0 190017.0 198584.0 203519.0 205552.0 205325.0 203379.0 200152.0 195998.0 191193.0
6 1.0 211.14465653162995 -26.033607275052667 -0.1597693607600474 0.6268551576414518 0.4581956253432469 0.13345350539112144 -0.2565288682686882 0.07613612977153913 14256.0 35123.0 62670.0 92162.0 119824.0 143511.0 162417.0 176577.0 186460.0 192711.0 195990.0 196908.0 195993.0 193684.0 190340.0 186246.0
7 1.0 7.238716627497679 -25.792759727542276 -0.1597693607600474 0.6268551576414518 0.4581956253432469 0.13345350539112144 -0.2565288682686882 0.07613612977153913 14663.0 35933.0 63858.0 93615.0 121415.0 145133.0 163995.0 178062.0 187828.0 193949.0 197098.0 197889.0 196854.0 194433.0 190986.0 186798.0
8 1.0 298.4184105182507 -87.06086951693258 -0.1597693607600474 0.6268551576414518 0.4581956253432469 0.13345350539112144 -0.2565288682686882 0.07613612977153913 20943.0 47429.0 79978.0 112995.0 142631.0 167026.0 185739.0 199127.0 207902.0 212876.0 214821.0 214417.0 212232.0 208727.0 204271.0 199150.0
9 1.0 1.6903714293169436 -56.65818145748689 -0.1597693607600474 0.6268551576414518 0.4581956253432469 0.13345350539112144 -0.2565288682686882 0.07613612977153913 17113.0 39711.0 68130.0 97514.0 124347.0 146813.0 164370.0 177222.0 185933.0 191181.0 193634.0 193891.0 192461.0 189763.0 186133.0 181838.0
10 1.0 244.01395324664284 -17.773289855350427 -0.1597693607600474 0.6268551576414518 0.4581956253432469 0.13345350539112144 -0.2565288682686882 0.07613612977153913 6056.0 14936.0 26946.0 40220.0 53140.0 64677.0 74341.0 82016.0 87806.0 91920.0 94605.0 96107.0 96651.0 96431.0 95616.0 94341.0
11 1.0 97.20287034917935 77.27245511448851 -0.1597693607600474 0.6268551576414518 0.4581956253432469 0.13345350539112144 -0.2565288682686882 0.07613612977153913 18057.0 40070.0 66872.0 94008.0 118430.0 138654.0 154311.0 165663.0 173262.0 177742.0 179716.0 179728.0 178235.0 175613.0 172165.0 168129.0
12 1.0 264.66984796413414 -72.06931256017117 -0.1597693607600474 0.6268551576414518 0.4581956253432469 0.13345350539112144 -0.2565288682686882 0.07613612977153913 17848.0 38931.0 64257.99999999999 89667.0 112383.0 131097.0 145517.0 155920.0 162839.0 166873.0 168596.0 168513.0 167051.0 164555.0 161304.0 157518.0
13 1.0 346.38787624227774 80.15427602623433 -0.1597693607600474 0.6268551576414518 0.4581956253432469 0.13345350539112144 -0.2565288682686882 0.07613612977153913 20642.0 48340.0 83175.0 119013.0 151464.0 178325.0 199006.0 213842.0 223592.0 229141.0 231342.0 230946.0 228583.0 224767.0 219903.0 214313.0
14 1.0 89.55113166718489 66.5079354983938 -0.1597693607600474 0.6268551576414518 0.4581956253432469 0.13345350539112144 -0.2565288682686882 0.07613612977153913 15302.0 33106.0 54419.0 75800.0 94962.0 110815.0 123104.0 132042.0 138058.0 141639.0 143258.0 143335.0 142223.0 140217.0 137550.0 134412.0
15 1.0 207.4166403904213 -8.25076855664068 -0.1597693607600474 0.6268551576414518 0.4581956253432469 0.13345350539112144 -0.2565288682686882 0.07613612977153913 13034.0 33384.0 61058.0 91288.0 120059.0 144974.0 165053.0 180236.0 190956.0 197854.0 201608.0 202852.0 202141.0 199937.0 196619.0 192490.0
16 1.0 213.13509525786205 -31.19384128171319 -0.1597693607600474 0.6268551576414518 0.4581956253432469 0.13345350539112144 -0.2565288682686882 0.07613612977153913 14651.0 35532.0 62783.00000000001 91739.0 118759.0 141810.0 160151.0 173847.0 183373.0 189362.0 192465.0 193275.0 192306.0 189987.0 186665.0 182616.0
17 1.0 206.01068608471442 -48.10605672976977 -0.1597693607600474 0.6268551576414518 0.4581956253432469 0.13345350539112144 -0.2565288682686882 0.07613612977153913 17816.0 42116.0 73067.0 105304.0 134858.0 159646.0 179018.0 193179.0 202746.0 208472.0 211104.0 211308.0 209653.0 206604.0 202535.0 197744.0
18 1.0 80.30938775062259 20.603647165837387 -0.1597693607600474 0.6268551576414518 0.4581956253432469 0.13345350539112144 -0.2565288682686882 0.07613612977153913 4191.0 9788.0 17054.0 24872.0 32345.0 38936.0 44412.0 48737.0 51989.0 54294.0 55798.0 56638.0 56941.0 56815.0 56354.0 55632.0
19 1.0 342.9896441461146 -84.04657353440899 -0.1597693607600474 0.6268551576414518 0.4581956253432469 0.13345350539112144 -0.2565288682686882 0.07613612977153913 20653.0 46789.0 78929.0 111554.0 140860.0 165004.0 183544.0 196825.0 205550.0 210514.0 212482.0 212122.0 209996.0 206562.0 202181.0 197140.0
20 1.0 160.96513630234585 -87.19090839957092 -0.1597693607600474 0.6268551576414518 0.4581956253432469 0.13345350539112144 -0.2565288682686882 0.07613612977153913 21287.0 48955.0 83289.0 118302.0 149813.0 175776.0 195689.0 209918.0 219221.0 224467.0 226482.0 225996.0 223618.0 219840.0 215057.0 209575.0
21 1.0 304.707122089606 -12.816769950317195 -0.1597693607600474 0.6268551576414518 0.4581956253432469 0.13345350539112144 -0.2565288682686882 0.07613612977153913 1027.0 2797.0 5446.0 8646.0 12025.0 15290.0 18251.0 20810.0 22935.0 24634.0 25939.0 26896.0 27551.0 27952.0 28141.0 28158.0
22 1.0 251.81253911430156 -77.74666668455036 -0.1597693607600474 0.6268551576414518 0.4581956253432469 0.13345350539112144 -0.2565288682686882 0.07613612977153913 19770.0 43851.0 73075.0 102539.0 128926.00000000001 150655.0 167360.0 179361.0 187283.0 191833.0 193687.0 193442.0 191598.0 188562.0 184661.0 180153.0
23 1.0 107.07730230784811 -44.65062211570328 -0.1597693607600474 0.6268551576414518 0.4581956253432469 0.13345350539112144 -0.2565288682686882 0.07613612977153913 7749.0 20687.0 39174.0 60319.0 81351.0 100391.0 116474.0 129308.0 139008.0 145897.0 150379.0 152867.0 153739.0 153329.0 151921.0 149749.0
24 1.0 292.9672150928918 -50.19103523770491 -0.1597693607600474 0.6268551576414518 0.4581956253432469 0.13345350539112144 -0.2565288682686882 0.07613612977153913 8281.0 17646.0 28707.0 39714.0 49545.0 57683.0 64021.99999999999 68675.0 71859.0 73815.0 74776.0 74950.0 74513.0 73610.0 72360.0 70859.0
25 1.0 142.74206670491446 -44.425585129886656 -0.1597693607600474 0.6268551576414518 0.4581956253432469 0.13345350539112144 -0.2565288682686882 0.07613612977153913 9619.0 25498.0 47902.0 73176.0 97946.0 120018.0 138337.0 152661.0 163214.0 170447.0 174883.0 177036.0 177369.0 176283.0 174109.0 171119.0
26 1.0 317.1971509600182 -66.4100583812536 -0.1597693607600474 0.6268551576414518 0.4581956253432469 0.13345350539112144 -0.2565288682686882 0.07613612977153913 15294.0 33501.0 55510.0 77731.0 97731.0 114328.0 127224.0 136628.0 142980.0 146788.0 148547.0 148695.0 147604.0 145579.0 142867.0 139663.0
27 1.0 209.25823414890914 -87.83347987842222 -0.1597693607600474 0.6268551576414518 0.4581956253432469 0.13345350539112144 -0.2565288682686882 0.07613612977153913 21229.0 48453.0 82071.0 116258.0 146979.0 172274.0 191670.0 205533.0 214604.0 219726.0 221705.0 221247.0 218945.0 215279.0 210629.0 205297.0
28 1.0 317.424730267747 -69.21282651502534 -0.1597693607600474 0.6268551576414518 0.4581956253432469 0.13345350539112144 -0.2565288682686882 0.07613612977153913 16343.0 35880.0 59503.0 83336.0 104756.0 122497.0 136249.0 146247.0 152970.0 156972.0 158784.0 158878.0 157653.0 155435.0 152488.0 149020.0
29 1.0 249.3113724279957 21.32644671229461 -0.1597693607600474 0.6268551576414518 0.4581956253432469 0.13345350539112144 -0.2565288682686882 0.07613612977153913 5688.0 15378.0 29429.0 45721.0 62144.0 77215.0 90132.0 100613.0 108699.0 114605.0 118619.0 121046.0 122171.0 122249.0 121501.0 120109.0
0 1.0 261.09154073507057 85.36611830724905 -0.1597693607600474 0.6268551576414518 0.4581956253432469 0.13345350539112144 -0.2565288682686882 0.07613612977153913 19723.0 46350.0 79989.0 114742.0 146342.0 172613.0 192940.0 207612.0 217344.0 222979.0 225336.0 225143.0 223010.0 219438.0 214823.0 209480.0
1 1.0 180.47677749361281 88.26210028096091 -0.1597693607600474 0.6268551576414518 0.4581956253432469 0.13345350539112144 -0.2565288682686882 0.07613612977153913 19732.0 45571.0 77844.0 110970.0 140980.0 165882.0 185135.0 199035.0 208264.0 213620.0 215877.0 215718.0 213720.0 210353.0 205994.0 200938.0
2 1.0 344.1901085003606 -16.37026283284891 -0.1597693607600474 0.6268551576414518 0.4581956253432469 0.13345350539112144 -0.2565288682686882 0.07613612977153913 8104.0 20139.0 36379.0 54217.0 71434.0 86653.0 99249.0 109106.0 116401.0 121442.0 124582.0 126164.0 126497.0 125848.99999999999 124442.0 122461.0
3 1.0 231.83647172266947 -60.66820331161104 -0.1597693607600474 0.6268551576414518 0.4581956253432469 0.13345350539112144 -0.2565288682686882 0.07613612977153913 17404.0 38702.0 64704.0 91096.0 114906.0 134676.0 150025.0 161196.0 168714.0 173190.0 175218.0 175323.0 173952.0 171471.0 168176.0 164299.0
4 1.0 152.5878174809447 24.977116325975274 -0.1597693607600474 0.6268551576414518 0.4581956253432469 0.13345350539112144 -0.2565288682686882 0.07613612977153913 4218.0 10939.0 20442.0 31321.0 42228.0 52230.0 60828.0 67841.0 73294.0 77322.0 80104.0 81834.0 82696.0 82853.0 82449.0 81605.0
5 1.0 218.30155708605275 -1.7450376212273113 -0.1597693607600474 0.6268551576414518 0.4581956253432469 0.13345350539112144 -0.2565288682686882 0.07613612977153913 11390.0 29203.0 53558.0 80350.0 106058.0 128532.00000000001 146842.0 160874.0 170962.0 177637.0 181478.0 183036.0 182795.0 181169.0 178495.0 175048.0
6 1.0 6.909551391360069 88.09375991119765 -0.1597693607600474 0.6268551576414518 0.4581956253432469 0.13345350539112144 -0.2565288682686882 0.07613612977153913 20189.0 46610.0 79570.0 113352.0 143906.0 169213.0 188737.0 202792.0 212084.0 217434.0 219634.0 219384.0 217271.0 213775.0 209278.0 204081.0
7 1.0 108.56693400283775 -78.24524271267956 -0.1597693607600474 0.6268551576414518 0.4581956253432469 0.13345350539112144 -0.2565288682686882 0.07613612977153913 20229.0 48347.0 84187.0 121342.0 155133.0 183170.0 204780.0 220287.0 230477.0 236273.0 238568.0 238152.0 235685.0 231705.0 226638.0 220819.0
8 1.0 237.66247349736662 50.98219889648635 -0.1597693607600474 0.6268551576414518 0.4581956253432469 0.13345350539112144 -0.2565288682686882 0.07613612977153913 12883.0 33388.0 61529.0 92455.0 122006.0 147667.0 168387.0 184076.0 195166.0 202312.0 206210.0 207516.0 206801.0 204544.0 201137.0 196894.0
9 1.0 104.42793859575987 -38.0882704803311 -0.1597693607600474 0.6268551576414518 0.4581956253432469 0.13345350539112144 -0.2565288682686882 0.07613612977153913 5660.0 15440.0 29766.0 46525.0 63546.00000000001 79263.0 92807.0 103849.0 112407.0 118687.0 122984.0 125608.0 126860.0 127006.00000000001 126276.0 124866.0
10 1.0 222.48555443958296 -46.54464838621668 -0.1597693607600474 0.6268551576414518 0.4581956253432469 0.13345350539112144 -0.2565288682686882 0.07613612977153913 15739.0 36195.0 61877.0 88483.0 112873.0 133403.0 149551.0 161472.0 169647.0 174671.0 177139.0 177586.0 176472.0 174177.0 171008.0 167211.0
11 1.0 154.35673234047582 29.250822875881667 -0.1597693607600474 0.6268551576414518 0.4581956253432469 0.13345350539112144 -0.2565288682686882 0.07613612977153913 4959.0 12643.0 23334.0 35414.0 47389.0 58258.0 67506.0 74971.0 80706.0 84877.0 87695.0 89379.0 90134.0 90141.0 89556.0 88509.0
12 1.0 48.770663120082084 -45.70862670162639 -0.1597693607600474 0.6268551576414518 0.4581956253432469 0.13345350539112144 -0.2565288682686882 0.07613612977153913 15851.0 39595.0 71118.0 104873.0 136428.0 163287.0 184541.0 200271.0 211062.0 217687.0 220933.0 221517.0 220053.0 217049.0 212915.0 207975.0
13 1.0 107.38163734417108 29.854641160653784 -0.1597693607600474 0.6268551576414518 0.4581956253432469 0.13345350539112144 -0.2565288682686882 0.07613612977153913 2474.0 5622.0 9578.0 13710.0 17546.0 20826.0 23453.0 25434.0 26833.0 27733.0 28223.0 28383.0 28286.0 27992.0 27551.0 27002.0
14 1.0 205.18736785245537 3.11553309641198 -0.1597693607600474 0.6268551576414518 0.4581956253432469 0.13345350539112144 -0.2565288682686882 0.07613612977153913 12654.0 32825.0 60536.0 91022.0 120186.0 145545.0 166050.0 181607.0 192632.0 199765.0 203690.0 205050.0 204408.0 202237.0 198922.0 194775.0
15 1.0 212.71419404934235 -13.663982081547132 -0.1597693607600474 0.6268551576414518 0.4581956253432469 0.13345350539112144 -0.2565288682686882 0.07613612977153913 12852.0 32439.999999999996 58820.0 87481.0 114684.0 138220.0 157194.0 171563.0 181737.0 188315.0 191933.0 193182.0 192581.0 190564.0 187487.0 183635.0
16 1.0 206.75708958584838 9.843805559055411 -0.1597693607600474 0.6268551576414518 0.4581956253432469 0.13345350539112144 -0.2565288682686882 0.07613612977153913 12499.0 32502.999999999996 60048.0 90405.0 119486.0 144805.0 165303.0 180874.0 191928.0 199097.0 203062.0 204463.0 203861.0 201728.0 198450.0 194336.0
17 1.0 235.1522951485681 -38.330726414466646 -0.1597693607600474 0.6268551576414518 0.4581956253432469 0.13345350539112144 -0.2565288682686882 0.07613612977153913 11602.0 26625.0 45608.0 65464.99999999999 83889.0 99618.0 112207.0 121710.0 128435.0 132794.0 135204.0 136054.0 135679.0 134361.0 132332.0 129778.0
18 1.0 234.757177200608 37.1834471291362 -0.1597693607600474 0.6268551576414518 0.4581956253432469 0.13345350539112144 -0.2565288682686882 0.07613612977153913 10755.0 28254.0 52657.0 79883.0 106283.0 129555.0 148653.0 163393.0 174077.0 181229.0 185434.0 187256.0 187196.0 185679.0 183060.0 179623.0
19 1.0 155.31063675623062 -15.325763519958471 -0.1597693607600474 0.6268551576414518 0.4581956253432469 0.13345350539112144 -0.2565288682686882 0.07613612977153913 5214.0 14376.0 27908.0 43834.0 60091.0 75176.0 88237.0 98940.0 107282.0 113449.0 117709.0 120355.0 121670.0 121908.0 121290.0 120002.0
20 1.0 322.75677450638267 -25.101799112539396 -0.1597693607600474 0.6268551576414518 0.4581956253432469 0.13345350539112144 -0.2565288682686882 0.07613612977153913 3830.0 9435.0 17052.0 25537.0 33876.0 41401.0 47778.0 52909.0 56838.0 59686.0 61603.0 62741.00000000001 63244.99999999999 63239.0 62833.0 62116.0
21 1.0 132.32227321724275 59.158244620032804 -0.1597693607600474 0.6268551576414518 0.4581956253432469 0.13345350539112144 -0.2565288682686882 0.07613612977153913 10662.0 23674.0 39698.0 56182.0 71307.0 84122.0 94321.0 101983.0 107377.0 110844.0 112727.0 113341.0 112959.0 111809.0 110079.0 107921.0
22 1.0 156.91137309562566 76.4940441515746 -0.1597693607600474 0.6268551576414518 0.4581956253432469 0.13345350539112144 -0.2565288682686882 0.07613612977153913 17201.0 39258.0 66723.0 94969.0 120686.0 142183.0 158965.0 171240.0 179549.0 184544.0 186863.0 187080.0 185680.0 183065.0 179558.0 175413.0
23 1.0 321.092407805642 -81.71868404028655 -0.1597693607600474 0.6268551576414518 0.4581956253432469 0.13345350539112144 -0.2565288682686882 0.07613612977153913 20053.0 44958.0 75392.0 106194.0 133833.0 156608.0 174114.0 186679.0 194958.0 199697.0 201609.0 201323.0 199365.0 196165.0 192065.0 187335.0
24 1.0 290.22983605659084 -48.12714129064221 -0.1597693607600474 0.6268551576414518 0.4581956253432469 0.13345350539112144 -0.2565288682686882 0.07613612977153913 7553.0 16091.999999999998 26151.0 36128.0 45001.0 52314.0 57983.0 62125.0 64944.0 66666.0 67501.0 67639.0 67236.0 66423.0 65306.0 63966.99999999999
25 1.0 253.39989007453187 -27.266513491338614 -0.1597693607600474 0.6268551576414518 0.4581956253432469 0.13345350539112144 -0.2565288682686882 0.07613612977153913 5336.0 12514.0 21859.0 31930.0 41565.0 50065.0 57120.0 62684.0 66852.0 69792.0 71689.0 72726.0 73066.0 72854.0 72209.0 71233.0
26 1.0 36.0816794324284 56.693966286644525 -0.1597693607600474 0.6268551576414518 0.4581956253432469 0.13345350539112144 -0.2565288682686882 0.07613612977153913 20149.0 45360.0 76253.0 107567.0 135689.0 158872.0 176695.0 189488.0 197917.0 202742.0 204689.0 204400.0 202410.0 199156.0 194989.0 190180.0
27 1.0 331.0137409480825 87.38845697579356 -0.1597693607600474 0.6268551576414518 0.4581956253432469 0.13345350539112144 -0.2565288682686882 0.07613612977153913 20207.0 46922.0 80376.0 114738.0 145854.0 171644.0 191544.0 205869.0 215336.0 220782.0 223015.0 222751.0 220589.0 217019.0 212430.0 207131.0
28 1.0 257.1268678376801 84.41490684066332 -0.1597693607600474 0.6268551576414518 0.4581956253432469 0.13345350539112144 -0.2565288682686882 0.07613612977153913 19601.0 46214.0 79915.0 114787.0 146528.0 172937.0 193383.0 208151.0 217955.0 223640.0 226029.0 225853.0 223727.0 220151.0 215528.0 210171.0
29 1.0 359.5849223644319 72.89070219898684 -0.1597693607600474 0.6268551576414518 0.4581956253432469 0.13345350539112144 -0.2565288682686882 0.07613612977153913 20976.0 49123.0 84493.0 120837.0 153700.0 180860.0 201730.0 216664.0 226441.0 231966.0 234107.0 233626.0 231164.0 227239.0 222264.0 216561.0
0 1.0 53.80138967687775 -36.619872288474625 -0.1597693607600474 0.6268551576414518 0.4581956253432469 0.13345350539112144 -0.2565288682686882 0.07613612977153913 13621.0 34318.0 62118.0 92233.0 120722.0 145282.0 164996.0 179844.0 190280.0 196947.0 200523.0 201636.0 200832.0 198567.0 195215.0 191073.0
1 1.0 312.52538065255715 88.56202381460534 -0.1597693607600474 0.6268551576414518 0.4581956253432469 0.13345350539112144 -0.2565288682686882 0.07613612977153913 20043.0 46490.0 79593.0 113594.0 144391.0 169926.0 189643.0 203849.0 213250.0 218673.0 220916.0 220683.0 218570.0 215059.0 210538.0 205309.0
2 1.0 58.497456483494936 -45.10439260983878 -0.1597693607600474 0.6268551576414518 0.4581956253432469 0.13345350539112144 -0.2565288682686882 0.07613612977153913 14237.0 35883.0 64922.99999999999 96324.0 125961.99999999999 151442.0 171828.0 187118.0 197802.0 204563.0 208116.0 209118.0 208141.0 205662.0 202068.0 197667.0
3 1.0 221.6014431421839 -70.9368921211982 -0.1597693607600474 0.6268551576414518 0.4581956253432469 0.13345350539112144 -0.2565288682686882 0.07613612977153913 19995.0 44962.0 75561.0 106598.0 134498.0 157524.0 175249.0 187993.0 196410.0 201248.0 203225.0 202977.0 201035.0 197833.0 193718.0 188962.0
4 1.0 44.57519382579895 81.17146998997094 -0.1597693607600474 0.6268551576414518 0.4581956253432469 0.13345350539112144 -0.2565288682686882 0.07613612977153913 20459.0 46367.0 78268.0 110699.0 139876.0 163952.0 182473.0 195770.0 204531.0 209546.0 211570.0 211269.0 209202.0 205824.0 201497.0 196506.0
5 1.0 305.2829625560044 -47.98435401574267 -0.1597693607600474 0.6268551576414518 0.4581956253432469 0.13345350539112144 -0.2565288682686882 0.07613612977153913 7628.0 16553.0 27321.0 38240.0 48154.0 56485.0 63066.0 67971.0 71388.0 73548.0 74680.0 74992.0 74665.0 73847.0 72664.0 71212.0
6 1.0 290.63482514100383 34.15828771399508 -0.1597693607600474 0.6268551576414518 0.4581956253432469 0.13345350539112144 -0.2565288682686882 0.07613612977153913 3866.0 11060.0 22073.0 35421.0 49400.0 62674.99999999999 74428.0 84281.0 92157.0 98160.0 102487.0 105369.0 107039.0 107712.0 107580.0 106809.0
7 1.0 204.8762659012536 -79.49585538349405 -0.1597693607600474 0.6268551576414518 0.4581956253432469 0.13345350539112144 -0.2565288682686882 0.07613612977153913 21142.0 48206.0 81616.0 115595.0 146137.0 171295.0 190596.0 204401.0 213444.0 218561.0 220552.0 220119.0 217850.0 214221.0 209613.0 204323.0
8 1.0 146.58598700135988 41.52763784294572 -0.1597693607600474 0.6268551576414518 0.4581956253432469 0.13345350539112144 -0.2565288682686882 0.07613612977153913 6005.0 14364.0 25413.0 37444.0 49030.0 59290.0 67819.0 74538.0 79555.0 83067.0 85302.0 86484.0 86817.0 86477.0 85615.0 84353.0
9 1.0 24.900118363849696 68.70963822009114 -0.1597693607600474 0.6268551576414518 0.4581956253432469 0.13345350539112144 -0.2565288682686882 0.07613612977153913 21248.0 48422.0 81947.0 116024.0 146637.0 171841.0 191167.0 204981.0 214020.0 219126.0 221100.0 220647.0 218356.0 214704.0 210073.0 204760.0
10 1.0 251.07435833204292 -40.96135881612675 -0.1597693607600474 0.6268551576414518 0.4581956253432469 0.13345350539112144 -0.2565288682686882 0.07613612977153913 9007.0 19997.0 33550.0 47521.0 60374.0 71301.0 80037.0 86640.0 91333.0 94399.0 96125.0 96774.0 96575.0 95720.0 94367.0 92645.0
11 1.0 163.27536576410478 -21.76975870606286 -0.1597693607600474 0.6268551576414518 0.4581956253432469 0.13345350539112144 -0.2565288682686882 0.07613612977153913 8021.0 21521.0 40832.0 62895.99999999999 84794.0 104556.0 121186.0 134397.0 144324.0 151318.0 155812.0 158240.0 159002.0 158448.0 156873.0 154519.0
12 1.0 259.94001580932525 -22.6266870022351 -0.1597693607600474 0.6268551576414518 0.4581956253432469 0.13345350539112144 -0.2565288682686882 0.07613612977153913 3529.0 8474.0 15073.0 22337.0 29414.0 35764.0 41124.0 45428.0 48724.0 51119.0 52740.0 53715.0 54164.0 54190.0 53881.0 53313.0
13 1.0 311.8976373343065 44.781886357223954 -0.1597693607600474 0.6268551576414518 0.4581956253432469 0.13345350539112144 -0.2565288682686882 0.07613612977153913 8638.0 23013.0 43451.0 66691.0 89655.0 110290.0 127571.99999999999 141222.0 151404.0 158504.0 162987.0 165315.0 165916.0 165156.0 163348.0 160746.0
14 1.0 351.1877418010389 -47.19469634297301 -0.1597693607600474 0.6268551576414518 0.4581956253432469 0.13345350539112144 -0.2565288682686882 0.07613612977153913 13790.0 32088.0 55291.0 79519.0 101888.0 120848.0 135876.0 147076.0 154860.0 159757.0 162298.0 162969.0 162185.0 160295.0 157581.0 154267.0
15 1.0 308.08920326133995 -59.06644217142426 -0.1597693607600474 0.6268551576414518 0.4581956253432469 0.13345350539112144 -0.2565288682686882 0.07613612977153913 11998.0 25965.0 42725.0 59605.0 74811.0 87477.0 97386.0 104686.0 109699.0 112794.0 114333.0 114639.0 113989.0 112609.0 110686.0 108368.0
16 1.0 4.21707030660071 -9.127503236207147 -0.1597693607600474 0.6268551576414518 0.4581956253432469 0.13345350539112144 -0.2565288682686882 0.07613612977153913 13697.0 34103.0 61257.0 90488.0 118018.0 141673.0 160612.0 174847.0 184829.0 191188.0 194579.0 195606.0 194796.0 192585.0 189332.0 185320.0
17 1.0 129.592103212211 -35.19568667208249 -0.1597693607600474 0.6268551576414518 0.4581956253432469 0.13345350539112144 -0.2565288682686882 0.07613612977153913 5128.0 14310.0 28016.0 44271.0 60957.0 76503.0 90009.0 101109.0 109790.0 116234.0 120716.0 123536.0 124982.0 125317.00000000001 124768.0 123527.0
18 1.0 262.7966024726609 61.05404200655744 -0.1597693607600474 0.6268551576414518 0.4581956253432469 0.13345350539112144 -0.2565288682686882 0.07613612977153913 13702.0 35241.0 64571.0 96589.0 126999.0 153251.0 174316.0 190154.0 201246.0 208287.0 212011.0 213099.0 212140.0 209628.0 205964.0 201468.0
19 1.0 61.78668381411859 -47.20647131718502 -0.1597693607600474 0.6268551576414518 0.4581956253432469 0.13345350539112144 -0.2565288682686882 0.07613612977153913 14135.0 35674.0 64611.0 95934.0 125527.0 150990.0 171379.0 186688.0 197398.0 204189.0 207772.0 208804.0 207856.0 205404.0 201833.0 197455.0
20 1.0 187.57317823348654 0.4301023480670665 -0.1597693607600474 0.6268551576414518 0.4581956253432469 0.13345350539112144 -0.2565288682686882 0.07613612977153913 11419.0 29843.0 55377.0 83704.0 111023.0 134975.0 154519.0 169502.0 180269.0 187384.0 191465.0 193104.0 192823.0 191063.0 188190.0 184496.0
21 1.0 19.561675802131305 79.66504794562746 -0.1597693607600474 0.6268551576414518 0.4581956253432469 0.13345350539112144 -0.2565288682686882 0.07613612977153913 20921.0 47972.0 81511.0 115721.0 146538.0 171967.0 191508.0 205509.0 214702.0 219927.0 221991.0 221600.0 219349.0 215721.0 211098.0 205784.0
22 1.0 71.99874896270403 24.119585594038938 -0.1597693607600474 0.6268551576414518 0.4581956253432469 0.13345350539112144 -0.2565288682686882 0.07613612977153913 6516.0 14958.0 25704.0 37071.0 47771.0 57068.0 64668.0 70557.0 74875.0 77826.0 79629.0 80495.0 80611.0 80135.0 79204.0 77926.0
23 1.0 6.66784600582103 66.11209298324366 -0.1597693607600474 0.6268551576414518 0.4581956253432469 0.13345350539112144 -0.2565288682686882 0.07613612977153913 21093.0 49389.0 84926.0 121422.0 154403.0 181643.0 202560.0 217514.0 227291.0 232801.0 234918.0 234407.0 231912.0 227952.0 222942.0 217205.0
24 1.0 285.7311732086714 79.23774408385813 -0.1597693607600474 0.6268551576414518 0.4581956253432469 0.13345350539112144 -0.2565288682686882 0.07613612977153913 19159.0 46118.0 80733.0 116845.0 149877.0 177440.0 198816.0 214272.0 224539.0 230500.0 233016.0 232850.0 230649.0 226937.0 222135.0 216571.0
25 1.0 80.61288770173685 45.13767513954335 -0.1597693607600474 0.6268551576414518 0.4581956253432469 0.13345350539112144 -0.2565288682686882 0.07613612977153913 9613.0 20554.0 33546.0 46541.0 58191.0 67857.0 75388.0 80908.0 84667.0 86954.0 88048.0 88199.0 87621.0 86490.0 84948.0 83110.0
26 1.0 124.32660505088496 35.92351084045525 -0.1597693607600474 0.6268551576414518 0.4581956253432469 0.13345350539112144 -0.2565288682686882 0.07613612977153913 3317.0 7641.0 13182.0 19095.0 24722.0 29676.0 33791.0 37044.0 39490.0 41224.0 42351.0 42976.0 43191.0 43080.0 42713.0 42147.0
27 1.0 334.1092656476127 84.23380198876086 -0.1597693607600474 0.6268551576414518 0.4581956253432469 0.13345350539112144 -0.2565288682686882 0.07613612977153913 20366.0 47589.0 81801.0 117001.0 148896.0 175325.0 195703.0 210351.0 220008.0 225537.0 227771.0 227447.0 225182.0 221480.0 216741.0 211279.0
28 1.0 253.5891846924718 88.99214213658229 -0.1597693607600474 0.6268551576414518 0.4581956253432469 0.13345350539112144 -0.2565288682686882 0.07613612977153913 19903.0 46135.0 78965.0 112692.0 143252.0 168603.0 188190.0 202315.0 211676.0 217089.0 219346.0 219144.0 217072.0 213611.0 209144.0 203971.0
29 1.0 11.462014631270826 -8.672097119443265 -0.1597693607600474 0.6268551576414518 0.4581956253432469 0.13345350539112144 -0.2565288682686882 0.07613612977153913 15197.0 37841.0 67875.0 100051.0 130178.99999999999 155889.0 176303.0 191484.0 201971.0 208486.0 211770.0 212499.0 211255.0 208522.0 204691.0 200071.0
0 1.0 59.289896339248585 -77.2434399268425 -0.1597693607600474 0.6268551576414518 0.4581956253432469 0.13345350539112144 -0.2565288682686882 0.07613612977153913 20488.0 48486.0 83928.0 120518.0 153711.0 181208.0 202380.0 217562.0 227532.0 233197.0 235432.0 235010.0 232579.0 228663.0 223680.0 217958.0
1 1.0 223.73222453991488 -37.29707434070661 -0.1597693607600474 0.6268551576414518 0.4581956253432469 0.13345350539112144 -0.2565288682686882 0.07613612977153913 13764.0 32286.000000000004 55964.0 80847.0 103939.0 123597.0 139243.0 150951.0 159128.0 164309.0 167039.0 167816.0 167074.0 165174.0 162407.0 159012.0
2 1.0 207.80229189750034 -62.57615297620852 -0.1597693607600474 0.6268551576414518 0.4581956253432469 0.13345350539112144 -0.2565288682686882 0.07613612977153913 19726.0 45342.0 77238.0 109916.0 139487.0 164010.0 182963.0 196642.0 205724.0 210994.0 213214.0 213057.0 211089.0 207774.0 203480.0 198500.0
3 1.0 85.64141569482311 -14.852452536717877 -0.1597693607600474 0.6268551576414518 0.4581956253432469 0.13345350539112144 -0.2565288682686882 0.07613612977153913 3212.0 8660.0 16649.0 26068.0 35757.0 44856.0 52860.0 59552.0 64904.0 69000.0 71974.0 73981.0 75176.0 75701.0 75680.0 75223.0
4 1.0 336.3170392529258 -66.36792087481392 -0.1597693607600474 0.6268551576414518 0.4581956253432469 0.13345350539112144 -0.2565288682686882 0.07613612977153913 16568.0 36969.0 61938.0 87332.0 110286.0 129380.0 144240.0 155085.0 162413.0 166808.0 168837.0 169005.0 167743.0 165402.0 162268.0 158566.0
5 1.0 221.02774414772256 18.741204723758756 -0.1597693607600474 0.6268551576414518 0.4581956253432469 0.13345350539112144 -0.2565288682686882 0.07613612977153913 11202.0 29235.0 54218.0 81939.0 108693.0 132174.0 151363.0 166105.0 176730.0 183782.0 187865.0 189552.0 189353.0 187698.0 184944.0 181379.0
6 1.0 192.827809088985 -21.094549351586267 -0.1597693607600474 0.6268551576414518 0.4581956253432469 0.13345350539112144 -0.2565288682686882 0.07613612977153913 13863.0 35584.0 65098.0 97259.0 127757.00000000001 154047.0 175114.0 190928.0 201980.0 208974.0 212648.0 213685.0 212678.0 210121.0 206415.0 201881.0
7 1.0 212.36759148764554 71.1694591718778 -0.1597693607600474 0.6268551576414518 0.4581956253432469 0.13345350539112144 -0.2565288682686882 0.07613612977153913 17481.0 42138.0 73965.0 107385.0 138180.0 164090.0 184382.0 199239.0 209291.0 215322.0 218111.0 218359.0 216660.0 213504.0 209284.0 204311.0
8 1.0 262.8439306260371 84.20304092373033 -0.1597693607600474 0.6268551576414518 0.4581956253432469 0.13345350539112144 -0.2565288682686882 0.07613612977153913 19601.0 46276.0 80082.0 115075.0 146931.0 173436.0 193954.0 208770.0 218602.0 224298.0 226687.0 226502.0 224360.0 220765.0 216119.0 210738.0
9 1.0 112.30019837265667 8.43928230049599 -0.1597693607600474 0.6268551576414518 0.4581956253432469 0.13345350539112144 -0.2565288682686882 0.07613612977153913 581.0 1679.0 3413.0 5599.0 7990.000000000001 10374.0 12602.0 14584.0 16281.0 17684.0 18806.0 19670.0 20306.0 20741.0 21007.0 21130.0
10 1.0 143.35958239779308 -40.531757423832616 -0.1597693607600474 0.6268551576414518 0.4581956253432469 0.13345350539112144 -0.2565288682686882 0.07613612977153913 8422.0 22579.0 42809.0 65895.0 88770.0 109371.0 126659.0 140341.0 150570.0 157724.0 162262.0 164645.0 165295.0 164582.0 162814.0 160248.0
11 1.0 75.54374963104397 16.601475377130626 -0.1597693607600474 0.6268551576414518 0.4581956253432469 0.13345350539112144 -0.2565288682686882 0.07613612977153913 4785.0 11375.0 20049.0 29482.0 38573.0 46645.0 53384.0 58723.0 62742.00000000001 65589.0 67434.0 68449.0 68790.0 68595.0 67979.0 67040.0
12 1.0 67.02948211692102 71.41700848039378 -0.1597693607600474 0.6268551576414518 0.4581956253432469 0.13345350539112144 -0.2565288682686882 0.07613612977153913 18599.0 40916.0 67881.0 95021.0 119330.0 139374.0 154824.0 165971.0 173379.0 177693.0 179527.0 179423.0 177838.0 175146.0 171644.0 167569.0
13 1.0 339.9740603942161 -16.787997749565307 -0.1597693607600474 0.6268551576414518 0.4581956253432469 0.13345350539112144 -0.2565288682686882 0.07613612977153913 6936.0 17287.0 31333.0 46855.0 61932.0 75348.0 86536.0 95373.0 101991.0 106645.0 109633.0 111247.0 111753.0 111382.0 110328.0 108751.0
14 1.0 266.2382862177435 9.374089804554757 -0.1597693607600474 0.6268551576414518 0.4581956253432469 0.13345350539112144 -0.2565288682686882 0.07613612977153913 1908.0 5480.0 11024.0 17857.0 25142.0 32192.0 38559.0 44013.0 48485.0 52001.0 54643.0 56520.0 57743.0 58421.0 58650.0 58518.0
15 1.0 176.56517110232414 -41.10250183089374 -0.1597693607600474 0.6268551576414518 0.4581956253432469 0.13345350539112144 -0.2565288682686882 0.07613612977153913 14650.0 37358.0 68002.0 101193.0 132490.0 159321.0 180695.0 196629.0 207663.0 214542.0 218037.0 218855.0 217609.0 214803.0 210849.0 206071.0
16 1.0 81.86926607039636 -8.020053098995149 -0.1597693607600474 0.6268551576414518 0.4581956253432469 0.13345350539112144 -0.2565288682686882 0.07613612977153913 3291.0 8682.0 16446.0 25477.0 34661.0 43193.0 50617.0 56748.0 61583.0 65215.99999999999 67790.0 69462.0 70383.0 70693.0 70511.0 69940.0
17 1.0 91.56833343734147 -17.69156363167224 -0.1597693607600474 0.6268551576414518 0.4581956253432469 0.13345350539112144 -0.2565288682686882 0.07613612977153913 2671.0 7395.0 14500.0 23055.0 32016.000000000004 40568.0 48208.0 54694.0 59966.0 64074.99999999999 67129.0 69262.0 70611.0 71306.0 71464.0 71188.0
18 1.0 20.89049771659522 -45.28557628506522 -0.1597693607600474 0.6268551576414518 0.4581956253432469 0.13345350539112144 -0.2565288682686882 0.07613612977153913 17458.0 42317.0 74498.0 108333.0 139522.0 165761.0 186301.0 201328.0 211482.0 217562.0 220358.0 220582.0 218837.0 215620.0 211329.0 206278.0
19 1.0 156.3899852009235 1.0559490885555078 -0.1597693607600474 0.6268551576414518 0.4581956253432469 0.13345350539112144 -0.2565288682686882 0.07613612977153913 4226.0 11584.0 22441.0 35241.0 48349.0 60563.0 71192.0 79953.0 86830.0 91960.0 95551.0 97835.0 99033.0 99351.0 98964.0 98023.0
20 1.0 112.24651751787692 -34.13145132363395 -0.1597693607600474 0.6268551576414518 0.4581956253432469 0.13345350539112144 -0.2565288682686882 0.07613612977153913 4200.0 11809.0 23293.0 37072.0 51387.0 64891.00000000001 76776.0 86684.0 94556.0 100515.0 104769.0 107561.0 109129.0 109695.0 109454.0 108575.0
21 1.0 250.6836559735654 -22.85372450146545 -0.1597693607600474 0.6268551576414518 0.4581956253432469 0.13345350539112144 -0.2565288682686882 0.07613612977153913 5138.0 12386.0 22048.0 32648.000000000004 42932.0 52107.0 59798.0 65914.0 70535.0 73824.0 75973.0 77176.0 77610.0 77432.0 76775.0 75749.0
22 1.0 135.99066214529313 4.494679605767573 -0.1597693607600474 0.6268551576414518 0.4581956253432469 0.13345350539112144 -0.2565288682686882 0.07613612977153913 1237.0 3630.0 7433.0 12223.0 17439.0 22596.0 27357.0 31531.999999999996 35044.0 37887.0 40100.0 41745.0 42895.0 43620.0 43988.0 44062.0
23 1.0 64.65732392146853 45.10710412721775 -0.1597693607600474 0.6268551576414518 0.4581956253432469 0.13345350539112144 -0.2565288682686882 0.07613612977153913 12958.0 28208.0 46593.0 65164.0 81923.0 95893.0 106819.0 114858.0 120358.0 123729.0 125374.00000000001 125651.00000000001 124867.0 123277.0 121088.0 118464.0
24 1.0 8.884342220879242 -29.968656157570443 -0.1597693607600474 0.6268551576414518 0.4581956253432469 0.13345350539112144 -0.2565288682686882 0.07613612977153913 15152.0 36988.0 65541.0 95868.0 124116.0 148147.0 167200.0 181360.0 191144.0 197230.0 200306.0 201000.0 199854.0 197314.0 193744.0 189432.0
25 1.0 24.20986732676949 76.34857799173744 -0.1597693607600474 0.6268551576414518 0.4581956253432469 0.13345350539112144 -0.2565288682686882 0.07613612977153913 21054.0 48053.0 81414.0 115365.0 145899.0 171064.0 190381.0 204206.0 213269.0 218408.0 220418.0 220003.0 217749.0 214134.0 209537.0 204257.0
26 1.0 244.58139845948423 65.21733843046243 -0.1597693607600474 0.6268551576414518 0.4581956253432469 0.13345350539112144 -0.2565288682686882 0.07613612977153913 15755.000000000002 39670.0 71560.0 105776.0 137783.0 165021.0 186558.0 202478.0 213378.0 220048.0 223290.0 223835.0 222308.0 219227.0 215005.0 209974.0
27 1.0 163.33086404017632 -81.23574672440486 -0.1597693607600474 0.6268551576414518 0.4581956253432469 0.13345350539112144 -0.2565288682686882 0.07613612977153913 21178.0 49339.0 84590.0 120724.0 153341.0 180263.0 200928.0 215699.0 225356.0 230798.0 232887.0 232380.0 229911.0 225994.0 221038.0 215362.0
28 1.0 193.16851599914 -44.3443456337719 -0.1597693607600474 0.6268551576414518 0.4581956253432469 0.13345350539112144 -0.2565288682686882 0.07613612977153913 17255.0 42245.0 74838.0 109271.0 141113.0 167959.0 189007.0 204426.0 214860.0 221120.0 224015.0 224274.0 222516.0 219248.0 214881.0 209736.0
29 1.0 322.80166549452315 -9.695607721343649 -0.1597693607600474 0.6268551576414518 0.4581956253432469 0.13345350539112144 -0.2565288682686882 0.07613612977153913 2730.0 7203.0 13659.0 21200.0 28910.0 36123.0 42451.0 47728.0 51938.0 55147.0 57464.0 59015.0 59921.0 60298.0 60246.0 59852.0
0 1.0 356.52202106281356 -71.16698002635466 -0.1597693607600474 0.6268551576414518 0.4581956253432469 0.13345350539112144 -0.2565288682686882 0.07613612977153913 18984.0 43177.0 73082.0 103597.0 131155.0 153992.0 171648.0 184407.0 192898.0 197850.0 199968.0 199873.0 198091.0 195050.0 191094.0 186491.0
1 1.0 78.08291438345061 -27.274321973970522 -0.1597693607600474 0.6268551576414518 0.4581956253432469 0.13345350539112144 -0.2565288682686882 0.07613612977153913 6484.0 16984.0 31826.0 48730.0 65542.0 80803.0 93762.0 104183.0 112143.0 117886.0 121717.0 123952.0 124885.0 124777.0 123848.0 122285.0
2 1.0 238.70815311603627 43.21755461118286 -0.1597693607600474 0.6268551576414518 0.4581956253432469 0.13345350539112144 -0.2565288682686882 0.07613612977153913 11214.0 29400.0 54691.0 82828.0 110037.0 133953.0 153520.0 168568.0 179424.0 186641.0 190830.0 192576.0 192396.0 190730.0 187943.0 184327.0
3 1.0 94.79605562537424 32.49260660570866 -0.1597693607600474 0.6268551576414518 0.4581956253432469 0.13345350539112144 -0.2565288682686882 0.07613612977153913 4118.0 9017.0 14947.0 20950.0 26372.0 30889.0 34415.0 37001.0 38765.0 39841.0 40362.0 40448.0 40197.0 39695.0 39005.0 38183.0
4 1.0 7.434359807662325 22.02919714188087 -0.1597693607600474 0.6268551576414518 0.4581956253432469 0.13345350539112144 -0.2565288682686882 0.07613612977153913 16333.0 40672.0 72878.0 107256.0 139299.0 166493.0 187941.0 203753.0 214541.0 221103.0 224245.0 224701.0 223095.0 219942.0 215659.0 210572.0
5 1.0 273.01631538101094 37.895112490022214 -0.1597693607600474 0.6268551576414518 0.4581956253432469 0.13345350539112144 -0.2565288682686882 0.07613612977153913 5536.0 15311.0 29770.0 46787.0 64135.0 80198.0 94067.0 105392.0 114185.0 120652.0 125090.0 127817.99999999999 129142.0 129333.0 128626.99999999999 127224.0
6 1.0 115.20617429608842 -53.113736347253685 -0.1597693607600474 0.6268551576414518 0.4581956253432469 0.13345350539112144 -0.2565288682686882 0.07613612977153913 10975.0 28595.0 53045.0 80250.0 106597.0 129811.00000000001 148864.0 163577.0 174251.0 181406.0 185625.0 187466.0 187426.0 185931.0 183332.0 179913.0
7 1.0 138.04700190188328 -28.494339324348218 -0.1597693607600474 0.6268551576414518 0.4581956253432469 0.13345350539112144 -0.2565288682686882 0.07613612977153913 4364.0 12351.0 24442.0 38963.0 54040.0 68239.0 80706.0 91063.0 99257.0 105423.0 109790.0 112616.0 114160.0 114657.0 114314.0 113310.0
8 1.0 211.79416087929806 31.723646809943318 -0.1597693607600474 0.6268551576414518 0.4581956253432469 0.13345350539112144 -0.2565288682686882 0.07613612977153913 12875.0 33394.0 61567.0 92534.0 122129.0 147830.0 168582.0 184296.0 195405.0 202563.0 206469.0 207778.0 207063.0 204804.0 201394.0 197146.0
9 1.0 299.17744388502854 68.26225734563889 -0.1597693607600474 0.6268551576414518 0.4581956253432469 0.13345350539112144 -0.2565288682686882 0.07613612977153913 16423.0 41138.0 73922.0 108935.0 141552.0 169195.0 190957.0 206958.0 217835.0 224408.0 227507.0 227881.0 226167.0 222892.0 218478.0 213259.0
10 1.0 226.43346369281355 7.86204968905713 -0.1597693607600474 0.6268551576414518 0.4581956253432469 0.13345350539112144 -0.2565288682686882 0.07613612977153913 9753.0 25318.0 46895.0 70927.0 94258.0 114890.0 131908.0 145133.0 154813.0 161388.0 165360.0 167213.0 167383.0 166241.0 164098.0 161205.0
11 1.0 314.1542359610623 -39.11406282980341 -0.1597693607600474 0.6268551576414518 0.4581956253432469 0.13345350539112144 -0.2565288682686882 0.07613612977153913 5478.0 12408.0 21137.0 30302.0 38878.0 46290.0 52317.0 56963.0 60352.0 62656.0 64055.0 64721.0 64803.0 64428.0 63704.0 62715.00000000001
12 1.0 98.47513253362888 -84.55765355892314 -0.1597693607600474 0.6268551576414518 0.4581956253432469 0.13345350539112144 -0.2565288682686882 0.07613612977153913 21121.0 49258.0 84501.0 120638.0 153267.0 180202.0 200880.0 215662.0 225328.0 230777.0 232871.0 232368.0 229902.0 225988.0 221033.0 215359.0
13 1.0 287.29686020852296 37.8606292153584 -0.1597693607600474 0.6268551576414518 0.4581956253432469 0.13345350539112144 -0.2565288682686882 0.07613612977153913 4883.0 13692.0 26902.0 42631.0 58833.0 73976.0 87172.0 98049.0 106582.0 112939.0 117383.0 120201.0 121673.0 122056.0 121569.0 120401.0
14 1.0 66.8289399501428 -88.58086136848073 -0.1597693607600474 0.6268551576414518 0.4581956253432469 0.13345350539112144 -0.2565288682686882 0.07613612977153913 21254.0 48786.0 82910.0 117686.0 148975.0 174755.0 194530.0 208665.0 217913.0 223133.0 225147.0 224677.0 222327.0 218587.0 213846.0 208411.0
15 1.0 343.0049965099 -22.9177674322208 -0.1597693607600474 0.6268551576414518 0.4581956253432469 0.13345350539112144 -0.2565288682686882 0.07613612977153913 8181.000000000001 20063.0 35929.0 53228.0 69828.0 84430.0 96464.0 105844.0 112755.0 117508.0 120447.0 121903.0 122174.0 121516.0 120141.0 118224.0
16 1.0 247.4957794996135 5.496698621300723 -0.1597693607600474 0.6268551576414518 0.4581956253432469 0.13345350539112144 -0.2565288682686882 0.07613612977153913 4743.0 12645.0 24024.0 37189.0 50467.0 62682.0 73193.0 81768.0 88431.0 93346.0 96736.0 98840.0 99885.0 100073.0 99581.0 98556.0
17 1.0 77.58276376088104 75.98006311809476 -0.1597693607600474 0.6268551576414518 0.4581956253432469 0.13345350539112144 -0.2565288682686882 0.07613612977153913 18696.0 41386.0 68934.0 96750.0 121719.0 142342.0 158260.0 169757.0 177411.0 181877.0 183788.0 183701.0 182087.0 179330.0 175739.0 171556.0
18 1.0 341.0534125760127 -73.89098189407798 -0.1597693607600474 0.6268551576414518 0.4581956253432469 0.13345350539112144 -0.2565288682686882 0.07613612977153913 18790.0 42157.0 70779.0 99829.0 125983.00000000001 147617.0 164324.0 176389.0 184412.0 189084.0 191069.0 190958.0 189247.0 186341.0 182565.0 178176.0
19 1.0 263.1080904372568 -16.930382045708924 -0.1597693607600474 0.6268551576414518 0.4581956253432469 0.13345350539112144 -0.2565288682686882 0.07613612977153913 2422.0 6111.0 11257.0 17121.0 23006.0 28428.0 33128.0 37007.0 40073.0 42390.0 44049.0 45147.0 45777.0 46025.0 45963.0 45657.0
20 1.0 91.4189913342093 -85.6236240521716 -0.1597693607600474 0.6268551576414518 0.4581956253432469 0.13345350539112144 -0.2565288682686882 0.07613612977153913 21185.0 49194.0 84177.0 119987.0 152288.0 178938.0 199392.0 214012.0 223572.0 228963.0 231035.0 230537.0 228098.0 224223.0 219319.0 213701.0
21 1.0 76.79231185229351 -28.33002281851374 -0.1597693607600474 0.6268551576414518 0.4581956253432469 0.13345350539112144 -0.2565288682686882 0.07613612977153913 6960.0 18161.0 33926.0 51806.0 69516.0 85527.0 99062.0 109890.0 118109.0 123985.0 127849.99999999999 130042.99999999999 130878.0 130629.0 129531.0 127781.0
22 1.0 186.55225701503878 22.00159059116308 -0.1597693607600474 0.6268551576414518 0.4581956253432469 0.13345350539112144 -0.2565288682686882 0.07613612977153913 11017.0 28426.0 52362.0 78808.0 104274.0 126605.0 144851.0 158877.0 168997.0 175729.0 179641.0 181276.0 181116.0 179568.0 176972.0 173599.0
23 1.0 9.238578499631366 -39.767769318852295 -0.1597693607600474 0.6268551576414518 0.4581956253432469 0.13345350539112144 -0.2565288682686882 0.07613612977153913 15862.000000000002 38209.0 67112.0 97563.0 125745.0 149588.0 168391.0 182284.0 191812.0 197665.0 200540.0 201066.0 199782.0 197132.0 193475.0 189097.0
24 1.0 74.68922715879938 -52.245009061985684 -0.1597693607600474 0.6268551576414518 0.4581956253432469 0.13345350539112144 -0.2565288682686882 0.07613612977153913 13520.0 34334.0 62472.0 93093.0 122159.0 147281.0 167492.0 182748.0 193496.0 200387.0 204109.0 205303.0 204528.0 202252.0 198856.0 194646.0
25 1.0 152.88676875054225 -69.17341800112314 -0.1597693607600474 0.6268551576414518 0.4581956253432469 0.13345350539112144 -0.2565288682686882 0.07613612977153913 18972.0 46154.0 81296.0 118097.0 151824.0 179992.0 201839.0 217627.0 228104.0 234173.0 236718.0 236523.0 234251.0 230440.0 225519.0 219825.0
26 1.0 134.7011929203212 13.88524392366152 -0.1597693607600474 0.6268551576414518 0.4581956253432469 0.13345350539112144 -0.2565288682686882 0.07613612977153913 1281.0 3622.0 7227.0 11659.0 16385.0 20966.0 25115.0 28683.0 31621.000000000004 33943.0 35700.0 36960.0 37793.0 38269.0 38450.0 38391.0
27 1.0 166.88715277133184 35.14860106284348 -0.1597693607600474 0.6268551576414518 0.4581956253432469 0.13345350539112144 -0.2565288682686882 0.07613612977153913 8102.0 20278.0 36811.0 55050.0 72704.0 88337.0 101289.0 111432.0 118941.0 124134.0 127374.99999999999 129017.0 129378.0 128732.00000000001 127310.0 125299.0
28 1.0 99.94633426610349 30.95228530724802 -0.1597693607600474 0.6268551576414518 0.4581956253432469 0.13345350539112144 -0.2565288682686882 0.07613612977153913 3222.0 7171.0 12027.0 17009.0 21563.0 25397.0 28421.0 30662.0 32207.0 33163.0 33640.0 33737.0 33539.0 33118.0 32532.0 31827.0
29 1.0 211.24236472494076 80.79498372969132 -0.1597693607600474 0.6268551576414518 0.4581956253432469 0.13345350539112144 -0.2565288682686882 0.07613612977153913 18838.0 44334.0 76637.0 110118.0 140668.0 166166.0 185984.0 200373.0 209999.0 215661.0 218141.0 218136.0 216234.0 212917.0 208572.0 203502.0
0 1.0 310.9880181323633 -89.51342149916951 -0.1597693607600474 0.6268551576414518 0.4581956253432469 0.13345350539112144 -0.2565288682686882 0.07613612977153913 21194.0 48381.0 81957.0 116105.0 146795.0 172067.0 191449.0 205305.0 214374.0 219498.0 221482.0 221031.0 218737.0 215080.0 210439.0 205116.0
1 1.0 42.31146814633191 26.49539770092649 -0.1597693607600474 0.6268551576414518 0.4581956253432469 0.13345350539112144 -0.2565288682686882 0.07613612977153913 15527.0 36138.0 62190.0 89268.0 114132.0 135076.0 151557.0 163729.0 172083.0 177227.0 179768.0 180251.0 179145.0 176836.0 173637.0 169796.0
2 1.0 186.2564785754811 18.070602677575124 -0.1597693607600474 0.6268551576414518 0.4581956253432469 0.13345350539112144 -0.2565288682686882 0.07613612977153913 10884.0 28198.0 52084.0 78534.0 104048.0 126450.0 144775.0 158876.0 169065.0 175855.0 179816.0 181492.0 181365.0 179845.0 177270.0 173915.0
3 1.0 47.54451828425519 15.973129794651868 -0.1597693607600474 0.6268551576414518 0.4581956253432469 0.13345350539112144 -0.2565288682686882 0.07613612977153913 13066.0 30943.0 53935.0 78186.0 100756.0 120019.0 135393.0 146940.0 155048.0 160231.0 163016.0 163888.0 163265.0 161500.0 158878.0 155628.0
4 1.0 258.06948522933374 83.29865757124364 -0.1597693607600474 0.6268551576414518 0.4581956253432469 0.13345350539112144 -0.2565288682686882 0.07613612977153913 19491.0 46153.0 80015.0 115117.0 147105.0 173741.0 194374.0 209285.0 219189.0 224938.0 227362.0 227198.0 225065.0 221471.0 216820.0 211429.0
5 1.0 142.58149301062573 -86.96309879339286 -0.1597693607600474 0.6268551576414518 0.4581956253432469 0.13345350539112144 -0.2565288682686882 0.07613612977153913 21302.0 49135.0 83740.0 119067.0 150880.0 177102.0 197215.0 211586.0 220981.0 226275.0 228306.0 227811.0 225404.0 221586.0 216752.0 211215.0
6 1.0 203.55167226906323 35.36683752626102 -0.1597693607600474 0.6268551576414518 0.4581956253432469 0.13345350539112144 -0.2565288682686882 0.07613612977153913 13223.0 33959.0 62196.0 93054.0 122416.0 147826.0 168283.0 183728.0 194609.0 201585.0 205353.0 206563.0 205782.0 203484.0 200056.0 195807.0
7 1.0 65.9807410370683 56.462156946335426 -0.1597693607600474 0.6268551576414518 0.4581956253432469 0.13345350539112144 -0.2565288682686882 0.07613612977153913 15543.0 33620.0 55242.0 76912.0 96311.0 112338.0 124741.0 133742.0 139780.0 143355.0 144946.0 144980.0 143818.0 141755.0 139032.0 135835.0
8 1.0 52.1451933636158 1.7652953918851466 -0.1597693607600474 0.6268551576414518 0.4581956253432469 0.13345350539112144 -0.2565288682686882 0.07613612977153913 11040.0 26913.0 47857.0 70395.0 91723.0 110204.0 125173.0 136599.0 144785.0 150180.0 153261.0 154478.0 154226.0 152840.0 150595.0 147714.0
9 1.0 175.70026103362363 -29.886323472574354 -0.1597693607600474 0.6268551576414518 0.4581956253432469 0.13345350539112144 -0.2565288682686882 0.07613612977153913 12299.0 32010.999999999996 59197.0 89211.0 118019.0 143150.0 163540.0 179068.0 190129.0 197339.0 201368.0 202845.0 202327.0 200280.0 197087.0 193057.0
10 1.0 128.020585625984 52.35122938093289 -0.1597693607600474 0.6268551576414518 0.4581956253432469 0.13345350539112144 -0.2565288682686882 0.07613612977153913 8155.000000000001 18040.0 30203.0 42726.0 54241.0 64024.0 71838.0 77738.0 81925.0 84653.0 86181.0 86747.0 86555.0 85778.0 84558.0 83008.0
11 1.0 338.5555002910127 -72.49627338616357 -0.1597693607600474 0.6268551576414518 0.4581956253432469 0.13345350539112144 -0.2565288682686882 0.07613612977153913 18343.0 41055.0 68842.0 97040.0 122437.0 143465.0 159728.0 171494.0 179342.0 183937.0 185922.0 185866.0 184249.0 181466.0 177831.0 173594.0
12 1.0 275.5170913705075 -10.43358520861345 -0.1597693607600474 0.6268551576414518 0.4581956253432469 0.13345350539112144 -0.2565288682686882 0.07613612977153913 971.0 2685.0 5281.0 8436.0 11779.0 15012.0 17945.0 20481.0 22590.0 24281.0 25588.0 26554.0 27226.0 27650.0 27868.0 27915.0
13 1.0 269.51890314619703 3.5914274227508827 -0.1597693607600474 0.6268551576414518 0.4581956253432469 0.13345350539112144 -0.2565288682686882 0.07613612977153913 1379.0 3981.0 8054.0 13118.0 18573.0 23914.0 28803.0 33058.0 36609.0 39462.0 41665.0 43289.0 44410.0 45105.0 45444.0 45490.0
14 1.0 325.33910630853603 34.91215396821855 -0.1597693607600474 0.6268551576414518 0.4581956253432469 0.13345350539112144 -0.2565288682686882 0.07613612977153913 7896.999999999999 21015.0 39706.0 61035.0 82210.0 101345.0 117482.0 130336.00000000001 140031.0 146898.0 151347.0 153795.0 154623.0 154169.0 152717.0 150501.0
15 1.0 30.032076759126678 -73.6405682341663 -0.1597693607600474 0.6268551576414518 0.4581956253432469 0.13345350539112144 -0.2565288682686882 0.07613612977153913 20297.0 47462.0 81596.0 116702.0 148496.0 174827.0 195117.0 209693.0 219294.0 224783.0 226991.0 226652.0 224384.0 220685.0 215956.0 210510.0
16 1.0 198.78928917206636 -49.00328972318503 -0.1597693607600474 0.6268551576414518 0.4581956253432469 0.13345350539112144 -0.2565288682686882 0.07613612977153913 18126.0 43396.0 75821.0 109714.0 140826.0 166912.0 187269.0 202112.0 212096.0 218026.0 220694.0 220812.0 218980.0 215693.0 211345.0 206250.0
17 1.0 210.4113848240768 -16.14571871577739 -0.1597693607600474 0.6268551576414518 0.4581956253432469 0.13345350539112144 -0.2565288682686882 0.07613612977153913 13333.0 33588.0 60797.0 90282.0 118194.0 142276.0 161631.0 176234.0 186523.0 193123.0 196693.0 197846.0 197116.0 194947.0 191706.0 187683.0
18 1.0 346.2970962770024 22.193041143623518 -0.1597693607600474 0.6268551576414518 0.4581956253432469 0.13345350539112144 -0.2565288682686882 0.07613612977153913 10799.0 27725.0 50969.0 76673.0 101481.0 123305.0 141210.0 155046.0 165098.0 171855.0 175859.0 177630.0 177633.0 176265.0 173854.0 170666.0
19 1.0 105.17310964531758 69.65294061913514 -0.1597693607600474 0.6268551576414518 0.4581956253432469 0.13345350539112144 -0.2565288682686882 0.07613612977153913 15286.0 33383.0 55225.0 77271.0 97117.0 113596.0 126410.0 135761.0 142081.0 145873.0 147623.0 147768.0 146675.0 144650.0 141937.0 138731.0
20 1.0 86.69836076956085 21.388710283447764 -0.1597693607600474 0.6268551576414518 0.4581956253432469 0.13345350539112144 -0.2565288682686882 0.07613612977153913 3117.0 7316.0 12800.0 18739.0 24452.0 29520.0 33749.0 37098.0 39619.0 41403.0 42561.0 43199.0 43418.0 43303.0 42927.0 42350.0
21 1.0 36.10581921557922 -65.9769352317118 -0.1597693607600474 0.6268551576414518 0.4581956253432469 0.13345350539112144 -0.2565288682686882 0.07613612977153913 19534.0 46606.0 81122.0 116958.0 149624.0 176808.0 197840.0 213012.0 223060.0 228862.0 231270.0 231041.0 228811.0 225097.0 220312.0 214780.0
22 1.0 5.9146666529307135 86.50442390171082 -0.1597693607600474 0.6268551576414518 0.4581956253432469 0.13345350539112144 -0.2565288682686882 0.07613612977153913 20356.0 47002.0 80235.0 114281.0 145058.0 170533.0 190170.0 204292.0 213613.0 218964.0 221143.0 220858.0 218700.0 215153.0 210602.0 205348.0
23 1.0 334.6305540451886 66.92143225598872 -0.1597693607600474 0.6268551576414518 0.4581956253432469 0.13345350539112144 -0.2565288682686882 0.07613612977153913 18661.0 45600.0 80550.0 117242.0 150936.0 179121.0 201016.0 216867.0 227412.0 233547.0 236154.0 236016.0 233794.0 230027.0 225146.0 219488.0
24 1.0 241.16995677272763 0.4897370061583217 -0.1597693607600474 0.6268551576414518 0.4581956253432469 0.13345350539112144 -0.2565288682686882 0.07613612977153913 6037.0 15744.000000000002 29418.0 44949.0 60360.0 74321.0 86153.0 95649.0 102888.0 108096.0 111559.0 113566.0 114388.0 114264.0 113397.0 111956.0
25 1.0 282.6550483283296 76.02263672339393 -0.1597693607600474 0.6268551576414518 0.4581956253432469 0.13345350539112144 -0.2565288682686882 0.07613612977153913 18357.0 44804.0 79123.0 115186.0 148347.0 176136.0 197771.0 213479.0 223974.0 230128.0 232803.0 232765.0 230665.0 227032.0 222289.0 216770.0
26 1.0 101.42283807142167 7.448542876284435 -0.1597693607600474 0.6268551576414518 0.4581956253432469 0.13345350539112144 -0.2565288682686882 0.07613612977153913 887.0 2438.0 4778.0 7622.0 10643.0 13577.0 16251.999999999998 18578.0 20522.0 22090.0 23306.0 24209.0 24839.0 25235.0 25435.0 25472.0
27 1.0 211.1076598270776 76.19509222004936 -0.1597693607600474 0.6268551576414518 0.4581956253432469 0.13345350539112144 -0.2565288682686882 0.07613612977153913 18192.0 43272.0 75316.0 108725.0 139347.0 165001.0 185012.0 199599.0 209409.0 215235.0 217855.0 217967.0 216161.0 212923.0 208641.0 203622.0
28 1.0 23.023895803553206 59.38152634860177 -0.1597693607600474 0.6268551576414518 0.4581956253432469 0.13345350539112144 -0.2565288682686882 0.07613612977153913 21111.0 48484.0 82429.0 117039.0 148192.0 173873.0 193582.0 207680.0 216913.0 222136.0 224165.0 223718.0 221397.0 217689.0 212983.0 207582.0
29 1.0 174.82593453646425 84.29155385297352 -0.1597693607600474 0.6268551576414518 0.4581956253432469 0.13345350539112144 -0.2565288682686882 0.07613612977153913 19133.0 44124.0 75348.0 107434.0 136550.0 160761.0 179531.0 193130.0 202207.0 207528.0 209836.0 209792.0 207951.0 204771.0 200614.0 195770.0
0 1.0 351.89825030800085 75.5609059400685 -0.1597693607600474 0.6268551576414518 0.4581956253432469 0.13345350539112144 -0.2565288682686882 0.07613612977153913 20752.0 48777.0 84092.0 120451.0 153376.0 180618.0 201575.0 216590.0 226438.0 232021.0 234207.0 233762.0 231327.0 227421.0 222460.0 216766.0
1 1.0 315.54188831397266 -83.5139128628575 -0.1597693607600474 0.6268551576414518 0.4581956253432469 0.13345350539112144 -0.2565288682686882 0.07613612977153913 20367.0 45777.0 76868.0 108347.0 136589.0 159848.0 177712.0 190517.0 198939.0 203741.0 205658.0 205331.0 203301.0 200006.0 195797.0 190949.0
2 1.0 121.73722266126443 -58.54103925103081 -0.1597693607600474 0.6268551576414518 0.4581956253432469 0.13345350539112144 -0.2565288682686882 0.07613612977153913 13361.0 34243.0 62664.0 93722.0 123280.0 148869.0 169473.0 185032.0 195994.0 203021.0 206814.0 208029.0 207236.0 204913.0 201451.0 197162.0
3 1.0 346.16525563493946 -19.95575812178656 -0.1597693607600474 0.6268551576414518 0.4581956253432469 0.13345350539112144 -0.2565288682686882 0.07613612977153913 8854.0 21823.0 39176.0 58100.0 76245.0 92185.0 105293.0 115478.0 122949.0 128048.0 131156.0 132642.0 132832.0 132009.0 130408.0 128221.0
4 1.0 83.41258552963363 81.38568551317573 -0.1597693607600474 0.6268551576414518 0.4581956253432469 0.13345350539112144 -0.2565288682686882 0.07613612977153913 19322.0 43395.0 72910.0 102882.0 129870.00000000001 152192.0 169423.0 181857.0 190112.0 194906.0 196925.0 196781.0 194985.0 191958.0 188035.0 183481.0
5 1.0 341.75477606964535 -35.99479449433267 -0.1597693607600474 0.6268551576414518 0.4581956253432469 0.13345350539112144 -0.2565288682686882 0.07613612977153913 9629.0 22782.0 39821.0 57983.0 75097.0 89913.0 101933.0 111141.0 117778.0 122195.0 124768.0 125847.99999999999 125748.0 124733.0 123020.0 120788.0
6 1.0 338.8959736943395 -61.11582410023181 -0.1597693607600474 0.6268551576414518 0.4581956253432469 0.13345350539112144 -0.2565288682686882 0.07613612977153913 15301.0 34320.0 57736.0 81675.0 103424.0 121611.0 135847.0 146313.0 153458.0 157822.0 159932.0 160264.0 159221.0 157137.0 154283.0 150875.0
7 1.0 287.71293144686103 69.53483989558077 -0.1597693607600474 0.6268551576414518 0.4581956253432469 0.13345350539112144 -0.2565288682686882 0.07613612977153913 16484.0 41256.0 74088.0 109134.0 141764.0 169407.0 191160.0 207147.0 218007.0 224564.0 227646.0 228005.0 226277.0 222990.0 218565.0 213336.0
8 1.0 226.9612572720448 -9.649005213023472 -0.1597693607600474 0.6268551576414518 0.4581956253432469 0.13345350539112144 -0.2565288682686882 0.07613612977153913 9771.0 24647.0 44854.0 67074.0 88466.0 107278.0 122731.0 134704.0 143440.0 149353.0 152902.0 154530.0 154631.0 153544.0 151549.0 148876.0
9 1.0 314.7436679849809 73.41760698377868 -0.1597693607600474 0.6268551576414518 0.4581956253432469 0.13345350539112144 -0.2565288682686882 0.07613612977153913 18726.0 45632.0 80477.0 117020.0 150558.0 178605.0 200390.0 216162.0 226655.0 232763.0 235359.0 235225.0 233016.0 229269.0 224413.0 218781.0
10 1.0 105.48730242280682 -61.15851606237421 -0.1597693607600474 0.6268551576414518 0.4581956253432469 0.13345350539112144 -0.2565288682686882 0.07613612977153913 14353.0 36449.0 66239.0 98531.0 129038.99999999999 155260.0 176216.0 191903.0 202828.0 209704.0 213271.0 214214.0 213126.0 210499.0 206734.0 202149.0
11 1.0 305.61967991265055 29.00115207145791 -0.1597693607600474 0.6268551576414518 0.4581956253432469 0.13345350539112144 -0.2565288682686882 0.07613612977153913 3420.0 9831.0 19707.0 31756.0 44455.0 56597.0 67425.0 76578.0 83967.0 89670.0 93851.0 96711.0 98454.0 99273.0 99339.0 98802.0
12 1.0 222.43560909030856 -10.75252449069147 -0.1597693607600474 0.6268551576414518 0.4581956253432469 0.13345350539112144 -0.2565288682686882 0.07613612977153913 10906.0 27472.0 49876.0 74384.0 97841.0 118334.0 135043.0 147873.0 157128.0 163285.0 166868.0 168370.0 168232.0 166826.0 164457.0 161377.0
13 1.0 4.765268793203816 -76.23238157454863 -0.1597693607600474 0.6268551576414518 0.4581956253432469 0.13345350539112144 -0.2565288682686882 0.07613612977153913 20086.0 45880.0 77801.0 110351.0 139692.0 163941.0 182618.0 196048.0 204915.0 210012.0 212096.0 211837.0 209796.0 206433.0 202111.0 197118.0
14 1.0 125.00406645559904 35.363366037450106 -0.1597693607600474 0.6268551576414518 0.4581956253432469 0.13345350539112144 -0.2565288682686882 0.07613612977153913 3207.0 7432.0 12880.0 18726.0 24316.0 29259.0 33381.0 36651.0 39120.0 40879.0 42032.0 42679.0 42916.0 42823.0 42472.0 41921.0
15 1.0 53.330709941339414 -45.46822400295233 -0.1597693607600474 0.6268551576414518 0.4581956253432469 0.13345350539112144 -0.2565288682686882 0.07613612977153913 15136.0 37965.0 68418.0 101170.0 131919.0 158207.0 179110.0 194671.0 205433.0 212131.0 215519.0 216289.0 215039.0 212264.0 208362.0 203654.0
16 1.0 353.45858033457114 -82.86920593568681 -0.1597693607600474 0.6268551576414518 0.4581956253432469 0.13345350539112144 -0.2565288682686882 0.07613612977153913 20674.0 46942.0 79291.0 112157.0 141697.0 166043.0 184743.0 198144.0 206950.0 211964.0 213956.0 213600.0 211464.0 208007.0 203595.0 198518.0
17 1.0 172.2133105343957 -79.21002631507682 -0.1597693607600474 0.6268551576414518 0.4581956253432469 0.13345350539112144 -0.2565288682686882 0.07613612977153913 21145.0 49256.0 84448.0 120525.0 153099.0 179991.0 200640.0 215405.0 225064.0 230514.0 232614.0 232120.0 229666.0 225763.0 220822.0 215160.0
18 1.0 179.06089157951857 -79.00586332797828 -0.1597693607600474 0.6268551576414518 0.4581956253432469 0.13345350539112144 -0.2565288682686882 0.07613612977153913 21185.0 49157.0 84086.0 119842.0 152097.0 178715.0 199149.0 213761.0 223321.0 228716.0 230797.0 230311.0 227883.0 224022.0 219130.0 213524.0
19 1.0 230.2101059035405 73.39193234730709 -0.1597693607600474 0.6268551576414518 0.4581956253432469 0.13345350539112144 -0.2565288682686882 0.07613612977153913 17838.0 43313.0 76317.0 111014.0 142978.0 169837.0 190828.0 206148.0 216464.0 222600.0 225373.0 225516.0 223651.0 220286.0 215830.0 210606.0
20 1.0 132.6904582066623 43.17910520923817 -0.1597693607600474 0.6268551576414518 0.4581956253432469 0.13345350539112144 -0.2565288682686882 0.07613612977153913 5284.0 12131.0 20878.0 30172.0 38958.0 46621.0 52907.0 57797.0 61400.0 63882.99999999999 65423.99999999999 66197.0 66355.0 66029.0 65329.0 64344.0
21 1.0 49.284097806815616 71.6512242984723 -0.1597693607600474 0.6268551576414518 0.4581956253432469 0.13345350539112144 -0.2565288682686882 0.07613612977153913 19965.0 44468.0 74285.0 104392.0 131375.0 153598.0 170680.0 182944.0 191029.0 195661.0 197535.0 197261.0 195353.0 192229.0 188223.0 183598.0
22 1.0 295.9623839499284 31.064816033373845 -0.1597693607600474 0.6268551576414518 0.4581956253432469 0.13345350539112144 -0.2565288682686882 0.07613612977153913 3266.0 9475.0 19113.0 30936.0 43450.0 55454.0 66194.0 75298.0 82669.0 88378.0 92582.0 95477.0 97262.0 98127.0 98242.0 97755.0
23 1.0 68.34524828499286 5.2091872255589635 -0.1597693607600474 0.6268551576414518 0.4581956253432469 0.13345350539112144 -0.2565288682686882 0.07613612977153913 6071.0 14909.0 26802.0 39899.0 52613.0 63941.0 73409.0 80909.0 86543.0 90522.0 93089.0 94487.0 94939.0 94639.0 93753.0 92416.0
24 1.0 184.07483371672416 -35.19965441747191 -0.1597693607600474 0.6268551576414518 0.4581956253432469 0.13345350539112144 -0.2565288682686882 0.07613612977153913 14750.0 37555.0 68287.0 101539.0 132869.0 159710.0 181079.0 196998.0 208011.0 214868.0 218341.0 219138.0 217872.0 215048.0 211076.0 206283.0
25 1.0 80.75413043090613 89.63320523916121 -0.1597693607600474 0.6268551576414518 0.4581956253432469 0.13345350539112144 -0.2565288682686882 0.07613612977153913 19986.0 46099.0 78670.0 112062.0 142281.0 167329.0 186672.0 200616.0 209854.0 215194.0 217416.0 217211.0 215160.0 211736.0 207317.0 202201.0
26 1.0 35.22401441785226 -24.805969390909922 -0.1597693607600474 0.6268551576414518 0.4581956253432469 0.13345350539112144 -0.2565288682686882 0.07613612977153913 15689.000000000002 39121.0 70197.0 103456.0 134545.0 161015.0 181974.0 197501.0 208170.0 214738.0 217979.0 218596.0 217192.0 214269.0 210227.0 205388.0
27 1.0 310.388946271806 -5.28318914149628 -0.1597693607600474 0.6268551576414518 0.4581956253432469 0.13345350539112144 -0.2565288682686882 0.07613612977153913 1178.0 3317.0 6606.0 10653.0 14982.0 19200.0 23051.0 26400.0 29198.0 31454.999999999996 33210.0 34517.0 35438.0 36030.0 36348.0 36438.0
28 1.0 350.2510160483269 -21.915868513776886 -0.1597693607600474 0.6268551576414518 0.4581956253432469 0.13345350539112144 -0.2565288682686882 0.07613612977153913 10179.0 24955.0 44578.0 65818.0 86029.0 103639.0 117988.0 129015.99999999999 136988.0 142315.0 145437.0 146776.0 146704.0 145537.0 143537.0 140918.0
29 1.0 345.90047690268005 86.31484728038254 -0.1597693607600474 0.6268551576414518 0.4581956253432469 0.13345350539112144 -0.2565288682686882 0.07613612977153913 20353.0 47218.0 80829.0 115324.0 146541.0 172394.0 192329.0 206666.0 216129.0 221559.0 223769.0 223476.0 221283.0 217680.0 213060.0 207729.0
