idx D_km lam beta x1 y1 z1 x2 y2 z2 flux5 flux6 flux7 flux8 flux9 flux10 flux11 flux12 flux13 flux14 flux15 flux16 flux17 flux18 flux19 flux20
0 1.0 197.5728614138369 73.17998985981222 -0.762234415493766 0.3976006388907743 0.11599678034439703 0.08409977942945282 -0.09344759743809596 -0.0972578559882083 7765.0 24131.0 51544.0 87394.0 127444.0 167693.0 205219.0 238280.0 266095.0 288543.0 305910.0 318692.0 327477.0 332860.0 335402.0 335609.0
1 1.0 257.468171894071 49.328519885754986 -0.762234415493766 0.3976006388907743 0.11599678034439703 0.08409977942945282 -0.09344759743809596 -0.0972578559882083 14487.0 43251.0 89405.0 147415.0 209820.0 270273.0 324593.0 370645.0 407792.0 436339.0 457093.0 471079.0 479360.0 482941.0 482719.0 479473.0
2 1.0 216.99481538579178 -30.033872634844457 -0.762234415493766 0.3976006388907743 0.11599678034439703 0.08409977942945282 -0.09344759743809596 -0.0972578559882083 13206.0 40004.0 83523.0 138727.0 198569.0 256930.0 309703.0 354727.0 391295.0 419622.0 440434.0 454683.0 463371.0 467455.0 467799.0 465153.0
3 1.0 196.15794587888288 -75.40174980216058 -0.762234415493766 0.3976006388907743 0.11599678034439703 0.08409977942945282 -0.09344759743809596 -0.0972578559882083 7049.0 24518.0 55983.0 98955.0 148233.0 198539.0 245865.0 287754.0 323052.0 351523.0 373496.0 389604.0 400601.0 407260.0 410312.0 410412.0
4 1.0 152.5157277620057 -16.69658914551468 -0.762234415493766 0.3976006388907743 0.11599678034439703 0.08409977942945282 -0.09344759743809596 -0.0972578559882083 4666.0 12777.0 25210.0 40635.0 57349.0 73875.0 89180.0 102670.0 114087.0 123407.0 130744.0 136286.0 140252.0 142863.0 144328.0 144839.0
5 1.0 232.5218807039962 -48.19785440923031 -0.762234415493766 0.3976006388907743 0.11599678034439703 0.08409977942945282 -0.09344759743809596 -0.0972578559882083 9135.0 29755.0 65212.99999999999 112125.0 164687.0 217381.0 266212.0 308854.0 344324.0 372544.0 393977.0 409357.0 419517.0 425283.0 427423.0 426620.0
6 1.0 157.5313960545693 -66.15222574356306 -0.762234415493766 0.3976006388907743 0.11599678034439703 0.08409977942945282 -0.09344759743809596 -0.0972578559882083 8345.0 28029.0 62535.99999999999 108738.0 160915.0 213514.0 262458.0 305345.0 341123.0 369675.0 391434.0 407119.0 417555.0 423568.0 425926.0 425312.0
7 1.0 321.03828028154874 -80.38310727837145 -0.762234415493766 0.3976006388907743 0.11599678034439703 0.08409977942945282 -0.09344759743809596 -0.0972578559882083 3471.0 12914.0 31029.0 57117.0 88458.0 121831.0 154501.0 184568.0 210940.0 233160.0 251201.0 265302.0 275839.0 283252.0 287982.0 290449.0
8 1.0 346.91859378037054 40.60698555790418 -0.762234415493766 0.3976006388907743 0.11599678034439703 0.08409977942945282 -0.09344759743809596 -0.0972578559882083 11358.0 32511.0 65771.0 107344.0 152207.0 196040.0 235924.0 270281.0 298549.0 320825.0 337577.0 349452.0 357145.0 361335.0 362640.0 361608.0
9 1.0 138.03894677727996 -87.94305744749441 -0.762234415493766 0.3976006388907743 0.11599678034439703 0.08409977942945282 -0.09344759743809596 -0.0972578559882083 5227.0 18913.0 44411.0 80183.0 122142.0 165839.0 207711.0 245437.0 277810.0 304444.0 325482.0 341372.0 352705.0 360115.0 364217.0 365576.0
10 1.0 285.02101370975925 48.70453473049972 -0.762234415493766 0.3976006388907743 0.11599678034439703 0.08409977942945282 -0.09344759743809596 -0.0972578559882083 14457.0 42284.0 86316.0 141219.0 200029.0 256890.0 307969.0 351314.0 386348.0 413354.0 433077.0 446463.0 454497.0 458108.0 458132.0 455293.0
11 1.0 190.40217111104562 -63.549603827932486 -0.762234415493766 0.3976006388907743 0.11599678034439703 0.08409977942945282 -0.09344759743809596 -0.0972578559882083 9215.0 30431.0 67141.0 115813.0 170341.0 224929.0 275403.0 319356.0 355790.0 384656.0 406462.0 421992.0 432126.0 437736.0 439623.0 438498.0
12 1.0 204.49604199381562 -75.68602513438397 -0.762234415493766 0.3976006388907743 0.11599678034439703 0.08409977942945282 -0.09344759743809596 -0.0972578559882083 6850.0 23861.0 54568.0 96595.0 144892.0 194301.0 240882.0 282203.0 317106.0 345334.0 367192.0 383285.0 394344.0 401123.0 404334.0 404621.0
13 1.0 333.214789785358 -73.87145383705104 -0.762234415493766 0.3976006388907743 0.11599678034439703 0.08409977942945282 -0.09344759743809596 -0.0972578559882083 2498.0 9524.0 23321.0 43592.0 68388.0 95246.0 121977.0 146992.0 169315.0 188476.0 204362.0 217088.0 226905.0 234125.0 239081.0 242097.0
14 1.0 25.5729809512393 30.968605323704594 -0.762234415493766 0.3976006388907743 0.11599678034439703 0.08409977942945282 -0.09344759743809596 -0.0972578559882083 9361.0 29743.0 64232.0 109426.0 159766.0 210056.0 256567.0 297146.0 330895.0 357760.0 378188.0 392875.0 402610.0 408173.0 410290.0 409606.0
15 1.0 31.366547892554657 -45.83390222648794 -0.762234415493766 0.3976006388907743 0.11599678034439703 0.08409977942945282 -0.09344759743809596 -0.0972578559882083 3149.0 11719.0 28180.0 51924.0 80505.0 111011.0 140957.0 168605.0 192947.0 213548.0 230365.0 243599.0 253581.0 260697.99999999997 265347.0 267904.0
16 1.0 7.278623078517259 -14.302895997582283 -0.762234415493766 0.3976006388907743 0.11599678034439703 0.08409977942945282 -0.09344759743809596 -0.0972578559882083 2608.0 8361.0 18451.0 32267.999999999996 48407.0 65337.99999999999 81803.0 96936.0 110243.0 121517.0 130748.0 138046.0 143588.0 147580.0 150232.0 151744.0
17 1.0 299.74314439725765 10.326382438305046 -0.762234415493766 0.3976006388907743 0.11599678034439703 0.08409977942945282 -0.09344759743809596 -0.0972578559882083 6204.0 17120.0 33836.0 54442.0 76561.0 98189.0 117972.0 135173.0 149513.0 161016.0 169881.0 176394.0 180868.0 183611.0 184910.0 185021.0
18 1.0 280.13643034194615 64.89921128918289 -0.762234415493766 0.3976006388907743 0.11599678034439703 0.08409977942945282 -0.09344759743809596 -0.0972578559882083 13779.0 41619.0 86697.0 143723.0 205369.0 265320.0 319368.0 365331.0 402524.0 431205.0 452153.0 466365.0 474889.0 478717.0 478739.0 475729.0
19 1.0 313.2043733688549 40.8679672880391 -0.762234415493766 0.3976006388907743 0.11599678034439703 0.08409977942945282 -0.09344759743809596 -0.0972578559882083 12270.0 34462.0 68761.0 111071.0 156255.0 200026.0 239559.0 273387.0 301037.0 322671.0 338802.0 350100.0 357276.0 361010.0 361921.0 360552.0
20 1.0 352.30260320379506 -41.34097705703137 -0.762234415493766 0.3976006388907743 0.11599678034439703 0.08409977942945282 -0.09344759743809596 -0.0972578559882083 788.0 2964.0 7303.0 13842.0 22079.0 31284.0 40746.0 49904.0 58373.0 65926.0 72463.0 77966.0 82476.0 86066.0 88824.0 90845.0
21 1.0 287.6970831180205 -66.33309612759703 -0.762234415493766 0.3976006388907743 0.11599678034439703 0.08409977942945282 -0.09344759743809596 -0.0972578559882083 2729.0 10067.0 24168.0 44599.0 69356.0 95991.0 122369.0 146957.0 168832.0 187556.0 203038.0 215408.0 224919.0 231884.0 236632.0 239485.0
22 1.0 166.13257041105547 -80.03262232418437 -0.762234415493766 0.3976006388907743 0.11599678034439703 0.08409977942945282 -0.09344759743809596 -0.0972578559882083 6517.0 23030.0 53130.0 94593.0 142460.0 191598.0 238051.0 279353.0 314315.0 342652.0 364648.0 380892.0 392106.0 399038.0 402395.0 402819.0
23 1.0 280.99050346312396 -35.712245793430355 -0.762234415493766 0.3976006388907743 0.11599678034439703 0.08409977942945282 -0.09344759743809596 -0.0972578559882083 2834.0 9303.0 20801.0 36676.0 55331.0 75011.0 94258.0 112056.0 127812.00000000001 141261.0 152365.0 161231.0 168046.0 173036.0 176436.0 178473.0
24 1.0 42.57879331281596 -42.818733136857915 -0.762234415493766 0.3976006388907743 0.11599678034439703 0.08409977942945282 -0.09344759743809596 -0.0972578559882083 4083.0 15054.0 35871.0 65543.0 100850.0 138114.0 174285.0 207297.0 236006.0 259971.99999999997 279225.0 294074.0 304974.0 312435.0 316963.0 319033.0
25 1.0 230.3715676779086 -7.894697975913658 -0.762234415493766 0.3976006388907743 0.11599678034439703 0.08409977942945282 -0.09344759743809596 -0.0972578559882083 14331.0 42871.0 88742.0 146468.0 208629.0 268894.0 323088.0 369069.0 406190.0 434745.0 455533.0 469571.0 477916.0 481567.0 481419.0 478248.0
26 1.0 51.607183467256704 32.990640398582485 -0.762234415493766 0.3976006388907743 0.11599678034439703 0.08409977942945282 -0.09344759743809596 -0.0972578559882083 6926.0 24287.0 55722.0 98788.0 148274.0 198857.0 246483.0 288661.0 324216.0 352902.0 375047.0 391284.0 402374.0 409094.0 412179.0 412292.0
27 1.0 340.0808101378502 35.21258021499429 -0.762234415493766 0.3976006388907743 0.11599678034439703 0.08409977942945282 -0.09344759743809596 -0.0972578559882083 10602.0 29448.0 58485.0 94363.0 132847.0 170352.0 204470.0 233902.0 258183.0 277389.0 291907.0 302269.0 309058.0 312840.0 314136.0 313409.0
28 1.0 187.8653958300258 -38.96660761521 -0.762234415493766 0.3976006388907743 0.11599678034439703 0.08409977942945282 -0.09344759743809596 -0.0972578559882083 11509.0 34073.0 70388.0 116423.0 166525.0 215726.0 260620.00000000003 299343.0 331207.0 356293.0 375120.0 388416.0 396975.0 401568.0 402900.0 401595.0
29 1.0 149.2782983965885 -21.61314793797831 -0.762234415493766 0.3976006388907743 0.11599678034439703 0.08409977942945282 -0.09344759743809596 -0.0972578559882083 4849.0 13767.0 27891.0 45839.0 65650.0 85529.0 104164.0 120758.0 134929.0 146591.0 155842.0 162883.0 167967.0 171355.0 173302.0 174044.0
0 1.0 95.24002035766571 -57.39282688735745 -0.762234415493766 0.3976006388907743 0.11599678034439703 0.08409977942945282 -0.09344759743809596 -0.0972578559882083 6234.0 22327.0 51926.0 92931.0 140455.0 189378.0 235729.0 277015.0 312020.0 340439.0 362539.0 378898.0 390231.0 397279.0 400749.0 401281.0
1 1.0 278.724128196318 51.93819221517336 -0.762234415493766 0.3976006388907743 0.11599678034439703 0.08409977942945282 -0.09344759743809596 -0.0972578559882083 14614.0 43208.0 88767.0 145781.0 206952.0 266115.0 319233.0 364253.0 400574.0 428499.0 448821.0 462538.0 470687.0 474244.0 474084.0 470965.0
2 1.0 164.21411959795748 -79.76734624201674 -0.762234415493766 0.3976006388907743 0.11599678034439703 0.08409977942945282 -0.09344759743809596 -0.0972578559882083 6568.0 23192.0 53470.0 95153.0 143247.0 192593.0 239220.0 280657.0 315715.0 344114.0 366143.0 382397.0 393603.0 400513.0 403838.0 404224.0
3 1.0 204.63622159271347 35.459503510497726 -0.762234415493766 0.3976006388907743 0.11599678034439703 0.08409977942945282 -0.09344759743809596 -0.0972578559882083 9016.0 25985.0 52791.0 86445.0 122943.0 158809.0 191661.0 220180.0 243860.0 262724.0 277112.0 287512.0 294466.0 298510.0 300137.0 299790.0
4 1.0 6.764328157087851 50.1651712693986 -0.762234415493766 0.3976006388907743 0.11599678034439703 0.08409977942945282 -0.09344759743809596 -0.0972578559882083 11936.0 36276.0 76041.0 126816.00000000001 182232.0 236656.0 286228.0 328855.0 363782.0 391125.0 411493.0 425723.0 434717.0 439346.0 440404.0 438588.0
5 1.0 222.34877894731574 49.93336113277556 -0.762234415493766 0.3976006388907743 0.11599678034439703 0.08409977942945282 -0.09344759743809596 -0.0972578559882083 11156.0 33189.0 68674.0 113630.0 162513.0 210466.0 254172.99999999997 291830.0 322780.0 347113.0 365345.0 378192.0 386431.0 390815.0 392036.0 390699.0
6 1.0 220.3544601800717 -43.303938417836115 -0.762234415493766 0.3976006388907743 0.11599678034439703 0.08409977942945282 -0.09344759743809596 -0.0972578559882083 11227.0 35527.0 76268.0 129088.00000000001 187256.0 244678.0 297124.0 342270.0 379256.0 408180.0 429681.0 444651.0 454057.0 458832.0 459826.0 457786.0
7 1.0 222.0962388749125 -22.713635172138936 -0.762234415493766 0.3976006388907743 0.11599678034439703 0.08409977942945282 -0.09344759743809596 -0.0972578559882083 13658.0 41177.0 85682.0 141952.0 202781.0 261956.00000000003 315338.0 360774.0 397581.0 426007.0 446811.0 460972.0 469515.0 473415.0 473551.0 470682.0
8 1.0 339.7493082652647 15.76793433535002 -0.762234415493766 0.3976006388907743 0.11599678034439703 0.08409977942945282 -0.09344759743809596 -0.0972578559882083 6232.0 16508.0 31738.000000000004 50105.0 69529.0 88328.0 105399.0 120161.0 132417.0 142212.0 149735.0 155238.0 158994.0 161269.0 162309.0 162332.0
9 1.0 245.45530767725404 -40.892057563595934 -0.762234415493766 0.3976006388907743 0.11599678034439703 0.08409977942945282 -0.09344759743809596 -0.0972578559882083 8192.0 26542.0 58105.0 100004.0 147187.0 194779.0 239187.0 278268.0 311059.0 337415.0 357687.0 372489.0 382534.0 388548.0 391209.0 391129.0
10 1.0 129.42284420656296 -23.246496140780025 -0.762234415493766 0.3976006388907743 0.11599678034439703 0.08409977942945282 -0.09344759743809596 -0.0972578559882083 3559.0 11306.0 24719.0 42860.0 63798.99999999999 85528.0 106446.0 125493.0 142094.0 156035.0 167343.0 176190.0 182820.0 187505.0 190519.0 192120.0
11 1.0 157.33150336776293 -54.530229566584865 -0.762234415493766 0.3976006388907743 0.11599678034439703 0.08409977942945282 -0.09344759743809596 -0.0972578559882083 8933.0 28467.0 61632.0 105227.0 153930.0 202723.0 247975.0 287569.0 320600.0 346985.0 367135.0 381709.0 391460.0 397139.0 399447.0 399008.0
12 1.0 251.14723053381536 -7.225940923918671 -0.762234415493766 0.3976006388907743 0.11599678034439703 0.08409977942945282 -0.09344759743809596 -0.0972578559882083 11606.0 35196.0 73664.0 122740.0 176297.0 228918.0 276894.0 318202.0 352107.0 378708.0 398582.0 412526.0 421403.0 426050.0 427230.0 425615.0
13 1.0 21.68116978653714 -81.96978577425946 -0.762234415493766 0.3976006388907743 0.11599678034439703 0.08409977942945282 -0.09344759743809596 -0.0972578559882083 4061.9999999999995 15041.0 35940.0 65792.0 101373.0 138979.0 175534.0 208947.0 238056.0 262407.0 282021.0 297203.0 308405.0 316134.0 320897.0 323170.0
14 1.0 240.03601756044037 53.96325922271123 -0.762234415493766 0.3976006388907743 0.11599678034439703 0.08409977942945282 -0.09344759743809596 -0.0972578559882083 12975.0 38899.0 80733.0 133637.0 190920.0 246789.0 297355.0 340566.0 375739.0 403066.0 423224.0 437110.0 445669.0 449810.0 450351.0 448007.0
15 1.0 241.4296330625374 -76.1478395424061 -0.762234415493766 0.3976006388907743 0.11599678034439703 0.08409977942945282 -0.09344759743809596 -0.0972578559882083 5463.0 19370.0 44942.0 80529.0 122059.0 165165.0 206381.0 243462.0 275250.0 301383.0 322013.0 337585.0 348680.0 355922.0 359914.0 361211.0
16 1.0 75.73772198658273 3.3903267896746883 -0.762234415493766 0.3976006388907743 0.11599678034439703 0.08409977942945282 -0.09344759743809596 -0.0972578559882083 4239.0 15718.0 37559.0 68714.0 105776.0 144857.0 182746.0 217279.0 247267.0 272261.0 292307.0 307740.0 319045.0 326758.0 331415.0 333512.0
17 1.0 46.41346715574719 -34.7741820818647 -0.762234415493766 0.3976006388907743 0.11599678034439703 0.08409977942945282 -0.09344759743809596 -0.0972578559882083 4592.0 16815.0 39829.0 72398.0 110890.0 151255.0 190187.0 225495.0 255996.99999999997 281278.0 301421.0 316802.0 327942.0 335408.0 339760.0 341517.0
18 1.0 113.55420633270619 13.957730789647584 -0.762234415493766 0.3976006388907743 0.11599678034439703 0.08409977942945282 -0.09344759743809596 -0.0972578559882083 734.0 2787.0 6917.0 13181.0 21116.0 30028.0 39235.0 48187.0 56504.0 63956.0 70434.0 75914.0 80430.0 84045.0 86843.0 88914.0
19 1.0 130.93587753934415 82.69800135001651 -0.762234415493766 0.3976006388907743 0.11599678034439703 0.08409977942945282 -0.09344759743809596 -0.0972578559882083 7104.0 22890.0 50050.0 86215.0 127128.99999999999 168634.0 207622.0 242197.0 271470.0 295256.0 313810.0 327619.0 337270.0 343370.0 346494.0 347162.0
20 1.0 205.27083735043666 26.20264400208069 -0.762234415493766 0.3976006388907743 0.11599678034439703 0.08409977942945282 -0.09344759743809596 -0.0972578559882083 9813.0 27960.0 56344.0 91703.0 129804.0 167033.0 200955.0 230257.0 254462.00000000003 273639.0 288169.0 298580.0 305448.0 309334.0 310753.0 310163.0
21 1.0 157.89654484643532 -83.63476156401164 -0.762234415493766 0.3976006388907743 0.11599678034439703 0.08409977942945282 -0.09344759743809596 -0.0972578559882083 5937.0 21217.0 49348.0 88411.0 133822.0 180729.0 225335.0 265228.0 299202.0 326926.0 348620.0 364810.0 376161.0 383370.0 387108.0 387983.0
22 1.0 355.8145817013214 -12.527560888548976 -0.762234415493766 0.3976006388907743 0.11599678034439703 0.08409977942945282 -0.09344759743809596 -0.0972578559882083 2051.0 6099.0 12793.0 21610.0 31644.0 41991.0 51938.0 61016.0 68969.0 75700.0 81221.0 85603.0 88957.0 91402.0 93060.0 94048.0
23 1.0 36.736131869290105 1.803033417285036 -0.762234415493766 0.3976006388907743 0.11599678034439703 0.08409977942945282 -0.09344759743809596 -0.0972578559882083 6297.0 21592.0 48992.0 86404.0 129430.99999999999 173568.0 215350.0 252610.99999999997 284290.0 310116.0 330318.0 345397.0 355976.0 362702.0 366198.0 367028.0
24 1.0 75.19563219414049 6.511949046621353 -0.762234415493766 0.3976006388907743 0.11599678034439703 0.08409977942945282 -0.09344759743809596 -0.0972578559882083 4191.0 15557.0 37202.0 68103.0 104890.0 143709.0 181370.0 215718.0 245568.0 270467.0 290455.0 305861.0 317164.0 324894.0 329580.0 331719.0
25 1.0 58.07142643859865 32.65065190869082 -0.762234415493766 0.3976006388907743 0.11599678034439703 0.08409977942945282 -0.09344759743809596 -0.0972578559882083 6054.0 21602.0 50182.0 89813.0 135824.0 183294.0 228382.0 268656.0 302912.0 330824.0 352627.0 368861.0 380205.0 387369.0 391031.0 391810.0
26 1.0 235.11899716754343 -40.032702408282105 -0.762234415493766 0.3976006388907743 0.11599678034439703 0.08409977942945282 -0.09344759743809596 -0.0972578559882083 9939.0 31784.0 68832.0 117368.0 171340.0 225118.0 274688.0 317763.0 353417.0 381630.0 402919.0 418060.0 427918.0 433346.0 435129.0 433962.0
27 1.0 91.18497691432157 -66.80509821606236 -0.762234415493766 0.3976006388907743 0.11599678034439703 0.08409977942945282 -0.09344759743809596 -0.0972578559882083 6003.0 21674.0 50688.0 91083.0 138083.0 186619.0 232726.0 273895.0 308880.0 337351.0 359549.0 376037.0 387515.0 394716.0 398338.0 399019.0
28 1.0 167.87187822827028 -19.31837822152302 -0.762234415493766 0.3976006388907743 0.11599678034439703 0.08409977942945282 -0.09344759743809596 -0.0972578559882083 7253.0 19708.0 38649.0 61953.0 86987.0 111516.0 134010.0 153616.0 169993.0 183145.0 193280.0 200709.0 205784.0 208854.0 210249.0 210263.0
29 1.0 87.99321312057698 82.1530301032708 -0.762234415493766 0.3976006388907743 0.11599678034439703 0.08409977942945282 -0.09344759743809596 -0.0972578559882083 7384.0 24005.0 52740.0 91085.0 134503.0 178548.0 219895.0 256521.99999999997 287482.0 312582.0 332099.0 346557.0 356591.0 362849.0 365948.0 366446.0
0 1.0 57.2290501123871 -56.31643948484795 -0.762234415493766 0.3976006388907743 0.11599678034439703 0.08409977942945282 -0.09344759743809596 -0.0972578559882083 4741.0 17495.0 41612.0 75811.0 116260.0 158673.0 199559.0 236603.0 268566.0 295016.0 316047.0 332064.0 343619.0 351314.0 355742.0 357451.0
1 1.0 39.73505081914985 72.71711188708267 -0.762234415493766 0.3976006388907743 0.11599678034439703 0.08409977942945282 -0.09344759743809596 -0.0972578559882083 8845.0 28869.0 63386.0 109160.0 160562.0 212207.0 260171.0 302156.0 337168.0 365107.0 386406.0 401769.0 412000.0 417906.0 420233.0 419650.0
2 1.0 236.27865220749842 7.885071013918747 -0.762234415493766 0.3976006388907743 0.11599678034439703 0.08409977942945282 -0.09344759743809596 -0.0972578559882083 14804.0 43956.0 90551.0 148960.0 211677.0 272340.0 326782.0 372885.0 410033.0 438545.0 459240.0 473154.0 481354.0 484851.0 484544.0 481215.0
3 1.0 49.74586248550097 -7.755944103762147 -0.762234415493766 0.3976006388907743 0.11599678034439703 0.08409977942945282 -0.09344759743809596 -0.0972578559882083 5861.0 21054.0 49106.0 88127.0 133534.0 180464.0 225109.0 265043.0 299057.0 326814.0 348533.0 364742.0 376106.0 383324.0 387068.0 387946.0
4 1.0 70.76965020481926 68.76745384138013 -0.762234415493766 0.3976006388907743 0.11599678034439703 0.08409977942945282 -0.09344759743809596 -0.0972578559882083 6290.0 21217.0 47751.0 83873.0 125396.00000000001 168032.0 208472.0 244627.0 275461.0 300691.0 320513.0 335394.0 345918.0 352701.0 356337.0 357368.0
5 1.0 132.74106143794708 -7.451286881654539 -0.762234415493766 0.3976006388907743 0.11599678034439703 0.08409977942945282 -0.09344759743809596 -0.0972578559882083 1821.0 5549.0 11845.0 20270.0 29980.0 40099.0 49923.0 58973.0 66977.0 73820.0 79493.0 84055.0 87600.0 90239.0 92086.0 93253.0
6 1.0 295.55756274525663 40.350174590077785 -0.762234415493766 0.3976006388907743 0.11599678034439703 0.08409977942945282 -0.09344759743809596 -0.0972578559882083 13047.0 37245.0 75001.0 121785.0 171824.0 220280.0 263969.0 301244.0 331585.0 355189.0 372647.0 384723.0 392226.0 395925.0 396518.0 394614.0
7 1.0 34.956459285502056 -18.17544209344163 -0.762234415493766 0.3976006388907743 0.11599678034439703 0.08409977942945282 -0.09344759743809596 -0.0972578559882083 4575.0 16219.999999999998 37703.0 67743.0 102998.0 139819.0 175260.0 207380.0 235140.0 258177.0 276571.0 290663.0 300919.0 307848.0 311953.0 313699.0
8 1.0 301.6601666995694 72.7279907221724 -0.762234415493766 0.3976006388907743 0.11599678034439703 0.08409977942945282 -0.09344759743809596 -0.0972578559882083 12798.0 39269.0 82661.0 138038.0 198312.0 257255.0 310656.0 356280.0 393373.0 422134.0 443284.0 457783.0 466643.0 470835.0 471233.0 468599.0
9 1.0 34.59542684182671 34.20450363442093 -0.762234415493766 0.3976006388907743 0.11599678034439703 0.08409977942945282 -0.09344759743809596 -0.0972578559882083 8939.0 29475.0 65018.00000000001 112199.0 165152.0 218278.0 267521.0 310519.0 346272.0 374704.0 396282.0 411751.0 421953.0 427727.0 429847.0 429003.0
10 1.0 351.5254074048225 35.931969765093015 -0.762234415493766 0.3976006388907743 0.11599678034439703 0.08409977942945282 -0.09344759743809596 -0.0972578559882083 10502.0 29988.0 60649.0 99058.0 140631.0 181390.0 218614.0 250807.99999999997 277411.0 298476.0 314413.0 325800.0 333274.0 337456.0 338921.0 338175.0
11 1.0 168.71443259317257 -31.010327719718596 -0.762234415493766 0.3976006388907743 0.11599678034439703 0.08409977942945282 -0.09344759743809596 -0.0972578559882083 8758.0 24917.0 50383.0 82422.0 117307.0 151753.0 183470.0 211157.0 234284.0 252836.0 267104.0 277534.0 284630.0 288897.0 290805.0 290774.0
12 1.0 351.6339917485214 46.22015569264005 -0.762234415493766 0.3976006388907743 0.11599678034439703 0.08409977942945282 -0.09344759743809596 -0.0972578559882083 12246.0 35720.0 73056.0 119990.0 170752.0 220353.0 265422.0 304149.0 335897.0 360790.0 379381.0 392421.0 400718.0 405052.0 406137.0 404599.0
13 1.0 217.74438710821656 24.490989980485438 -0.762234415493766 0.3976006388907743 0.11599678034439703 0.08409977942945282 -0.09344759743809596 -0.0972578559882083 12485.0 36155.0 73460.0 119986.0 169971.0 218530.0 262428.0 299970.0 330606.0 354513.0 372268.0 384629.0 392397.0 396341.0 397157.0 395454.0
14 1.0 266.1348885833886 -46.79635079165228 -0.762234415493766 0.3976006388907743 0.11599678034439703 0.08409977942945282 -0.09344759743809596 -0.0972578559882083 4432.0 14938.0 33784.0 59775.0 90099.0 121738.0 152256.0 180031.0 204177.0 224363.0 240629.0 253234.00000000003 262549.0 268992.0 272977.0 274893.0
15 1.0 14.107605211555443 -61.103011952653844 -0.762234415493766 0.3976006388907743 0.11599678034439703 0.08409977942945282 -0.09344759743809596 -0.0972578559882083 2307.0 8824.0 21667.0 40592.0 63792.0 88956.0 114022.0 137488.0 158433.0 176412.0 191319.0 203266.0 212488.0 219282.0 223960.0 226827.0
16 1.0 101.81050652750744 53.35046541311971 -0.762234415493766 0.3976006388907743 0.11599678034439703 0.08409977942945282 -0.09344759743809596 -0.0972578559882083 2291.0 8359.0 19999.0 36904.0 57464.0 79677.0 101766.0 122443.0 140914.0 156798.0 170000.0 180617.0 188851.0 194956.0 199204.0 201858.0
17 1.0 43.270762036740805 82.64998854634004 -0.762234415493766 0.3976006388907743 0.11599678034439703 0.08409977942945282 -0.09344759743809596 -0.0972578559882083 8774.0 28256.0 61581.0 105599.0 154942.0 204492.0 250525.0 290852.0 324523.0 351439.0 372005.0 386888.0 396853.0 402666.0 405040.0 404612.0
18 1.0 106.61047110797217 -7.535011093192281 -0.762234415493766 0.3976006388907743 0.11599678034439703 0.08409977942945282 -0.09344759743809596 -0.0972578559882083 2158.0 7870.999999999999 18797.0 34614.0 53794.0 74461.0 94964.0 114111.0 131178.0 145816.0 157950.0 167675.0 175183.0 180716.0 184529.0 186868.0
19 1.0 42.74197882352786 16.377149758263286 -0.762234415493766 0.3976006388907743 0.11599678034439703 0.08409977942945282 -0.09344759743809596 -0.0972578559882083 7294.0 25118.0 56975.0 100246.0 149670.0 199973.0 247183.0 288885.0 323962.0 352207.0 373965.0 389877.0 400703.0 407217.0 410147.0 410148.0
20 1.0 114.47394458183138 64.39007595483983 -0.762234415493766 0.3976006388907743 0.11599678034439703 0.08409977942945282 -0.09344759743809596 -0.0972578559882083 3267.0 11204.0 25710.0 46036.0 70088.0 95502.0 120312.0 143163.0 163277.0 180328.0 194292.0 205338.0 213732.0 219785.0 223816.0 226126.0
21 1.0 149.13467802528118 -7.699778396305732 -0.762234415493766 0.3976006388907743 0.11599678034439703 0.08409977942945282 -0.09344759743809596 -0.0972578559882083 3200.0 8571.0 16576.0 26283.0 36626.0 46737.0 56034.0 64193.0 71083.0 76701.0 81119.0 84450.0 86824.0 88374.0 89224.0 89490.0
22 1.0 23.09309868556237 81.3374058298925 -0.762234415493766 0.3976006388907743 0.11599678034439703 0.08409977942945282 -0.09344759743809596 -0.0972578559882083 9421.0 30230.0 65646.0 112198.0 164131.0 216042.0 264048.0 305909.0 340690.0 368339.0 389323.0 404369.0 414295.0 419916.0 421983.0 421166.0
23 1.0 249.28996297320714 13.63520916807704 -0.762234415493766 0.3976006388907743 0.11599678034439703 0.08409977942945282 -0.09344759743809596 -0.0972578559882083 14131.0 42115.0 86982.0 143380.0 204091.0 262964.0 315936.0 360921.0 397284.0 425302.0 445746.0 459601.0 467894.0 471595.0 471576.0 468592.0
24 1.0 203.97652351436705 57.738081726236686 -0.762234415493766 0.3976006388907743 0.11599678034439703 0.08409977942945282 -0.09344759743809596 -0.0972578559882083 8100.0 24336.0 50845.0 84904.0 122468.0 159858.0 194464.0 224779.0 250168.0 270585.0 286331.0 297888.0 305804.0 310631.0 312881.0 313015.0
25 1.0 95.54021673820034 73.5918693142929 -0.762234415493766 0.3976006388907743 0.11599678034439703 0.08409977942945282 -0.09344759743809596 -0.0972578559882083 5593.0 18669.0 41842.0 73409.0 109788.0 147273.0 182976.0 215048.0 242546.0 265192.0 283127.0 296734.0 306510.0 312981.0 316659.0 318014.0
26 1.0 188.36929924801188 56.7942873783424 -0.762234415493766 0.3976006388907743 0.11599678034439703 0.08409977942945282 -0.09344759743809596 -0.0972578559882083 5935.0 17894.0 37581.0 63140.0 91660.0 120408.0 147368.0 171315.0 191670.0 208310.0 221392.0 231232.0 238215.0 242741.0 245192.0 245920.0
27 1.0 33.818583873039 -61.30539657918793 -0.762234415493766 0.3976006388907743 0.11599678034439703 0.08409977942945282 -0.09344759743809596 -0.0972578559882083 3382.0 12677.0 30599.0 56493.0 87678.0 120953.0 153586.0 183669.0 210096.0 232395.0 250525.0 264713.0 275331.0 282810.0 287590.0 290092.0
28 1.0 207.34073840022455 23.201719031106066 -0.762234415493766 0.3976006388907743 0.11599678034439703 0.08409977942945282 -0.09344759743809596 -0.0972578559882083 10548.0 30037.0 60479.0 98338.0 139051.0 178746.0 214828.0 245907.0 271495.0 291685.0 306899.0 317716.0 324758.0 328631.0 329891.0 329028.0
29 1.0 334.5466311274371 -18.28183344845813 -0.762234415493766 0.3976006388907743 0.11599678034439703 0.08409977942945282 -0.09344759743809596 -0.0972578559882083 1003.9999999999999 2775.0 5466.0 8751.0 12248.0 15652.0 18766.0 21491.0 23794.0 25682.0 27188.0 28349.0 29211.0 29815.0 30199.0 30397.0
0 1.0 114.68482288247652 -78.71166863579778 -0.762234415493766 0.3976006388907743 0.11599678034439703 0.08409977942945282 -0.09344759743809596 -0.0972578559882083 6086.0 21809.0 50776.0 90986.0 137685.0 185859.0 231596.0 272423.0 307118.0 335356.0 357382.0 373749.0 385152.0 392316.0 395932.0 396630.0
1 1.0 240.2677367869254 -13.674194659828444 -0.762234415493766 0.3976006388907743 0.11599678034439703 0.08409977942945282 -0.09344759743809596 -0.0972578559882083 12641.0 38571.0 80944.0 134959.0 193748.0 251282.99999999997 303475.0 348145.0 384545.0 412850.0 433747.0 448156.0 457056.0 461383.0 461987.0 459609.0
2 1.0 47.447230465581185 -43.436867959906614 -0.762234415493766 0.3976006388907743 0.11599678034439703 0.08409977942945282 -0.09344759743809596 -0.0972578559882083 4396.0 16209.000000000002 38579.0 70369.0 108067.0 147709.0 186040.0 220882.0 251054.0 276125.0 296160.0 311517.0 322697.0 330255.0 334736.0 336648.0
3 1.0 257.8777934826836 62.82689551713193 -0.762234415493766 0.3976006388907743 0.11599678034439703 0.08409977942945282 -0.09344759743809596 -0.0972578559882083 13317.0 40234.0 83877.0 139187.0 199109.0 257523.0 310328.0 355367.0 391938.0 420261.0 441062.0 455297.0 463968.0 468034.0 468358.0 465693.0
4 1.0 104.1861934609924 -84.00516722159469 -0.762234415493766 0.3976006388907743 0.11599678034439703 0.08409977942945282 -0.09344759743809596 -0.0972578559882083 5458.0 19732.0 46272.0 83412.0 126865.0 171998.0 215133.0 253894.99999999997 287067.0 314279.0 335702.0 351816.0 363242.0 370642.0 374654.0 375862.0
5 1.0 65.94889032256206 82.61688993542523 -0.762234415493766 0.3976006388907743 0.11599678034439703 0.08409977942945282 -0.09344759743809596 -0.0972578559882083 8010.0 25986.0 56948.0 98102.0 144506.0 191373.0 235165.0 273759.0 306195.0 332314.0 352452.0 367203.0 377262.0 383340.0 386103.0 386151.0
6 1.0 211.14465653162995 -26.033607275052667 -0.762234415493766 0.3976006388907743 0.11599678034439703 0.08409977942945282 -0.09344759743809596 -0.0972578559882083 13630.0 40316.0 82976.0 136587.0 194378.0 250553.00000000003 301260.0 344490.0 379600.0 406816.0 426838.0 440575.0 448984.0 452978.0 453379.0 450905.0
7 1.0 7.238716627497679 -25.792759727542276 -0.762234415493766 0.3976006388907743 0.11599678034439703 0.08409977942945282 -0.09344759743809596 -0.0972578559882083 1752.0 6098.0 14188.0 25736.0 39646.0 54600.0 69448.0 83358.0 95821.0 106587.0 115592.0 122894.0 128620.00000000001 132929.0 135996.0 137990.0
8 1.0 298.4184105182507 -87.06086951693258 -0.762234415493766 0.3976006388907743 0.11599678034439703 0.08409977942945282 -0.09344759743809596 -0.0972578559882083 4566.0 16667.0 39424.0 71631.0 109728.0 149732.0 188384.0 223509.0 253927.0 279208.0 299418.0 314915.0 326203.0 333835.0 338362.0 340293.0
9 1.0 1.6903714293169436 -56.65818145748689 -0.762234415493766 0.3976006388907743 0.11599678034439703 0.08409977942945282 -0.09344759743809596 -0.0972578559882083 1536.0 5976.0 14902.0 28308.0 45048.0 63535.99999999999 82284.0 100152.0 116395.0 130608.0 142639.0 152510.0 160349.0 166339.0 170691.0 173616.0
10 1.0 244.01395324664284 -17.773289855350427 -0.762234415493766 0.3976006388907743 0.11599678034439703 0.08409977942945282 -0.09344759743809596 -0.0972578559882083 11518.0 35435.0 74837.0 125418.0 180822.0 235370.0 285147.0 328013.0 363179.0 390743.0 411305.0 425698.0 434826.0 439563.0 440707.0 438957.0
11 1.0 97.20287034917935 77.27245511448851 -0.762234415493766 0.3976006388907743 0.11599678034439703 0.08409977942945282 -0.09344759743809596 -0.0972578559882083 6260.0 20615.0 45755.0 79680.0 118471.0 158174.0 195763.0 229341.0 257977.0 281427.0 299882.0 313774.0 323645.0 330061.0 333567.0 334662.0
12 1.0 264.66984796413414 -72.06931256017117 -0.762234415493766 0.3976006388907743 0.11599678034439703 0.08409977942945282 -0.09344759743809596 -0.0972578559882083 4366.0 15642.0 36653.0 66262.0 101234.0 137964.0 173500.0 205866.0 233983.0 257446.99999999997 276305.0 290868.0 301584.0 308949.0 313455.0 315564.0
13 1.0 346.38787624227774 80.15427602623433 -0.762234415493766 0.3976006388907743 0.11599678034439703 0.08409977942945282 -0.09344759743809596 -0.0972578559882083 10729.0 33882.0 72742.0 123250.0 179055.0 234347.0 285053.0 328894.0 364991.0 393387.0 414655.0 429625.0 439206.0 444284.0 445671.0 444082.0
14 1.0 89.55113166718489 66.5079354983938 -0.762234415493766 0.3976006388907743 0.11599678034439703 0.08409977942945282 -0.09344759743809596 -0.0972578559882083 4703.0 16136.000000000002 36847.0 65534.99999999999 99041.0 133959.0 167548.0 197996.0 224334.0 246221.0 263727.0 277169.0 286983.0 293646.0 297630.0 299372.0
15 1.0 207.4166403904213 -8.25076855664068 -0.762234415493766 0.3976006388907743 0.11599678034439703 0.08409977942945282 -0.09344759743809596 -0.0972578559882083 13159.0 37541.0 75588.0 122749.0 173211.0 222098.0 266197.0 303841.0 334502.0 358372.0 376044.0 388286.0 395909.0 399689.0 400329.0 398442.0
16 1.0 213.13509525786205 -31.19384128171319 -0.762234415493766 0.3976006388907743 0.11599678034439703 0.08409977942945282 -0.09344759743809596 -0.0972578559882083 13242.0 39859.0 82920.0 137433.0 196469.0 254024.00000000003 306073.0 350499.0 386606.0 414604.0 435203.0 449336.0 457987.0 462096.0 462510.0 459969.0
17 1.0 206.01068608471442 -48.10605672976977 -0.762234415493766 0.3976006388907743 0.11599678034439703 0.08409977942945282 -0.09344759743809596 -0.0972578559882083 11288.0 35490.0 75889.0 128130.0 185580.0 242254.0 294008.0 338566.0 375089.0 403672.0 424944.0 439779.0 449128.0 453907.0 454953.0 452998.0
18 1.0 80.30938775062259 20.603647165837387 -0.762234415493766 0.3976006388907743 0.11599678034439703 0.08409977942945282 -0.09344759743809596 -0.0972578559882083 3184.0 12013.0 29133.0 53986.0 84038.0 116217.0 147872.0 177138.0 202920.0 224735.0 242526.0 256498.0 267002.0 274450.0 279266.0 281855.0
19 1.0 342.9896441461146 -84.04657353440899 -0.762234415493766 0.3976006388907743 0.11599678034439703 0.08409977942945282 -0.09344759743809596 -0.0972578559882083 3957.9999999999995 14647.0 35000.0 64091.99999999999 98795.0 135509.0 171233.0 203922.0 232436.0 256323.00000000003 275597.0 290548.0 301613.0 309283.0 314050.0 316379.0
20 1.0 160.96513630234585 -87.19090839957092 -0.762234415493766 0.3976006388907743 0.11599678034439703 0.08409977942945282 -0.09344759743809596 -0.0972578559882083 5381.0 19402.0 45448.0 81895.0 124555.0 168897.0 211310.0 249460.0 282140.0 308980.0 330138.0 346081.0 357413.0 364783.0 368815.0 370083.0
21 1.0 304.707122089606 -12.816769950317195 -0.762234415493766 0.3976006388907743 0.11599678034439703 0.08409977942945282 -0.09344759743809596 -0.0972578559882083 2035.0 5769.0 11612.0 18960.0 27017.0 35085.0 42666.0 49460.0 55322.0 60216.0 64172.99999999999 67263.0 69576.0 71207.0 72252.0 72798.0
22 1.0 251.81253911430156 -77.74666668455036 -0.762234415493766 0.3976006388907743 0.11599678034439703 0.08409977942945282 -0.09344759743809596 -0.0972578559882083 4971.0 17800.0 41595.0 74947.0 114115.0 155008.0 194329.0 229907.0 260589.00000000003 285981.0 306183.0 321582.0 332708.0 340137.0 344431.0 346115.0
23 1.0 107.07730230784811 -44.65062211570328 -0.762234415493766 0.3976006388907743 0.11599678034439703 0.08409977942945282 -0.09344759743809596 -0.0972578559882083 5892.0 20549.0 47121.0 83701.0 126024.0 169643.0 211100.0 248200.0 279846.0 305735.0 326064.0 341310.0 352079.0 359007.0 362705.0 363734.0
24 1.0 292.9672150928918 -50.19103523770491 -0.762234415493766 0.3976006388907743 0.11599678034439703 0.08409977942945282 -0.09344759743809596 -0.0972578559882083 1585.0 5729.0 13706.0 25399.0 39798.0 55584.0 71538.0 86734.0 100566.0 112702.0 123017.0 131523.0 138323.0 143566.0 147422.0 150065.0
25 1.0 142.74206670491446 -44.425585129886656 -0.762234415493766 0.3976006388907743 0.11599678034439703 0.08409977942945282 -0.09344759743809596 -0.0972578559882083 7308.0 22991.0 49568.0 84635.0 124080.0 163944.0 201292.0 234349.0 262293.0 284966.0 302622.0 315734.0 324867.0 330604.0 333494.0 334037.0
26 1.0 317.1971509600182 -66.4100583812536 -0.762234415493766 0.3976006388907743 0.11599678034439703 0.08409977942945282 -0.09344759743809596 -0.0972578559882083 1749.0 6754.0 16766.0 31739.000000000004 50358.0 70824.0 91469.0 111029.0 128692.0 144034.0 156912.0 167376.0 175589.0 181772.0 186169.0 189025.0
27 1.0 209.25823414890914 -87.83347987842222 -0.762234415493766 0.3976006388907743 0.11599678034439703 0.08409977942945282 -0.09344759743809596 -0.0972578559882083 5183.0 18716.0 43911.0 79255.0 120727.0 163943.0 205386.0 242759.0 274861.0 301302.0 322216.0 338038.0 349348.0 356769.0 360907.0 362321.0
28 1.0 317.424730267747 -69.21282651502534 -0.762234415493766 0.3976006388907743 0.11599678034439703 0.08409977942945282 -0.09344759743809596 -0.0972578559882083 2032.0 7798.0 19236.0 36201.0 57132.0 79977.0 102876.0 124449.0 143832.0 160590.0 174599.0 185934.0 194791.0 201424.0 206107.0 209111.0
29 1.0 249.3113724279957 21.32644671229461 -0.762234415493766 0.3976006388907743 0.11599678034439703 0.08409977942945282 -0.09344759743809596 -0.0972578559882083 14663.0 43545.0 89705.0 147572.0 209717.0 269843.0 323824.0 369559.0 406432.0 434754.0 455336.0 469197.0 477395.0 480927.0 480685.0 477441.0
0 1.0 261.09154073507057 85.36611830724905 -0.762234415493766 0.3976006388907743 0.11599678034439703 0.08409977942945282 -0.09344759743809596 -0.0972578559882083 9790.0 30795.0 66069.0 112049.0 163070.0 213885.0 260758.0 301553.0 335394.0 362252.0 382599.0 397151.0 406712.0 412079.0 413986.0 413085.0
1 1.0 180.47677749361281 88.26210028096091 -0.762234415493766 0.3976006388907743 0.11599678034439703 0.08409977942945282 -0.09344759743809596 -0.0972578559882083 8704.0 27659.0 59808.0 102078.0 149358.0 196809.0 240915.0 279606.0 311980.0 337932.0 357838.0 372320.0 382096.0 387888.0 390373.0 390155.0
2 1.0 344.1901085003606 -16.37026283284891 -0.762234415493766 0.3976006388907743 0.11599678034439703 0.08409977942945282 -0.09344759743809596 -0.0972578559882083 1299.0 3682.0 7420.0 12139.0 17347.0 22603.0 27588.0 32104.0 36047.0 39383.0 42123.0 44304.0 45976.0 47198.0 48028.0 48520.0
3 1.0 231.83647172266947 -60.66820331161104 -0.762234415493766 0.3976006388907743 0.11599678034439703 0.08409977942945282 -0.09344759743809596 -0.0972578559882083 7568.0 25505.0 57174.0 99902.0 148526.0 197915.0 244225.0 285124.0 319535.0 347262.0 368645.0 384307.0 394990.0 401447.0 404388.0 404453.0
4 1.0 152.5878174809447 24.977116325975274 -0.762234415493766 0.3976006388907743 0.11599678034439703 0.08409977942945282 -0.09344759743809596 -0.0972578559882083 1027.0 2921.0 5880.0 9599.0 13676.0 17754.0 21575.0 24982.0 27898.0 30305.0 32218.999999999996 33681.0 34740.0 35450.0 35861.0 36021.0
5 1.0 218.30155708605275 -1.7450376212273113 -0.762234415493766 0.3976006388907743 0.11599678034439703 0.08409977942945282 -0.09344759743809596 -0.0972578559882083 14086.0 41009.0 83498.0 136414.0 193087.0 247910.0 297210.0 339111.0 373047.0 399277.0 418509.0 431642.0 439612.0 443311.0 443537.0 440986.0
6 1.0 6.909551391360069 88.09375991119765 -0.762234415493766 0.3976006388907743 0.11599678034439703 0.08409977942945282 -0.09344759743809596 -0.0972578559882083 9174.0 29210.0 63186.00000000001 107797.0 157582.0 207405.0 253558.99999999997 293888.0 327480.0 354260.0 374657.0 389353.0 399124.0 404742.0 406927.0 406319.0
7 1.0 108.56693400283775 -78.24524271267956 -0.762234415493766 0.3976006388907743 0.11599678034439703 0.08409977942945282 -0.09344759743809596 -0.0972578559882083 5992.0 21525.0 50201.0 90068.0 136428.0 184304.0 229802.0 270454.0 305033.0 333206.0 355207.0 371581.0 383016.0 390228.0 393905.0 394671.0
8 1.0 237.66247349736662 50.98219889648635 -0.762234415493766 0.3976006388907743 0.11599678034439703 0.08409977942945282 -0.09344759743809596 -0.0972578559882083 13040.0 38966.0 80706.0 133408.0 190414.0 245975.0 296242.0 339185.0 374135.0 401289.0 421320.0 435121.0 443631.0 447752.0 448296.0 445974.0
9 1.0 104.42793859575987 -38.0882704803311 -0.762234415493766 0.3976006388907743 0.11599678034439703 0.08409977942945282 -0.09344759743809596 -0.0972578559882083 5321.0 18651.0 42972.0 76655.0 115849.0 156467.0 195279.0 230203.0 260166.0 284837.0 304358.0 319146.0 329740.0 336719.0 340646.0 342038.0
10 1.0 222.48555443958296 -46.54464838621668 -0.762234415493766 0.3976006388907743 0.11599678034439703 0.08409977942945282 -0.09344759743809596 -0.0972578559882083 10494.0 33654.0 72894.0 124163.0 180968.0 237330.0 289040.0 333741.0 370524.0 399428.0 421045.0 436226.0 445904.0 450991.0 452319.0 450619.0
11 1.0 154.35673234047582 29.250822875881667 -0.762234415493766 0.3976006388907743 0.11599678034439703 0.08409977942945282 -0.09344759743809596 -0.0972578559882083 1101.0 3212.0 6589.0 10889.0 15626.999999999998 20363.0 24779.0 28691.0 32016.999999999996 34744.0 36903.0 38550.0 39746.0 40556.0 41041.0 41254.0
12 1.0 48.770663120082084 -45.70862670162639 -0.762234415493766 0.3976006388907743 0.11599678034439703 0.08409977942945282 -0.09344759743809596 -0.0972578559882083 4430.0 16348.999999999998 38930.0 71022.0 109075.0 149082.0 187758.0 222906.0 253336.0 278616.0 298815.0 314292.0 325558.0 333169.0 337677.0 339595.0
13 1.0 107.38163734417108 29.854641160653784 -0.762234415493766 0.3976006388907743 0.11599678034439703 0.08409977942945282 -0.09344759743809596 -0.0972578559882083 785.0 3154.0 8109.999999999999 15822.0 25753.0 37018.0 48714.0 60103.0 70666.0 80094.0 88243.0 95084.0 100665.0 105080.0 108443.0 110880.0
14 1.0 205.18736785245537 3.11553309641198 -0.762234415493766 0.3976006388907743 0.11599678034439703 0.08409977942945282 -0.09344759743809596 -0.0972578559882083 11960.0 33669.0 67261.0 108728.0 153039.0 195988.0 234804.0 268043.0 295237.0 316539.0 332445.0 343610.0 350727.0 354462.0 355421.0 354134.0
15 1.0 212.71419404934235 -13.663982081547132 -0.762234415493766 0.3976006388907743 0.11599678034439703 0.08409977942945282 -0.09344759743809596 -0.0972578559882083 13776.0 40148.0 81838.0 133853.0 189659.0 243735.0 292444.0 333912.0 367559.0 393624.0 412789.0 425932.0 433972.0 437784.0 438155.0 435771.0
16 1.0 206.75708958584838 9.843805559055411 -0.762234415493766 0.3976006388907743 0.11599678034439703 0.08409977942945282 -0.09344759743809596 -0.0972578559882083 11614.0 32829.0 65750.0 106471.0 150051.0 192349.0 230627.0 263446.0 290333.0 311427.0 327208.0 338315.0 345427.0 349196.0 350220.0 349021.0
17 1.0 235.1522951485681 -38.330726414466646 -0.762234415493766 0.3976006388907743 0.11599678034439703 0.08409977942945282 -0.09344759743809596 -0.0972578559882083 10166.0 32382.0 69940.0 119025.0 173504.0 227697.0 277576.0 320857.0 356626.0 384884.0 406162.0 421251.0 431029.0 436356.0 438027.0 436742.0
18 1.0 234.757177200608 37.1834471291362 -0.762234415493766 0.3976006388907743 0.11599678034439703 0.08409977942945282 -0.09344759743809596 -0.0972578559882083 13941.0 41234.0 84792.0 139421.0 198180.0 255170.0 306495.0 350148.0 385508.0 412831.0 432848.0 446498.0 454762.0 458570.0 458760.0 456059.0
19 1.0 155.31063675623062 -15.325763519958471 -0.762234415493766 0.3976006388907743 0.11599678034439703 0.08409977942945282 -0.09344759743809596 -0.0972578559882083 4842.0 13086.0 25568.0 40905.0 57395.0 73591.0 88498.0 101554.0 112532.0 121426.0 128366.00000000001 133548.0 137194.0 139530.0 140763.0 141082.0
20 1.0 322.75677450638267 -25.101799112539396 -0.762234415493766 0.3976006388907743 0.11599678034439703 0.08409977942945282 -0.09344759743809596 -0.0972578559882083 606.0 1820.0 3822.0 6448.0 9424.0 12476.0 15393.0 18035.0 20328.0 22246.0 23795.0 25001.0 25900.0 26529.0 26929.0 27136.0
21 1.0 132.32227321724275 59.158244620032804 -0.762234415493766 0.3976006388907743 0.11599678034439703 0.08409977942945282 -0.09344759743809596 -0.0972578559882083 2261.0 7632.0 17420.0 31199.0 47651.0 65245.0 82661.0 98951.0 113533.0 126124.00000000001 136651.0 145179.0 151854.0 156863.0 160408.0 162687.0
22 1.0 156.91137309562566 76.4940441515746 -0.762234415493766 0.3976006388907743 0.11599678034439703 0.08409977942945282 -0.09344759743809596 -0.0972578559882083 6061.0 19400.0 42338.0 72975.0 107818.0 143400.0 177078.0 207193.0 232923.0 254046.0 270721.0 283320.0 292316.0 298207.0 301475.0 302562.0
23 1.0 321.092407805642 -81.71868404028655 -0.762234415493766 0.3976006388907743 0.11599678034439703 0.08409977942945282 -0.09344759743809596 -0.0972578559882083 3661.0 13579.0 32536.000000000004 59744.0 92326.0 126921.0 160696.0 191704.0 218839.0 241649.0 260125.0 274527.0 285256.0 292767.0 297521.0 299952.0
24 1.0 290.22983605659084 -48.12714129064221 -0.762234415493766 0.3976006388907743 0.11599678034439703 0.08409977942945282 -0.09344759743809596 -0.0972578559882083 1733.0 6164.0 14585.0 26813.0 41765.0 58063.0 74455.0 90004.0 104101.0 116422.0 126853.0 135418.0 142230.0 147448.0 151250.0 153819.0
25 1.0 253.39989007453187 -27.266513491338614 -0.762234415493766 0.3976006388907743 0.11599678034439703 0.08409977942945282 -0.09344759743809596 -0.0972578559882083 8439.0 26555.0 57094.0 97116.0 141809.0 186641.0 228328.0 264939.0 295628.0 320297.0 339290.0 353187.0 362655.0 368366.0 370951.0 370974.0
26 1.0 36.0816794324284 56.693966286644525 -0.762234415493766 0.3976006388907743 0.11599678034439703 0.08409977942945282 -0.09344759743809596 -0.0972578559882083 9181.0 30329.0 66956.0 115560.0 170052.0 224639.0 275139.0 319134.0 355618.0 384535.0 406389.0 421963.0 432136.0 437778.0 439692.0 438588.0
27 1.0 331.0137409480825 87.38845697579356 -0.762234415493766 0.3976006388907743 0.11599678034439703 0.08409977942945282 -0.09344759743809596 -0.0972578559882083 9564.0 30319.0 65374.0 111242.0 162275.0 213201.0 260249.0 301247.0 335298.0 362359.0 382890.0 397608.0 407315.0 412807.0 414821.0 414012.0
28 1.0 257.1268678376801 84.41490684066332 -0.762234415493766 0.3976006388907743 0.11599678034439703 0.08409977942945282 -0.09344759743809596 -0.0972578559882083 9899.0 31068.0 66554.0 112754.0 163969.0 214937.0 261919.0 302782.0 336658.0 363525.0 383860.0 398386.0 407912.0 413237.0 415098.0 414150.0
29 1.0 359.5849223644319 72.89070219898684 -0.762234415493766 0.3976006388907743 0.11599678034439703 0.08409977942945282 -0.09344759743809596 -0.0972578559882083 11261.0 35545.0 76210.0 128902.99999999999 186921.0 244194.0 296508.0 341547.0 378452.0 407319.0 428784.0 443736.0 453136.0 457917.0 458925.0 456903.0
0 1.0 53.80138967687775 -36.619872288474625 -0.762234415493766 0.3976006388907743 0.11599678034439703 0.08409977942945282 -0.09344759743809596 -0.0972578559882083 5008.0 18357.0 43453.0 78867.0 120579.0 164156.0 206019.0 243824.0 276337.0 303147.0 324382.0 340473.0 352005.0 359602.0 363877.0 365394.0
1 1.0 312.52538065255715 88.56202381460534 -0.762234415493766 0.3976006388907743 0.11599678034439703 0.08409977942945282 -0.09344759743809596 -0.0972578559882083 9373.0 29684.0 63996.0 108932.0 158985.0 209003.0 255282.0 295677.0 329288.0 356054.0 376413.0 391056.0 400762.0 406311.0 408423.0 407740.0
2 1.0 58.497456483494936 -45.10439260983878 -0.762234415493766 0.3976006388907743 0.11599678034439703 0.08409977942945282 -0.09344759743809596 -0.0972578559882083 5051.0 18563.0 44001.0 79926.0 122251.0 166467.0 208932.0 247261.0 280202.0 307340.0 328808.0 345049.0 356658.0 364276.0 368525.0 369979.0
3 1.0 221.6014431421839 -70.9368921211982 -0.762234415493766 0.3976006388907743 0.11599678034439703 0.08409977942945282 -0.09344759743809596 -0.0972578559882083 6924.0 23903.0 54389.0 95988.0 143717.0 192503.0 238485.0 279278.0 313747.0 341643.0 363264.0 379203.0 390180.0 396933.0 400165.0 400507.0
4 1.0 44.57519382579895 81.17146998997094 -0.762234415493766 0.3976006388907743 0.11599678034439703 0.08409977942945282 -0.09344759743809596 -0.0972578559882083 8694.0 28082.0 61315.0 105274.0 154599.0 204168.0 250244.00000000003 290628.0 324365.0 351346.0 371976.0 386917.0 396935.0 402795.0 405209.0 404817.0
5 1.0 305.2829625560044 -47.98435401574267 -0.762234415493766 0.3976006388907743 0.11599678034439703 0.08409977942945282 -0.09344759743809596 -0.0972578559882083 864.0 3235.0 7971.000000000001 15145.0 24231.0 34431.0 44948.0 55138.0 64554.0 72930.0 80146.0 86183.0 91087.0 94946.0 97865.0 99956.0
6 1.0 290.63482514100383 34.15828771399508 -0.762234415493766 0.3976006388907743 0.11599678034439703 0.08409977942945282 -0.09344759743809596 -0.0972578559882083 12325.0 35117.0 70655.0 114709.0 161883.0 207642.0 248988.0 284355.0 313233.0 335786.0 352551.0 364236.0 371591.0 375334.0 376121.0 374523.0
7 1.0 204.8762659012536 -79.49585538349405 -0.762234415493766 0.3976006388907743 0.11599678034439703 0.08409977942945282 -0.09344759743809596 -0.0972578559882083 6303.0 22210.0 51203.0 91187.0 137431.0 185009.0 230101.0 270308.0 304451.0 332230.0 353893.0 369990.0 381205.0 388252.0 391809.0 392495.0
8 1.0 146.58598700135988 41.52763784294572 -0.762234415493766 0.3976006388907743 0.11599678034439703 0.08409977942945282 -0.09344759743809596 -0.0972578559882083 1059.0 3307.0 7179.0 12448.0 18612.0 25123.0 31517.999999999996 37472.0 42789.0 47377.0 51215.0 54334.0 56788.0 58647.0 59983.0 60868.0
9 1.0 24.900118363849696 68.70963822009114 -0.762234415493766 0.3976006388907743 0.11599678034439703 0.08409977942945282 -0.09344759743809596 -0.0972578559882083 9984.0 32248.0 70213.0 120071.0 175555.0 230817.0 281701.0 325843.0 362300.0 391068.0 412694.0 427993.0 437866.0 443200.0 444807.0 443405.0
10 1.0 251.07435833204292 -40.96135881612675 -0.762234415493766 0.3976006388907743 0.11599678034439703 0.08409977942945282 -0.09344759743809596 -0.0972578559882083 7207.0 23497.0 51717.0 89440.0 132213.0 175658.0 216494.0 252713.00000000003 283369.0 308262.0 327653.0 342056.0 352088.0 358388.0 361562.0 362159.0
11 1.0 163.27536576410478 -21.76975870606286 -0.762234415493766 0.3976006388907743 0.11599678034439703 0.08409977942945282 -0.09344759743809596 -0.0972578559882083 6822.0 18751.0 37091.0 59849.0 84467.0 108727.0 131086.0 150662.0 167088.0 180341.0 190610.0 198190.0 203424.0 206653.0 208203.0 208365.0
12 1.0 259.94001580932525 -22.6266870022351 -0.762234415493766 0.3976006388907743 0.11599678034439703 0.08409977942945282 -0.09344759743809596 -0.0972578559882083 7666.0 23897.0 51150.0 86851.0 126785.00000000001 166956.0 204440.0 237487.0 265308.0 287777.0 305172.0 317990.0 326812.0 332234.0 334815.0 335061.0
13 1.0 311.8976373343065 44.781886357223954 -0.762234415493766 0.3976006388907743 0.11599678034439703 0.08409977942945282 -0.09344759743809596 -0.0972578559882083 12938.0 36764.0 73854.0 119774.0 168890.0 216479.0 259428.0 296122.0 326044.0 349378.0 366693.0 378730.0 386272.0 390071.0 390806.0 389074.0
14 1.0 351.1877418010389 -47.19469634297301 -0.762234415493766 0.3976006388907743 0.11599678034439703 0.08409977942945282 -0.09344759743809596 -0.0972578559882083 844.0 3268.0 8199.0 15730.999999999998 25313.0 36101.0 47252.0 58085.0 68122.0 77077.0 84812.0 91302.0 96589.0 100759.0 103920.0 106189.0
15 1.0 308.08920326133995 -59.06644217142426 -0.762234415493766 0.3976006388907743 0.11599678034439703 0.08409977942945282 -0.09344759743809596 -0.0972578559882083 1269.0 4941.0 12374.0 23635.0 37827.0 53650.0 69847.0 85428.0 99728.0 112361.0 123166.0 132132.0 139345.0 144949.0 149114.0 152014.0
16 1.0 4.21707030660071 -9.127503236207147 -0.762234415493766 0.3976006388907743 0.11599678034439703 0.08409977942945282 -0.09344759743809596 -0.0972578559882083 2948.0 9030.0 19326.0 33096.0 48920.0 65331.0 81156.0 95607.0 108246.0 118897.0 127567.00000000001 134373.0 139489.0 143117.0 145461.0 146715.0
17 1.0 129.592103212211 -35.19568667208249 -0.762234415493766 0.3976006388907743 0.11599678034439703 0.08409977942945282 -0.09344759743809596 -0.0972578559882083 5263.0 16950.0 37220.0 64502.00000000001 95734.0 127806.0 158309.0 185706.0 209215.0 228603.0 243989.0 255695.0 264137.0 269759.0 272993.0 274236.0
18 1.0 262.7966024726609 61.05404200655744 -0.762234415493766 0.3976006388907743 0.11599678034439703 0.08409977942945282 -0.09344759743809596 -0.0972578559882083 13765.0 41460.0 86240.0 142857.0 204058.0 263592.0 317290.0 362985.0 399991.0 428558.0 449451.0 463657.0 472211.0 476094.0 476191.0 473268.0
19 1.0 61.78668381411859 -47.20647131718502 -0.762234415493766 0.3976006388907743 0.11599678034439703 0.08409977942945282 -0.09344759743809596 -0.0972578559882083 5165.0 18977.0 44959.0 81610.0 124740.0 169735.0 212888.0 251778.99999999997 285145.0 312581.0 334233.0 350566.0 362193.0 369769.0 373932.0 375270.0
20 1.0 187.57317823348654 0.4301023480670665 -0.762234415493766 0.3976006388907743 0.11599678034439703 0.08409977942945282 -0.09344759743809596 -0.0972578559882083 8528.0 23004.0 44776.0 71251.0 99356.0 126565.00000000001 151213.0 172423.0 189902.0 203730.0 214196.0 221692.0 226635.0 229432.0 230454.0 230030.0
21 1.0 19.561675802131305 79.66504794562746 -0.762234415493766 0.3976006388907743 0.11599678034439703 0.08409977942945282 -0.09344759743809596 -0.0972578559882083 9692.0 31043.0 67318.0 114919.0 167937.0 220847.0 269697.0 312219.0 347481.0 375448.0 396610.0 411721.0 421623.0 427151.0 429075.0 428078.0
22 1.0 71.99874896270403 24.119585594038938 -0.762234415493766 0.3976006388907743 0.11599678034439703 0.08409977942945282 -0.09344759743809596 -0.0972578559882083 4224.0 15616.0 37257.0 68110.0 104816.0 143543.0 181120.0 215403.0 245209.0 270086.0 290068.0 305482.0 316801.0 324553.0 329265.0 331428.0
23 1.0 6.66784600582103 66.11209298324366 -0.762234415493766 0.3976006388907743 0.11599678034439703 0.08409977942945282 -0.09344759743809596 -0.0972578559882083 11552.0 36311.0 77612.0 130967.0 189567.0 247290.0 299913.0 345135.0 382120.0 410988.0 432397.0 447254.0 456535.0 461179.0 462044.0 459875.0
24 1.0 285.7311732086714 79.23774408385813 -0.762234415493766 0.3976006388907743 0.11599678034439703 0.08409977942945282 -0.09344759743809596 -0.0972578559882083 11410.0 35430.0 75253.0 126578.0 182937.0 238516.0 289287.0 333036.0 368941.0 397089.0 418086.0 432780.0 442095.0 446922.0 448078.0 446279.0
25 1.0 80.61288770173685 45.13767513954335 -0.762234415493766 0.3976006388907743 0.11599678034439703 0.08409977942945282 -0.09344759743809596 -0.0972578559882083 3475.0 12759.0 30435.0 55787.0 86178.0 118511.0 150155.0 179283.0 204843.0 226390.0 243895.0 257585.0 267824.0 275032.0 279637.0 282045.0
26 1.0 124.32660505088496 35.92351084045525 -0.762234415493766 0.3976006388907743 0.11599678034439703 0.08409977942945282 -0.09344759743809596 -0.0972578559882083 495.0 1802.0 4395.0 8335.0 13371.0 19102.0 25116.0 31069.0 36706.0 41863.0 46451.0 50431.0 53806.0 56603.0 58861.0 60630.0
27 1.0 334.1092656476127 84.23380198876086 -0.762234415493766 0.3976006388907743 0.11599678034439703 0.08409977942945282 -0.09344759743809596 -0.0972578559882083 10194.0 32216.0 69260.0 117534.0 171028.0 224198.0 273124.0 315585.0 350695.0 378456.0 399388.0 414261.0 423931.0 429240.0 430960.0 429778.0
28 1.0 253.5891846924718 88.99214213658229 -0.762234415493766 0.3976006388907743 0.11599678034439703 0.08409977942945282 -0.09344759743809596 -0.0972578559882083 9126.0 28939.0 62457.0 106415.0 155452.0 204531.0 250017.0 289793.0 322957.0 349432.0 369631.0 384220.0 393957.0 399598.0 401848.0 401337.0
29 1.0 11.462014631270826 -8.672097119443265 -0.762234415493766 0.3976006388907743 0.11599678034439703 0.08409977942945282 -0.09344759743809596 -0.0972578559882083 3456.0 11062.0 24306.0 42284.0 63092.99999999999 84734.0 105606.0 124642.0 141260.0 155238.0 166596.0 175499.0 182188.0 186932.0 190003.0 191657.0
0 1.0 59.289896339248585 -77.2434399268425 -0.762234415493766 0.3976006388907743 0.11599678034439703 0.08409977942945282 -0.09344759743809596 -0.0972578559882083 4698.0 17281.0 41037.0 74705.0 114526.0 156297.0 196587.0 233118.0 264665.0 290797.0 311600.0 327466.0 338935.0 346598.0 351035.0 352785.0
1 1.0 223.73222453991488 -37.29707434070661 -0.762234415493766 0.3976006388907743 0.11599678034439703 0.08409977942945282 -0.09344759743809596 -0.0972578559882083 11769.0 36842.0 78548.0 132319.0 191288.0 249303.0 302134.0 347487.0 384539.0 413423.0 434811.0 449618.0 458830.0 463395.0 464171.0 461912.0
2 1.0 207.80229189750034 -62.57615297620852 -0.762234415493766 0.3976006388907743 0.11599678034439703 0.08409977942945282 -0.09344759743809596 -0.0972578559882083 8864.0 29537.0 65558.0 113553.0 167525.0 221721.0 271960.0 315808.0 352237.0 381167.0 403082.0 418751.0 429040.0 434810.0 436858.0 435891.0
3 1.0 85.64141569482311 -14.852452536717877 -0.762234415493766 0.3976006388907743 0.11599678034439703 0.08409977942945282 -0.09344759743809596 -0.0972578559882083 4221.0 15503.0 36840.0 67169.0 103176.0 141102.0 177850.0 211331.0 240400.0 264623.0 284043.0 298987.0 309922.0 317370.0 321849.0 323842.0
4 1.0 336.3170392529258 -66.36792087481392 -0.762234415493766 0.3976006388907743 0.11599678034439703 0.08409977942945282 -0.09344759743809596 -0.0972578559882083 1662.0 6490.0 16219.999999999998 30852.0 49119.0 69267.0 89649.0 109006.0 126524.0 141768.0 154589.0 165025.0 173230.0 179420.0 183835.0 186716.0
5 1.0 221.02774414772256 18.741204723758756 -0.762234415493766 0.3976006388907743 0.11599678034439703 0.08409977942945282 -0.09344759743809596 -0.0972578559882083 13481.0 39149.0 79625.0 130055.0 184127.0 236523.0 283742.0 323975.0 356662.0 382025.0 400718.0 413582.0 421501.0 425317.0 425788.0 423577.0
6 1.0 192.827809088985 -21.094549351586267 -0.762234415493766 0.3976006388907743 0.11599678034439703 0.08409977942945282 -0.09344759743809596 -0.0972578559882083 11694.0 32961.0 66007.0 106981.0 150943.0 193711.0 232490.0 265796.0 293120.0 314584.0 330665.0 342003.0 349285.0 353172.0 354271.0 353112.0
7 1.0 212.36759148764554 71.1694591718778 -0.762234415493766 0.3976006388907743 0.11599678034439703 0.08409977942945282 -0.09344759743809596 -0.0972578559882083 8856.0 27304.0 57936.0 97666.0 141697.0 185603.0 226220.0 261722.0 291340.0 315022.0 333142.0 346290.0 355134.0 360340.0 362531.0 362260.0
8 1.0 262.8439306260371 84.20304092373033 -0.762234415493766 0.3976006388907743 0.11599678034439703 0.08409977942945282 -0.09344759743809596 -0.0972578559882083 10035.0 31474.000000000004 67385.0 114097.0 165832.0 217271.0 264641.0 305800.0 339882.0 366879.0 387281.0 401825.0 411331.0 416609.0 418403.0 417375.0
9 1.0 112.30019837265667 8.43928230049599 -0.762234415493766 0.3976006388907743 0.11599678034439703 0.08409977942945282 -0.09344759743809596 -0.0972578559882083 940.0 3536.0 8690.0 16419.0 26112.0 36898.0 47942.0 58589.0 68394.0 77099.0 84591.0 90858.0 95953.0 99965.0 103003.0 105181.0
10 1.0 143.35958239779308 -40.531757423832616 -0.762234415493766 0.3976006388907743 0.11599678034439703 0.08409977942945282 -0.09344759743809596 -0.0972578559882083 6920.0 21438.0 45850.0 77954.0 114032.0 150506.0 184718.0 215048.0 240738.0 261633.0 277955.0 290127.0 298659.0 304079.0 306887.0 307537.0
11 1.0 75.54374963104397 16.601475377130626 -0.762234415493766 0.3976006388907743 0.11599678034439703 0.08409977942945282 -0.09344759743809596 -0.0972578559882083 3877.0 14453.0 34697.0 63730.99999999999 98444.0 135224.0 171046.0 203846.0 232466.0 256446.0 275796.0 290807.0 301917.0 309618.0 314407.0 316747.0
12 1.0 67.02948211692102 71.41700848039378 -0.762234415493766 0.3976006388907743 0.11599678034439703 0.08409977942945282 -0.09344759743809596 -0.0972578559882083 6833.0 22806.0 50954.0 89011.0 132508.0 176943.0 218886.0 256206.0 287872.0 313638.0 333748.0 348713.0 359164.0 365754.0 369110.0 369798.0
13 1.0 339.9740603942161 -16.787997749565307 -0.762234415493766 0.3976006388907743 0.11599678034439703 0.08409977942945282 -0.09344759743809596 -0.0972578559882083 1116.0 3143.0 6279.0 10172.0 14389.0 18564.0 22453.0 25915.0 28891.0 31376.0 33392.0 34980.0 36185.0 37057.0 37640.0 37978.0
14 1.0 266.2382862177435 9.374089804554757 -0.762234415493766 0.3976006388907743 0.11599678034439703 0.08409977942945282 -0.09344759743809596 -0.0972578559882083 11242.0 33125.0 68123.0 112260.0 160109.0 206961.0 249618.0 286354.0 316547.0 340297.0 358108.0 370679.0 378764.0 383093.0 384335.0 383080.0
15 1.0 176.56517110232414 -41.10250183089374 -0.762234415493766 0.3976006388907743 0.11599678034439703 0.08409977942945282 -0.09344759743809596 -0.0972578559882083 10420.0 30908.0 64021.99999999999 106198.0 152333.0 197878.0 239665.0 275925.0 305966.0 329807.0 347888.0 360848.0 369397.0 374233.0 376002.0 375275.0
16 1.0 81.86926607039636 -8.020053098995149 -0.762234415493766 0.3976006388907743 0.11599678034439703 0.08409977942945282 -0.09344759743809596 -0.0972578559882083 4144.0 15315.0 36535.0 66788.0 102781.0 140748.0 177573.0 211151.0 240320.0 264638.0 284145.0 299164.0 310165.0 317669.0 322197.0 324234.0
17 1.0 91.56833343734147 -17.69156363167224 -0.762234415493766 0.3976006388907743 0.11599678034439703 0.08409977942945282 -0.09344759743809596 -0.0972578559882083 3993.0 14575.0 34531.0 62875.0 96540.0 132046.0 166512.0 197993.0 225408.0 248340.0 266815.0 281121.0 291683.0 298978.0 303483.0 305643.0
18 1.0 20.89049771659522 -45.28557628506522 -0.762234415493766 0.3976006388907743 0.11599678034439703 0.08409977942945282 -0.09344759743809596 -0.0972578559882083 2373.0 8884.0 21524.0 39972.0 62446.0 86725.0 110848.0 133391.0 153486.0 170712.0 184974.0 196380.0 205157.0 211590.0 215980.0 218621.0
19 1.0 156.3899852009235 1.0559490885555078 -0.762234415493766 0.3976006388907743 0.11599678034439703 0.08409977942945282 -0.09344759743809596 -0.0972578559882083 3206.0 8215.0 15278.0 23399.0 31610.0 39222.0 45844.0 51321.0 55649.0 58912.0 61235.0 62756.99999999999 63610.0 63918.0 63787.0 63309.00000000001
20 1.0 112.24651751787692 -34.13145132363395 -0.762234415493766 0.3976006388907743 0.11599678034439703 0.08409977942945282 -0.09344759743809596 -0.0972578559882083 4784.0 16476.0 37641.0 66891.0 100961.0 136369.0 170341.0 201062.0 227573.0 249547.0 267074.0 280483.0 290222.0 296780.0 300634.0 302231.0
21 1.0 250.6836559735654 -22.85372450146545 -0.762234415493766 0.3976006388907743 0.11599678034439703 0.08409977942945282 -0.09344759743809596 -0.0972578559882083 9568.0 29783.0 63510.0 107325.0 155877.0 204234.0 248889.0 287827.0 320219.0 346024.0 365672.0 379830.0 389245.0 394662.0 396771.0 396186.0
22 1.0 135.99066214529313 4.494679605767573 -0.762234415493766 0.3976006388907743 0.11599678034439703 0.08409977942945282 -0.09344759743809596 -0.0972578559882083 1036.0 3056.0 6352.0 10655.0 15539.0 20587.0 25471.0 29967.0 33948.0 37356.0 40183.0 42457.0 44220.0 45526.0 46431.0 46990.0
23 1.0 64.65732392146853 45.10710412721775 -0.762234415493766 0.3976006388907743 0.11599678034439703 0.08409977942945282 -0.09344759743809596 -0.0972578559882083 5414.0 19269.0 44808.0 80401.0 121979.0 165163.0 206472.0 243649.0 275527.0 301739.0 322436.0 338061.0 349197.0 356469.0 360481.0 361791.0
24 1.0 8.884342220879242 -29.968656157570443 -0.762234415493766 0.3976006388907743 0.11599678034439703 0.08409977942945282 -0.09344759743809596 -0.0972578559882083 1716.0 6127.0 14484.0 26552.0 41210.0 57073.0 72911.0 87820.0 101233.0 112863.0 122623.0 130560.00000000001 136801.0 141510.0 144871.0 147065.0
25 1.0 24.20986732676949 76.34857799173744 -0.762234415493766 0.3976006388907743 0.11599678034439703 0.08409977942945282 -0.09344759743809596 -0.0972578559882083 9665.0 31107.0 67643.0 115667.0 169204.0 222654.0 272007.0 314961.0 350569.0 378795.0 400136.0 415357.0 425312.0 430846.0 432740.0 431686.0
26 1.0 244.58139845948423 65.21733843046243 -0.762234415493766 0.3976006388907743 0.11599678034439703 0.08409977942945282 -0.09344759743809596 -0.0972578559882083 12110.0 36777.0 77009.0 128293.99999999999 184178.0 238974.0 288805.0 331580.0 366560.0 393878.0 414163.0 428269.0 437111.0 441572.0 442456.0 440464.0
27 1.0 163.33086404017632 -81.23574672440486 -0.762234415493766 0.3976006388907743 0.11599678034439703 0.08409977942945282 -0.09344759743809596 -0.0972578559882083 6324.0 22438.0 51909.0 92616.0 139720.0 188174.0 234070.0 274956.0 309635.0 337805.0 359729.0 375976.0 387249.0 394281.0 397767.0 398340.0
28 1.0 193.16851599914 -44.3443456337719 -0.762234415493766 0.3976006388907743 0.11599678034439703 0.08409977942945282 -0.09344759743809596 -0.0972578559882083 11658.0 35429.0 74292.0 123965.0 178241.0 231612.0 280291.0 322211.0 356615.0 383603.0 403757.0 417891.0 426881.0 431578.0 432759.0 431106.0
29 1.0 322.80166549452315 -9.695607721343649 -0.762234415493766 0.3976006388907743 0.11599678034439703 0.08409977942945282 -0.09344759743809596 -0.0972578559882083 1718.0 4561.0 8683.0 13497.0 18401.0 22964.0 26946.0 30257.0 32898.0 34924.0 36411.0 37438.0 38082.0 38413.0 38488.0 38359.0
0 1.0 356.52202106281356 -71.16698002635466 -0.762234415493766 0.3976006388907743 0.11599678034439703 0.08409977942945282 -0.09344759743809596 -0.0972578559882083 2456.0 9396.0 23058.0 43161.0 67774.0 94451.0 121012.0 145875.0 168070.0 187127.0 202934.0 215605.0 225388.0 232594.0 237551.0 240582.0
1 1.0 78.08291438345061 -27.274321973970522 -0.762234415493766 0.3976006388907743 0.11599678034439703 0.08409977942945282 -0.09344759743809596 -0.0972578559882083 5304.0 19374.0 45722.0 82770.0 126258.00000000001 171541.0 214903.0 253932.0 287378.0 314850.0 336507.0 352822.0 364414.0 371946.0 376058.0 377340.0
2 1.0 238.70815311603627 43.21755461118286 -0.762234415493766 0.3976006388907743 0.11599678034439703 0.08409977942945282 -0.09344759743809596 -0.0972578559882083 13875.0 41219.0 84999.0 140020.0 199282.0 256809.99999999997 308647.0 352746.0 388470.0 416070.0 436283.0 450058.0 458386.0 462210.0 462377.0 459625.0
3 1.0 94.79605562537424 32.49260660570866 -0.762234415493766 0.3976006388907743 0.11599678034439703 0.08409977942945282 -0.09344759743809596 -0.0972578559882083 1645.0 6420.0 16043.000000000002 30516.0 48592.0 68537.0 88721.0 107900.0 125264.99999999999 140384.0 153105.0 163465.0 171617.0 177773.0 182170.0 185045.0
4 1.0 7.434359807662325 22.02919714188087 -0.762234415493766 0.3976006388907743 0.11599678034439703 0.08409977942945282 -0.09344759743809596 -0.0972578559882083 8276.0 24336.0 50308.0 83563.0 120226.0 156756.0 190617.0 220328.0 245249.0 265311.0 280793.0 292157.0 299933.0 304659.0 306840.0 306929.0
5 1.0 273.01631538101094 37.895112490022214 -0.762234415493766 0.3976006388907743 0.11599678034439703 0.08409977942945282 -0.09344759743809596 -0.0972578559882083 14219.0 41590.0 84909.0 138942.0 196846.0 252859.99999999997 303207.0 345960.0 380541.0 407221.0 426731.0 439997.0 447987.0 451615.0 451703.0 448965.0
6 1.0 115.20617429608842 -53.113736347253685 -0.762234415493766 0.3976006388907743 0.11599678034439703 0.08409977942945282 -0.09344759743809596 -0.0972578559882083 6704.0 23073.0 52405.0 92399.0 138289.0 185227.0 229515.0 268865.0 302177.0 329200.0 350208.0 365759.0 376534.0 383239.0 386541.0 387047.0
7 1.0 138.04700190188328 -28.494339324348218 -0.762234415493766 0.3976006388907743 0.11599678034439703 0.08409977942945282 -0.09344759743809596 -0.0972578559882083 4832.0 14732.0 31315.000000000004 53193.0 77957.0 103241.0 127234.99999999999 148795.0 167343.0 182708.0 194983.0 204408.0 211296.0 215984.0 218797.0 220039.0
8 1.0 211.79416087929806 31.723646809943318 -0.762234415493766 0.3976006388907743 0.11599678034439703 0.08409977942945282 -0.09344759743809596 -0.0972578559882083 10751.0 31073.0 63153.0 103304.0 146646.0 188984.0 227488.0 260633.99999999997 287883.0 309329.0 325432.0 336819.0 344167.0 348133.0 349317.0 348248.0
9 1.0 299.17744388502854 68.26225734563889 -0.762234415493766 0.3976006388907743 0.11599678034439703 0.08409977942945282 -0.09344759743809596 -0.0972578559882083 13474.0 40916.0 85516.0 142076.0 203330.0 262984.0 316832.0 362677.0 399818.0 428499.0 449483.0 463759.0 472363.0 476281.0 476400.0 473490.0
10 1.0 226.43346369281355 7.86204968905713 -0.762234415493766 0.3976006388907743 0.11599678034439703 0.08409977942945282 -0.09344759743809596 -0.0972578559882083 14464.0 42521.0 87052.0 142656.0 202251.0 259869.00000000003 311606.0 355479.0 390903.0 418172.0 438051.0 451506.0 459540.0 463100.0 463036.0 460082.0
11 1.0 314.1542359610623 -39.11406282980341 -0.762234415493766 0.3976006388907743 0.11599678034439703 0.08409977942945282 -0.09344759743809596 -0.0972578559882083 582.0 1975.0000000000002 4584.0 8389.0 13103.0 18332.0 23694.0 28890.0 33709.0 38031.0 41798.0 45000.0 47657.0 49806.0 51496.0 52777.0
12 1.0 98.47513253362888 -84.55765355892314 -0.762234415493766 0.3976006388907743 0.11599678034439703 0.08409977942945282 -0.09344759743809596 -0.0972578559882083 5349.0 19369.0 45481.0 82079.0 124956.0 169550.0 212220.0 250610.0 283501.0 310517.0 331816.0 347867.0 359278.0 366700.0 370763.0 372045.0
13 1.0 287.29686020852296 37.8606292153584 -0.762234415493766 0.3976006388907743 0.11599678034439703 0.08409977942945282 -0.09344759743809596 -0.0972578559882083 13253.0 38068.0 76925.0 125155.99999999999 176770.0 226740.0 271763.0 310137.0 341333.0 365566.0 383455.0 395799.0 403437.0 407166.0 407708.0 405692.0
14 1.0 66.8289399501428 -88.58086136848073 -0.762234415493766 0.3976006388907743 0.11599678034439703 0.08409977942945282 -0.09344759743809596 -0.0972578559882083 4921.0 17900.0 42208.0 76465.0 116818.0 159010.0 199598.0 236311.0 267945.0 294088.0 314847.0 330628.0 341986.0 349521.0 353822.0 355433.0
15 1.0 343.0049965099 -22.9177674322208 -0.762234415493766 0.3976006388907743 0.11599678034439703 0.08409977942945282 -0.09344759743809596 -0.0972578559882083 817.0 2494.0 5320.0 9104.0 13486.0 18085.0 22588.0 26773.0 30503.0 33714.0 36391.0 38553.0 40237.0 41492.0 42369.0 42919.0
16 1.0 247.4957794996135 5.496698621300723 -0.762234415493766 0.3976006388907743 0.11599678034439703 0.08409977942945282 -0.09344759743809596 -0.0972578559882083 13651.0 40882.0 84729.0 140030.0 199728.0 257761.00000000003 310101.0 354653.0 390758.0 418660.0 439100.0 453035.0 461468.0 465351.0 465541.0 462784.0
17 1.0 77.58276376088104 75.98006311809476 -0.762234415493766 0.3976006388907743 0.11599678034439703 0.08409977942945282 -0.09344759743809596 -0.0972578559882083 6762.0 22354.0 49667.0 86474.0 128473.0 171353.0 211836.0 247885.0 278516.0 303488.0 323032.0 337631.0 347885.0 354419.0 357828.0 358656.0
18 1.0 341.0534125760127 -73.89098189407798 -0.762234415493766 0.3976006388907743 0.11599678034439703 0.08409977942945282 -0.09344759743809596 -0.0972578559882083 2543.0 9690.0 23716.0 44310.0 69485.0 96735.0 123839.0 149184.0 171785.0 191167.0 207220.0 220064.0 229957.0 237216.0 242182.0 245184.0
19 1.0 263.1080904372568 -16.930382045708924 -0.762234415493766 0.3976006388907743 0.11599678034439703 0.08409977942945282 -0.09344759743809596 -0.0972578559882083 7809.0 23969.0 50796.0 85675.0 124490.0 163405.0 199638.0 231543.0 258390.0 280074.0 296875.0 309270.0 317821.0 323097.0 325635.0 325919.0
20 1.0 91.4189913342093 -85.6236240521716 -0.762234415493766 0.3976006388907743 0.11599678034439703 0.08409977942945282 -0.09344759743809596 -0.0972578559882083 5196.0 18854.0 44348.0 80155.0 122191.0 165992.0 207981.0 245823.0 278305.0 305034.0 326153.0 342109.0 353494.0 360944.0 365075.0 366454.0
21 1.0 76.79231185229351 -28.33002281851374 -0.762234415493766 0.3976006388907743 0.11599678034439703 0.08409977942945282 -0.09344759743809596 -0.0972578559882083 5374.0 19637.0 46341.0 83876.0 127913.0 173736.0 217583.0 257014.00000000003 290773.0 318471.0 340276.0 356673.0 368294.0 375811.0 379876.0 381086.0
22 1.0 186.55225701503878 22.00159059116308 -0.762234415493766 0.3976006388907743 0.11599678034439703 0.08409977942945282 -0.09344759743809596 -0.0972578559882083 6109.0 16752.0 32972.0 52902.0 74249.0 95085.0 114114.0 130628.0 144366.0 155355.0 163792.0 169957.0 174156.0 176691.0 177840.0 177852.0
23 1.0 9.238578499631366 -39.767769318852295 -0.762234415493766 0.3976006388907743 0.11599678034439703 0.08409977942945282 -0.09344759743809596 -0.0972578559882083 1576.0 5881.0 14294.0 26699.0 41985.0 58696.0 75495.0 91378.0 105703.0 118138.0 128571.99999999999 137048.0 143698.0 148703.0 152258.0 154563.0
24 1.0 74.68922715879938 -52.245009061985684 -0.762234415493766 0.3976006388907743 0.11599678034439703 0.08409977942945282 -0.09344759743809596 -0.0972578559882083 5600.0 20449.0 48202.0 87130.0 132695.0 179992.0 225131.0 265612.0 300164.0 328414.0 350561.0 367125.0 378772.0 386208.0 390109.0 391096.0
25 1.0 152.88676875054225 -69.17341800112314 -0.762234415493766 0.3976006388907743 0.11599678034439703 0.08409977942945282 -0.09344759743809596 -0.0972578559882083 7893.000000000001 26959.0 60765.0 106370.0 158143.0 210538.0 259442.0 302404.0 338331.0 367070.0 389033.0 404923.0 415556.0 421753.0 424279.0 423818.0
26 1.0 134.7011929203212 13.88524392366152 -0.762234415493766 0.3976006388907743 0.11599678034439703 0.08409977942945282 -0.09344759743809596 -0.0972578559882083 591.0 1819.0 3907.0 6728.0 10019.0 13497.0 16920.0 20116.0 22976.0 25448.0 27516.0 29193.0 30504.0 31487.0 32180.0 32622.0
27 1.0 166.88715277133184 35.14860106284348 -0.762234415493766 0.3976006388907743 0.11599678034439703 0.08409977942945282 -0.09344759743809596 -0.0972578559882083 2457.0 6972.0 14066.0 23025.0 32883.0 42771.0 52059.0 60361.0 67489.0 73392.0 78113.0 81744.0 84402.0 86213.0 87300.0 87776.0
28 1.0 99.94633426610349 30.95228530724802 -0.762234415493766 0.3976006388907743 0.11599678034439703 0.08409977942945282 -0.09344759743809596 -0.0972578559882083 1232.0 4880.0 12345.0 23726.0 38126.0 54219.0 70718.0 86607.0 101200.0 114100.0 125140.0 134306.0 141688.0 147429.0 151701.0 154685.0
29 1.0 211.24236472494076 80.79498372969132 -0.762234415493766 0.3976006388907743 0.11599678034439703 0.08409977942945282 -0.09344759743809596 -0.0972578559882083 8845.0 27693.0 59330.0 100647.0 146652.0 192678.0 235370.0 272770.0 304039.0 329098.0 348321.0 362314.0 371772.0 377392.0 379824.0 379648.0
0 1.0 310.9880181323633 -89.51342149916951 -0.762234415493766 0.3976006388907743 0.11599678034439703 0.08409977942945282 -0.09344759743809596 -0.0972578559882083 4872.0 17714.0 41765.0 75670.0 115626.0 157428.0 197667.0 234093.0 265506.0 291492.0 312151.0 327881.0 339226.0 346780.0 351122.0 352791.0
1 1.0 42.31146814633191 26.49539770092649 -0.762234415493766 0.3976006388907743 0.11599678034439703 0.08409977942945282 -0.09344759743809596 -0.0972578559882083 7819.0 26702.0 60200.0 105418.0 156787.0 208814.0 257415.0 300147.0 335917.0 364562.0 386483.0 402374.0 413038.0 419290.0 421886.0 421507.0
2 1.0 186.2564785754811 18.070602677575124 -0.762234415493766 0.3976006388907743 0.11599678034439703 0.08409977942945282 -0.09344759743809596 -0.0972578559882083 6331.0 17254.0 33805.0 54060.0 75689.0 96751.0 115944.0 132564.0 146355.0 157349.0 165751.0 171847.0 175952.0 178372.0 179392.0 179266.0
3 1.0 47.54451828425519 15.973129794651868 -0.762234415493766 0.3976006388907743 0.11599678034439703 0.08409977942945282 -0.09344759743809596 -0.0972578559882083 6933.0 24321.0 55786.0 98864.0 148331.0 198867.0 246427.0 288531.0 324011.0 352629.0 374714.0 390902.0 401953.0 408644.0 411710.0 411810.0
4 1.0 258.06948522933374 83.29865757124364 -0.762234415493766 0.3976006388907743 0.11599678034439703 0.08409977942945282 -0.09344759743809596 -0.0972578559882083 10100.0 31621.000000000004 67620.0 114402.0 166181.0 217635.0 264999.0 306137.0 340189.0 367151.0 387517.0 402024.0 411495.0 416739.0 418503.0 417447.0
5 1.0 142.58149301062573 -86.96309879339286 -0.762234415493766 0.3976006388907743 0.11599678034439703 0.08409977942945282 -0.09344759743809596 -0.0972578559882083 5397.0 19469.0 45610.0 82192.0 125006.0 169502.0 212056.0 250326.0 283103.0 310016.0 331228.0 347206.0 358559.0 365936.0 369967.0 371225.0
6 1.0 203.55167226906323 35.36683752626102 -0.762234415493766 0.3976006388907743 0.11599678034439703 0.08409977942945282 -0.09344759743809596 -0.0972578559882083 8805.0 25344.0 51454.0 84229.0 119776.0 154720.0 186744.0 214566.0 237688.0 256133.99999999997 270228.0 280444.0 287306.0 291332.0 293001.0 292743.0
7 1.0 65.9807410370683 56.462156946335426 -0.762234415493766 0.3976006388907743 0.11599678034439703 0.08409977942945282 -0.09344759743809596 -0.0972578559882083 5755.0 20014.0 45897.0 81622.0 123085.0 165957.0 206835.0 243536.0 274945.0 300729.0 321054.0 336371.0 347260.0 354342.0 358213.0 359425.0
8 1.0 52.1451933636158 1.7652953918851466 -0.762234415493766 0.3976006388907743 0.11599678034439703 0.08409977942945282 -0.09344759743809596 -0.0972578559882083 6170.0 22135.0 51541.0 92330.0 139654.0 188415.0 234651.0 275867.0 310841.0 339259.0 361380.0 377776.0 389157.0 396258.0 399785.0 400374.0
9 1.0 175.70026103362363 -29.886323472574354 -0.762234415493766 0.3976006388907743 0.11599678034439703 0.08409977942945282 -0.09344759743809596 -0.0972578559882083 9688.0 27451.0 55305.0 90179.0 127974.0 165122.0 199164.0 228731.0 253286.99999999997 272852.0 287771.0 298547.0 305743.0 309911.0 311568.0 311172.0
10 1.0 128.020585625984 52.35122938093289 -0.762234415493766 0.3976006388907743 0.11599678034439703 0.08409977942945282 -0.09344759743809596 -0.0972578559882083 1450.0 5046.0 11804.0 21561.0 33456.0 46397.0 59395.0 71711.0 82870.0 92625.0 100891.0 107694.0 113126.0 117316.0 120403.0 122532.0
11 1.0 338.5555002910127 -72.49627338616357 -0.762234415493766 0.3976006388907743 0.11599678034439703 0.08409977942945282 -0.09344759743809596 -0.0972578559882083 2351.0 9003.0 22122.0 41463.0 65190.0 90953.0 116653.0 140756.0 162315.0 180867.0 196294.0 208697.0 218309.0 225425.0 230361.0 233425.0
12 1.0 275.5170913705075 -10.43358520861345 -0.762234415493766 0.3976006388907743 0.11599678034439703 0.08409977942945282 -0.09344759743809596 -0.0972578559882083 6165.0 18500.0 38712.0 64852.00000000001 93926.0 123150.0 150488.0 174713.0 195257.0 212011.0 225147.0 234994.0 241948.0 246419.0 248797.0 249438.0
13 1.0 269.51890314619703 3.5914274227508827 -0.762234415493766 0.3976006388907743 0.11599678034439703 0.08409977942945282 -0.09344759743809596 -0.0972578559882083 9631.0 28442.0 58662.0 96975.0 138747.0 179895.0 217602.0 250307.0 277411.0 298945.0 315310.0 327082.0 334897.0 339380.0 341105.0 340584.0
14 1.0 325.33910630853603 34.91215396821855 -0.762234415493766 0.3976006388907743 0.11599678034439703 0.08409977942945282 -0.09344759743809596 -0.0972578559882083 10566.0 29148.0 57569.0 92483.0 129762.99999999999 165964.0 198798.0 227052.0 250307.0 268660.0 282495.0 292338.0 298750.0 302281.0 303431.0 302645.0
15 1.0 30.032076759126678 -73.6405682341663 -0.762234415493766 0.3976006388907743 0.11599678034439703 0.08409977942945282 -0.09344759743809596 -0.0972578559882083 3639.0 13615.0 32788.0 60393.0 93512.0 128715.0 163103.0 194678.0 222305.0 245519.0 264310.0 278943.0 289827.0 297430.0 302223.0 304650.0
16 1.0 198.78928917206636 -49.00328972318503 -0.762234415493766 0.3976006388907743 0.11599678034439703 0.08409977942945282 -0.09344759743809596 -0.0972578559882083 11246.0 35138.0 74879.0 126185.99999999999 182578.0 238217.0 289055.0 332867.0 368824.0 397011.0 418035.0 432747.0 442070.0 446901.0 448055.0 446252.0
17 1.0 210.4113848240768 -16.14571871577739 -0.762234415493766 0.3976006388907743 0.11599678034439703 0.08409977942945282 -0.09344759743809596 -0.0972578559882083 13610.0 39594.0 80649.0 131875.0 186859.0 240172.0 288231.0 329181.0 362442.0 388238.0 407236.0 420295.0 428317.0 432163.0 432608.0 430327.0
18 1.0 346.2970962770024 22.193041143623518 -0.762234415493766 0.3976006388907743 0.11599678034439703 0.08409977942945282 -0.09344759743809596 -0.0972578559882083 7773.0 21178.0 41606.0 66759.0 93773.0 120212.0 144413.0 165452.0 182969.0 196979.0 207717.0 215533.0 220813.0 223944.0 225285.0 225156.0
19 1.0 105.17310964531758 69.65294061913514 -0.762234415493766 0.3976006388907743 0.11599678034439703 0.08409977942945282 -0.09344759743809596 -0.0972578559882083 4462.0 15089.0 34196.0 60579.0 91380.0 123523.0 154525.0 182730.0 207235.0 227705.0 244180.0 256928.0 266330.0 272810.0 276794.0 278678.0
20 1.0 86.69836076956085 21.388710283447764 -0.762234415493766 0.3976006388907743 0.11599678034439703 0.08409977942945282 -0.09344759743809596 -0.0972578559882083 2456.0 9390.0 23036.0 43109.0 67679.0 94296.0 120789.0 145577.0 167696.0 186681.0 202421.0 215035.0 224770.0 231937.0 236866.0 239877.0
21 1.0 36.10581921557922 -65.9769352317118 -0.762234415493766 0.3976006388907743 0.11599678034439703 0.08409977942945282 -0.09344759743809596 -0.0972578559882083 3603.0 13479.0 32470.0 59825.0 92663.0 127586.0 161716.0 193065.0 220500.0 243555.0 262214.0 276739.0 287535.0 295066.0 299802.0 302184.0
22 1.0 5.9146666529307135 86.50442390171082 -0.762234415493766 0.3976006388907743 0.11599678034439703 0.08409977942945282 -0.09344759743809596 -0.0972578559882083 9398.0 29919.0 64690.0 110292.0 161113.0 211896.0 258863.0 299833.0 333895.0 360994.0 381583.0 396369.0 406150.0 411719.0 413809.0 413073.0
23 1.0 334.6305540451886 66.92143225598872 -0.762234415493766 0.3976006388907743 0.11599678034439703 0.08409977942945282 -0.09344759743809596 -0.0972578559882083 13049.0 39787.0 83389.0 138834.0 199025.0 257774.0 310921.0 356275.0 393111.0 421643.0 442601.0 456944.0 465684.0 469786.0 470120.0 467444.0
24 1.0 241.16995677272763 0.4897370061583217 -0.762234415493766 0.3976006388907743 0.11599678034439703 0.08409977942945282 -0.09344759743809596 -0.0972578559882083 14002.0 42000.0 87113.0 144010.0 205397.0 265021.0 318732.0 364385.0 401313.0 429784.0 450574.0 464676.0 473129.0 476919.0 476930.0 473929.0
25 1.0 282.6550483283296 76.02263672339393 -0.762234415493766 0.3976006388907743 0.11599678034439703 0.08409977942945282 -0.09344759743809596 -0.0972578559882083 11987.0 37004.0 78261.0 131200.0 189108.0 246013.0 297818.0 342303.0 378674.0 407061.0 428116.0 442731.0 451865.0 456440.0 457295.0 455164.0
26 1.0 101.42283807142167 7.448542876284435 -0.762234415493766 0.3976006388907743 0.11599678034439703 0.08409977942945282 -0.09344759743809596 -0.0972578559882083 1569.0 5994.0 14775.0 27844.0 44045.0 61829.0 79766.0 96780.0 112183.0 125609.0 136937.0 146203.0 153541.0 159134.0 163185.0 165899.0
27 1.0 211.1076598270776 76.19509222004936 -0.762234415493766 0.3976006388907743 0.11599678034439703 0.08409977942945282 -0.09344759743809596 -0.0972578559882083 8812.0 27371.0 58356.0 98690.0 143502.0 188269.0 229746.0 266051.0 296385.0 320682.0 339313.0 352873.0 362038.0 367485.0 369843.0 369678.0
28 1.0 23.023895803553206 59.38152634860177 -0.762234415493766 0.3976006388907743 0.11599678034439703 0.08409977942945282 -0.09344759743809596 -0.0972578559882083 10503.0 33741.0 73127.0 124575.0 181555.0 238064.0 289882.0 334654.0 371474.0 400390.0 421999.0 437158.0 446806.0 451856.0 453144.0 451403.0
29 1.0 174.82593453646425 84.29155385297352 -0.762234415493766 0.3976006388907743 0.11599678034439703 0.08409977942945282 -0.09344759743809596 -0.0972578559882083 8019.0 25463.0 55091.0 94143.0 137955.0 182076.0 223246.0 259521.99999999997 290033.0 314647.0 333680.0 347684.0 357305.0 363201.0 365987.0 366222.0
0 1.0 351.89825030800085 75.5609059400685 -0.762234415493766 0.3976006388907743 0.11599678034439703 0.08409977942945282 -0.09344759743809596 -0.0972578559882083 11298.0 35565.0 76140.0 128675.00000000001 186502.0 243582.0 295725.0 340625.0 377429.0 406227.0 427652.0 442588.0 451990.0 456786.0 457819.0 455829.0
1 1.0 315.54188831397266 -83.5139128628575 -0.762234415493766 0.3976006388907743 0.11599678034439703 0.08409977942945282 -0.09344759743809596 -0.0972578559882083 3965.0 14615.0 34850.0 63737.0 98172.0 134589.0 170017.0 202434.0 230712.0 254404.00000000003 273525.0 288364.0 299352.0 306975.0 311722.0 314050.0
2 1.0 121.73722266126443 -58.54103925103081 -0.762234415493766 0.3976006388907743 0.11599678034439703 0.08409977942945282 -0.09344759743809596 -0.0972578559882083 7133.0 24467.0 55403.0 97414.0 145429.0 194352.0 240334.0 281023.0 315318.0 343001.0 364391.0 380098.0 390852.0 397398.0 400440.0 400613.0
3 1.0 346.16525563493946 -19.95575812178656 -0.762234415493766 0.3976006388907743 0.11599678034439703 0.08409977942945282 -0.09344759743809596 -0.0972578559882083 1046.0 3136.0 6606.0 11201.0 16473.0 21965.0 27304.0 32236.0 36608.0 40350.0 43452.0 45941.0 47865.0 49283.0 50258.0 50851.0
4 1.0 83.41258552963363 81.38568551317573 -0.762234415493766 0.3976006388907743 0.11599678034439703 0.08409977942945282 -0.09344759743809596 -0.0972578559882083 7409.0 24104.0 52983.0 91539.0 135208.0 179514.0 221112.0 257960.00000000003 289105.0 314354.0 333981.0 348517.0 358600.0 364883.0 367987.0 368475.0
5 1.0 341.75477606964535 -35.99479449433267 -0.762234415493766 0.3976006388907743 0.11599678034439703 0.08409977942945282 -0.09344759743809596 -0.0972578559882083 506.99999999999994 1796.0 4279.0 7967.0 12599.0 17797.0 23181.0 28442.0 33355.0 37781.0 41647.0 44931.0 47646.0 49825.0 51514.0 52764.0
6 1.0 338.8959736943395 -61.11582410023181 -0.762234415493766 0.3976006388907743 0.11599678034439703 0.08409977942945282 -0.09344759743809596 -0.0972578559882083 1246.0 4922.0 12430.0 23859.0 38301.0 54424.0 70938.0 86830.0 101415.0 114303.0 125328.0 134479.0 141846.0 147576.0 151840.0 154818.0
7 1.0 287.71293144686103 69.53483989558077 -0.762234415493766 0.3976006388907743 0.11599678034439703 0.08409977942945282 -0.09344759743809596 -0.0972578559882083 13201.0 40239.0 84326.0 140378.0 201207.0 260548.99999999997 314198.0 359941.0 397056.0 425766.0 446816.0 461183.0 469893.0 473926.0 474162.0 471367.0
8 1.0 226.9612572720448 -9.649005213023472 -0.762234415493766 0.3976006388907743 0.11599678034439703 0.08409977942945282 -0.09344759743809596 -0.0972578559882083 14387.0 42875.0 88540.0 145910.0 207627.0 267429.0 321192.0 366803.0 403630.0 431965.0 452602.0 466548.0 474849.0 478494.0 478372.0 475249.0
9 1.0 314.7436679849809 73.41760698377868 -0.762234415493766 0.3976006388907743 0.11599678034439703 0.08409977942945282 -0.09344759743809596 -0.0972578559882083 12577.0 38763.0 81822.0 136894.0 196926.0 255703.0 309006.0 354587.0 391678.0 420465.0 441662.0 456218.0 465144.0 469404.0 469871.0 467304.0
10 1.0 105.48730242280682 -61.15851606237421 -0.762234415493766 0.3976006388907743 0.11599678034439703 0.08409977942945282 -0.09344759743809596 -0.0972578559882083 6636.0 23446.0 54049.0 96143.0 144663.0 194394.0 241337.0 283011.0 318230.0 346726.0 368799.0 385057.0 396236.0 403096.0 406357.0 406669.0
11 1.0 305.61967991265055 29.00115207145791 -0.762234415493766 0.3976006388907743 0.11599678034439703 0.08409977942945282 -0.09344759743809596 -0.0972578559882083 10109.0 27921.0 55159.0 88604.0 124302.0 158954.0 190373.0 217398.0 239631.0 257164.99999999997 270370.0 279751.0 285847.0 289186.0 290247.0 289459.0
12 1.0 222.43560909030856 -10.75252449069147 -0.762234415493766 0.3976006388907743 0.11599678034439703 0.08409977942945282 -0.09344759743809596 -0.0972578559882083 14354.0 42481.0 87360.0 143603.0 204032.0 262562.0 315187.0 359857.0 395956.0 423766.0 444058.0 457809.0 466037.0 469706.0 469680.0 466709.0
13 1.0 4.765268793203816 -76.23238157454863 -0.762234415493766 0.3976006388907743 0.11599678034439703 0.08409977942945282 -0.09344759743809596 -0.0972578559882083 3140.0 11839.0 28711.0 53217.0 82866.0 114636.0 145912.0 174848.0 200358.0 221960.0 239593.0 253456.00000000003 263893.0 271309.0 276121.0 278729.0
14 1.0 125.00406645559904 35.363366037450106 -0.762234415493766 0.3976006388907743 0.11599678034439703 0.08409977942945282 -0.09344759743809596 -0.0972578559882083 490.0 1761.0 4263.0 8045.0 12860.0 18321.0 24035.0 29673.0 34999.0 39861.0 44177.0 47916.0 51084.0 53706.0 55823.0 57483.0
15 1.0 53.330709941339414 -45.46822400295233 -0.762234415493766 0.3976006388907743 0.11599678034439703 0.08409977942945282 -0.09344759743809596 -0.0972578559882083 4727.0 17413.0 41376.0 75330.0 115469.0 157543.0 198094.0 234833.0 266535.0 292775.0 313647.0 329551.0 341036.0 348696.0 353119.0 354846.0
16 1.0 353.45858033457114 -82.86920593568681 -0.762234415493766 0.3976006388907743 0.11599678034439703 0.08409977942945282 -0.09344759743809596 -0.0972578559882083 3837.0 14243.0 34113.0 62578.99999999999 96599.0 132648.0 167773.0 199958.0 228068.0 251647.99999999997 270704.0 285516.0 296506.0 304155.0 308946.0 311331.0
17 1.0 172.2133105343957 -79.21002631507682 -0.762234415493766 0.3976006388907743 0.11599678034439703 0.08409977942945282 -0.09344759743809596 -0.0972578559882083 6644.0 23401.0 53863.0 95739.0 144007.0 193486.0 240202.0 281689.0 316764.0 345155.0 367158.0 383374.0 394534.0 401394.0 404669.0 405003.0
18 1.0 179.06089157951857 -79.00586332797828 -0.762234415493766 0.3976006388907743 0.11599678034439703 0.08409977942945282 -0.09344759743809596 -0.0972578559882083 6662.0 23431.0 53892.0 95747.0 143977.0 193411.0 240081.0 281527.0 316568.0 344933.0 366918.0 383123.0 394278.0 401137.0 404414.0 404754.0
19 1.0 230.2101059035405 73.39193234730709 -0.762234415493766 0.3976006388907743 0.11599678034439703 0.08409977942945282 -0.09344759743809596 -0.0972578559882083 10175.0 31332.0 66316.0 111456.0 161201.0 210516.0 255861.0 295243.0 327868.0 353742.0 373334.0 387346.0 396553.0 401722.0 403559.0 402689.0
20 1.0 132.6904582066623 43.17910520923817 -0.762234415493766 0.3976006388907743 0.11599678034439703 0.08409977942945282 -0.09344759743809596 -0.0972578559882083 812.0 2736.0 6304.0 11457.0 17799.0 24808.0 31992.0 38961.0 45444.0 51276.0 56378.0 60727.0 64343.0 67270.0 69568.0 71299.0
21 1.0 49.284097806815616 71.6512242984723 -0.762234415493766 0.3976006388907743 0.11599678034439703 0.08409977942945282 -0.09344759743809596 -0.0972578559882083 8103.000000000001 26735.0 59150.0 102456.0 151391.0 200832.0 246991.0 287604.0 321657.0 348999.0 370001.0 385305.0 395663.0 401834.0 404527.0 404381.0
22 1.0 295.9623839499284 31.064816033373845 -0.762234415493766 0.3976006388907743 0.11599678034439703 0.08409977942945282 -0.09344759743809596 -0.0972578559882083 11237.0 31662.000000000004 63302.0 102408.0 144255.0 184882.0 221667.0 253234.00000000003 279123.0 299465.0 314718.0 325489.0 332426.0 336155.0 337243.0 336192.0
23 1.0 68.34524828499286 5.2091872255589635 -0.762234415493766 0.3976006388907743 0.11599678034439703 0.08409977942945282 -0.09344759743809596 -0.0972578559882083 4970.0 18283.0 43377.0 78854.0 120696.0 164448.0 206507.0 244502.0 277184.0 304133.0 325472.0 341637.0 353211.0 360826.0 365099.0 366597.0
24 1.0 184.07483371672416 -35.19965441747191 -0.762234415493766 0.3976006388907743 0.11599678034439703 0.08409977942945282 -0.09344759743809596 -0.0972578559882083 11115.0 32331.0 66103.0 108663.0 154855.0 200176.0 241549.0 277287.0 306766.0 330056.0 347623.0 360124.0 368275.0 372775.0 374265.0 373312.0
25 1.0 80.75413043090613 89.63320523916121 -0.762234415493766 0.3976006388907743 0.11599678034439703 0.08409977942945282 -0.09344759743809596 -0.0972578559882083 8889.0 28299.0 61239.0 104545.0 152954.0 201492.0 246551.0 286020.0 318984.0 345349.0 365513.0 380123.0 389922.0 395657.0 398021.0 397637.0
26 1.0 35.22401441785226 -24.805969390909922 -0.762234415493766 0.3976006388907743 0.11599678034439703 0.08409977942945282 -0.09344759743809596 -0.0972578559882083 4170.0 15001.0 35213.0 63714.00000000001 97386.0 132750.0 166958.0 198103.0 225143.0 247691.0 265795.0 279757.0 290013.0 297042.0 301322.0 303299.0
27 1.0 310.388946271806 -5.28318914149628 -0.762234415493766 0.3976006388907743 0.11599678034439703 0.08409977942945282 -0.09344759743809596 -0.0972578559882083 2512.0 6871.0 13464.0 21514.0 30094.0 38440.0 46048.0 52646.0 58138.0 62542.0 65937.0 68438.0 70164.0 71236.0 71762.0 71840.0
28 1.0 350.2510160483269 -21.915868513776886 -0.762234415493766 0.3976006388907743 0.11599678034439703 0.08409977942945282 -0.09344759743809596 -0.0972578559882083 1085.0 3379.0 7332.0 12716.0 19014.0 25660.0 32182.000000000004 38246.0 43652.0 48310.0 52202.0 55357.0 57836.0 59709.0 61051.0 61934.0
29 1.0 345.90047690268005 86.31484728038254 -0.762234415493766 0.3976006388907743 0.11599678034439703 0.08409977942945282 -0.09344759743809596 -0.0972578559882083 9680.0 30709.0 66229.0 112695.0 164365.0 215894.0 263465.0 304887.0 339261.0 366551.0 387234.0 402037.0 411775.0 417257.0 419229.0 418353.0
