idx D_km lam beta x1 y1 z1 x2 y2 z2 flux5 flux6 flux7 flux8 flux9 flux10 flux11 flux12 flux13 flux14 flux15 flux16 flux17 flux18 flux19 flux20
0 1.0 197.5728614138369 73.17998985981222 -0.07824799409525712 -0.7883382523994841 -0.4678840405080305 -0.20173951312369431 0.09797054138647107 -0.08314253548907476 7325.0 19878.0 38821.0 61851.0 86215.0 109651.0 130691.0 148584.0 163107.0 174369.0 182663.0 188361.0 191855.0 193517.0 193684.0 192651.0
1 1.0 257.468171894071 49.328519885754986 -0.07824799409525712 -0.7883382523994841 -0.4678840405080305 -0.20173951312369431 0.09797054138647107 -0.08314253548907476 5694.0 15904.000000000002 31792.0 51627.0 73100.0 94192.0 113500.0 130240.0 144106.0 155109.0 163450.0 169422.0 173350.0 175555.0 176335.0 175955.0
2 1.0 216.99481538579178 -30.033872634844457 -0.07824799409525712 -0.7883382523994841 -0.4678840405080305 -0.20173951312369431 0.09797054138647107 -0.08314253548907476 21469.0 48680.0 83066.0 119325.0 153396.0 182946.0 207029.0 225602.0 239108.0 248211.0 253627.0 256039.00000000003 256056.99999999997 254201.0 250908.00000000003 246532.0
3 1.0 196.15794587888288 -75.40174980216058 -0.07824799409525712 -0.7883382523994841 -0.4678840405080305 -0.20173951312369431 0.09797054138647107 -0.08314253548907476 23745.0 55053.0 95115.0 137511.0 177250.0 211475.0 239070.0 260033.0 274957.0 284688.0 290121.0 292093.0 291343.0 288493.0 284057.0 278451.0
4 1.0 152.5157277620057 -16.69658914551468 -0.07824799409525712 -0.7883382523994841 -0.4678840405080305 -0.20173951312369431 0.09797054138647107 -0.08314253548907476 8425.0 21521.0 40203.0 62024.0 84469.0 105641.0 124387.0 140172.0 152888.0 162684.0 169848.0 174723.0 177659.0 178985.0 178998.0 177954.0
5 1.0 232.5218807039962 -48.19785440923031 -0.07824799409525712 -0.7883382523994841 -0.4678840405080305 -0.20173951312369431 0.09797054138647107 -0.08314253548907476 25140.0 54941.0 91003.0 127606.0 160844.0 188760.0 210795.0 227199.0 238613.0 245810.0 249559.0 250558.0 249407.0 246606.0 242565.0 237615.0
6 1.0 157.5313960545693 -66.15222574356306 -0.07824799409525712 -0.7883382523994841 -0.4678840405080305 -0.20173951312369431 0.09797054138647107 -0.08314253548907476 20277.0 48967.0 87084.0 128567.99999999999 168310.0 203157.0 231708.0 253753.0 269754.0 280482.0 286798.0 289533.0 289427.0 287114.0 283122.0 277879.0
7 1.0 321.03828028154874 -80.38310727837145 -0.07824799409525712 -0.7883382523994841 -0.4678840405080305 -0.20173951312369431 0.09797054138647107 -0.08314253548907476 22404.0 51807.0 89293.0 128843.99999999999 165843.0 197675.0 223336.0 242847.0 256767.00000000003 265880.0 271015.0 272943.0 272345.0 269794.0 265765.0 260641.99999999997
8 1.0 346.91859378037054 40.60698555790418 -0.07824799409525712 -0.7883382523994841 -0.4678840405080305 -0.20173951312369431 0.09797054138647107 -0.08314253548907476 11927.0 30856.0 57967.0 89433.0 121334.0 150809.0 176232.0 196967.0 213023.0 224774.0 232764.0 237578.0 239782.0 239883.0 238323.0 235471.0
9 1.0 138.03894677727996 -87.94305744749441 -0.07824799409525712 -0.7883382523994841 -0.4678840405080305 -0.20173951312369431 0.09797054138647107 -0.08314253548907476 22571.0 53016.0 92391.0 134371.0 173938.0 208167.0 235875.0 257009.0 272130.0 282064.0 287693.0 289850.0 289270.0 286575.0 282280.0 276801.0
10 1.0 285.02101370975925 48.70453473049972 -0.07824799409525712 -0.7883382523994841 -0.4678840405080305 -0.20173951312369431 0.09797054138647107 -0.08314253548907476 5738.0 15786.999999999998 31238.0 50390.0 71042.0 91290.0 109821.0 125898.00000000001 139232.0 149836.0 157898.0 163693.0 167530.0 169712.0 170523.0 170214.0
11 1.0 190.40217111104562 -63.549603827932486 -0.07824799409525712 -0.7883382523994841 -0.4678840405080305 -0.20173951312369431 0.09797054138647107 -0.08314253548907476 23247.0 54220.0 94124.0 136592.0 176588.0 211178.0 239172.0 260519.99999999997 275787.0 285806.0 291469.0 293618.0 292997.0 290236.0 285856.0 280280.0
12 1.0 204.49604199381562 -75.68602513438397 -0.07824799409525712 -0.7883382523994841 -0.4678840405080305 -0.20173951312369431 0.09797054138647107 -0.08314253548907476 24040.0 55426.0 95386.0 137519.0 176902.0 210750.0 237992.0 258651.00000000003 273332.0 282879.0 288181.0 290068.0 289270.0 286403.0 281973.0 276391.0
13 1.0 333.214789785358 -73.87145383705104 -0.07824799409525712 -0.7883382523994841 -0.4678840405080305 -0.20173951312369431 0.09797054138647107 -0.08314253548907476 21433.0 49658.0 85701.0 123786.0 159466.0 190213.0 215050.0 233981.0 247535.0 256459.0 261544.0 263530.0 263069.0 260714.99999999997 256921.99999999997 252062.0
14 1.0 25.5729809512393 30.968605323704594 -0.07824799409525712 -0.7883382523994841 -0.4678840405080305 -0.20173951312369431 0.09797054138647107 -0.08314253548907476 23124.0 53301.0 91889.0 132812.0 171318.0 204644.0 231671.0 252348.00000000003 267205.0 277029.0 282662.0 284906.0 284468.0 281951.0 277855.0 272585.0
15 1.0 31.366547892554657 -45.83390222648794 -0.07824799409525712 -0.7883382523994841 -0.4678840405080305 -0.20173951312369431 0.09797054138647107 -0.08314253548907476 19694.0 47795.0 85255.0 126121.00000000001 165345.0 199801.0 228087.0 249977.0 265913.0 276648.0 283023.0 285854.0 285869.0 283693.0 279846.0 274753.0
16 1.0 7.278623078517259 -14.302895997582283 -0.07824799409525712 -0.7883382523994841 -0.4678840405080305 -0.20173951312369431 0.09797054138647107 -0.08314253548907476 17085.0 41893.0 75419.0 112490.0 148554.0 180672.0 207430.0 228489.0 244147.0 255016.00000000003 261822.0 265283.0 266055.0 264710.0 261728.00000000003 257506.0
17 1.0 299.74314439725765 10.326382438305046 -0.07824799409525712 -0.7883382523994841 -0.4678840405080305 -0.20173951312369431 0.09797054138647107 -0.08314253548907476 6322.0 15638.0 28390.0 42742.0 57038.0 70164.0 81526.0 90911.0 98344.0 103980.0 108031.0 110726.0 112285.0 112907.0 112770.0 112023.0
18 1.0 280.13643034194615 64.89921128918289 -0.07824799409525712 -0.7883382523994841 -0.4678840405080305 -0.20173951312369431 0.09797054138647107 -0.08314253548907476 6677.0 18632.0 37183.0 60218.0 84976.0 109081.0 130925.99999999999 149646.0 164942.0 176883.0 185743.0 191895.0 195736.0 197652.0 197993.0 197067.0
19 1.0 313.2043733688549 40.8679672880391 -0.07824799409525712 -0.7883382523994841 -0.4678840405080305 -0.20173951312369431 0.09797054138647107 -0.08314253548907476 6737.0 18026.0 34946.0 55516.0 77363.0 98516.0 117662.0 134102.0 147593.0 158197.0 166142.0 171738.0 175323.0 177219.0 177726.0 177106.0
20 1.0 352.30260320379506 -41.34097705703137 -0.07824799409525712 -0.7883382523994841 -0.4678840405080305 -0.20173951312369431 0.09797054138647107 -0.08314253548907476 16711.0 39982.0 70635.0 103853.0 135658.0 163629.0 186690.0 204672.0 217918.0 227011.0 232604.0 235331.0 235764.0 234393.0 231632.0 227819.0
21 1.0 287.6970831180205 -66.33309612759703 -0.07824799409525712 -0.7883382523994841 -0.4678840405080305 -0.20173951312369431 0.09797054138647107 -0.08314253548907476 22371.0 49800.0 83519.0 118115.0 149767.0 176499.0 197691.0 213534.0 224614.0 231659.0 235402.0 236507.0 235550.0 233011.0 229282.0 224679.0
22 1.0 166.13257041105547 -80.03262232418437 -0.07824799409525712 -0.7883382523994841 -0.4678840405080305 -0.20173951312369431 0.09797054138647107 -0.08314253548907476 22572.0 53205.0 92965.0 135471.0 175613.0 210390.0 238572.0 260083.99999999997 275488.0 285614.0 291359.0 293569.0 292992.0 290263.0 285904.0 280342.0
23 1.0 280.99050346312396 -35.712245793430355 -0.07824799409525712 -0.7883382523994841 -0.4678840405080305 -0.20173951312369431 0.09797054138647107 -0.08314253548907476 17011.0 36595.0 59680.0 82464.0 102557.0 118921.0 131407.0 140333.0 146208.0 149578.0 150953.0 150773.0 149406.0 147151.0 144247.0 140881.0
24 1.0 42.57879331281596 -42.818733136857915 -0.07824799409525712 -0.7883382523994841 -0.4678840405080305 -0.20173951312369431 0.09797054138647107 -0.08314253548907476 19940.0 48263.0 85923.0 126928.00000000001 166225.0 200702.0 228975.0 250831.00000000003 266724.0 277411.0 283739.0 286524.0 286498.0 284284.0 280402.0 275277.0
25 1.0 230.3715676779086 -7.894697975913658 -0.07824799409525712 -0.7883382523994841 -0.4678840405080305 -0.20173951312369431 0.09797054138647107 -0.08314253548907476 15240.0 35280.0 61239.0 89264.0 116217.0 140159.0 160185.0 176100.0 188121.0 196676.0 202262.0 205380.0 206487.0 205988.0 204225.0 201486.0
26 1.0 51.607183467256704 32.990640398582485 -0.07824799409525712 -0.7883382523994841 -0.4678840405080305 -0.20173951312369431 0.09797054138647107 -0.08314253548907476 24923.0 54283.0 89663.0 125443.0 157827.0 184945.0 206287.0 222126.0 233105.0 239990.0 243534.0 244417.0 243225.0 240442.0 236467.0 231617.0
27 1.0 340.0808101378502 35.21258021499429 -0.07824799409525712 -0.7883382523994841 -0.4678840405080305 -0.20173951312369431 0.09797054138647107 -0.08314253548907476 10296.0 26844.0 50854.0 79112.0 108172.0 135412.0 159262.0 179029.0 194621.0 206301.0 214511.0 219752.0 222521.0 223274.0 222415.0 220286.0
28 1.0 187.8653958300258 -38.96660761521 -0.07824799409525712 -0.7883382523994841 -0.4678840405080305 -0.20173951312369431 0.09797054138647107 -0.08314253548907476 18655.0 45126.0 80532.0 119383.0 156934.0 190173.0 217688.0 239185.0 255020.00000000003 265867.0 272502.0 275688.0 276116.0 274383.0 270991.0 266350.0
29 1.0 149.2782983965885 -21.61314793797831 -0.07824799409525712 -0.7883382523994841 -0.4678840405080305 -0.20173951312369431 0.09797054138647107 -0.08314253548907476 9102.0 23093.0 42886.0 65826.0 89247.0 111185.0 130477.00000000001 146604.0 159494.0 169331.0 176435.0 181179.0 183933.0 185044.0 184822.0 183533.0
0 1.0 95.24002035766571 -57.39282688735745 -0.07824799409525712 -0.7883382523994841 -0.4678840405080305 -0.20173951312369431 0.09797054138647107 -0.08314253548907476 17470.0 42617.0 76391.0 113530.0 149484.0 181363.0 207814.0 228545.0 243888.0 254475.99999999997 261041.00000000003 264305.0 264922.0 263458.0 260390.0 256108.99999999997
1 1.0 278.724128196318 51.93819221517336 -0.07824799409525712 -0.7883382523994841 -0.4678840405080305 -0.20173951312369431 0.09797054138647107 -0.08314253548907476 5801.0 16088.000000000002 32014.0 51838.0 73267.0 94297.0 113542.0 130223.0 144036.0 154995.0 163299.0 169240.0 173142.0 175326.0 176087.0 175692.0
2 1.0 164.21411959795748 -79.76734624201674 -0.07824799409525712 -0.7883382523994841 -0.4678840405080305 -0.20173951312369431 0.09797054138647107 -0.08314253548907476 22518.0 53126.0 92887.0 135419.0 175605.0 210431.0 238661.0 260216.0 275654.0 285808.0 291573.0 293797.0 293230.0 290505.0 286148.0 280585.0
3 1.0 204.63622159271347 35.459503510497726 -0.07824799409525712 -0.7883382523994841 -0.4678840405080305 -0.20173951312369431 0.09797054138647107 -0.08314253548907476 6063.0 17152.0 34580.0 56446.0 80154.0 103416.0 124648.0 142973.0 158059.0 169936.0 178845.0 185126.0 189153.0 191292.0 191879.0 191210.0
4 1.0 6.764328157087851 50.1651712693986 -0.07824799409525712 -0.7883382523994841 -0.4678840405080305 -0.20173951312369431 0.09797054138647107 -0.08314253548907476 16771.0 40857.0 73424.0 109558.0 144868.0 176473.0 202942.0 223894.0 239578.0 250564.0 257542.0 261209.00000000003 262202.0 261081.99999999997 258321.00000000003 254311.99999999997
5 1.0 222.34877894731574 49.93336113277556 -0.07824799409525712 -0.7883382523994841 -0.4678840405080305 -0.20173951312369431 0.09797054138647107 -0.08314253548907476 5867.0 16682.0 33751.0 55239.0 78601.0 101578.0 122595.0 140773.0 155771.0 167610.0 176518.0 182827.0 186903.0 189105.0 189764.0 189174.0
6 1.0 220.3544601800717 -43.303938417836115 -0.07824799409525712 -0.7883382523994841 -0.4678840405080305 -0.20173951312369431 0.09797054138647107 -0.08314253548907476 24303.0 54096.0 90938.0 129048.0 164240.0 194260.0 218317.0 236522.0 249450.0 257861.0 262539.0 264211.0 263513.0 260983.00000000003 257065.0 252116.99999999997
7 1.0 222.0962388749125 -22.713635172138936 -0.07824799409525712 -0.7883382523994841 -0.4678840405080305 -0.20173951312369431 0.09797054138647107 -0.08314253548907476 19786.0 44872.0 76617.0 110170.0 141804.0 169355.0 191927.0 209448.0 222305.0 231087.0 236442.0 238992.0 239294.0 237828.0 234998.0 231133.0
8 1.0 339.7493082652647 15.76793433535002 -0.07824799409525712 -0.7883382523994841 -0.4678840405080305 -0.20173951312369431 0.09797054138647107 -0.08314253548907476 10145.0 25738.0 47784.0 73277.0 99208.0 123369.0 144471.0 161966.0 175806.0 186230.0 193621.0 198412.0 201032.0 201873.0 201283.0 199558.0
9 1.0 245.45530767725404 -40.892057563595934 -0.07824799409525712 -0.7883382523994841 -0.4678840405080305 -0.20173951312369431 0.09797054138647107 -0.08314253548907476 23641.0 50783.0 82885.0 114778.0 143153.0 166515.0 184574.0 197696.0 206535.0 211816.0 214230.0 214388.0 212803.0 209901.0 206023.0 201442.0
10 1.0 129.42284420656296 -23.246496140780025 -0.07824799409525712 -0.7883382523994841 -0.4678840405080305 -0.20173951312369431 0.09797054138647107 -0.08314253548907476 9637.0 23645.0 42677.0 63954.0 85010.0 104199.0 120660.0 134105.0 144598.0 152392.0 157826.0 161257.0 163024.0 163435.0 162758.0 161222.0
11 1.0 157.33150336776293 -54.530229566584865 -0.07824799409525712 -0.7883382523994841 -0.4678840405080305 -0.20173951312369431 0.09797054138647107 -0.08314253548907476 17449.0 43006.0 77713.0 116195.0 153667.0 187025.0 214771.0 236547.0 252672.0 263796.0 270684.0 274096.0 274722.0 273161.0 269917.0 265404.0
12 1.0 251.14723053381536 -7.225940923918671 -0.07824799409525712 -0.7883382523994841 -0.4678840405080305 -0.20173951312369431 0.09797054138647107 -0.08314253548907476 13543.0 30377.0 51364.0 73268.0 93719.0 111414.0 125859.0 137067.0 145316.0 150994.0 154517.0 156273.0 156611.0 155829.0 154175.0 151855.0
13 1.0 21.68116978653714 -81.96978577425946 -0.07824799409525712 -0.7883382523994841 -0.4678840405080305 -0.20173951312369431 0.09797054138647107 -0.08314253548907476 21732.0 51338.0 89817.0 130993.0 169917.0 203677.0 231077.0 252037.0 267090.0 277037.0 282738.0 285009.0 284571.0 282038.0 277916.0 272615.0
14 1.0 240.03601756044037 53.96325922271123 -0.07824799409525712 -0.7883382523994841 -0.4678840405080305 -0.20173951312369431 0.09797054138647107 -0.08314253548907476 5841.0 16542.0 33383.0 54548.0 77540.0 100147.0 120830.0 138729.0 153508.0 165187.0 173988.0 180236.0 184289.0 186497.0 187186.0 186642.0
15 1.0 241.4296330625374 -76.1478395424061 -0.07824799409525712 -0.7883382523994841 -0.4678840405080305 -0.20173951312369431 0.09797054138647107 -0.08314253548907476 24369.0 55220.0 93862.0 134111.0 171390.0 203198.0 228644.0 247833.0 261382.0 270113.0 274874.0 276451.0 275527.0 272680.0 268383.0 263018.0
16 1.0 75.73772198658273 3.3903267896746883 -0.07824799409525712 -0.7883382523994841 -0.4678840405080305 -0.20173951312369431 0.09797054138647107 -0.08314253548907476 19227.0 42107.0 69705.0 97554.0 122658.0 143570.0 159930.0 171986.0 180269.0 185393.0 187953.0 188483.0 187435.0 185185.0 182036.0 178232.0
17 1.0 46.41346715574719 -34.7741820818647 -0.07824799409525712 -0.7883382523994841 -0.4678840405080305 -0.20173951312369431 0.09797054138647107 -0.08314253548907476 20196.0 48522.0 85921.0 126425.00000000001 165085.0 198893.0 226542.0 247863.0 263324.0 273683.0 279779.0 282415.0 282306.0 280065.0 276199.0 271123.0
18 1.0 113.55420633270619 13.957730789647584 -0.07824799409525712 -0.7883382523994841 -0.4678840405080305 -0.20173951312369431 0.09797054138647107 -0.08314253548907476 9126.0 20988.0 36034.0 51881.0 66737.0 79597.0 90076.0 98174.0 104094.0 108126.0 110578.0 111741.0 111872.0 111193.0 109887.0 108106.0
19 1.0 130.93587753934415 82.69800135001651 -0.07824799409525712 -0.7883382523994841 -0.4678840405080305 -0.20173951312369431 0.09797054138647107 -0.08314253548907476 10201.0 25763.0 47746.0 73165.0 99022.0 123113.0 144152.0 161591.0 175381.0 185761.0 193115.0 197876.0 200469.0 201288.0 200679.0 198940.0
20 1.0 205.27083735043666 26.20264400208069 -0.07824799409525712 -0.7883382523994841 -0.4678840405080305 -0.20173951312369431 0.09797054138647107 -0.08314253548907476 6643.0 18621.0 37253.0 60413.0 85312.0 109551.0 131507.0 150312.0 165668.0 177645.0 186523.0 192677.0 196511.0 198411.0 198730.0 197779.0
21 1.0 157.89654484643532 -83.63476156401164 -0.07824799409525712 -0.7883382523994841 -0.4678840405080305 -0.20173951312369431 0.09797054138647107 -0.08314253548907476 22577.0 53174.0 92852.0 135236.0 175241.0 209885.0 237949.0 259367.0 274700.0 284779.0 290495.0 292693.0 292117.0 289398.0 285057.0 279517.0
22 1.0 355.8145817013214 -12.527560888548976 -0.07824799409525712 -0.7883382523994841 -0.4678840405080305 -0.20173951312369431 0.09797054138647107 -0.08314253548907476 14651.0 35987.0 64934.00000000001 97127.0 128677.99999999999 157031.0 180909.0 199952.0 214356.0 224601.0 231281.0 234995.0 236300.0 235687.0 233574.0 230306.0
23 1.0 36.736131869290105 1.803033417285036 -0.07824799409525712 -0.7883382523994841 -0.4678840405080305 -0.20173951312369431 0.09797054138647107 -0.08314253548907476 23943.0 55208.0 95003.0 136946.0 176139.0 209812.0 236907.0 257450.0 272047.0 281538.0 286808.0 288683.0 287889.0 285038.0 280633.0 275084.0
24 1.0 75.19563219414049 6.511949046621353 -0.07824799409525712 -0.7883382523994841 -0.4678840405080305 -0.20173951312369431 0.09797054138647107 -0.08314253548907476 19669.0 42811.0 70538.0 98348.0 123270.0 143904.0 159935.0 171649.0 179601.0 184423.0 186720.0 187028.0 185801.0 183410.0 180157.0 176280.0
25 1.0 58.07142643859865 32.65065190869082 -0.07824799409525712 -0.7883382523994841 -0.4678840405080305 -0.20173951312369431 0.09797054138647107 -0.08314253548907476 24281.0 52415.0 85926.0 119449.0 149480.0 174373.0 193752.0 207950.0 217620.0 223508.0 226335.0 226744.0 225279.0 222392.0 218448.0 213738.0
26 1.0 235.11899716754343 -40.032702408282105 -0.07824799409525712 -0.7883382523994841 -0.4678840405080305 -0.20173951312369431 0.09797054138647107 -0.08314253548907476 24021.0 52229.0 86153.0 120409.0 151379.0 177293.0 197679.0 212806.0 223292.0 229871.0 233264.0 234121.0 232998.0 230360.0 226583.0 221972.0
27 1.0 91.18497691432157 -66.80509821606236 -0.07824799409525712 -0.7883382523994841 -0.4678840405080305 -0.20173951312369431 0.09797054138647107 -0.08314253548907476 19035.0 46365.0 82975.0 123094.0 161761.0 195861.0 223965.0 245808.0 261793.0 272640.0 279168.0 282173.0 282373.0 280385.0 276722.0 271806.0
28 1.0 167.87187822827028 -19.31837822152302 -0.07824799409525712 -0.7883382523994841 -0.4678840405080305 -0.20173951312369431 0.09797054138647107 -0.08314253548907476 9904.0 25794.0 48855.0 76037.0 104060.0 130410.0 153567.0 172842.0 188125.0 199650.0 207826.0 213126.0 216021.0 216948.0 216294.0 214389.0
29 1.0 87.99321312057698 82.1530301032708 -0.07824799409525712 -0.7883382523994841 -0.4678840405080305 -0.20173951312369431 0.09797054138647107 -0.08314253548907476 11595.0 28632.0 52188.0 78974.0 105852.0 130601.0 151984.0 169521.0 183230.0 193407.0 200480.0 204913.0 207157.0 207620.0 206660.0 204580.0
0 1.0 57.2290501123871 -56.31643948484795 -0.07824799409525712 -0.7883382523994841 -0.4678840405080305 -0.20173951312369431 0.09797054138647107 -0.08314253548907476 19425.0 47157.0 84154.0 124549.0 163359.0 197488.0 225542.0 247285.0 263147.0 273864.0 280265.0 283152.0 283244.0 281160.0 277413.0 272423.0
1 1.0 39.73505081914985 72.71711188708267 -0.07824799409525712 -0.7883382523994841 -0.4678840405080305 -0.20173951312369431 0.09797054138647107 -0.08314253548907476 14985.0 35751.0 63478.99999999999 94117.0 124112.0 151126.0 173972.0 192299.0 206268.0 216308.0 222958.0 226773.0 228271.0 227912.0 226090.0 223136.0
2 1.0 236.27865220749842 7.885071013918747 -0.07824799409525712 -0.7883382523994841 -0.4678840405080305 -0.20173951312369431 0.09797054138647107 -0.08314253548907476 10368.0 25398.0 46036.0 69415.0 92845.0 114439.0 133143.0 148546.0 160657.0 169720.0 176094.0 180172.0 182337.0 182939.0 182283.0 180633.0
3 1.0 49.74586248550097 -7.755944103762147 -0.07824799409525712 -0.7883382523994841 -0.4678840405080305 -0.20173951312369431 0.09797054138647107 -0.08314253548907476 22755.0 52121.0 89236.0 128149.00000000001 164374.0 195416.0 220354.0 239247.0 252668.99999999997 261405.0 266268.0 268017.0 267317.0 264727.0 260709.00000000003 255635.0
4 1.0 70.76965020481926 68.76745384138013 -0.07824799409525712 -0.7883382523994841 -0.4678840405080305 -0.20173951312369431 0.09797054138647107 -0.08314253548907476 15475.0 35789.0 62079.0 90436.0 117686.0 141871.0 162081.0 178124.0 190226.0 198821.0 204417.0 207519.0 208593.0 208048.0 206229.0 203429.0
5 1.0 132.74106143794708 -7.451286881654539 -0.07824799409525712 -0.7883382523994841 -0.4678840405080305 -0.20173951312369431 0.09797054138647107 -0.08314253548907476 7615.0 18663.0 33639.0 50360.0 66897.0 81971.0 94916.0 105510.0 113802.0 119989.0 124334.0 127115.0 128595.99999999999 129014.99999999999 128581.0 127472.0
6 1.0 295.55756274525663 40.350174590077785 -0.07824799409525712 -0.7883382523994841 -0.4678840405080305 -0.20173951312369431 0.09797054138647107 -0.08314253548907476 5734.0 15414.0 29982.0 47768.0 66753.0 85246.0 102102.0 116698.0 128801.0 138437.0 145781.0 151086.0 154627.0 156677.0 157487.0 157282.0
7 1.0 34.956459285502056 -18.17544209344163 -0.07824799409525712 -0.7883382523994841 -0.4678840405080305 -0.20173951312369431 0.09797054138647107 -0.08314253548907476 21379.0 51007.0 89864.0 131719.0 171477.0 206090.0 234265.0 255878.0 271445.0 281771.0 287732.0 290162.0 289801.0 287279.0 283117.0 277738.0
8 1.0 301.6601666995694 72.7279907221724 -0.07824799409525712 -0.7883382523994841 -0.4678840405080305 -0.20173951312369431 0.09797054138647107 -0.08314253548907476 8345.0 22676.0 44263.0 70387.0 97839.0 124030.0 147315.0 166897.0 182580.0 194541.0 203153.0 208868.0 212148.0 213427.0 213089.0 211468.0
9 1.0 34.59542684182671 34.20450363442093 -0.07824799409525712 -0.7883382523994841 -0.4678840405080305 -0.20173951312369431 0.09797054138647107 -0.08314253548907476 24401.0 54903.0 93028.0 132783.0 169716.0 201366.0 226824.0 246152.0 259925.00000000003 268927.0 273978.0 275842.0 275192.0 272597.0 268527.0 263362.0
10 1.0 351.5254074048225 35.931969765093015 -0.07824799409525712 -0.7883382523994841 -0.4678840405080305 -0.20173951312369431 0.09797054138647107 -0.08314253548907476 12998.0 33261.0 61938.0 94879.0 127977.00000000001 158305.0 184257.0 205249.0 221352.0 232999.0 240778.0 245313.0 247197.0 246957.0 245047.0 241850.0
11 1.0 168.71443259317257 -31.010327719718596 -0.07824799409525712 -0.7883382523994841 -0.4678840405080305 -0.20173951312369431 0.09797054138647107 -0.08314253548907476 12722.0 32505.0 60511.0 92729.0 125167.0 154967.0 180540.0 201294.0 217279.0 228900.0 236723.0 241352.0 243363.0 243272.0 241523.0 238490.0
12 1.0 351.6339917485214 46.22015569264005 -0.07824799409525712 -0.7883382523994841 -0.4678840405080305 -0.20173951312369431 0.09797054138647107 -0.08314253548907476 13215.0 33716.0 62650.0 95820.0 129091.00000000001 159537.0 185556.0 206575.0 222677.0 234300.0 242042.0 246532.0 248365.0 248073.0 246110.0 242860.0
13 1.0 217.74438710821656 24.490989980485438 -0.07824799409525712 -0.7883382523994841 -0.4678840405080305 -0.20173951312369431 0.09797054138647107 -0.08314253548907476 7226.0 19836.0 39059.0 62589.00000000001 87594.0 111716.0 133407.0 151870.0 166859.0 178479.0 187030.0 192896.0 196484.0 198179.0 198330.0 197244.0
14 1.0 266.1348885833886 -46.79635079165228 -0.07824799409525712 -0.7883382523994841 -0.4678840405080305 -0.20173951312369431 0.09797054138647107 -0.08314253548907476 22105.0 47303.0 76888.0 106027.0 131699.0 152600.0 168546.0 179944.0 187441.0 191733.0 193468.0 193211.0 191431.0 188514.0 184763.0 180421.0
15 1.0 14.107605211555443 -61.103011952653844 -0.07824799409525712 -0.7883382523994841 -0.4678840405080305 -0.20173951312369431 0.09797054138647107 -0.08314253548907476 19845.0 47554.0 84053.0 123523.0 161166.0 194077.0 220997.0 241767.0 256845.0 266966.0 272942.0 275552.0 275489.0 273347.0 269621.0 264711.0
16 1.0 101.81050652750744 53.35046541311971 -0.07824799409525712 -0.7883382523994841 -0.4678840405080305 -0.20173951312369431 0.09797054138647107 -0.08314253548907476 13746.0 30787.0 51995.0 74094.0 94697.0 112497.0 127005.0 138242.0 146494.0 152156.0 155650.0 157369.0 157665.0 156837.0 155138.0 152772.0
17 1.0 43.270762036740805 82.64998854634004 -0.07824799409525712 -0.7883382523994841 -0.4678840405080305 -0.20173951312369431 0.09797054138647107 -0.08314253548907476 12050.0 29902.0 54674.0 82891.0 111215.0 137278.0 159763.0 178162.0 192499.0 203095.0 210409.0 214938.0 217163.0 217519.0 216385.0 214083.0
18 1.0 106.61047110797217 -7.535011093192281 -0.07824799409525712 -0.7883382523994841 -0.4678840405080305 -0.20173951312369431 0.09797054138647107 -0.08314253548907476 10683.0 24909.0 43166.0 62561.00000000001 80862.0 96791.0 109834.0 119963.0 127410.0 132524.0 135678.0 137230.0 137496.0 136750.0 135219.0 133091.0
19 1.0 42.74197882352786 16.377149758263286 -0.07824799409525712 -0.7883382523994841 -0.4678840405080305 -0.20173951312369431 0.09797054138647107 -0.08314253548907476 25492.0 56849.0 95569.0 135484.0 172167.0 203273.0 228023.0 246589.0 259617.0 267935.0 272385.0 273740.0 272670.0 269737.0 265402.0 260037.00000000003
20 1.0 114.47394458183138 64.39007595483983 -0.07824799409525712 -0.7883382523994841 -0.4678840405080305 -0.20173951312369431 0.09797054138647107 -0.08314253548907476 11462.0 27018.0 47552.0 70085.0 92087.0 111927.0 128784.00000000001 142417.0 152939.0 160644.0 165906.0 169109.0 170615.0 170746.0 169782.0 167958.0
21 1.0 149.13467802528118 -7.699778396305732 -0.07824799409525712 -0.7883382523994841 -0.4678840405080305 -0.20173951312369431 0.09797054138647107 -0.08314253548907476 7158.0 18208.0 33892.0 52158.0 70929.0 88650.0 104377.0 117669.0 128429.99999999999 136778.0 142945.0 147208.0 149854.0 151151.0 151342.0 150641.0
22 1.0 23.09309868556237 81.3374058298925 -0.07824799409525712 -0.7883382523994841 -0.4678840405080305 -0.20173951312369431 0.09797054138647107 -0.08314253548907476 12139.0 30259.0 55497.0 84312.0 113272.0 139934.0 162934.0 181745.0 196388.0 207194.0 214635.0 219223.0 221452.0 221770.0 220566.0 218171.0
23 1.0 249.28996297320714 13.63520916807704 -0.07824799409525712 -0.7883382523994841 -0.4678840405080305 -0.20173951312369431 0.09797054138647107 -0.08314253548907476 8361.0 20737.0 37922.0 57573.0 77442.0 95915.0 112065.0 125501.0 136193.0 144317.0 150155.0 154023.0 156236.0 157086.0 156831.0 155693.0
24 1.0 203.97652351436705 57.738081726236686 -0.07824799409525712 -0.7883382523994841 -0.4678840405080305 -0.20173951312369431 0.09797054138647107 -0.08314253548907476 6073.0 17069.0 34241.0 55687.0 78865.0 101559.0 122247.0 140091.0 154780.0 166348.0 175032.0 181163.0 185104.0 187210.0 187805.0 187177.0
25 1.0 95.54021673820034 73.5918693142929 -0.07824799409525712 -0.7883382523994841 -0.4678840405080305 -0.20173951312369431 0.09797054138647107 -0.08314253548907476 12719.0 30275.0 53696.0 79610.0 105068.0 128120.00000000001 147758.0 163664.0 175941.0 184922.0 191037.0 194735.0 196441.0 196534.0 195345.0 193152.0
26 1.0 188.36929924801188 56.7942873783424 -0.07824799409525712 -0.7883382523994841 -0.4678840405080305 -0.20173951312369431 0.09797054138647107 -0.08314253548907476 6072.0 16843.0 33461.0 54039.0 76155.0 97731.0 117358.0 134267.0 148180.0 159138.0 167369.0 173187.0 176934.0 178944.0 179525.0 178946.0
27 1.0 33.818583873039 -61.30539657918793 -0.07824799409525712 -0.7883382523994841 -0.4678840405080305 -0.20173951312369431 0.09797054138647107 -0.08314253548907476 19958.0 48257.0 85840.0 126719.0 165859.0 200168.0 228279.0 249991.0 265761.0 276349.0 282602.0 285333.0 285269.0 283034.0 279144.0 274020.0
28 1.0 207.34073840022455 23.201719031106066 -0.07824799409525712 -0.7883382523994841 -0.4678840405080305 -0.20173951312369431 0.09797054138647107 -0.08314253548907476 7020.0 19523.0 38809.0 62613.0 88053.0 112690.0 134903.0 153842.0 169237.0 181181.0 189977.0 196016.0 199714.0 201468.0 201638.0 200536.0
29 1.0 334.5466311274371 -18.28183344845813 -0.07824799409525712 -0.7883382523994841 -0.4678840405080305 -0.20173951312369431 0.09797054138647107 -0.08314253548907476 11730.0 28216.0 50092.0 74004.0 97139.0 117740.0 134987.0 148701.0 159073.0 166473.0 171336.0 174094.0 175140.0 174819.0 173423.0 171197.0
0 1.0 114.68482288247652 -78.71166863579778 -0.07824799409525712 -0.7883382523994841 -0.4678840405080305 -0.20173951312369431 0.09797054138647107 -0.08314253548907476 21129.0 50691.0 89674.0 131837.0 172012.0 207069.0 235660.0 257627.0 273475.0 284009.0 290114.0 292631.0 292313.0 289798.0 285616.0 280197.0
1 1.0 240.2677367869254 -13.674194659828444 -0.07824799409525712 -0.7883382523994841 -0.4678840405080305 -0.20173951312369431 0.09797054138647107 -0.08314253548907476 16731.0 37300.0 62808.0 89319.0 113981.0 135239.0 152517.0 165849.0 175586.0 182208.0 186226.0 188117.0 188305.0 187155.0 184967.0 181992.0
2 1.0 47.447230465581185 -43.436867959906614 -0.07824799409525712 -0.7883382523994841 -0.4678840405080305 -0.20173951312369431 0.09797054138647107 -0.08314253548907476 19768.0 47809.0 85066.0 125614.0 164464.0 198548.0 226503.0 248122.0 263851.0 274439.0 280721.0 283502.0 283503.0 281340.0 277527.0 272482.0
3 1.0 257.8777934826836 62.82689551713193 -0.07824799409525712 -0.7883382523994841 -0.4678840405080305 -0.20173951312369431 0.09797054138647107 -0.08314253548907476 6153.0 17353.0 34910.0 56896.0 80697.0 104022.0 125289.00000000001 143626.0 158706.0 170566.0 179449.0 185700.0 189694.0 191800.0 192354.0 191653.0
4 1.0 104.1861934609924 -84.00516722159469 -0.07824799409525712 -0.7883382523994841 -0.4678840405080305 -0.20173951312369431 0.09797054138647107 -0.08314253548907476 21893.0 51989.0 91298.0 133507.0 173504.0 208251.0 236477.0 258081.0 273600.0 283851.0 289721.0 292053.0 291592.0 288970.0 284711.0 279239.0
5 1.0 65.94889032256206 82.61688993542523 -0.07824799409525712 -0.7883382523994841 -0.4678840405080305 -0.20173951312369431 0.09797054138647107 -0.08314253548907476 11897.0 29407.0 53627.0 81162.0 108774.0 134174.0 156090.0 174036.0 188033.0 198395.0 205565.0 210026.0 212243.0 212637.0 211577.0 209375.0
6 1.0 211.14465653162995 -26.033607275052667 -0.07824799409525712 -0.7883382523994841 -0.4678840405080305 -0.20173951312369431 0.09797054138647107 -0.08314253548907476 19788.0 45868.0 79587.0 115802.0 150348.0 180696.0 205721.0 225247.0 239639.0 249519.0 255587.99999999997 258531.99999999997 258969.0 257434.0 254377.00000000003 250166.99999999997
7 1.0 7.238716627497679 -25.792759727542276 -0.07824799409525712 -0.7883382523994841 -0.4678840405080305 -0.20173951312369431 0.09797054138647107 -0.08314253548907476 17319.0 42232.0 75678.0 112450.0 148046.0 179614.0 205811.0 226352.0 241563.0 252069.0 258594.0 261851.99999999997 262488.0 261063.0 258048.0 253830.99999999997
8 1.0 298.4184105182507 -87.06086951693258 -0.07824799409525712 -0.7883382523994841 -0.4678840405080305 -0.20173951312369431 0.09797054138647107 -0.08314253548907476 22842.0 53142.0 91993.0 133155.0 171776.0 205071.0 231950.0 252403.0 267003.0 276562.0 281946.0 283966.0 283334.0 280655.0 276427.0 271053.0
9 1.0 1.6903714293169436 -56.65818145748689 -0.07824799409525712 -0.7883382523994841 -0.4678840405080305 -0.20173951312369431 0.09797054138647107 -0.08314253548907476 19108.0 45559.0 80249.0 117662.0 153292.0 184432.0 209919.0 229613.0 243948.0 253614.0 259371.00000000003 261948.0 261996.99999999997 260074.00000000003 256643.0 252081.99999999997
10 1.0 244.01395324664284 -17.773289855350427 -0.07824799409525712 -0.7883382523994841 -0.4678840405080305 -0.20173951312369431 0.09797054138647107 -0.08314253548907476 17721.0 38901.0 64649.0 90918.0 114923.0 135250.0 151464.0 163705.0 172399.0 178072.0 181254.0 182432.0 182028.0 180398.0 177835.0 174576.0
11 1.0 97.20287034917935 77.27245511448851 -0.07824799409525712 -0.7883382523994841 -0.4678840405080305 -0.20173951312369431 0.09797054138647107 -0.08314253548907476 12043.0 29171.0 52428.0 78519.0 104436.0 128117.00000000001 148450.0 165036.0 177933.0 187449.0 194008.0 198061.0 200039.0 200335.0 199287.0 197185.0
12 1.0 264.66984796413414 -72.06931256017117 -0.07824799409525712 -0.7883382523994841 -0.4678840405080305 -0.20173951312369431 0.09797054138647107 -0.08314253548907476 24026.0 53744.0 90485.0 128368.00000000001 163171.0 192670.0 216134.0 233731.0 246082.0 253973.99999999997 258205.00000000003 259508.00000000003 258516.00000000003 255762.0 251681.0 246624.0
13 1.0 346.38787624227774 80.15427602623433 -0.07824799409525712 -0.7883382523994841 -0.4678840405080305 -0.20173951312369431 0.09797054138647107 -0.08314253548907476 11016.0 28241.0 52836.0 81429.0 110553.0 137645.0 161212.0 180630.0 195858.0 207190.0 215083.0 220048.0 222581.0 223139.0 222119.0 219861.0
14 1.0 89.55113166718489 66.5079354983938 -0.07824799409525712 -0.7883382523994841 -0.4678840405080305 -0.20173951312369431 0.09797054138647107 -0.08314253548907476 14313.0 32961.0 56983.0 82808.0 107573.0 129531.0 147877.0 162449.0 173457.0 181294.0 186418.0 189285.0 190313.0 189872.0 188275.0 185782.0
15 1.0 207.4166403904213 -8.25076855664068 -0.07824799409525712 -0.7883382523994841 -0.4678840405080305 -0.20173951312369431 0.09797054138647107 -0.08314253548907476 13875.0 34322.0 62515.0 94381.0 126084.0 154968.0 179608.0 199511.0 214777.0 225824.0 233213.0 237531.0 239335.0 239121.0 237316.0 234280.0
16 1.0 213.13509525786205 -31.19384128171319 -0.07824799409525712 -0.7883382523994841 -0.4678840405080305 -0.20173951312369431 0.09797054138647107 -0.08314253548907476 21412.0 48917.0 83935.0 121069.0 156111.0 186599.0 211509.0 230758.0 244784.0 254257.99999999997 259917.0 262463.0 262527.0 260649.00000000003 257280.0 252789.0
17 1.0 206.01068608471442 -48.10605672976977 -0.07824799409525712 -0.7883382523994841 -0.4678840405080305 -0.20173951312369431 0.09797054138647107 -0.08314253548907476 23721.0 54180.0 92803.0 133514.0 171646.0 204531.0 231121.0 251408.00000000003 265940.0 275507.0 280948.0 283056.0 282529.0 279961.0 275844.0 270577.0
18 1.0 80.30938775062259 20.603647165837387 -0.07824799409525712 -0.7883382523994841 -0.4678840405080305 -0.20173951312369431 0.09797054138647107 -0.08314253548907476 19457.0 41559.0 67386.0 92656.0 114724.0 132485.0 145832.0 155172.0 161118.0 164309.0 165333.0 164692.0 162801.0 159990.0 156521.0 152598.0
19 1.0 342.9896441461146 -84.04657353440899 -0.07824799409525712 -0.7883382523994841 -0.4678840405080305 -0.20173951312369431 0.09797054138647107 -0.08314253548907476 22329.0 52137.0 90476.0 131193.0 169468.0 202522.0 229249.0 249623.0 264199.0 273776.0 279206.0 281292.0 280740.0 278148.0 274012.0 268732.0
20 1.0 160.96513630234585 -87.19090839957092 -0.07824799409525712 -0.7883382523994841 -0.4678840405080305 -0.20173951312369431 0.09797054138647107 -0.08314253548907476 22666.0 53181.0 92610.0 134621.0 174199.0 208425.0 236120.0 257238.00000000003 272341.0 282257.0 287868.0 290009.0 289415.0 286707.0 282400.0 276911.0
21 1.0 304.707122089606 -12.816769950317195 -0.07824799409525712 -0.7883382523994841 -0.4678840405080305 -0.20173951312369431 0.09797054138647107 -0.08314253548907476 8886.0 20859.0 36330.0 52856.0 68530.0 82242.0 93536.0 102371.0 108935.0 113514.0 116420.0 117952.0 118376.0 117923.0 116785.0 115122.0
22 1.0 251.81253911430156 -77.74666668455036 -0.07824799409525712 -0.7883382523994841 -0.4678840405080305 -0.20173951312369431 0.09797054138647107 -0.08314253548907476 24049.0 54594.0 92906.0 132852.0 169877.0 201488.0 226792.0 245885.0 259378.0 268086.0 272848.0 274444.0 273554.0 270751.0 266505.0 261195.99999999997
23 1.0 107.07730230784811 -44.65062211570328 -0.07824799409525712 -0.7883382523994841 -0.4678840405080305 -0.20173951312369431 0.09797054138647107 -0.08314253548907476 14688.0 35744.0 64006.99999999999 95146.0 125423.0 152448.0 175074.0 193022.0 206527.0 216076.0 222249.0 225624.0 226734.0 226042.0 223943.0 220763.0
24 1.0 292.9672150928918 -50.19103523770491 -0.07824799409525712 -0.7883382523994841 -0.4678840405080305 -0.20173951312369431 0.09797054138647107 -0.08314253548907476 18905.0 41499.0 68817.0 96442.0 121391.0 142216.0 158541.0 170601.0 178913.0 184082.0 186695.0 187282.0 186291.0 184096.0 181000.0 177246.0
25 1.0 142.74206670491446 -44.425585129886656 -0.07824799409525712 -0.7883382523994841 -0.4678840405080305 -0.20173951312369431 0.09797054138647107 -0.08314253548907476 13716.0 34210.0 62527.0 94519.0 126303.0 155213.0 179836.0 199693.0 214900.0 225886.0 233216.0 237483.0 239242.0 238993.0 237160.0 234103.0
26 1.0 317.1971509600182 -66.4100583812536 -0.07824799409525712 -0.7883382523994841 -0.4678840405080305 -0.20173951312369431 0.09797054138647107 -0.08314253548907476 20679.0 47170.0 80505.0 115346.0 147717.0 175430.0 197692.0 214571.0 226584.0 234427.0 238824.0 240447.0 239884.0 237634.0 234103.0 229625.0
27 1.0 209.25823414890914 -87.83347987842222 -0.07824799409525712 -0.7883382523994841 -0.4678840405080305 -0.20173951312369431 0.09797054138647107 -0.08314253548907476 22911.0 53484.0 92807.0 134565.0 173807.0 207678.0 235043.0 255878.0 270756.0 280502.0 285994.0 288058.0 287422.0 284700.0 280400.0 274934.0
28 1.0 317.424730267747 -69.21282651502534 -0.07824799409525712 -0.7883382523994841 -0.4678840405080305 -0.20173951312369431 0.09797054138647107 -0.08314253548907476 21120.0 48278.0 82526.0 118378.0 151728.0 180303.0 203270.0 220691.0 233094.0 241195.0 245741.0 247424.0 246853.0 244541.0 240909.0 236300.0
29 1.0 249.3113724279957 21.32644671229461 -0.07824799409525712 -0.7883382523994841 -0.4678840405080305 -0.20173951312369431 0.09797054138647107 -0.08314253548907476 7189.0 18535.0 34890.0 54146.0 74076.0 92972.0 109778.0 123990.0 135493.0 144405.0 150974.0 155499.0 158288.0 159631.0 159792.0 158998.0
0 1.0 261.09154073507057 85.36611830724905 -0.07824799409525712 -0.7883382523994841 -0.4678840405080305 -0.20173951312369431 0.09797054138647107 -0.08314253548907476 9137.0 24082.0 46001.0 72039.0 99045.0 124568.0 147103.0 165950.0 180972.0 192375.0 200537.0 205907.0 208934.0 210038.0 209592.0 207914.0
1 1.0 180.47677749361281 88.26210028096091 -0.07824799409525712 -0.7883382523994841 -0.4678840405080305 -0.20173951312369431 0.09797054138647107 -0.08314253548907476 9759.0 25195.0 47431.0 73504.0 100294.0 125434.99999999999 147509.0 165883.0 180464.0 191477.0 199311.0 204414.0 207231.0 208176.0 207613.0 205855.0
2 1.0 344.1901085003606 -16.37026283284891 -0.07824799409525712 -0.7883382523994841 -0.4678840405080305 -0.20173951312369431 0.09797054138647107 -0.08314253548907476 12831.0 31206.0 55888.0 83142.0 109734.0 133577.0 153650.0 169683.0 181852.0 190561.0 196302.0 199569.0 200824.0 200470.0 198851.0 196256.0
3 1.0 231.83647172266947 -60.66820331161104 -0.07824799409525712 -0.7883382523994841 -0.4678840405080305 -0.20173951312369431 0.09797054138647107 -0.08314253548907476 25575.0 56575.0 94551.0 133460.0 169045.0 199097.0 222922.0 240725.0 253160.0 261043.00000000003 265197.0 266372.0 265218.0 262277.0 257994.99999999997 252730.0
4 1.0 152.5878174809447 24.977116325975274 -0.07824799409525712 -0.7883382523994841 -0.4678840405080305 -0.20173951312369431 0.09797054138647107 -0.08314253548907476 5586.0 14455.0 27253.0 42349.0 58026.0 72960.0 86323.0 97709.0 107009.0 114296.0 119750.0 123592.0 126056.0 127364.0 127721.0 127303.0
5 1.0 218.30155708605275 -1.7450376212273113 -0.07824799409525712 -0.7883382523994841 -0.4678840405080305 -0.20173951312369431 0.09797054138647107 -0.08314253548907476 13041.0 31931.0 57805.0 86974.0 116004.0 142518.0 165235.0 183695.0 197969.0 208419.0 215533.0 219831.0 221810.0 221917.0 220536.0 217995.0
6 1.0 6.909551391360069 88.09375991119765 -0.07824799409525712 -0.7883382523994841 -0.4678840405080305 -0.20173951312369431 0.09797054138647107 -0.08314253548907476 10397.0 26621.0 49804.0 76810.0 104401.0 130164.0 152675.0 171320.0 186036.0 197079.0 204862.0 209857.0 212527.0 213297.0 212544.0 210589.0
7 1.0 108.56693400283775 -78.24524271267956 -0.07824799409525712 -0.7883382523994841 -0.4678840405080305 -0.20173951312369431 0.09797054138647107 -0.08314253548907476 20964.0 50376.0 89220.0 131279.0 171389.0 206416.0 235002.0 256979.0 272849.0 283410.0 289544.0 292092.0 291803.0 289317.0 285161.0 279768.0
8 1.0 237.66247349736662 50.98219889648635 -0.07824799409525712 -0.7883382523994841 -0.4678840405080305 -0.20173951312369431 0.09797054138647107 -0.08314253548907476 5819.0 16470.0 33224.0 54274.0 77137.0 99617.0 120184.0 137985.0 152685.0 164304.0 173062.0 179281.0 183317.0 185519.0 186210.0 185674.0
9 1.0 104.42793859575987 -38.0882704803311 -0.07824799409525712 -0.7883382523994841 -0.4678840405080305 -0.20173951312369431 0.09797054138647107 -0.08314253548907476 13968.0 33729.0 60048.0 88879.0 116791.0 141626.0 162366.0 178781.0 191102.0 199786.0 205370.0 208388.0 209330.0 208622.0 206626.0 203643.0
10 1.0 222.48555443958296 -46.54464838621668 -0.07824799409525712 -0.7883382523994841 -0.4678840405080305 -0.20173951312369431 0.09797054138647107 -0.08314253548907476 24818.0 55010.0 92158.0 130413.0 165596.0 195491.0 219354.0 237332.0 250027.0 258214.0 262686.0 264175.0 263319.0 260654.0 256622.00000000003 251580.00000000003
11 1.0 154.35673234047582 29.250822875881667 -0.07824799409525712 -0.7883382523994841 -0.4678840405080305 -0.20173951312369431 0.09797054138647107 -0.08314253548907476 5614.0 14601.0 27644.0 43103.0 59214.0 74607.0 88412.0 100197.0 109837.0 117403.0 123073.0 127077.0 129652.99999999999 131031.00000000001 131421.0 131008.00000000001
12 1.0 48.770663120082084 -45.70862670162639 -0.07824799409525712 -0.7883382523994841 -0.4678840405080305 -0.20173951312369431 0.09797054138647107 -0.08314253548907476 19623.0 47515.0 84618.0 125034.0 163785.0 197804.0 225720.0 247320.0 263045.0 273639.0 279934.0 282732.0 282753.0 280611.0 276820.0 271798.0
13 1.0 107.38163734417108 29.854641160653784 -0.07824799409525712 -0.7883382523994841 -0.4678840405080305 -0.20173951312369431 0.09797054138647107 -0.08314253548907476 11596.0 25648.0 42794.0 60291.0 76243.0 89694.0 100361.0 108352.0 113964.0 117561.0 119505.0 120126.0 119709.0 118493.0 116673.0 114406.0
14 1.0 205.18736785245537 3.11553309641198 -0.07824799409525712 -0.7883382523994841 -0.4678840405080305 -0.20173951312369431 0.09797054138647107 -0.08314253548907476 10422.0 27204.0 51532.0 80112.0 109436.0 136857.0 160805.0 180601.0 196171.0 207794.0 215924.0 221073.0 223746.0 224403.0 223450.0 221232.0
15 1.0 212.71419404934235 -13.663982081547132 -0.07824799409525712 -0.7883382523994841 -0.4678840405080305 -0.20173951312369431 0.09797054138647107 -0.08314253548907476 16265.000000000002 38771.0 68744.0 101743.0 133906.0 162721.0 186944.0 206236.0 220806.0 231148.0 237863.0 241561.0 242809.0 242104.0 239871.0 236463.0
16 1.0 206.75708958584838 9.843805559055411 -0.07824799409525712 -0.7883382523994841 -0.4678840405080305 -0.20173951312369431 0.09797054138647107 -0.08314253548907476 9063.0 24195.0 46615.0 73411.0 101300.0 127702.00000000001 151022.0 170515.0 186033.0 197786.0 206172.0 211659.0 214718.0 215787.0 215256.0 213456.0
17 1.0 235.1522951485681 -38.330726414466646 -0.07824799409525712 -0.7883382523994841 -0.4678840405080305 -0.20173951312369431 0.09797054138647107 -0.08314253548907476 23707.0 51558.0 85065.0 118910.0 149523.0 175152.0 195326.0 210309.0 220709.0 227247.0 230635.0 231514.0 230434.0 227852.0 224143.0 219605.0
18 1.0 234.757177200608 37.1834471291362 -0.07824799409525712 -0.7883382523994841 -0.4678840405080305 -0.20173951312369431 0.09797054138647107 -0.08314253548907476 6147.0 17082.0 33983.0 54940.0 77480.0 99476.0 119483.0 136714.0 150884.0 162037.0 170403.0 176308.0 180100.0 182123.0 182689.0 182076.0
19 1.0 155.31063675623062 -15.325763519958471 -0.07824799409525712 -0.7883382523994841 -0.4678840405080305 -0.20173951312369431 0.09797054138647107 -0.08314253548907476 8305.0 21326.0 40021.0 61974.0 84651.0 106116.0 125172.0 141253.0 154229.0 164241.0 171575.0 176575.0 179598.0 180977.0 181015.0 179974.0
20 1.0 322.75677450638267 -25.101799112539396 -0.07824799409525712 -0.7883382523994841 -0.4678840405080305 -0.20173951312369431 0.09797054138647107 -0.08314253548907476 11617.0 27348.0 47745.0 69597.0 90360.0 108537.0 123499.0 135179.0 143823.0 149814.0 153572.0 155500.0 155959.0 155259.0 153660.0 151373.0
21 1.0 132.32227321724275 59.158244620032804 -0.07824799409525712 -0.7883382523994841 -0.4678840405080305 -0.20173951312369431 0.09797054138647107 -0.08314253548907476 9081.0 22078.0 39770.0 59681.0 79550.0 97821.0 113640.0 126683.99999999999 136969.0 144705.0 150190.0 153749.0 155697.0 156326.0 155888.0 154601.0
22 1.0 156.91137309562566 76.4940441515746 -0.07824799409525712 -0.7883382523994841 -0.4678840405080305 -0.20173951312369431 0.09797054138647107 -0.08314253548907476 8840.0 22747.0 42750.0 66221.0 90394.0 113168.0 133265.0 150100.0 163566.0 173844.0 181264.0 186212.0 189079.0 190230.0 189991.0 188641.0
23 1.0 321.092407805642 -81.71868404028655 -0.07824799409525712 -0.7883382523994841 -0.4678840405080305 -0.20173951312369431 0.09797054138647107 -0.08314253548907476 22497.0 52098.0 89888.0 129800.0 167163.0 199325.0 225262.0 244987.0 259062.0 268279.0 273473.0 275424.0 274821.0 272244.0 268172.0 262994.0
24 1.0 290.22983605659084 -48.12714129064221 -0.07824799409525712 -0.7883382523994841 -0.4678840405080305 -0.20173951312369431 0.09797054138647107 -0.08314253548907476 18728.0 40910.0 67585.0 94422.0 118540.0 138565.0 154174.0 165625.0 173444.0 178235.0 180575.0 180982.0 179891.0 177662.0 174587.0 170896.0
25 1.0 253.39989007453187 -27.266513491338614 -0.07824799409525712 -0.7883382523994841 -0.4678840405080305 -0.20173951312369431 0.09797054138647107 -0.08314253548907476 19684.0 42235.0 68751.0 94875.0 117876.0 136572.0 150800.0 160930.0 167556.0 171310.0 172783.0 172486.0 170844.0 168200.0 164829.0 160945.0
26 1.0 36.0816794324284 56.693966286644525 -0.07824799409525712 -0.7883382523994841 -0.4678840405080305 -0.20173951312369431 0.09797054138647107 -0.08314253548907476 19854.0 45499.0 78298.0 113245.0 146395.0 175401.0 199254.0 217828.0 231498.0 240871.0 246619.0 249396.0 249789.0 248307.0 245375.0 241344.0
27 1.0 331.0137409480825 87.38845697579356 -0.07824799409525712 -0.7883382523994841 -0.4678840405080305 -0.20173951312369431 0.09797054138647107 -0.08314253548907476 10171.0 26221.0 49293.0 76286.0 103952.0 129845.99999999999 152515.0 171323.0 186191.0 197366.0 205262.0 210348.0 213089.0 213914.0 213201.0 211272.0
28 1.0 257.1268678376801 84.41490684066332 -0.07824799409525712 -0.7883382523994841 -0.4678840405080305 -0.20173951312369431 0.09797054138647107 -0.08314253548907476 8958.0 23713.0 45442.0 71334.0 98253.0 123746.0 146293.0 165181.0 180261.0 191729.0 199960.0 205396.0 208485.0 209647.0 209252.0 207621.0
29 1.0 359.5849223644319 72.89070219898684 -0.07824799409525712 -0.7883382523994841 -0.4678840405080305 -0.20173951312369431 0.09797054138647107 -0.08314253548907476 12723.0 31934.999999999996 58803.0 89513.0 120351.0 148674.0 173018.0 192830.0 208155.0 219365.0 226983.0 231569.0 233660.0 233740.0 232228.0 229476.0
0 1.0 53.80138967687775 -36.619872288474625 -0.07824799409525712 -0.7883382523994841 -0.4678840405080305 -0.20173951312369431 0.09797054138647107 -0.08314253548907476 19598.0 47029.0 83213.0 122387.0 159783.0 192507.0 219297.0 239986.0 255022.00000000003 265132.0 271121.0 273759.0 273738.0 271647.0 267975.0 263125.0
1 1.0 312.52538065255715 88.56202381460534 -0.07824799409525712 -0.7883382523994841 -0.4678840405080305 -0.20173951312369431 0.09797054138647107 -0.08314253548907476 10004.0 25826.0 48602.0 75285.0 102665.0 128321.99999999999 150810.0 169492.0 184281.0 195418.0 203307.0 208410.0 211186.0 212057.0 211399.0 209532.0
2 1.0 58.497456483494936 -45.10439260983878 -0.07824799409525712 -0.7883382523994841 -0.4678840405080305 -0.20173951312369431 0.09797054138647107 -0.08314253548907476 19261.0 46495.0 82627.0 121922.0 159571.0 192619.0 219754.0 240774.0 256108.0 266473.0 272671.0 275476.0 275583.0 273586.0 269980.0 265170.0
3 1.0 221.6014431421839 -70.9368921211982 -0.07824799409525712 -0.7883382523994841 -0.4678840405080305 -0.20173951312369431 0.09797054138647107 -0.08314253548907476 24894.0 56380.0 95828.0 136938.0 175035.0 207557.0 233585.0 253219.00000000003 267085.0 276021.0 280894.0 282506.0 281559.0 278642.0 274240.0 268745.0
4 1.0 44.57519382579895 81.17146998997094 -0.07824799409525712 -0.7883382523994841 -0.4678840405080305 -0.20173951312369431 0.09797054138647107 -0.08314253548907476 12496.0 30778.0 55967.0 84504.0 113024.0 139173.0 161657.0 179998.0 194241.0 204724.0 211917.0 216326.0 218435.0 218683.0 217448.0 215054.0
5 1.0 305.2829625560044 -47.98435401574267 -0.07824799409525712 -0.7883382523994841 -0.4678840405080305 -0.20173951312369431 0.09797054138647107 -0.08314253548907476 17085.0 38222.0 64289.0 91088.0 115645.0 136419.0 152919.0 165286.0 173968.0 179525.0 182521.0 183469.0 182815.0 180929.0 178116.0 174620.0
6 1.0 290.63482514100383 34.15828771399508 -0.07824799409525712 -0.7883382523994841 -0.4678840405080305 -0.20173951312369431 0.09797054138647107 -0.08314253548907476 5542.0 14671.0 28185.0 44477.0 61710.0 78389.0 93526.0 106595.0 117408.0 126002.0 132541.0 137252.0 140383.0 142179.0 142863.0 142638.0
7 1.0 204.8762659012536 -79.49585538349405 -0.07824799409525712 -0.7883382523994841 -0.4678840405080305 -0.20173951312369431 0.09797054138647107 -0.08314253548907476 23749.0 54947.0 94777.0 136852.0 176235.0 210117.0 237411.0 258130.00000000003 272870.0 282473.0 287825.0 289756.0 288997.0 286163.0 281762.0 276205.0
8 1.0 146.58598700135988 41.52763784294572 -0.07824799409525712 -0.7883382523994841 -0.4678840405080305 -0.20173951312369431 0.09797054138647107 -0.08314253548907476 6390.0 16219.999999999998 30146.0 46322.0 62892.0 78484.0 92275.0 103893.0 113270.0 120524.0 125865.0 129543.99999999999 131814.0 132911.0 133049.0 132413.0
9 1.0 24.900118363849696 68.70963822009114 -0.07824799409525712 -0.7883382523994841 -0.4678840405080305 -0.20173951312369431 0.09797054138647107 -0.08314253548907476 15610.0 37419.0 66632.0 98949.0 130580.0 159026.0 183026.0 202214.0 216773.0 227169.0 233983.0 237811.0 239207.0 238659.0 236586.0 233339.0
10 1.0 251.07435833204292 -40.96135881612675 -0.07824799409525712 -0.7883382523994841 -0.4678840405080305 -0.20173951312369431 0.09797054138647107 -0.08314253548907476 23119.0 49484.0 80473.0 111041.0 138022.0 160040.0 176888.0 188979.0 196982.0 201621.0 203571.0 203421.0 201664.0 198701.0 194852.0 190372.0
11 1.0 163.27536576410478 -21.76975870606286 -0.07824799409525712 -0.7883382523994841 -0.4678840405080305 -0.20173951312369431 0.09797054138647107 -0.08314253548907476 9835.0 25487.0 48093.0 74653.0 101985.0 127666.0 150236.0 169037.0 183964.0 195244.0 203271.0 208501.0 211390.0 212360.0 211785.0 209986.0
12 1.0 259.94001580932525 -22.6266870022351 -0.07824799409525712 -0.7883382523994841 -0.4678840405080305 -0.20173951312369431 0.09797054138647107 -0.08314253548907476 17268.0 37132.0 60526.0 83593.0 103907.0 120411.0 132953.0 141859.0 147653.0 150898.0 152121.0 151776.0 150242.0 147827.0 144775.0 141276.0
13 1.0 311.8976373343065 44.781886357223954 -0.07824799409525712 -0.7883382523994841 -0.4678840405080305 -0.20173951312369431 0.09797054138647107 -0.08314253548907476 6769.0 18263.0 35619.0 56817.0 79390.0 101274.0 121089.0 138099.0 152049.0 163003.0 171199.0 176963.0 180642.0 182577.0 183075.0 182411.0
14 1.0 351.1877418010389 -47.19469634297301 -0.07824799409525712 -0.7883382523994841 -0.4678840405080305 -0.20173951312369431 0.09797054138647107 -0.08314253548907476 17424.0 41450.0 72916.0 106846.0 139191.0 167517.0 190773.0 208825.0 222050.0 231059.0 236530.0 239112.0 239388.0 237858.0 234939.0 230974.0
15 1.0 308.08920326133995 -59.06644217142426 -0.07824799409525712 -0.7883382523994841 -0.4678840405080305 -0.20173951312369431 0.09797054138647107 -0.08314253548907476 19534.0 43977.0 74337.0 105738.0 134667.0 159262.0 178899.0 193704.0 204178.0 210963.0 214713.0 216026.0 215423.0 213343.0 210143.0 206113.0
16 1.0 4.21707030660071 -9.127503236207147 -0.07824799409525712 -0.7883382523994841 -0.4678840405080305 -0.20173951312369431 0.09797054138647107 -0.08314253548907476 16340.0 40224.0 72667.0 108713.0 143943.0 175463.0 201847.0 222722.0 238342.0 249282.0 256232.00000000003 259884.99999999997 260880.0 259772.99999999997 257035.0 253054.99999999997
17 1.0 129.592103212211 -35.19568667208249 -0.07824799409525712 -0.7883382523994841 -0.4678840405080305 -0.20173951312369431 0.09797054138647107 -0.08314253548907476 11688.0 28830.0 52250.0 78525.0 104550.0 128235.99999999999 148488.0 164940.0 177681.0 187042.0 193462.0 197397.0 199285.0 199513.0 198421.0 196292.0
18 1.0 262.7966024726609 61.05404200655744 -0.07824799409525712 -0.7883382523994841 -0.4678840405080305 -0.20173951312369431 0.09797054138647107 -0.08314253548907476 6085.0 17132.0 34431.0 56091.0 79549.0 102553.0 123547.0 141671.0 156598.0 168358.0 177187.0 183421.0 187428.0 189567.0 190170.0 189530.0
19 1.0 61.78668381411859 -47.20647131718502 -0.07824799409525712 -0.7883382523994841 -0.4678840405080305 -0.20173951312369431 0.09797054138647107 -0.08314253548907476 18995.0 45917.0 81687.0 120639.0 158002.0 190835.0 217825.0 238760.0 254054.99999999997 264417.0 270639.0 273487.0 273648.0 271713.0 268174.0 263433.0
20 1.0 187.57317823348654 0.4301023480670665 -0.07824799409525712 -0.7883382523994841 -0.4678840405080305 -0.20173951312369431 0.09797054138647107 -0.08314253548907476 8632.0 23321.0 45348.0 71917.0 99765.0 126271.0 149786.0 169517.0 185279.0 197265.0 205859.0 211525.0 214736.0 215930.0 215498.0 213779.0
21 1.0 19.561675802131305 79.66504794562746 -0.07824799409525712 -0.7883382523994841 -0.4678840405080305 -0.20173951312369431 0.09797054138647107 -0.08314253548907476 12437.0 30931.0 56624.0 85891.0 115246.0 142219.0 165440.0 184392.0 199109.0 209935.0 217356.0 221894.0 224054.0 224288.0 222992.0 220500.0
22 1.0 71.99874896270403 24.119585594038938 -0.07824799409525712 -0.7883382523994841 -0.4678840405080305 -0.20173951312369431 0.09797054138647107 -0.08314253548907476 22021.0 46985.0 76166.0 104765.0 129817.99999999999 150079.0 165410.0 176253.0 183273.0 187176.0 188610.0 188134.0 186211.0 183213.0 179436.0 175113.0
23 1.0 6.66784600582103 66.11209298324366 -0.07824799409525712 -0.7883382523994841 -0.4678840405080305 -0.20173951312369431 0.09797054138647107 -0.08314253548907476 14511.0 35712.0 64782.99999999999 97482.0 129872.99999999999 159264.0 184234.0 204315.0 219638.0 230654.0 237945.0 242122.0 243756.0 243356.0 241358.0 238127.0
24 1.0 285.7311732086714 79.23774408385813 -0.07824799409525712 -0.7883382523994841 -0.4678840405080305 -0.20173951312369431 0.09797054138647107 -0.08314253548907476 8551.0 23023.0 44647.0 70672.0 97917.0 123843.0 146852.0 166178.0 181640.0 193424.0 201900.0 207518.0 210734.0 211975.0 211621.0 210002.0
25 1.0 80.61288770173685 45.13767513954335 -0.07824799409525712 -0.7883382523994841 -0.4678840405080305 -0.20173951312369431 0.09797054138647107 -0.08314253548907476 19072.0 41224.0 67563.0 93830.0 117275.0 136638.0 151668.0 162654.0 170127.0 174679.0 176871.0 177203.0 176094.0 173890.0 170869.0 167256.0
26 1.0 124.32660505088496 35.92351084045525 -0.07824799409525712 -0.7883382523994841 -0.4678840405080305 -0.20173951312369431 0.09797054138647107 -0.08314253548907476 8325.0 19548.0 34191.0 50054.0 65349.00000000001 78977.0 90429.0 99589.0 106575.0 111619.0 114993.0 116972.0 117808.0 117725.0 116914.0 115536.0
27 1.0 334.1092656476127 84.23380198876086 -0.07824799409525712 -0.7883382523994841 -0.4678840405080305 -0.20173951312369431 0.09797054138647107 -0.08314253548907476 10353.0 26734.0 50300.0 77871.0 106111.0 132516.0 155602.0 174724.0 189808.0 201115.0 209072.0 214164.0 216870.0 217627.0 216824.0 214790.0
28 1.0 253.5891846924718 88.99214213658229 -0.07824799409525712 -0.7883382523994841 -0.4678840405080305 -0.20173951312369431 0.09797054138647107 -0.08314253548907476 9854.0 25472.0 47990.0 74407.0 101550.0 127017.99999999999 149369.0 167961.0 182702.0 193823.0 201721.0 206851.0 209667.0 210587.0 209984.0 208173.0
29 1.0 11.462014631270826 -8.672097119443265 -0.07824799409525712 -0.7883382523994841 -0.4678840405080305 -0.20173951312369431 0.09797054138647107 -0.08314253548907476 18059.0 44257.0 79615.0 118617.0 156435.0 189976.0 217777.0 239517.0 255548.0 266542.0 273283.0 276541.0 277013.0 275304.0 271919.0 267272.0
0 1.0 59.289896339248585 -77.2434399268425 -0.07824799409525712 -0.7883382523994841 -0.4678840405080305 -0.20173951312369431 0.09797054138647107 -0.08314253548907476 20961.0 50285.0 88944.0 130746.0 170574.0 205334.0 233692.0 255493.00000000003 271235.0 281715.0 287805.0 290341.0 290065.0 287607.0 283494.0 278152.0
1 1.0 223.73222453991488 -37.29707434070661 -0.07824799409525712 -0.7883382523994841 -0.4678840405080305 -0.20173951312369431 0.09797054138647107 -0.08314253548907476 23500.0 52089.0 87310.0 123662.0 157194.0 185794.0 208729.0 226111.0 238485.0 246570.0 251104.0 252775.00000000003 252185.0 249843.0 246170.0 241506.0
2 1.0 207.80229189750034 -62.57615297620852 -0.07824799409525712 -0.7883382523994841 -0.4678840405080305 -0.20173951312369431 0.09797054138647107 -0.08314253548907476 24779.0 56414.0 96297.0 138082.0 176981.0 210319.0 237099.0 257374.0 271757.0 281086.0 286239.0 288034.0 287187.0 284306.0 279888.0 274336.0
3 1.0 85.64141569482311 -14.852452536717877 -0.07824799409525712 -0.7883382523994841 -0.4678840405080305 -0.20173951312369431 0.09797054138647107 -0.08314253548907476 15435.0 35446.0 60772.0 87371.0 112209.0 133598.0 150903.0 164146.0 173695.0 180059.0 183775.0 185346.0 185214.0 183757.0 181286.0 178057.0
4 1.0 336.3170392529258 -66.36792087481392 -0.07824799409525712 -0.7883382523994841 -0.4678840405080305 -0.20173951312369431 0.09797054138647107 -0.08314253548907476 20207.0 46907.0 81061.0 117207.0 151127.0 180412.0 204123.0 222249.0 235280.0 243917.0 248902.0 250934.0 250629.0 248511.0 245013.0 240485.0
5 1.0 221.02774414772256 18.741204723758756 -0.07824799409525712 -0.7883382523994841 -0.4678840405080305 -0.20173951312369431 0.09797054138647107 -0.08314253548907476 8175.999999999999 21811.0 42056.0 66353.0 91785.0 116024.0 137602.0 155802.0 170446.0 181688.0 189859.0 195365.0 198620.0 200015.0 199901.0 198581.0
6 1.0 192.827809088985 -21.094549351586267 -0.07824799409525712 -0.7883382523994841 -0.4678840405080305 -0.20173951312369431 0.09797054138647107 -0.08314253548907476 14880.0 37119.0 67849.0 102512.0 136831.0 167891.0 194168.0 215180.0 231093.0 242413.0 249783.0 253867.0 255282.99999999997 254577.0 252215.00000000003 248583.0
7 1.0 212.36759148764554 71.1694591718778 -0.07824799409525712 -0.7883382523994841 -0.4678840405080305 -0.20173951312369431 0.09797054138647107 -0.08314253548907476 6909.0 19069.0 37711.0 60641.0 85108.0 108801.0 130180.99999999999 148443.0 163325.0 174911.0 183485.0 189415.0 193095.0 194901.0 195175.0 194218.0
8 1.0 262.8439306260371 84.20304092373033 -0.07824799409525712 -0.7883382523994841 -0.4678840405080305 -0.20173951312369431 0.09797054138647107 -0.08314253548907476 8939.0 23698.0 45457.0 71400.0 98381.0 123936.0 146539.0 165472.0 180586.0 192078.0 200322.0 205765.0 208855.0 210013.0 209610.0 207970.0
9 1.0 112.30019837265667 8.43928230049599 -0.07824799409525712 -0.7883382523994841 -0.4678840405080305 -0.20173951312369431 0.09797054138647107 -0.08314253548907476 9228.0 21329.0 36743.0 53024.0 68312.0 81553.0 92337.0 100658.0 106724.0 110838.0 113321.0 114476.0 114574.0 113843.0 112476.0 110628.0
10 1.0 143.35958239779308 -40.531757423832616 -0.07824799409525712 -0.7883382523994841 -0.4678840405080305 -0.20173951312369431 0.09797054138647107 -0.08314253548907476 12797.0 31989.999999999996 58602.0 88787.0 118909.0 146443.0 170024.0 189165.0 203940.0 214728.0 222045.0 226437.0 228424.0 228472.0 226984.0 224301.0
11 1.0 75.54374963104397 16.601475377130626 -0.07824799409525712 -0.7883382523994841 -0.4678840405080305 -0.20173951312369431 0.09797054138647107 -0.08314253548907476 20512.0 43967.0 71537.0 98705.0 122643.0 142129.0 156992.0 167609.0 174588.0 178577.0 180183.0 179934.0 178267.0 175540.0 172039.0 167988.0
12 1.0 67.02948211692102 71.41700848039378 -0.07824799409525712 -0.7883382523994841 -0.4678840405080305 -0.20173951312369431 0.09797054138647107 -0.08314253548907476 15032.0 35151.0 61496.0 90186.0 117975.0 142807.0 163687.0 180362.0 193024.0 202093.0 208072.0 211471.0 212766.0 212373.0 210650.0 207898.0
13 1.0 339.9740603942161 -16.787997749565307 -0.07824799409525712 -0.7883382523994841 -0.4678840405080305 -0.20173951312369431 0.09797054138647107 -0.08314253548907476 12255.0 29685.0 52993.0 78645.0 103616.0 125980.00000000001 144804.0 159849.0 171286.0 179493.0 184927.0 188047.0 189278.0 188996.0 187521.0 185122.0
14 1.0 266.2382862177435 9.374089804554757 -0.07824799409525712 -0.7883382523994841 -0.4678840405080305 -0.20173951312369431 0.09797054138647107 -0.08314253548907476 7719.0 18659.0 33401.0 49833.0 66091.0 80931.0 93701.0 104179.0 112408.0 118575.0 122934.0 125753.0 127288.00000000001 127771.0 127405.99999999999 126367.0
15 1.0 176.56517110232414 -41.10250183089374 -0.07824799409525712 -0.7883382523994841 -0.4678840405080305 -0.20173951312369431 0.09797054138647107 -0.08314253548907476 16891.0 41749.0 75646.0 113382.0 150270.0 183232.0 210755.0 232448.0 248593.0 259811.0 266840.0 270422.0 271233.0 269864.0 266810.0 262482.0
16 1.0 81.86926607039636 -8.020053098995149 -0.07824799409525712 -0.7883382523994841 -0.4678840405080305 -0.20173951312369431 0.09797054138647107 -0.08314253548907476 16462.0 37157.0 62902.0 89556.0 114130.0 135038.0 151749.0 164369.0 173321.0 179150.0 182409.0 183605.0 183176.0 181494.0 178861.0 175522.0
17 1.0 91.56833343734147 -17.69156363167224 -0.07824799409525712 -0.7883382523994841 -0.4678840405080305 -0.20173951312369431 0.09797054138647107 -0.08314253548907476 14126.0 32804.0 56703.0 82025.0 105847.0 126499.0 143315.0 156275.0 165704.0 172073.0 175888.0 177627.0 177714.0 176511.0 174317.0 171378.0
18 1.0 20.89049771659522 -45.28557628506522 -0.07824799409525712 -0.7883382523994841 -0.4678840405080305 -0.20173951312369431 0.09797054138647107 -0.08314253548907476 19231.0 46627.0 83126.0 122941.0 161171.0 194780.0 222403.0 243815.0 259438.99999999997 270001.0 276316.0 279172.0 279278.0 277241.0 273565.0 268665.0
19 1.0 156.3899852009235 1.0559490885555078 -0.07824799409525712 -0.7883382523994841 -0.4678840405080305 -0.20173951312369431 0.09797054138647107 -0.08314253548907476 6364.0 16520.0 31271.0 48790.0 67097.0 84632.0 100399.0 113889.0 124951.0 133656.0 140204.0 144850.0 147864.0 149508.0 150020.0 149610.0
20 1.0 112.24651751787692 -34.13145132363395 -0.07824799409525712 -0.7883382523994841 -0.4678840405080305 -0.20173951312369431 0.09797054138647107 -0.08314253548907476 12640.0 30593.0 54578.0 80944.0 106578.0 129501.0 148761.0 164120.0 175763.0 184084.0 189557.0 192659.0 193828.0 193453.0 191862.0 189332.0
21 1.0 250.6836559735654 -22.85372450146545 -0.07824799409525712 -0.7883382523994841 -0.4678840405080305 -0.20173951312369431 0.09797054138647107 -0.08314253548907476 18690.0 40396.0 66193.0 91904.0 114833.0 133754.0 148423.0 159131.0 166402.0 170817.0 172930.0 173227.0 172120.0 169948.0 166981.0 163439.0
22 1.0 135.99066214529313 4.494679605767573 -0.07824799409525712 -0.7883382523994841 -0.4678840405080305 -0.20173951312369431 0.09797054138647107 -0.08314253548907476 6615.0 16305.0 29514.0 44330.0 59049.0 72533.0 84182.0 93787.0 101377.0 107114.0 111220.0 113930.0 115471.0 116050.0 115849.0 115024.0
23 1.0 64.65732392146853 45.10710412721775 -0.07824799409525712 -0.7883382523994841 -0.4678840405080305 -0.20173951312369431 0.09797054138647107 -0.08314253548907476 21828.0 47325.0 77866.0 108597.0 136301.0 159431.0 177594.0 191049.0 200359.0 206181.0 209162.0 209881.0 208836.0 206439.0 203029.0 198875.0
24 1.0 8.884342220879242 -29.968656157570443 -0.07824799409525712 -0.7883382523994841 -0.4678840405080305 -0.20173951312369431 0.09797054138647107 -0.08314253548907476 17701.0 43078.0 77062.0 114335.0 150334.0 182182.0 208546.0 229157.0 244364.0 254813.99999999997 261245.99999999997 264387.0 264894.0 263335.0 260185.99999999997 255836.99999999997
25 1.0 24.20986732676949 76.34857799173744 -0.07824799409525712 -0.7883382523994841 -0.4678840405080305 -0.20173951312369431 0.09797054138647107 -0.08314253548907476 13472.0 33025.0 59813.0 89995.0 119997.0 147353.0 170739.0 189692.0 204298.0 214939.0 222132.0 226421.0 228323.0 228302.0 226759.0 224032.0
26 1.0 244.58139845948423 65.21733843046243 -0.07824799409525712 -0.7883382523994841 -0.4678840405080305 -0.20173951312369431 0.09797054138647107 -0.08314253548907476 6290.0 17737.0 35665.0 58083.0 82313.0 106014.0 127582.0 146139.0 161364.0 173305.0 182217.0 188456.0 192409.0 194452.0 194928.0 194140.0
27 1.0 163.33086404017632 -81.23574672440486 -0.07824799409525712 -0.7883382523994841 -0.4678840405080305 -0.20173951312369431 0.09797054138647107 -0.08314253548907476 22571.0 53196.0 92940.0 135421.0 175535.0 210285.0 238443.0 259936.99999999997 275326.0 285444.0 291184.0 293393.0 292817.0 290091.0 285737.0 280181.0
28 1.0 193.16851599914 -44.3443456337719 -0.07824799409525712 -0.7883382523994841 -0.4678840405080305 -0.20173951312369431 0.09797054138647107 -0.08314253548907476 21068.0 49760.0 87284.0 127754.0 166331.0 200075.0 227698.0 249031.0 264529.0 274938.0 281086.0 283769.0 283698.0 281485.0 277636.0 272566.0
29 1.0 322.80166549452315 -9.695607721343649 -0.07824799409525712 -0.7883382523994841 -0.4678840405080305 -0.20173951312369431 0.09797054138647107 -0.08314253548907476 9368.0 22563.0 40092.0 59290.0 77922.0 94589.0 108624.0 119866.0 128445.0 134641.0 138788.0 141221.0 142252.0 142156.0 141166.0 139482.0
0 1.0 356.52202106281356 -71.16698002635466 -0.07824799409525712 -0.7883382523994841 -0.4678840405080305 -0.20173951312369431 0.09797054138647107 -0.08314253548907476 20782.0 48915.0 85364.0 124294.0 161068.0 192967.0 218879.0 238737.0 253040.0 262537.0 268033.0 270294.0 269994.0 267708.0 263913.0 258994.99999999997
1 1.0 78.08291438345061 -27.274321973970522 -0.07824799409525712 -0.7883382523994841 -0.4678840405080305 -0.20173951312369431 0.09797054138647107 -0.08314253548907476 16984.0 39868.0 69462.0 101075.0 131001.0 157064.0 178364.0 194825.0 206827.0 214948.0 219820.0 222046.0 222163.0 220630.0 217830.0 214079.0
2 1.0 238.70815311603627 43.21755461118286 -0.07824799409525712 -0.7883382523994841 -0.4678840405080305 -0.20173951312369431 0.09797054138647107 -0.08314253548907476 5886.0 16497.0 33036.0 53682.0 76005.0 97887.0 117868.0 135138.0 149392.0 160656.0 169148.0 175182.0 179102.0 181246.0 181926.0 181416.0
3 1.0 94.79605562537424 32.49260660570866 -0.07824799409525712 -0.7883382523994841 -0.4678840405080305 -0.20173951312369431 0.09797054138647107 -0.08314253548907476 15692.999999999998 33772.0 55080.0 76095.0 94594.0 109607.0 120995.0 129056.0 134274.0 137169.0 138223.0 137854.0 136410.0 134170.0 131358.0 128147.00000000001
4 1.0 7.434359807662325 22.02919714188087 -0.07824799409525712 -0.7883382523994841 -0.4678840405080305 -0.20173951312369431 0.09797054138647107 -0.08314253548907476 17900.0 43903.0 79063.0 117922.0 155665.0 189191.0 217021.0 238816.0 254913.99999999997 265980.0 272791.0 276114.0 276646.0 274989.0 271651.0 267045.0
5 1.0 273.01631538101094 37.895112490022214 -0.07824799409525712 -0.7883382523994841 -0.4678840405080305 -0.20173951312369431 0.09797054138647107 -0.08314253548907476 5537.0 14924.0 29062.0 46316.0 64717.0 82620.0 98919.0 113012.0 124679.0 133948.0 140993.0 146060.0 149419.0 151333.0 152050.0 151786.0
6 1.0 115.20617429608842 -53.113736347253685 -0.07824799409525712 -0.7883382523994841 -0.4678840405080305 -0.20173951312369431 0.09797054138647107 -0.08314253548907476 15793.999999999998 38745.0 69806.0 104234.0 137837.0 167892.0 193065.0 213011.0 227976.0 238503.0 245243.0 248850.0 249925.0 248993.0 246500.0 242815.0
7 1.0 138.04700190188328 -28.494339324348218 -0.07824799409525712 -0.7883382523994841 -0.4678840405080305 -0.20173951312369431 0.09797054138647107 -0.08314253548907476 10243.0 25504.0 46608.0 70568.0 94582.0 116698.0 135841.0 151600.0 163993.0 173278.0 179824.0 184033.0 186294.0 186963.0 186350.0 184722.0
8 1.0 211.79416087929806 31.723646809943318 -0.07824799409525712 -0.7883382523994841 -0.4678840405080305 -0.20173951312369431 0.09797054138647107 -0.08314253548907476 6410.0 18029.0 36164.0 58778.0 83161.0 106963.0 128583.0 147154.0 162366.0 174275.0 183144.0 189335.0 193237.0 195229.0 195656.0 194821.0
9 1.0 299.17744388502854 68.26225734563889 -0.07824799409525712 -0.7883382523994841 -0.4678840405080305 -0.20173951312369431 0.09797054138647107 -0.08314253548907476 7740.0 21270.0 41891.0 67090.0 93785.0 119433.0 142380.0 161796.0 177446.0 189470.0 198213.0 204101.0 207581.0 209072.0 208951.0 207546.0
10 1.0 226.43346369281355 7.86204968905713 -0.07824799409525712 -0.7883382523994841 -0.4678840405080305 -0.20173951312369431 0.09797054138647107 -0.08314253548907476 10608.0 26531.0 48820.0 74417.0 100315.0 124340.0 145241.0 162505.0 176107.0 186304.0 193487.0 198095.0 200556.0 201262.0 200558.0 198741.0
11 1.0 314.1542359610623 -39.11406282980341 -0.07824799409525712 -0.7883382523994841 -0.4678840405080305 -0.20173951312369431 0.09797054138647107 -0.08314253548907476 14412.0 32912.0 56183.0 80497.0 103095.0 122477.0 138103.0 150026.0 158600.0 164300.0 167617.0 169009.0 168875.0 167554.0 165323.0 162412.0
12 1.0 98.47513253362888 -84.55765355892314 -0.07824799409525712 -0.7883382523994841 -0.4678840405080305 -0.20173951312369431 0.09797054138647107 -0.08314253548907476 21916.0 51997.0 91254.0 133383.0 173285.0 207937.0 236079.0 257612.99999999997 273076.0 283287.0 289131.0 291447.0 290978.0 288356.0 284102.0 278640.0
13 1.0 287.29686020852296 37.8606292153584 -0.07824799409525712 -0.7883382523994841 -0.4678840405080305 -0.20173951312369431 0.09797054138647107 -0.08314253548907476 5539.0 14822.0 28722.0 45627.0 63623.0 81117.0 97039.0 110809.0 122211.0 131273.0 138164.0 143124.0 146415.0 148296.0 149006.0 148760.0
14 1.0 66.8289399501428 -88.58086136848073 -0.07824799409525712 -0.7883382523994841 -0.4678840405080305 -0.20173951312369431 0.09797054138647107 -0.08314253548907476 22438.0 52709.0 91860.0 133602.0 172948.0 206991.0 234553.0 255581.0 270634.0 280529.0 286144.0 288307.0 287746.0 285082.0 280824.0 275389.0
15 1.0 343.0049965099 -22.9177674322208 -0.07824799409525712 -0.7883382523994841 -0.4678840405080305 -0.20173951312369431 0.09797054138647107 -0.08314253548907476 13377.0 32266.999999999996 57401.0 84920.0 111564.0 135287.0 155124.0 170857.0 182705.0 191096.0 196538.0 199533.0 200544.0 199973.0 198166.0 195405.0
16 1.0 247.4957794996135 5.496698621300723 -0.07824799409525712 -0.7883382523994841 -0.4678840405080305 -0.20173951312369431 0.09797054138647107 -0.08314253548907476 10282.0 24471.0 43376.0 64283.99999999999 84840.0 103495.0 119448.0 132440.0 142548.0 150029.0 155218.0 158463.0 160100.0 160427.0 159705.0 158154.0
17 1.0 77.58276376088104 75.98006311809476 -0.07824799409525712 -0.7883382523994841 -0.4678840405080305 -0.20173951312369431 0.09797054138647107 -0.08314253548907476 13250.0 31681.0 56376.0 83780.0 110750.0 135187.0 156004.0 172847.0 185825.0 195291.0 201706.0 205550.0 207279.0 207299.0 205963.0 203568.0
18 1.0 341.0534125760127 -73.89098189407798 -0.07824799409525712 -0.7883382523994841 -0.4678840405080305 -0.20173951312369431 0.09797054138647107 -0.08314253548907476 21309.0 49615.0 85926.0 124426.0 160588.0 191817.0 217087.0 236381.0 250220.0 259353.99999999997 264582.0 266654.0 266232.0 263879.0 260058.99999999997 255149.00000000003
19 1.0 263.1080904372568 -16.930382045708924 -0.07824799409525712 -0.7883382523994841 -0.4678840405080305 -0.20173951312369431 0.09797054138647107 -0.08314253548907476 14913.0 32376.000000000004 53202.0 73996.0 92556.0 107874.0 119748.0 128415.0 134299.0 137876.0 139593.0 139846.0 138967.0 137231.0 134855.0 132016.0
20 1.0 91.4189913342093 -85.6236240521716 -0.07824799409525712 -0.7883382523994841 -0.4678840405080305 -0.20173951312369431 0.09797054138647107 -0.08314253548907476 22086.0 52261.0 91543.0 133624.0 173428.0 207959.0 235978.0 257399.0 272768.0 282904.0 288691.0 290966.0 290470.0 287832.0 283570.0 278108.0
21 1.0 76.79231185229351 -28.33002281851374 -0.07824799409525712 -0.7883382523994841 -0.4678840405080305 -0.20173951312369431 0.09797054138647107 -0.08314253548907476 17193.0 40435.0 70547.0 102757.0 133275.0 159871.0 181612.0 198416.0 210665.0 218951.0 223919.0 226184.0 226296.0 224726.0 221865.0 218034.0
22 1.0 186.55225701503878 22.00159059116308 -0.07824799409525712 -0.7883382523994841 -0.4678840405080305 -0.20173951312369431 0.09797054138647107 -0.08314253548907476 6118.0 17045.0 34014.0 55155.0 77987.0 100350.0 120755.0 138380.0 152913.0 164383.0 173017.0 179137.0 183097.0 185242.0 185892.0 185329.0
23 1.0 9.238578499631366 -39.767769318852295 -0.07824799409525712 -0.7883382523994841 -0.4678840405080305 -0.20173951312369431 0.09797054138647107 -0.08314253548907476 18182.0 44026.0 78440.0 116002.0 152126.0 183962.0 210220.0 230670.0 245690.0 255946.0 262191.0 265157.0 265506.0 263805.0 260529.0 256070.00000000003
24 1.0 74.68922715879938 -52.245009061985684 -0.07824799409525712 -0.7883382523994841 -0.4678840405080305 -0.20173951312369431 0.09797054138647107 -0.08314253548907476 18246.0 44253.0 78943.0 116855.0 153349.0 185533.0 212088.0 232773.0 247966.0 258336.99999999997 264648.0 267640.0 267983.0 266251.0 262927.0 258406.00000000003
25 1.0 152.88676875054225 -69.17341800112314 -0.07824799409525712 -0.7883382523994841 -0.4678840405080305 -0.20173951312369431 0.09797054138647107 -0.08314253548907476 20528.0 49490.0 87892.0 129616.00000000001 169526.0 204472.0 233065.0 255108.0 271077.0 281755.0 288010.0 290678.0 290504.0 288124.0 284067.0 278763.0
26 1.0 134.7011929203212 13.88524392366152 -0.07824799409525712 -0.7883382523994841 -0.4678840405080305 -0.20173951312369431 0.09797054138647107 -0.08314253548907476 6443.0 15814.000000000002 28542.0 42768.0 56843.0 69673.0 80689.0 89700.0 96753.0 102020.0 105724.0 108105.0 109386.0 109772.0 109437.0 108532.0
27 1.0 166.88715277133184 35.14860106284348 -0.07824799409525712 -0.7883382523994841 -0.4678840405080305 -0.20173951312369431 0.09797054138647107 -0.08314253548907476 5548.0 14925.0 29016.0 46177.0 64446.0 82195.0 98334.0 112275.0 123807.0 132962.0 139917.0 144917.0 148228.0 150114.0 150817.0 150553.0
28 1.0 99.94633426610349 30.95228530724802 -0.07824799409525712 -0.7883382523994841 -0.4678840405080305 -0.20173951312369431 0.09797054138647107 -0.08314253548907476 13860.0 30106.0 49470.0 68775.0 85968.0 100115.0 111038.0 118968.0 124312.0 127514.99999999999 129001.0 129139.0 128238.99999999999 126555.0 124290.0 121606.0
29 1.0 211.24236472494076 80.79498372969132 -0.07824799409525712 -0.7883382523994841 -0.4678840405080305 -0.20173951312369431 0.09797054138647107 -0.08314253548907476 8213.0 21949.0 42373.0 66905.0 92593.0 117078.0 138873.0 157250.0 172030.0 183369.0 191603.0 197143.0 200408.0 201796.0 201660.0 200308.0
0 1.0 310.9880181323633 -89.51342149916951 -0.07824799409525712 -0.7883382523994841 -0.4678840405080305 -0.20173951312369431 0.09797054138647107 -0.08314253548907476 22670.0 53032.0 92155.0 133754.0 172887.0 206693.0 234027.0 254857.0 269747.0 279517.0 285040.0 287139.0 286540.0 283856.0 279594.0 274166.0
1 1.0 42.31146814633191 26.49539770092649 -0.07824799409525712 -0.7883382523994841 -0.4678840405080305 -0.20173951312369431 0.09797054138647107 -0.08314253548907476 25437.0 56369.0 94374.0 133435.0 169273.0 199639.0 223797.0 241923.0 254651.00000000003 262787.0 267151.0 268494.0 267469.0 264622.0 260404.00000000003 255177.0
2 1.0 186.2564785754811 18.070602677575124 -0.07824799409525712 -0.7883382523994841 -0.4678840405080305 -0.20173951312369431 0.09797054138647107 -0.08314253548907476 6327.0 17584.0 35021.0 56691.0 80043.0 102864.0 123639.0 141540.0 156261.0 167843.0 176526.0 182644.0 186562.0 188638.0 189199.0 188533.0
3 1.0 47.54451828425519 15.973129794651868 -0.07824799409525712 -0.7883382523994841 -0.4678840405080305 -0.20173951312369431 0.09797054138647107 -0.08314253548907476 25382.0 56094.0 93656.0 132080.0 167166.0 196752.0 220170.0 237638.0 249812.0 257502.0 261523.99999999997 262618.0 261426.0 258483.00000000003 254226.0 249006.0
4 1.0 258.06948522933374 83.29865757124364 -0.07824799409525712 -0.7883382523994841 -0.4678840405080305 -0.20173951312369431 0.09797054138647107 -0.08314253548907476 8756.0 23308.0 44845.0 70602.0 97455.0 122940.0 145521.0 164467.0 179618.0 191161.0 199464.0 204968.0 208119.0 209335.0 208988.0 207398.0
5 1.0 142.58149301062573 -86.96309879339286 -0.07824799409525712 -0.7883382523994841 -0.4678840405080305 -0.20173951312369431 0.09797054138647107 -0.08314253548907476 22540.0 53012.0 92467.0 134569.0 174277.0 208644.0 236474.0 257709.00000000003 272908.0 282898.0 288563.0 290741.0 290169.0 287472.0 283168.0 277674.0
6 1.0 203.55167226906323 35.36683752626102 -0.07824799409525712 -0.7883382523994841 -0.4678840405080305 -0.20173951312369431 0.09797054138647107 -0.08314253548907476 6039.0 17085.0 34446.0 56231.0 79857.0 103044.0 124214.0 142491.0 157544.0 169400.0 178298.0 184577.0 188608.0 190756.0 191355.0 190701.0
7 1.0 65.9807410370683 56.462156946335426 -0.07824799409525712 -0.7883382523994841 -0.4678840405080305 -0.20173951312369431 0.09797054138647107 -0.08314253548907476 19150.0 42507.0 71337.0 101176.0 128816.00000000001 152531.0 171703.0 186397.0 197029.0 204159.0 208371.0 210211.0 210162.0 208633.0 205967.0 202442.0
8 1.0 52.1451933636158 1.7652953918851466 -0.07824799409525712 -0.7883382523994841 -0.4678840405080305 -0.20173951312369431 0.09797054138647107 -0.08314253548907476 23787.0 53279.0 89782.0 127449.0 162077.0 191445.0 214817.0 232357.0 244679.0 252562.99999999997 256803.0 258126.00000000003 257164.0 254444.99999999997 250402.0 245386.0
9 1.0 175.70026103362363 -29.886323472574354 -0.07824799409525712 -0.7883382523994841 -0.4678840405080305 -0.20173951312369431 0.09797054138647107 -0.08314253548907476 13558.0 34506.0 63976.00000000001 97657.0 131349.0 162097.0 188305.0 209419.0 225540.0 237129.0 244799.0 249192.0 250914.00000000003 250502.0 248418.0 245047.0
10 1.0 128.020585625984 52.35122938093289 -0.07824799409525712 -0.7883382523994841 -0.4678840405080305 -0.20173951312369431 0.09797054138647107 -0.08314253548907476 9072.0 21657.0 38448.0 57027.0 75302.0 91896.0 106100.0 117686.0 126720.0 133429.0 138107.0 141064.0 142593.0 142958.0 142388.0 141080.0
11 1.0 338.5555002910127 -72.49627338616357 -0.07824799409525712 -0.7883382523994841 -0.4678840405080305 -0.20173951312369431 0.09797054138647107 -0.08314253548907476 21148.0 49160.0 85042.0 123047.0 158718.0 189509.0 214419.0 233435.0 247076.0 256081.99999999997 261240.00000000003 263289.0 262882.0 260571.0 256814.0 251981.99999999997
12 1.0 275.5170913705075 -10.43358520861345 -0.07824799409525712 -0.7883382523994841 -0.4678840405080305 -0.20173951312369431 0.09797054138647107 -0.08314253548907476 10699.0 23930.0 40282.0 57151.0 72685.0 85907.0 96495.0 104518.0 110241.0 114002.0 116145.0 116988.0 116805.0 115827.0 114245.0 112212.0
13 1.0 269.51890314619703 3.5914274227508827 -0.07824799409525712 -0.7883382523994841 -0.4678840405080305 -0.20173951312369431 0.09797054138647107 -0.08314253548907476 8361.0 19698.0 34559.0 50733.0 66399.0 80419.0 92250.0 101757.0 109047.0 114346.0 117929.0 120072.0 121033.0 121040.0 120290.0 118947.0
14 1.0 325.33910630853603 34.91215396821855 -0.07824799409525712 -0.7883382523994841 -0.4678840405080305 -0.20173951312369431 0.09797054138647107 -0.08314253548907476 7814.0 20588.0 39416.0 61970.0 85614.0 108237.0 128484.99999999999 145679.0 159628.0 170448.0 178423.0 183910.0 187282.0 188895.0 189070.0 188088.0
15 1.0 30.032076759126678 -73.6405682341663 -0.07824799409525712 -0.7883382523994841 -0.4678840405080305 -0.20173951312369431 0.09797054138647107 -0.08314253548907476 20947.0 50043.0 88249.0 129445.0 168619.0 202763.0 230596.0 251981.99999999997 267422.0 277702.0 283678.0 286170.0 285902.0 283496.0 279464.0 274224.0
16 1.0 198.78928917206636 -49.00328972318503 -0.07824799409525712 -0.7883382523994841 -0.4678840405080305 -0.20173951312369431 0.09797054138647107 -0.08314253548907476 22838.0 52957.0 91666.0 132864.0 171724.0 205415.0 232774.0 253726.99999999997 268800.0 278781.0 284520.0 286827.0 286417.0 283903.0 279788.0 274485.0
17 1.0 210.4113848240768 -16.14571871577739 -0.07824799409525712 -0.7883382523994841 -0.4678840405080305 -0.20173951312369431 0.09797054138647107 -0.08314253548907476 16782.0 39981.0 70834.0 104744.0 137730.0 167214.0 191935.0 211562.0 226328.0 236752.0 243461.0 247087.0 248215.0 247357.0 244950.0 241355.0
18 1.0 346.2970962770024 22.193041143623518 -0.07824799409525712 -0.7883382523994841 -0.4678840405080305 -0.20173951312369431 0.09797054138647107 -0.08314253548907476 11488.0 29369.0 54784.0 84204.0 114057.0 141729.0 165721.0 185419.0 200805.0 212197.0 220075.0 224968.0 227390.0 227809.0 226631.0 224205.0
19 1.0 105.17310964531758 69.65294061913514 -0.07824799409525712 -0.7883382523994841 -0.4678840405080305 -0.20173951312369431 0.09797054138647107 -0.08314253548907476 12323.0 29133.0 51398.0 75897.0 99866.0 121503.0 139896.0 154771.0 166242.0 174629.0 180340.0 183796.0 185393.0 185486.0 184383.0 182341.0
20 1.0 86.69836076956085 21.388710283447764 -0.07824799409525712 -0.7883382523994841 -0.4678840405080305 -0.20173951312369431 0.09797054138647107 -0.08314253548907476 17588.0 37611.0 61037.0 83975.0 104009.0 120123.0 132210.0 140642.0 145975.0 148794.0 149640.0 148973.0 147172.0 144542.0 141323.0 137699.0
21 1.0 36.10581921557922 -65.9769352317118 -0.07824799409525712 -0.7883382523994841 -0.4678840405080305 -0.20173951312369431 0.09797054138647107 -0.08314253548907476 20221.0 48782.0 86629.0 127720.0 167006.0 201396.0 229538.0 251242.00000000003 266980.0 277521.0 283718.0 286389.0 286265.0 283970.0 280023.0 274845.0
22 1.0 5.9146666529307135 86.50442390171082 -0.07824799409525712 -0.7883382523994841 -0.4678840405080305 -0.20173951312369431 0.09797054138647107 -0.08314253548907476 10685.0 27261.0 50862.0 78276.0 106214.0 132243.0 154938.0 173695.0 188463.0 199512.0 207268.0 212211.0 214812.0 215504.0 214666.0 212622.0
23 1.0 334.6305540451886 66.92143225598872 -0.07824799409525712 -0.7883382523994841 -0.4678840405080305 -0.20173951312369431 0.09797054138647107 -0.08314253548907476 10466.0 27496.0 52296.0 81495.0 111477.0 139506.0 163961.0 184145.0 199984.0 211774.0 219986.0 225148.0 227783.0 228364.0 227308.0 224970.0
24 1.0 241.16995677272763 0.4897370061583217 -0.07824799409525712 -0.7883382523994841 -0.4678840405080305 -0.20173951312369431 0.09797054138647107 -0.08314253548907476 12162.0 28488.0 49900.0 73272.0 95990.0 116387.0 133646.0 147542.0 158211.0 165971.0 171217.0 174351.0 175750.0 175748.0 174633.0 172648.0
25 1.0 282.6550483283296 76.02263672339393 -0.07824799409525712 -0.7883382523994841 -0.4678840405080305 -0.20173951312369431 0.09797054138647107 -0.08314253548907476 7992.000000000001 21812.0 42727.0 68142.0 94948.0 120612.0 143508.0 162831.0 178368.0 190274.0 198900.0 204681.0 208064.0 209470.0 209275.0 207805.0
26 1.0 101.42283807142167 7.448542876284435 -0.07824799409525712 -0.7883382523994841 -0.4678840405080305 -0.20173951312369431 0.09797054138647107 -0.08314253548907476 11702.0 26277.0 44293.0 62836.0 79842.0 94248.0 105722.0 114363.0 120479.0 124454.0 126668.0 127472.0 127166.0 126001.0 124185.0 121883.0
27 1.0 211.1076598270776 76.19509222004936 -0.07824799409525712 -0.7883382523994841 -0.4678840405080305 -0.20173951312369431 0.09797054138647107 -0.08314253548907476 7515.0 20421.0 39912.0 63607.0 88656.0 112724.0 134296.0 152607.0 167434.0 178897.0 187305.0 193046.0 196526.0 198131.0 198209.0 197063.0
28 1.0 23.023895803553206 59.38152634860177 -0.07824799409525712 -0.7883382523994841 -0.4678840405080305 -0.20173951312369431 0.09797054138647107 -0.08314253548907476 17999.0 42420.0 74540.0 109520.0 143282.0 173250.0 198206.0 217878.0 232555.0 242798.0 249270.0 252627.0 253471.0 252326.0 249636.0 245769.0
29 1.0 174.82593453646425 84.29155385297352 -0.07824799409525712 -0.7883382523994841 -0.4678840405080305 -0.20173951312369431 0.09797054138647107 -0.08314253548907476 9260.0 24022.0 45393.0 70563.0 96530.0 120992.0 142552.0 160571.0 174934.0 185844.0 193664.0 198820.0 201741.0 202824.0 202423.0 200842.0
0 1.0 351.89825030800085 75.5609059400685 -0.07824799409525712 -0.7883382523994841 -0.4678840405080305 -0.20173951312369431 0.09797054138647107 -0.08314253548907476 11792.0 29989.0 55756.0 85499.0 115605.0 143449.0 167533.0 187260.0 202626.0 213965.0 221769.0 226575.0 228904.0 229228.0 227958.0 225443.0
1 1.0 315.54188831397266 -83.5139128628575 -0.07824799409525712 -0.7883382523994841 -0.4678840405080305 -0.20173951312369431 0.09797054138647107 -0.08314253548907476 22681.0 52575.0 90773.0 131142.0 168950.0 201504.0 227761.0 247730.0 261977.00000000003 271304.0 276555.0 278524.0 277904.0 275287.0 271156.0 265906.0
2 1.0 121.73722266126443 -58.54103925103081 -0.07824799409525712 -0.7883382523994841 -0.4678840405080305 -0.20173951312369431 0.09797054138647107 -0.08314253548907476 16844.0 41379.0 74614.0 111439.0 147330.0 179349.0 206068.0 227132.0 242825.0 253747.99999999997 260617.0 264146.0 264987.0 263709.0 260791.0 256630.00000000003
3 1.0 346.16525563493946 -19.95575812178656 -0.07824799409525712 -0.7883382523994841 -0.4678840405080305 -0.20173951312369431 0.09797054138647107 -0.08314253548907476 13522.0 32802.0 58617.0 87029.0 114656.0 139338.0 160034.0 176489.0 188906.0 197723.0 203463.0 206649.0 207763.0 207226.0 205397.0 202575.0
4 1.0 83.41258552963363 81.38568551317573 -0.07824799409525712 -0.7883382523994841 -0.4678840405080305 -0.20173951312369431 0.09797054138647107 -0.08314253548907476 11860.0 29153.0 52957.0 79932.0 106925.0 131722.0 153101.0 170600.0 184250.0 194355.0 201352.0 205710.0 207880.0 208275.0 207251.0 205113.0
5 1.0 341.75477606964535 -35.99479449433267 -0.07824799409525712 -0.7883382523994841 -0.4678840405080305 -0.20173951312369431 0.09797054138647107 -0.08314253548907476 14993.0 35669.0 62770.99999999999 92049.0 120036.0 144637.0 164929.0 180778.0 192490.0 200573.0 205599.0 208119.0 208629.0 207558.0 205262.0 202038.0
6 1.0 338.8959736943395 -61.11582410023181 -0.07824799409525712 -0.7883382523994841 -0.4678840405080305 -0.20173951312369431 0.09797054138647107 -0.08314253548907476 19287.0 44935.0 77858.0 112803.0 145680.0 174138.0 197242.0 214961.0 227753.0 236283.0 241265.0 243370.0 243196.0 241248.0 237946.0 233632.0
7 1.0 287.71293144686103 69.53483989558077 -0.07824799409525712 -0.7883382523994841 -0.4678840405080305 -0.20173951312369431 0.09797054138647107 -0.08314253548907476 7377.0 20405.0 40394.0 64956.0 91098.0 116317.0 138968.0 158207.0 173776.0 185795.0 194586.0 200562.0 204155.0 205776.0 205793.0 204528.0
8 1.0 226.9612572720448 -9.649005213023472 -0.07824799409525712 -0.7883382523994841 -0.4678840405080305 -0.20173951312369431 0.09797054138647107 -0.08314253548907476 15827.0 36717.0 63836.00000000001 93154.0 121372.0 146442.0 167405.0 184049.0 196604.0 205516.0 211313.0 214519.0 215619.0 215036.0 213133.0 210211.0
9 1.0 314.7436679849809 73.41760698377868 -0.07824799409525712 -0.7883382523994841 -0.4678840405080305 -0.20173951312369431 0.09797054138647107 -0.08314253548907476 9116.0 24422.0 47152.0 74350.0 102665.0 129463.0 153116.0 172867.0 188566.0 200434.0 208879.0 214380.0 217419.0 218443.0 217847.0 215971.0
10 1.0 105.48730242280682 -61.15851606237421 -0.07824799409525712 -0.7883382523994841 -0.4678840405080305 -0.20173951312369431 0.09797054138647107 -0.08314253548907476 17677.0 43233.0 77655.0 115590.0 152372.0 185021.0 212125.0 233371.0 249090.0 259927.00000000003 266634.0 269950.0 270550.0 269015.0 265836.0 261417.0
11 1.0 305.61967991265055 29.00115207145791 -0.07824799409525712 -0.7883382523994841 -0.4678840405080305 -0.20173951312369431 0.09797054138647107 -0.08314253548907476 5992.0 15598.0 29584.0 46233.0 63671.00000000001 80418.0 95517.0 108474.0 119131.0 127545.99999999999 133897.0 138423.0 141378.0 143010.0 143546.0 143189.0
12 1.0 222.43560909030856 -10.75252449069147 -0.07824799409525712 -0.7883382523994841 -0.4678840405080305 -0.20173951312369431 0.09797054138647107 -0.08314253548907476 16110.0 37657.0 65849.0 96506.0 126142.0 152554.0 174688.0 192290.0 205581.0 215024.0 221169.0 224571.0 225740.0 225127.0 223117.0 220028.0
13 1.0 4.765268793203816 -76.23238157454863 -0.07824799409525712 -0.7883382523994841 -0.4678840405080305 -0.20173951312369431 0.09797054138647107 -0.08314253548907476 21316.0 50262.0 87822.0 127973.0 165911.0 198817.0 225533.0 245987.0 260697.0 270439.0 276050.0 278321.0 277951.0 275536.0 271568.0 266448.0
14 1.0 125.00406645559904 35.363366037450106 -0.07824799409525712 -0.7883382523994841 -0.4678840405080305 -0.20173951312369431 0.09797054138647107 -0.08314253548907476 8173.0 19248.0 33737.0 49469.0 64667.0 78232.0 89646.0 98791.0 105778.0 110833.0 114228.0 116232.0 117099.0 117049.0 116272.0 114928.0
15 1.0 53.330709941339414 -45.46822400295233 -0.07824799409525712 -0.7883382523994841 -0.4678840405080305 -0.20173951312369431 0.09797054138647107 -0.08314253548907476 19466.0 47076.0 83765.0 123704.0 161989.0 195598.0 223186.0 244545.0 260108.0 270609.0 276866.0 279671.0 279731.0 277653.0 273942.0 269011.0
16 1.0 353.45858033457114 -82.86920593568681 -0.07824799409525712 -0.7883382523994841 -0.4678840405080305 -0.20173951312369431 0.09797054138647107 -0.08314253548907476 22131.0 51809.0 90071.0 130776.0 169089.0 202210.0 229016.0 249471.0 264119.0 273759.0 279242.0 281371.0 280852.0 278287.0 274171.0 268906.0
17 1.0 172.2133105343957 -79.21002631507682 -0.07824799409525712 -0.7883382523994841 -0.4678840405080305 -0.20173951312369431 0.09797054138647107 -0.08314253548907476 22723.0 53449.0 93263.0 135774.0 175888.0 210617.0 238744.0 260205.00000000003 275561.0 285647.0 291360.0 293545.0 292948.0 290204.0 285835.0 280265.0
18 1.0 179.06089157951857 -79.00586332797828 -0.07824799409525712 -0.7883382523994841 -0.4678840405080305 -0.20173951312369431 0.09797054138647107 -0.08314253548907476 22984.0 53870.0 93765.0 136267.0 176303.0 210919.0 238922.0 260263.00000000003 275514.0 285513.0 291156.0 293286.0 292650.0 289877.0 285488.0 279906.0
19 1.0 230.2101059035405 73.39193234730709 -0.07824799409525712 -0.7883382523994841 -0.4678840405080305 -0.20173951312369431 0.09797054138647107 -0.08314253548907476 7024.0 19442.0 38516.0 61995.0 87047.0 111289.0 133141.0 151778.0 166935.0 178707.0 187388.0 193362.0 197036.0 198798.0 198999.0 197948.0
20 1.0 132.6904582066623 43.17910520923817 -0.07824799409525712 -0.7883382523994841 -0.4678840405080305 -0.20173951312369431 0.09797054138647107 -0.08314253548907476 7722.0 18680.0 33460.0 49946.0 66268.0 81176.0 94012.0 104551.0 112832.0 119043.0 123437.0 126283.0 127838.0 128334.0 127977.00000000001 126941.0
21 1.0 49.284097806815616 71.6512242984723 -0.07824799409525712 -0.7883382523994841 -0.4678840405080305 -0.20173951312369431 0.09797054138647107 -0.08314253548907476 15403.0 36320.0 63934.00000000001 94186.0 123611.0 149978.0 172184.0 189931.0 203408.0 213051.0 219397.0 222990.0 224336.0 223884.0 222018.0 219057.0
22 1.0 295.9623839499284 31.064816033373845 -0.07824799409525712 -0.7883382523994841 -0.4678840405080305 -0.20173951312369431 0.09797054138647107 -0.08314253548907476 5621.0 14731.0 28076.0 44032.0 60804.0 76962.0 91577.0 104162.0 114555.0 122803.0 129068.99999999999 133577.0 136568.0 138274.0 138914.0 138680.0
23 1.0 68.34524828499286 5.2091872255589635 -0.07824799409525712 -0.7883382523994841 -0.4678840405080305 -0.20173951312369431 0.09797054138647107 -0.08314253548907476 21201.0 46399.0 76798.0 107493.0 135186.0 158279.0 176363.0 189702.0 198873.0 204550.0 207389.0 207978.0 206816.0 204321.0 200829.0 196610.0
24 1.0 184.07483371672416 -35.19965441747191 -0.07824799409525712 -0.7883382523994841 -0.4678840405080305 -0.20173951312369431 0.09797054138647107 -0.08314253548907476 16893.0 41615.0 75257.0 112674.0 149242.0 181924.0 209226.0 230760.0 246803.0 257964.00000000003 264975.0 268566.0 269407.0 268082.0 265082.0 260813.00000000003
25 1.0 80.75413043090613 89.63320523916121 -0.07824799409525712 -0.7883382523994841 -0.4678840405080305 -0.20173951312369431 0.09797054138647107 -0.08314253548907476 10088.0 25918.0 48613.0 75123.0 102274.0 127680.99999999999 149930.0 168400.0 183014.0 194014.0 201801.0 206834.0 209566.0 210417.0 209756.0 207898.0
26 1.0 35.22401441785226 -24.805969390909922 -0.07824799409525712 -0.7883382523994841 -0.4678840405080305 -0.20173951312369431 0.09797054138647107 -0.08314253548907476 20753.0 49861.0 88285.0 129876.99999999999 169541.0 204185.0 232470.0 254234.00000000003 269968.0 280460.0 286577.0 289148.0 288914.0 286502.0 282437.0 277141.0
27 1.0 310.388946271806 -5.28318914149628 -0.07824799409525712 -0.7883382523994841 -0.4678840405080305 -0.20173951312369431 0.09797054138647107 -0.08314253548907476 8005.0 19227.0 34078.0 50277.0 65932.0 79873.0 91560.0 100878.0 107959.0 113053.0 116449.0 118435.0 119272.0 119188.0 118379.0 117005.0
28 1.0 350.2510160483269 -21.915868513776886 -0.07824799409525712 -0.7883382523994841 -0.4678840405080305 -0.20173951312369431 0.09797054138647107 -0.08314253548907476 14336.0 34813.0 62243.0 92422.0 121736.0 147883.0 169763.0 187113.0 200165.0 209393.0 215360.0 218627.0 219707.0 219048.0 217032.0 213974.0
29 1.0 345.90047690268005 86.31484728038254 -0.07824799409525712 -0.7883382523994841 -0.4678840405080305 -0.20173951312369431 0.09797054138647107 -0.08314253548907476 10464.0 26854.0 50313.0 77665.0 105622.0 131725.0 154527.0 173404.0 188290.0 199447.0 207298.0 212322.0 214990.0 215735.0 214940.0 212928.0
