idx D_km lam beta x1 y1 z1 x2 y2 z2 flux5 flux6 flux7 flux8 flux9 flux10 flux11 flux12 flux13 flux14 flux15 flux16 flux17 flux18 flux19 flux20
0 1.0 197.5728614138369 73.17998985981222 0.18245815877959712 -0.8606773129557865 -0.36024919003462574 -0.0011989210669835937 0.015825798982380835 0.02074792397483047 146642.0 514752.0 1194538.0 2150511.0 3281479.0 4473676.0 5632814.0 6694551.0 7622645.0 8402454.0 9033986.0 9526144.0 9892531.0 10148649.0 10310155.0 10391859.0
1 1.0 257.468171894071 49.328519885754986 0.18245815877959712 -0.8606773129557865 -0.36024919003462574 -0.0011989210669835937 0.015825798982380835 0.02074792397483047 306748.0 1018437.0 2261176.0 3924335.0 5804709.0 7703992.0 9475607.0 11032173.0 12334798.0 13378023.0 14176583.0 14755682.0 15144590.0 15372778.0 15467802.0 15454302.0
2 1.0 216.99481538579178 -30.033872634844457 0.18245815877959712 -0.8606773129557865 -0.36024919003462574 -0.0011989210669835937 0.015825798982380835 0.02074792397483047 156820.0 513596.99999999994 1140483.0 1993397.0 2979563.0 4002042.0000000005 4983846.0 5874333.0 6646324.0 7290138.0 7807669.0 8207651.999999999 8502300.0 8705085.0 8829385.0 8887719.0
3 1.0 196.15794587888288 -75.40174980216058 0.18245815877959712 -0.8606773129557865 -0.36024919003462574 -0.0011989210669835937 0.015825798982380835 0.02074792397483047 94645.0 354303.0 859374.0 1598173.0 2500362.0 3477359.0 4450397.0 5362015.0 6176808.0 6877431.0 7459477.0 7926909.0 8288537.0 8555553.0 8739916.0 8853356.0
4 1.0 152.5157277620057 -16.69658914551468 0.18245815877959712 -0.8606773129557865 -0.36024919003462574 -0.0011989210669835937 0.015825798982380835 0.02074792397483047 316925.0 999447.0 2151589.0 3662734.0 5350858.0 7044210.0 8618089.0 9999159.0 11155441.0 12083245.0 12795891.0 13315491.0 13667550.0 13877708.0 13969950.0 13965758.0
5 1.0 232.5218807039962 -48.19785440923031 0.18245815877959712 -0.8606773129557865 -0.36024919003462574 -0.0011989210669835937 0.015825798982380835 0.02074792397483047 55776.0 194641.0 454476.0 827816.0 1280931.0 1771921.0 2263208.0 2726845.0 3145082.0 3508710.0 3814796.0 4064584.0 4261838.0 4411634.0 4519563.0 4591216.0
6 1.0 157.5313960545693 -66.15222574356306 0.18245815877959712 -0.8606773129557865 -0.36024919003462574 -0.0011989210669835937 0.015825798982380835 0.02074792397483047 180436.0 646164.0 1512772.0 2731819.0 4168420.0000000005 5673072.0 7124096.0 8440571.0 9578871.0 10523389.0 11277018.0 11853486.0 12271918.0 12553295.0 12718315.0 12786217.0
7 1.0 321.03828028154874 -80.38310727837145 0.18245815877959712 -0.8606773129557865 -0.36024919003462574 -0.0011989210669835937 0.015825798982380835 0.02074792397483047 49756.0 202066.0 519049.0 1007357.0 1628811.0 2325200.0 3039405.0 3726261.0 4355328.0 4909368.0 5381280.0 5770956.0 6082682.0 6323192.0 6500328.0 6622172.0
8 1.0 346.91859378037054 40.60698555790418 0.18245815877959712 -0.8606773129557865 -0.36024919003462574 -0.0011989210669835937 0.015825798982380835 0.02074792397483047 170572.0 642403.0 1548590.0 2847087.0 4393919.0 6023869.0 7600453.0 9032185.0 10269467.0 11294352.0 12109813.0 12731055.0 13179341.0 13477980.0 13649920.0 13716440.0
9 1.0 138.03894677727996 -87.94305744749441 0.18245815877959712 -0.8606773129557865 -0.36024919003462574 -0.0011989210669835937 0.015825798982380835 0.02074792397483047 89100.0 343655.0 849174.0 1598839.0 2522984.0 3530445.0 4538600.0 5486329.0 6335437.0 7066786.0 7675045.0 8163880.000000001 8542230.0 8821659.0 9014620.0 9133377.0
10 1.0 285.02101370975925 48.70453473049972 0.18245815877959712 -0.8606773129557865 -0.36024919003462574 -0.0011989210669835937 0.015825798982380835 0.02074792397483047 280402.0 943288.0 2113416.0 3692665.0 5490755.0 7318199.0 9032623.0 10547438.0 11822543.0 12850370.0 13643313.0 14224368.0 14620891.0 14860773.0 14970311.0 14973169.0
11 1.0 190.40217111104562 -63.549603827932486 0.18245815877959712 -0.8606773129557865 -0.36024919003462574 -0.0011989210669835937 0.015825798982380835 0.02074792397483047 132834.0 476464.0 1121482.0 2039251.9999999998 3134734.0 4297758.0 5435270.0 6482652.0 7402646.0 8179373.999999999 8811651.0 9307353.0 9679254.0 9942213.0 10111400.0 10201263.0
12 1.0 204.49604199381562 -75.68602513438397 0.18245815877959712 -0.8606773129557865 -0.36024919003462574 -0.0011989210669835937 0.015825798982380835 0.02074792397483047 84772.0 319278.0 778434.0 1453932.0 2283006.0 3184985.0 4087284.0000000005 4936376.0 5698818.0 6357778.0 6908435.0 7353803.0 7701506.0 7961489.0 8144513.0 8261220.0
13 1.0 333.214789785358 -73.87145383705104 0.18245815877959712 -0.8606773129557865 -0.36024919003462574 -0.0011989210669835937 0.015825798982380835 0.02074792397483047 42698.0 176517.0 459155.0 899671.0 1465835.0 2105743.0 2767112.0 3407671.0 3998222.0 4521621.0 4970186.0 5342918.0 5643111.0 5876548.0 6050218.0 6171474.0
14 1.0 25.5729809512393 30.968605323704594 0.18245815877959712 -0.8606773129557865 -0.36024919003462574 -0.0011989210669835937 0.015825798982380835 0.02074792397483047 85776.0 339327.0 851145.0 1617630.0 2568204.0 3608353.0 4651670.0 5633933.0 6514872.0 7274204.0 7906140.0 8414349.0 8808036.0 9099166.0 9300643.0 9425183.0
15 1.0 31.366547892554657 -45.83390222648794 0.18245815877959712 -0.8606773129557865 -0.36024919003462574 -0.0011989210669835937 0.015825798982380835 0.02074792397483047 145613.0 560178.0 1370992.0 2549652.0 3970649.0 5483745.0 6961350.0 8315521.0 9496590.0 10484546.0 11279445.0 11893413.0 12344843.0 12654545.0 12843388.0 12930964.0
16 1.0 7.278623078517259 -14.302895997582283 0.18245815877959712 -0.8606773129557865 -0.36024919003462574 -0.0011989210669835937 0.015825798982380835 0.02074792397483047 142614.0 549884.0 1347974.0 2509993.0 3912930.0 5408792.0 6871461.0 8213677.000000001 9385875.0 10367805.0 11159117.0 11771488.0 12222884.0 12533740.0 12724609.0 12814833.0
17 1.0 299.74314439725765 10.326382438305046 0.18245815877959712 -0.8606773129557865 -0.36024919003462574 -0.0011989210669835937 0.015825798982380835 0.02074792397483047 145939.0 455681.0 985070.0 1694771.0 2508971.0 3349927.0 4156334.0 4888007.0 5523452.0 6055071.0 6484452.0 6818611.0 7067315.0 7241331.0 7351351.0 7407390.0
18 1.0 280.13643034194615 64.89921128918289 0.18245815877959712 -0.8606773129557865 -0.36024919003462574 -0.0011989210669835937 0.015825798982380835 0.02074792397483047 232411.0 817049.0 1884141.0 3359007.0 5068642.0 6831158.0 8504619.0 9999153.0 11270142.0 12305606.0 13114207.0 13716023.0 14136243.0 14401210.0 14536152.0 14564019.0
19 1.0 313.2043733688549 40.8679672880391 0.18245815877959712 -0.8606773129557865 -0.36024919003462574 -0.0011989210669835937 0.015825798982380835 0.02074792397483047 238651.0 826773.0 1888949.0 3346963.0 5029384.0 6758588.0 8397128.0 9858578.0 11100444.0 12111744.0 12901344.0 13489043.0 13899498.0 14158423.0 14290412.0 14317829.0
20 1.0 352.30260320379506 -41.34097705703137 0.18245815877959712 -0.8606773129557865 -0.36024919003462574 -0.0011989210669835937 0.015825798982380835 0.02074792397483047 70980.0 282215.0 711682.0 1359470.0 2168337.0 3059094.0 3957954.0 4809131.0 5576934.0 6242763.0 6800605.0 7252778.0 7606571.0 7871828.0 8059347.000000001 8179872.0
21 1.0 287.6970831180205 -66.33309612759703 0.18245815877959712 -0.8606773129557865 -0.36024919003462574 -0.0011989210669835937 0.015825798982380835 0.02074792397483047 13694.0 59911.0 163773.0 335023.0 566654.0 840984.0 1137067.0 1435781.0 1722206.0 1986095.0 2221368.0 2425221.0 2597215.0 2738494.0 2851167.0 2937859.0
22 1.0 166.13257041105547 -80.03262232418437 0.18245815877959712 -0.8606773129557865 -0.36024919003462574 -0.0011989210669835937 0.015825798982380835 0.02074792397483047 111517.0 418110.0 1012974.0 1879252.0 2931101.0 4062626.0 5181193.0 6220539.0 7141040.0 7924482.0 8567700.0 9077015.0 9464047.0 9742821.0 9927928.0 10033422.0
23 1.0 280.99050346312396 -35.712245793430355 0.18245815877959712 -0.8606773129557865 -0.36024919003462574 -0.0011989210669835937 0.015825798982380835 0.02074792397483047 7209.0 24688.0 56207.0 100189.0 152712.0 209480.0 266830.0 322031.0 373250.0 419387.0 459900.0 494651.0 523777.00000000006 547588.0 566500.0 580979.0
24 1.0 42.57879331281596 -42.818733136857915 0.18245815877959712 -0.8606773129557865 -0.36024919003462574 -0.0011989210669835937 0.015825798982380835 0.02074792397483047 165866.0 629670.0 1525532.0 2814163.0 4353410.0 5978622.0 7553075.0 8984702.0 10223281.0 11250337.0 12068443.0 12692527.0 13143669.0 13445066.0 13619604.0 13688532.0
25 1.0 230.3715676779086 -7.894697975913658 0.18245815877959712 -0.8606773129557865 -0.36024919003462574 -0.0011989210669835937 0.015825798982380835 0.02074792397483047 194518.0 608667.0 1309631.0 2237039.0 3286002.0 4354074.0 5363888.0 6267248.0 7040446.0 7677236.0 8182418.0 8566973.0 8844730.0 9030258.0 9137638.0 9179804.0
26 1.0 51.607183467256704 32.990640398582485 0.18245815877959712 -0.8606773129557865 -0.36024919003462574 -0.0011989210669835937 0.015825798982380835 0.02074792397483047 27474.0 114356.0 299868.0 592347.0 972592.0 1407232.0 1861430.0 2306148.0 2720643.0 3092139.0 3414314.0 3685536.0 3907297.0 4082975.0000000005 4216949.0 4313987.0
27 1.0 340.0808101378502 35.21258021499429 0.18245815877959712 -0.8606773129557865 -0.36024919003462574 -0.0011989210669835937 0.015825798982380835 0.02074792397483047 188705.0 699009.0 1665410.0 3035171.0 4652475.0 6343855.0 7968894.0 9435400.0 10694925.0 11731497.0 12550242.0 13168366.0 13608843.0 13896370.0 14054989.0 14106812.0
28 1.0 187.8653958300258 -38.96660761521 0.18245815877959712 -0.8606773129557865 -0.36024919003462574 -0.0011989210669835937 0.015825798982380835 0.02074792397483047 237810.0 800090.0 1797773.0 3154002.0 4711080.0 6308047.0 7821011.0 9172131.0 10322997.0 11263480.0 12001320.0 12554168.0 12944147.0 13194437.0 13327296.0 13363038.0
29 1.0 149.2782983965885 -21.61314793797831 0.18245815877959712 -0.8606773129557865 -0.36024919003462574 -0.0011989210669835937 0.015825798982380835 0.02074792397483047 318766.0 1009837.0000000001 2180011.0 3717578.0 5436980.0 7162619.0 8766833.0 10174484.0 11352776.0 12297887.0 13023414.0 13551955.0 13909580.0 14122491.0 14215192.0 14209628.0
0 1.0 95.24002035766571 -57.39282688735745 0.18245815877959712 -0.8606773129557865 -0.36024919003462574 -0.0011989210669835937 0.015825798982380835 0.02074792397483047 220853.0 792337.0 1848708.0 3319904.0 5033452.0 6805496.0 8491511.0 9999436.0 11283178.0 12329928.0 13147998.0 13757418.0 14183499.0 14452790.0 14590750.0 14620555.0
1 1.0 278.724128196318 51.93819221517336 0.18245815877959712 -0.8606773129557865 -0.36024919003462574 -0.0011989210669835937 0.015825798982380835 0.02074792397483047 282475.0 955200.0 2146065.0 3755324.0 5588188.0 7450508.0 9196521.0 10737773.0 12033529.0 13076375.0 13879292.0 14466039.0 14864758.0 15104072.0 15210915.0 15209484.0
2 1.0 164.21411959795748 -79.76734624201674 0.18245815877959712 -0.8606773129557865 -0.36024919003462574 -0.0011989210669835937 0.015825798982380835 0.02074792397483047 113724.0 425714.0 1030162.9999999999 1909277.0 2975470.0 4121178.9999999995 5252604.0 6302856.0 7232114.0 8022238.0 8670277.0 9182826.0 9571779.0 9851419.0 10036558.0 10141436.0
3 1.0 204.63622159271347 35.459503510497726 0.18245815877959712 -0.8606773129557865 -0.36024919003462574 -0.0011989210669835937 0.015825798982380835 0.02074792397483047 317149.0 1038340.0 2286351.0 3947240.0 5818183.0 7703203.0 9458356.0 10998373.0 12285744.0 13315758.0 14103434.0 14673963.0 15056439.0 15280074.0 15372145.0 15357018.0
4 1.0 6.764328157087851 50.1651712693986 0.18245815877959712 -0.8606773129557865 -0.36024919003462574 -0.0011989210669835937 0.015825798982380835 0.02074792397483047 108975.0 424500.0 1051539.0 1977598.0 3111530.0 4337593.0 5553412.0 6685325.0 7689070.0 8544107.0 9246591.0 9803202.0 10226499.0 10531723.0 10734758.0 10850919.0
5 1.0 222.34877894731574 49.93336113277556 0.18245815877959712 -0.8606773129557865 -0.36024919003462574 -0.0011989210669835937 0.015825798982380835 0.02074792397483047 292530.0 977259.0 2180098.0 3797835.0 5634606.0 7496830.0 9239935.0 10776647.0 12067145.0 13104632.0 13902461.0 14484582.0 14879217.0 15114996.0 15218823.0 15214846.0
6 1.0 220.3544601800717 -43.303938417836115 0.18245815877959712 -0.8606773129557865 -0.36024919003462574 -0.0011989210669835937 0.015825798982380835 0.02074792397483047 100127.0 340496.0 777517.0 1389089.0 2113754.0 2882133.0 3635921.0 4334354.0 4953422.0 5482278.0 5919234.0 6268376.0 6537039.0 6734064.0 6868687.0 6949856.0
7 1.0 222.0962388749125 -22.713635172138936 0.18245815877959712 -0.8606773129557865 -0.36024919003462574 -0.0011989210669835937 0.015825798982380835 0.02074792397483047 163421.0 526138.0 1154667.0 2001256.0000000002 2972805.0 3974454.0 4932157.0 5797998.0 6546832.0 7170236.0 7670711.0 8057126.999999999 8341530.000000001 8537054.0 8656666.0 8712461.0
8 1.0 339.7493082652647 15.76793433535002 0.18245815877959712 -0.8606773129557865 -0.36024919003462574 -0.0011989210669835937 0.015825798982380835 0.02074792397483047 170472.0 624605.0 1481586.0 2697167.0 4137082.9999999995 5650211.0 7112643.0 8441540.0 9591953.0 10547504.0 11310723.0 11895244.0 12320250.0 12606859.0 12775933.0 12846884.0
9 1.0 245.45530767725404 -40.892057563595934 0.18245815877959712 -0.8606773129557865 -0.36024919003462574 -0.0011989210669835937 0.015825798982380835 0.02074792397483047 36221.0 122213.0 279454.0 502214.99999999994 770226.0 1059137.0 1347486.0 1619519.0 1865347.0 2079917.0 2261684.0 2411408.0 2531224.0 2623975.0 2692774.0 2740725.0
10 1.0 129.42284420656296 -23.246496140780025 0.18245815877959712 -0.8606773129557865 -0.36024919003462574 -0.0011989210669835937 0.015825798982380835 0.02074792397483047 273264.0 850211.0 1819998.0 3093175.0 4520993.0 5961425.0 7309674.0 8502537.0 9510877.0 10329292.0 10966993.0 11441031.0 11771767.0 11980072.0 12085748.0 12106729.0
11 1.0 157.33150336776293 -54.530229566584865 0.18245815877959712 -0.8606773129557865 -0.36024919003462574 -0.0011989210669835937 0.015825798982380835 0.02074792397483047 237294.0 824629.0 1888512.0 3352067.0 5043601.0 6784238.0 8435067.0 9908460.0 11161124.0 12181654.0 12978769.0 13572305.0 13987056.0 14248927.0 14382713.0 14410970.0
12 1.0 251.14723053381536 -7.225940923918671 0.18245815877959712 -0.8606773129557865 -0.36024919003462574 -0.0011989210669835937 0.015825798982380835 0.02074792397483047 123916.0 370405.0 775394.0 1303066.0 1896135.0 2499571.0 3071682.0 3586061.0 4029239.9999999995 4397143.0 4691787.0 4918726.0 5085253.0 5199222.0 5268347.0 5299801.0
13 1.0 21.68116978653714 -81.96978577425946 0.18245815877959712 -0.8606773129557865 -0.36024919003462574 -0.0011989210669835937 0.015825798982380835 0.02074792397483047 83172.0 326284.0 815119.0 1546337.0 2453482.0 3447274.0 4445719.0 5387515.0 6233896.0 6965040.0 7574959.0 8066765.0 8448949.0 8732734.0 8930319.0 9053787.0
14 1.0 240.03601756044037 53.96325922271123 0.18245815877959712 -0.8606773129557865 -0.36024919003462574 -0.0011989210669835937 0.015825798982380835 0.02074792397483047 291154.0 979984.0 2195853.0 3835592.0 5700084.0 7591657.0 9362422.0 10923053.0 12232812.0 13284787.0 14092679.0 14681021.0 15078682.0 15314921.0 15417205.0 15410166.0
15 1.0 241.4296330625374 -76.1478395424061 0.18245815877959712 -0.8606773129557865 -0.36024919003462574 -0.0011989210669835937 0.015825798982380835 0.02074792397483047 49115.0 193181.0 486930.0 934137.0 1499604.0 2131268.0 2778441.0 3401034.0 3971896.0 4475475.0 4905184.0 5260676.0 5545576.0 5765764.0 5928186.0 6040063.0
16 1.0 75.73772198658273 3.3903267896746883 0.18245815877959712 -0.8606773129557865 -0.36024919003462574 -0.0011989210669835937 0.015825798982380835 0.02074792397483047 58280.0 198311.0 456392.0 823773.0 1266947.0 1745186.0 2222329.0 2671637.0 3076195.0 3427264.0 3722105.0 3961980.0 4150566.9999999995 4292818.0 4394185.0 4460132.0
17 1.0 46.41346715574719 -34.7741820818647 0.18245815877959712 -0.8606773129557865 -0.36024919003462574 -0.0011989210669835937 0.015825798982380835 0.02074792397483047 170945.0 642329.0 1545648.0 2837861.0 4375301.0 5993895.0 7558488.0 8978703.0 10205676.0 11221851.0 12030331.0 12646273.0 13090792.0 13387004.0 13557650.0 13623810.0
18 1.0 113.55420633270619 13.957730789647584 0.18245815877959712 -0.8606773129557865 -0.36024919003462574 -0.0011989210669835937 0.015825798982380835 0.02074792397483047 70897.0 199679.0 398793.0 645944.0 913439.0 1177957.0 1423588.0 1641290.0 1827169.0 1980752.0 2103623.0 2198468.0 2268445.0 2316808.0 2346676.0 2360923.0
19 1.0 130.93587753934415 82.69800135001651 0.18245815877959712 -0.8606773129557865 -0.36024919003462574 -0.0011989210669835937 0.015825798982380835 0.02074792397483047 76085.0 283518.0 687928.0 1282375.0 2012490.9999999998 2807877.0 3604760.0 4355801.0 5031223.0 5615893.0 6105335.0 6502062.0 6812707.0 7045995.0 7211391.0 7318264.0
20 1.0 205.27083735043666 26.20264400208069 0.18245815877959712 -0.8606773129557865 -0.36024919003462574 -0.0011989210669835937 0.015825798982380835 0.02074792397483047 340593.0 1106499.0 2422985.0 4165355.0 6118642.0 8077900.0 9894354.0 11481203.0 12801499.0 13852166.0 14650259.0 15223011.0 15601367.0 15816123.0 15895857.0 15865979.0
21 1.0 157.89654484643532 -83.63476156401164 0.18245815877959712 -0.8606773129557865 -0.36024919003462574 -0.0011989210669835937 0.015825798982380835 0.02074792397483047 102689.0 389426.0 950963.0 1774629.0 2780705.0 3868570.0 4948968.0 5957190.0 6853860.0 7620237.0 8252255.999999999 8755231.0 9139813.0 9419174.0 9607181.0 9717299.0
22 1.0 355.8145817013214 -12.527560888548976 0.18245815877959712 -0.8606773129557865 -0.36024919003462574 -0.0011989210669835937 0.015825798982380835 0.02074792397483047 128480.00000000001 491988.0 1202977.0 2239298.0 3493996.0 4837003.0 6156293.0 7373286.0 8442366.0 9343885.0 10076077.0 10648179.0 11075349.0 11375239.0 11565845.0 11664268.0
23 1.0 36.736131869290105 1.803033417285036 0.18245815877959712 -0.8606773129557865 -0.36024919003462574 -0.0011989210669835937 0.015825798982380835 0.02074792397483047 113564.0 436381.0 1071054.0 2001163.0 3133481.0 4352276.0 5556423.0 6673885.0 7661887.0 8501045.0 9188303.0 9730832.0 10141450.0 10435502.0 10628869.0 10736800.0
24 1.0 75.19563219414049 6.511949046621353 0.18245815877959712 -0.8606773129557865 -0.36024919003462574 -0.0011989210669835937 0.015825798982380835 0.02074792397483047 47728.0 165048.0 384066.0 698962.0 1082034.0 1498573.0 1917183.0 2314226.0 2674390.0 2989417.0 3256315.0 3475658.0 3650235.0 3784047.0 3881627.0 3947592.0
25 1.0 58.07142643859865 32.65065190869082 0.18245815877959712 -0.8606773129557865 -0.36024919003462574 -0.0011989210669835937 0.015825798982380835 0.02074792397483047 19360.0 81259.0 214856.0 427660.0 707111.0 1029816.0000000001 1370693.0 1708361.0 2027120.0 2316882.0 2572201.0 2791091.0 2973935.0 3122621.0 3239895.0 3328910.0
26 1.0 235.11899716754343 -40.032702408282105 0.18245815877959712 -0.8606773129557865 -0.36024919003462574 -0.0011989210669835937 0.015825798982380835 0.02074792397483047 62107.0 208107.0 472388.0 843140.0 1285367.0 1758559.0 2227738.0 2667575.0 3062367.0 3404237.0 3690966.0 3924054.0 4107226.0 4245363.0 4343779.0 4407771.0
27 1.0 91.18497691432157 -66.80509821606236 0.18245815877959712 -0.8606773129557865 -0.36024919003462574 -0.0011989210669835937 0.015825798982380835 0.02074792397483047 183148.0 674972.0 1605196.0 2924523.0 4484834.0 6120220.0 7695531.0 9121289.0 10349793.0 11364589.0 12169689.0 12780957.0 13220026.0 13510383.0 13675028.0 13735215.0
28 1.0 167.87187822827028 -19.31837822152302 0.18245815877959712 -0.8606773129557865 -0.36024919003462574 -0.0011989210669835937 0.015825798982380835 0.02074792397483047 339173.0 1098527.0 2400544.0 4121031.9999999995 6047924.0 7979703.0 9770346.0 11334771.0 12636814.0 13673522.0 14461672.0 15028019.0 15402950.0 15616718.0 15697400.0 15669972.0
29 1.0 87.99321312057698 82.1530301032708 0.18245815877959712 -0.8606773129557865 -0.36024919003462574 -0.0011989210669835937 0.015825798982380835 0.02074792397483047 63750.0 243386.0 600704.0 1134143.0 1797625.0 2528110.0 3266716.0 3968556.0 4604506.0 5158988.0 5626520.0 6008403.0 6310060.0 6539111.0 6704057.0 6813462.0
0 1.0 57.2290501123871 -56.31643948484795 0.18245815877959712 -0.8606773129557865 -0.36024919003462574 -0.0011989210669835937 0.015825798982380835 0.02074792397483047 172283.0 647378.0 1558251.0 2861849.0 4413323.0 6046973.0 7626183.0 9059545.0 10297627.0 11322668.0 12137814.0 12758412.0 13205835.0 13503476.0 13674345.0 13739764.0
1 1.0 39.73505081914985 72.71711188708267 0.18245815877959712 -0.8606773129557865 -0.36024919003462574 -0.0011989210669835937 0.015825798982380835 0.02074792397483047 53335.0 213160.0 541868.0 1044047.0 1679236.0 2387627.0 3111341.0 3805082.0 4438641.0 4995174.0 5468001.0 5857407.0 6168005.0 6406793.0 6581815.0 6701306.0
2 1.0 236.27865220749842 7.885071013918747 0.18245815877959712 -0.8606773129557865 -0.36024919003462574 -0.0011989210669835937 0.015825798982380835 0.02074792397483047 253769.00000000003 783845.0 1669619.0 2828317.0 4125255.0 5432753.0 6656880.0 7741006.0 8658946.0 9405722.0 9989433.0 10425225.0 10731258.0 10926202.0 11027811.0 11052210.0
3 1.0 49.74586248550097 -7.755944103762147 0.18245815877959712 -0.8606773129557865 -0.36024919003462574 -0.0011989210669835937 0.015825798982380835 0.02074792397483047 115763.0 433531.0 1047565.0000000001 1937733.0 3013832.0 4166641.0000000005 5301805.0 6352634.0 7279865.0 8066015.999999999 8708742.0 9215144.0 9597509.0 9870409.0 10048865.0 10147259.0
4 1.0 70.76965020481926 68.76745384138013 0.18245815877959712 -0.8606773129557865 -0.36024919003462574 -0.0011989210669835937 0.015825798982380835 0.02074792397483047 24622.0 103085.0 272093.0 540642.0 892162.0 1296492.0 1721663.0 2140769.0 2534385.0 2890333.0 3202339.0 3468433.0 3689538.0 3868352.0 4008545.0 4114204.0
5 1.0 132.74106143794708 -7.451286881654539 0.18245815877959712 -0.8606773129557865 -0.36024919003462574 -0.0011989210669835937 0.015825798982380835 0.02074792397483047 219700.0 659909.0 1383735.0 2323469.0 3372750.0 4431341.0 5425235.0 6309305.0 7062113.0 7678877.0 8165239.0 8532592.0 8794908.0 8966750.0 9062106.0 9093785.0
6 1.0 295.55756274525663 40.350174590077785 0.18245815877959712 -0.8606773129557865 -0.36024919003462574 -0.0011989210669835937 0.015825798982380835 0.02074792397483047 265075.0 880864.0 1962079.0 3419511.0 5080648.0 6773053.0 8366249.0 9779940.0 10976011.0 11946124.0 12700437.0 13259111.0 13646588.0 13888059.0 14007448.0 14026416.0
7 1.0 34.956459285502056 -18.17544209344163 0.18245815877959712 -0.8606773129557865 -0.36024919003462574 -0.0011989210669835937 0.015825798982380835 0.02074792397483047 153118.0 582829.0 1416132.0 2619916.0 4064242.0 5596273.0 7087565.0 8450428.0 9635965.0 10625076.0 11418671.0 12029596.0 12476814.0 12781571.0 12965051.0 13047079.0
8 1.0 301.6601666995694 72.7279907221724 0.18245815877959712 -0.8606773129557865 -0.36024919003462574 -0.0011989210669835937 0.015825798982380835 0.02074792397483047 177077.0 641961.0 1513955.0 2746578.0 4203541.0 5732272.0 7208000.0 8547492.0 9705752.0 10666581.0 11432816.0 12018453.0 12443043.0 12728045.0 12894624.0 12962444.0
9 1.0 34.59542684182671 34.20450363442093 0.18245815877959712 -0.8606773129557865 -0.36024919003462574 -0.0011989210669835937 0.015825798982380835 0.02074792397483047 58793.0 237256.0 605285.0 1167152.0 1876195.0 2664470.0 3466872.0 4232946.0 4929457.0 5538241.0 6052495.0 6473117.0 6805736.0 7058533.0 7240758.0 7361790.0
10 1.0 351.5254074048225 35.931969765093015 0.18245815877959712 -0.8606773129557865 -0.36024919003462574 -0.0011989210669835937 0.015825798982380835 0.02074792397483047 164480.0 623558.0 1509868.0 2784835.0 4308317.0 5917781.0 7478052.0 8897913.0 10127426.0 11148029.0 11962011.0 12583933.0 13034501.0 13336566.0 13512715.0 13583947.0
11 1.0 168.71443259317257 -31.010327719718596 0.18245815877959712 -0.8606773129557865 -0.36024919003462574 -0.0011989210669835937 0.015825798982380835 0.02074792397483047 317672.0 1049650.0 2323940.0 4025591.0000000005 5945930.0 7882227.0 9685242.0 11266504.0 12587116.0 13642237.0 14447494.0 15029045.0 15417059.0 15641796.0 15731473.0 15711270.0
12 1.0 351.6339917485214 46.22015569264005 0.18245815877959712 -0.8606773129557865 -0.36024919003462574 -0.0011989210669835937 0.015825798982380835 0.02074792397483047 152417.0 579447.0 1407307.0 2603369.0 4038852.0000000005 5562076.0 7045415.0 8401618.0 9581933.0 10567220.0 11358247.0 11967677.0 12414284.0 12719134.0 12903257.0 12986345.0
13 1.0 217.74438710821656 24.490989980485438 0.18245815877959712 -0.8606773129557865 -0.36024919003462574 -0.0011989210669835937 0.015825798982380835 0.02074792397483047 344348.0 1109842.0 2417753.0 4141940.0 6069757.0 8000088.999999999 9787684.0 11348219.0 12646113.0 13678803.0 14463286.0 15026422.0 15398629.0 15610141.0 15688995.0 15660118.0
14 1.0 266.1348885833886 -46.79635079165228 0.18245815877959712 -0.8606773129557865 -0.36024919003462574 -0.0011989210669835937 0.015825798982380835 0.02074792397483047 7998.999999999999 29798.0 72995.0 138409.0 222135.0 318061.0 419854.0 522028.99999999994 620356.0 711874.0 794730.0 867954.0 931239.0 984748.0 1028953.9999999999 1064520.0
15 1.0 14.107605211555443 -61.103011952653844 0.18245815877959712 -0.8606773129557865 -0.36024919003462574 -0.0011989210669835937 0.015825798982380835 0.02074792397483047 91711.0 362074.0 906551.0 1720023.0 2726361.0 3824556.0 4922813.0 5953365.0 6874158.0 7664462.0 8318910.000000001 8842076.0 9244273.0 9538606.0 9739043.0 9859242.0
16 1.0 101.81050652750744 53.35046541311971 0.18245815877959712 -0.8606773129557865 -0.36024919003462574 -0.0011989210669835937 0.015825798982380835 0.02074792397483047 8523.0 32465.0 81454.0 157978.0 258473.99999999997 375778.0 501692.99999999994 628727.0 750941.0 864151.0 965773.0 1054520.0 1130066.0 1192752.0 1243345.0 1282857.0
17 1.0 43.270762036740805 82.64998854634004 0.18245815877959712 -0.8606773129557865 -0.36024919003462574 -0.0011989210669835937 0.015825798982380835 0.02074792397483047 73813.0 283205.0 699405.0 1318670.0 2085511.0 2925878.0 3771801.0 4572320.0 5294992.0 5922952.0 6450748.0 6880476.0 7218735.0 7474463.0 7657484.0 7777612.0
18 1.0 106.61047110797217 -7.535011093192281 0.18245815877959712 -0.8606773129557865 -0.36024919003462574 -0.0011989210669835937 0.015825798982380835 0.02074792397483047 139588.0 415864.0 870357.0 1464004.0 2133163.0 2816162.0 3465916.0 4052304.0000000005 4559659.0 4982872.0 5323737.0 5588106.0 5783878.0 5919680.0 6004059.0 6045025.0
19 1.0 42.74197882352786 16.377149758263286 0.18245815877959712 -0.8606773129557865 -0.36024919003462574 -0.0011989210669835937 0.015825798982380835 0.02074792397483047 68512.0 269207.0 674148.0 1282312.0 2040071.0000000002 2874000.0 3715854.0 4513976.0 5235156.0 5861885.0 6388262.0 6816122.0 7151960.0 7404720.0 7584304.0 7700633.0
20 1.0 114.47394458183138 64.39007595483983 0.18245815877959712 -0.8606773129557865 -0.36024919003462574 -0.0011989210669835937 0.015825798982380835 0.02074792397483047 24764.0 93746.0 232473.0 443830.0 713542.0 1019163.0 1337829.0 1650526.0 1943514.0 2208109.0 2439768.0 2637014.0 2800471.0 2932082.0 3034543.0 3110888.0
21 1.0 149.13467802528118 -7.699778396305732 0.18245815877959712 -0.8606773129557865 -0.36024919003462574 -0.0011989210669835937 0.015825798982380835 0.02074792397483047 281129.0 868571.0 1849119.0 3129298.0 4558614.0 5995331.0 7335950.0 8518757.0 9515889.0 10322880.0 10949559.0 11413342.0 11734777.0 11934808.0 12033231.0 12047937.0
22 1.0 23.09309868556237 81.3374058298925 0.18245815877959712 -0.8606773129557865 -0.36024919003462574 -0.0011989210669835937 0.015825798982380835 0.02074792397483047 81470.0 312086.0 768942.0 1446341.0 2282401.0 3195785.0 4112459.9999999995 4977323.0 5755590.0 6429453.0 6993475.0 7450350.0 7807600.0 8075215.0 8264087.999999999 8385040.999999999
23 1.0 249.28996297320714 13.63520916807704 0.18245815877959712 -0.8606773129557865 -0.36024919003462574 -0.0011989210669835937 0.015825798982380835 0.02074792397483047 242225.0 737463.0 1557914.0 2626457.0 3820060.0 5022492.0 6148193.0 7145446.0 7990239.0 8677926.0 9215856.0 9617876.0 9900633.0 10081264.0 10176082.0 10199909.0
24 1.0 203.97652351436705 57.738081726236686 0.18245815877959712 -0.8606773129557865 -0.36024919003462574 -0.0011989210669835937 0.015825798982380835 0.02074792397483047 223418.0 754727.0 1701423.0 2993169.0 4481318.0 6012572.0 7467946.0 8771936.0 9886620.0 10801236.0 11522316.0 12066098.0 12453296.0 12705799.0 12844738.0 12889480.0
25 1.0 95.54021673820034 73.5918693142929 0.18245815877959712 -0.8606773129557865 -0.36024919003462574 -0.0011989210669835937 0.015825798982380835 0.02074792397483047 34313.0 135450.0 343664.0 663935.0 1073078.0 1534871.0 2013129.0000000002 2478591.0 2910893.0 3297829.0 3633616.0 3917028.0 4149822.0000000005 4335525.0 4478584.0 4583784.0
26 1.0 188.36929924801188 56.7942873783424 0.18245815877959712 -0.8606773129557865 -0.36024919003462574 -0.0011989210669835937 0.015825798982380835 0.02074792397483047 185798.0 626207.0 1413040.0 2492287.0 3743990.0 5041775.0 6285444.0 7409612.0 8379783.0 9184317.0 9826520.0 10318393.0 10676225.0 10917736.0 11060352.0 11120266.0
27 1.0 33.818583873039 -61.30539657918793 0.18245815877959712 -0.8606773129557865 -0.36024919003462574 -0.0011989210669835937 0.015825798982380835 0.02074792397483047 125461.99999999999 484775.0 1192590.0 2229679.0 3490350.0 4844130.0 6177672.0 7410857.0 8496709.0 9414552.0 10161931.0 10747679.0 11186764.0 11496798.0 11695834.0 11801086.0
28 1.0 207.34073840022455 23.201719031106066 0.18245815877959712 -0.8606773129557865 -0.36024919003462574 -0.0011989210669835937 0.015825798982380835 0.02074792397483047 345789.0 1120623.0 2449703.0 4205928.0 6172151.0 8142120.999999999 9966575.0 11558774.0 12882102.0 13933919.0 14731711.0 15303095.0 15679328.0 15891458.0 15968252.0 15935265.0
29 1.0 334.5466311274371 -18.28183344845813 0.18245815877959712 -0.8606773129557865 -0.36024919003462574 -0.0011989210669835937 0.015825798982380835 0.02074792397483047 70817.0 269768.0 662614.0 1244157.0 1961296.0 2744323.0 3529791.0 4270495.0 4936694.0 5513244.0 5995626.0 6386290.0 6691799.0 6920797.0 7082670.0 7186708.0
0 1.0 114.68482288247652 -78.71166863579778 0.18245815877959712 -0.8606773129557865 -0.36024919003462574 -0.0011989210669835937 0.015825798982380835 0.02074792397483047 135018.0 505677.00000000006 1220337.0 2252913.0 3496217.0 4822462.0 6122613.0 7320659.0 8372731.0 9260124.0 9981402.0 10545725.0 10967948.0 11265313.0 11455385.0 11554849.0
1 1.0 240.2677367869254 -13.674194659828444 0.18245815877959712 -0.8606773129557865 -0.36024919003462574 -0.0011989210669835937 0.015825798982380835 0.02074792397483047 128828.0 396889.0 847713.0 1444257.0 2121901.0 2816858.0 3480091.0 4080127.0 4600528.0 5035820.0 5387673.0 5661938.0 5866566.0 6010253.0 6101614.0 6148726.0
2 1.0 47.447230465581185 -43.436867959906614 0.18245815877959712 -0.8606773129557865 -0.36024919003462574 -0.0011989210669835937 0.015825798982380835 0.02074792397483047 172427.0 650179.0 1567809.0 2882080.0 4446522.0 6093528.0 7685004.0 9128686.0 10374811.0 11405647.0 12224561.0 12847209.0 13295288.0 13592491.0 13762092.0 13825633.0
3 1.0 257.8777934826836 62.82689551713193 0.18245815877959712 -0.8606773129557865 -0.36024919003462574 -0.0011989210669835937 0.015825798982380835 0.02074792397483047 252491.00000000003 872156.0 1988327.0 3516488.0 5275111.0 7077492.0 8780157.0 10293743.0 11575113.0 12614049.0 13420893.0 14017162.0 14429208.0 14684278.0 14808281.0 14824669.0
4 1.0 104.1861934609924 -84.00516722159469 0.18245815877959712 -0.8606773129557865 -0.36024919003462574 -0.0011989210669835937 0.015825798982380835 0.02074792397483047 108370.0 413080.0 1010772.0 1887083.0 2955751.0 4108696.0 5250735.0 6313490.0 7255906.0 8058961.0 8719143.0 9242730.0 9641474.0 9929626.0 10122033.0 10233011.0
5 1.0 65.94889032256206 82.61688993542523 0.18245815877959712 -0.8606773129557865 -0.36024919003462574 -0.0011989210669835937 0.015825798982380835 0.02074792397483047 67233.0 257896.0 637765.0 1204752.0 1909136.0 2683406.0 3464918.0 4206272.0 4876996.0 5461022.0 5952929.0 6354381.0 6671303.0 6911854.0 7085061.0 7199967.0
6 1.0 211.14465653162995 -26.033607275052667 0.18245815877959712 -0.8606773129557865 -0.36024919003462574 -0.0011989210669835937 0.015825798982380835 0.02074792397483047 198730.0 649418.0 1436172.0 2497925.0 3714589.0 4964268.0 6152781.0 7220282.0 8136474.0 8892439.0 9492947.0 9950516.0 10281321.0 10502574.0 10630992.0 10681973.0
7 1.0 7.238716627497679 -25.792759727542276 0.18245815877959712 -0.8606773129557865 -0.36024919003462574 -0.0011989210669835937 0.015825798982380835 0.02074792397483047 127497.0 493849.0 1216006.0 2273668.0 3558003.0 4935228.0 6289606.0 7539766.0 8638391.0 9565043.0 10317791.0 10906094.0 11345529.0 11654247.0 11850750.0 11952614.0
8 1.0 298.4184105182507 -87.06086951693258 0.18245815877959712 -0.8606773129557865 -0.36024919003462574 -0.0011989210669835937 0.015825798982380835 0.02074792397483047 68007.0 268249.0 674068.0 1285877.0 2050687.0 2894886.0 3749565.0 4562262.0 5299004.0 5941645.0 6483781.0 6926869.0 7277131.0 7543325.0 7735235.0 7862721.0
9 1.0 1.6903714293169436 -56.65818145748689 0.18245815877959712 -0.8606773129557865 -0.36024919003462574 -0.0011989210669835937 0.015825798982380835 0.02074792397483047 73637.0 294572.0 745395.0 1426784.0 2278716.0 3217865.0 4166503.9999999995 5065798.0 5878003.0 6583314.0 7175157.0 7655735.0 8032515.0 8315701.000000001 8516545.0 8646290.0
10 1.0 244.01395324664284 -17.773289855350427 0.18245815877959712 -0.8606773129557865 -0.36024919003462574 -0.0011989210669835937 0.015825798982380835 0.02074792397483047 99193.0 305187.0 651947.0 1111928.0 1636071.0 2175296.0 2691384.0 3159487.0 3566413.0 3907584.0 4184099.0 4400401.0 4562633.0 4677547.0 4751845.0 4791808.0
11 1.0 97.20287034917935 77.27245511448851 0.18245815877959712 -0.8606773129557865 -0.36024919003462574 -0.0011989210669835937 0.015825798982380835 0.02074792397483047 46184.0 178911.0 447123.0 853489.0 1366195.0 1938756.0 2526063.0 3092411.0 3613487.0 4075196.0 4471349.0 4801299.0 5067958.0 5276300.0 5432305.0 5542264.0
12 1.0 264.66984796413414 -72.06931256017117 0.18245815877959712 -0.8606773129557865 -0.36024919003462574 -0.0011989210669835937 0.015825798982380835 0.02074792397483047 26850.0 110969.0 290289.0 573063.0 941081.0 1362507.0 1804096.0 2238137.0 2644784.0 3011717.0 3332682.0 3605835.0 3832269.0 4014876.0 4157522.0 4264480.0
13 1.0 346.38787624227774 80.15427602623433 0.18245815877959712 -0.8606773129557865 -0.36024919003462574 -0.0011989210669835937 0.015825798982380835 0.02074792397483047 110038.0 413511.0 1003333.0 1863351.0 2908635.0 4034024.9999999995 5147327.0 6182456.0 7099791.0 7881023.0 8522848.0 9031440.0 9418279.0 9697271.0 9882907.0 9989157.0
14 1.0 89.55113166718489 66.5079354983938 0.18245815877959712 -0.8606773129557865 -0.36024919003462574 -0.0011989210669835937 0.015825798982380835 0.02074792397483047 18518.0 76164.0 199798.0 396986.0 657133.0 959245.0 1280082.0 1599308.0 1901631.0 2176983.0 2419765.0 2627782.0 2801226.0 2941821.0 3052189.0 3135385.0
15 1.0 207.4166403904213 -8.25076855664068 0.18245815877959712 -0.8606773129557865 -0.36024919003462574 -0.0011989210669835937 0.015825798982380835 0.02074792397483047 290338.0 934692.0 2039318.0000000002 3503808.0 5152890.0 6817418.0 8372495.000000001 9743243.0 10895763.0 11824560.0 12541468.0 13067459.0 13427205.0 13645758.0 13746705.0 13751261.0
16 1.0 213.13509525786205 -31.19384128171319 0.18245815877959712 -0.8606773129557865 -0.36024919003462574 -0.0011989210669835937 0.015825798982380835 0.02074792397483047 169193.0 556819.0 1239274.0 2167784.0 3239951.0 4349192.0 5411401.0 6371824.0 7201633.0 7891157.0 8443245.0 8868031.0 9179237.0 9391782.0 9520334.0 9578525.0
17 1.0 206.01068608471442 -48.10605672976977 0.18245815877959712 -0.8606773129557865 -0.36024919003462574 -0.0011989210669835937 0.015825798982380835 0.02074792397483047 137160.0 471729.0 1081685.0 1933067.0 2936008.0 3990997.0 5016193.0 5956021.0 6779279.0 7473389.0 8038351.000000001 8481788.0 8815352.0 9052332.0 9206167.0 9289591.0
18 1.0 80.30938775062259 20.603647165837387 0.18245815877959712 -0.8606773129557865 -0.36024919003462574 -0.0011989210669835937 0.015825798982380835 0.02074792397483047 16743.0 59018.0 139750.0 258514.00000000003 406235.0 570243.0 738272.0 900518.0 1050206.0 1183326.0 1298053.0 1394121.0 1472281.0 1533887.0 1580596.0 1614163.0
19 1.0 342.9896441461146 -84.04657353440899 0.18245815877959712 -0.8606773129557865 -0.36024919003462574 -0.0011989210669835937 0.015825798982380835 0.02074792397483047 66167.0 263182.0 664823.0 1272755.0 2034898.0 2877966.0 3732947.0 4547062.0 5285975.0 5931213.0 6476115.0 6921954.0 7274833.0 7543437.0 7737513.0 7866910.0
20 1.0 160.96513630234585 -87.19090839957092 0.18245815877959712 -0.8606773129557865 -0.36024919003462574 -0.0011989210669835937 0.015825798982380835 0.02074792397483047 89385.0 343885.0 848470.0 1595994.0 2516907.0 3520441.0 4524428.0 5468126.0 6313596.0 7041844.0 7647588.0 8134486.000000001 8511430.0 8789924.0 8982349.0 9100904.0
21 1.0 304.707122089606 -12.816769950317195 0.18245815877959712 -0.8606773129557865 -0.36024919003462574 -0.0011989210669835937 0.015825798982380835 0.02074792397483047 47478.0 153837.0 342728.0 605094.0 916291.0 1248113.0 1576351.0 1883616.0 2159272.0 2398132.0 2598892.0 2762767.0 2892441.0 2991329.0 3063097.0 3111360.0
22 1.0 251.81253911430156 -77.74666668455036 0.18245815877959712 -0.8606773129557865 -0.36024919003462574 -0.0011989210669835937 0.015825798982380835 0.02074792397483047 45997.0 183088.0 465177.0 897496.0 1446949.0 2063292.9999999998 2697021.0 3308622.0 3871067.0 4368657.0 4794508.0 5147932.0 5432209.0 5652908.0 5816705.0 5930596.0
23 1.0 107.07730230784811 -44.65062211570328 0.18245815877959712 -0.8606773129557865 -0.36024919003462574 -0.0011989210669835937 0.015825798982380835 0.02074792397483047 261117.0 881102.0 1980249.0 3470278.0 5174321.0 6913910.0 8553349.0 10008833.0 11240377.0 12239011.0 13015050.0 13589254.0 13986869.0 14233931.0 14355181.0 14373013.0
24 1.0 292.9672150928918 -50.19103523770491 0.18245815877959712 -0.8606773129557865 -0.36024919003462574 -0.0011989210669835937 0.015825798982380835 0.02074792397483047 4394.0 18683.0 50879.0 105013.0 180349.0 272539.0 375534.0 483156.0 590045.0 692067.0 786347.0 871125.0 945537.0 1009385.9999999999 1062939.0 1106771.0
25 1.0 142.74206670491446 -44.425585129886656 0.18245815877959712 -0.8606773129557865 -0.36024919003462574 -0.0011989210669835937 0.015825798982380835 0.02074792397483047 293103.0 985618.0 2206044.0 3849551.0 5716041.0 7607706.0 9377034.0 10935235.0 12242068.0 13290993.0 14095961.0 14681647.0 15076989.0 15311261.0 15411920.0 15403568.0
26 1.0 317.1971509600182 -66.4100583812536 0.18245815877959712 -0.8606773129557865 -0.36024919003462574 -0.0011989210669835937 0.015825798982380835 0.02074792397483047 21900.0 95266.0 257404.00000000003 519417.0 866382.0 1268769.0 1694411.0 2115791.0 2512781.0 2872600.0 3188526.0 3458306.0 3682707.0 3864365.0 4006948.0000000005 4114575.9999999995
27 1.0 209.25823414890914 -87.83347987842222 0.18245815877959712 -0.8606773129557865 -0.36024919003462574 -0.0011989210669835937 0.015825798982380835 0.02074792397483047 79370.0 308128.0 765463.0 1447683.0 2293249.0 3219837.0 4151865.0 5032705.0 5826368.0 6514236.0 7090415.0 7557417.0 7922768.0 8196581.0 8389934.0 8513866.0
28 1.0 317.424730267747 -69.21282651502534 0.18245815877959712 -0.8606773129557865 -0.36024919003462574 -0.0011989210669835937 0.015825798982380835 0.02074792397483047 25835.0 110852.0 296390.0 593244.0 983298.0 1432940.0 1906371.0 2373379.0 2812096.0 3208773.0 3556278.0 3852329.0 4097909.9999999995 4296019.0 4450765.0 4566742.0
29 1.0 249.3113724279957 21.32644671229461 0.18245815877959712 -0.8606773129557865 -0.36024919003462574 -0.0011989210669835937 0.015825798982380835 0.02074792397483047 281251.0 866779.0 1842814.0 3116240.0 4537548.0 5966026.0 7298950.0 8475081.0 9466781.0 10269630.0 10893389.0 11355346.0 11675895.0 11875819.0 11974764.0 11990483.0
0 1.0 261.09154073507057 85.36611830724905 0.18245815877959712 -0.8606773129557865 -0.36024919003462574 -0.0011989210669835937 0.015825798982380835 0.02074792397483047 124832.0 456297.0 1087258.0 1993735.0 3083252.0 4245917.0 5387621.0 6442280.0 7371289.0 8157736.999999999 8799740.0 9304743.0 9685288.0 9956130.0 10132415.0 10228611.0
1 1.0 180.47677749361281 88.26210028096091 0.18245815877959712 -0.8606773129557865 -0.36024919003462574 -0.0011989210669835937 0.015825798982380835 0.02074792397483047 100952.0 372863.0 896490.0 1656969.0 2580610.0 3576512.0 4564781.0 5487711.0 6310176.0 7015345.0 7599394.0 8066838.000000001 8426974.0 8691394.0 8872380.0 8981916.0
2 1.0 344.1901085003606 -16.37026283284891 0.18245815877959712 -0.8606773129557865 -0.36024919003462574 -0.0011989210669835937 0.015825798982380835 0.02074792397483047 96453.0 368360.0 902788.0 1688142.0 2648398.0 3687383.0 4719742.0 5683578.0 6541204.0 7274644.0 7879944.0 8362105.0 8731233.0 8999850.0 9181151.0 9287961.0
3 1.0 231.83647172266947 -60.66820331161104 0.18245815877959712 -0.8606773129557865 -0.36024919003462574 -0.0011989210669835937 0.015825798982380835 0.02074792397483047 48453.0 179704.0 436884.0 818378.0 1292310.0 1815357.0 2346956.0 2855907.0 3321581.0 3732485.0 4084014.0 4376263.0 4612272.0 4796725.0 4935065.0 5032912.0
4 1.0 152.5878174809447 24.977116325975274 0.18245815877959712 -0.8606773129557865 -0.36024919003462574 -0.0011989210669835937 0.015825798982380835 0.02074792397483047 157908.0 490982.0 1053972.0 1800321.0 2647848.0 3515202.0 4339891.0 5082039.0 5721173.0 6250955.0 6674217.0 6999089.0 7236287.0 7397355.0 7493610.0 7535552.0
5 1.0 218.30155708605275 -1.7450376212273113 0.18245815877959712 -0.8606773129557865 -0.36024919003462574 -0.0011989210669835937 0.015825798982380835 0.02074792397483047 275116.0 873014.0 1889031.0 3230024.0 4737296.0 6258610.0 7681671.0 8938977.0 9999676.0 10858362.0 11525210.0 12018686.0 12360692.0 12573583.0 12678495.0 12694516.0
6 1.0 6.909551391360069 88.09375991119765 0.18245815877959712 -0.8606773129557865 -0.36024919003462574 -0.0011989210669835937 0.015825798982380835 0.02074792397483047 97881.0 365185.0 883717.0 1640609.0 2563280.0 3560911.0 4553059.0 5481248.0 6309623.0 7020781.0 7610505.0 8083072.0 8447660.0 8715829.0 8899879.0 9011844.0
7 1.0 108.56693400283775 -78.24524271267956 0.18245815877959712 -0.8606773129557865 -0.36024919003462574 -0.0011989210669835937 0.015825798982380835 0.02074792397483047 137055.0 513565.00000000006 1239452.0 2287895.0 3549698.0 4894901.0 6212767.0 7426233.0 8490937.0 9388094.0 10116434.0 10685419.0 11110258.0 11408548.0 11598180.0 11696134.0
8 1.0 237.66247349736662 50.98219889648635 0.18245815877959712 -0.8606773129557865 -0.36024919003462574 -0.0011989210669835937 0.015825798982380835 0.02074792397483047 302156.0 1009926.0000000001 2252379.0 3921138.0 5812484.0 7726074.0 9513106.0 11084466.0 12400185.0 13454288.0 14261389.0 14846810.0 15240063.0 15470911.0 15567202.0 15553850.0
9 1.0 104.42793859575987 -38.0882704803311 0.18245815877959712 -0.8606773129557865 -0.36024919003462574 -0.0011989210669835937 0.015825798982380835 0.02074792397483047 251708.0 832240.0 1850203.0 3223261.0 4790918.0 6391820.0 7903017.0 9248086.0 10390029.0 11319923.0 12046441.0 12587915.0 12966936.0 13206981.0 13330481.0 13357830.0
10 1.0 222.48555443958296 -46.54464838621668 0.18245815877959712 -0.8606773129557865 -0.36024919003462574 -0.0011989210669835937 0.015825798982380835 0.02074792397483047 85791.0 295254.0 680433.0 1224508.0 1874332.0 2568225.0 3253423.0 3892387.0 4462489.0 4952983.0 5361515.0 5691100.0 5947844.0 6139357.0 6273720.0 6358852.0
11 1.0 154.35673234047582 29.250822875881667 0.18245815877959712 -0.8606773129557865 -0.36024919003462574 -0.0011989210669835937 0.015825798982380835 0.02074792397483047 150912.0 472687.0 1020160.0 1749553.0 2581003.0 3434492.0 4248047.0 4981814.0 5615097.0 6141240.0 6562733.0 6887380.0 7125601.0 7288678.0 7387701.0 7432979.0
12 1.0 48.770663120082084 -45.70862670162639 0.18245815877959712 -0.8606773129557865 -0.36024919003462574 -0.0011989210669835937 0.015825798982380835 0.02074792397483047 172903.0 651700.0 1571070.0 2887563.0 4454392.0 6103672.0 7697130.0 9142411.0 10389738.0 11421402.0 12240820.0 12863701.0 13311796.0 13608847.0 13778169.0 13841337.0
13 1.0 107.38163734417108 29.854641160653784 0.18245815877959712 -0.8606773129557865 -0.36024919003462574 -0.0011989210669835937 0.015825798982380835 0.02074792397483047 19828.0 59587.0 124370.0 207270.0 298237.0 388335.0 471417.0 544117.0 605170.0 654672.0 693477.0 722792.0 743924.0 758136.0 766580.0 770268.0
14 1.0 205.18736785245537 3.11553309641198 0.18245815877959712 -0.8606773129557865 -0.36024919003462574 -0.0011989210669835937 0.015825798982380835 0.02074792397483047 333915.0 1074130.0 2338304.0 4005683.0000000005 5872020.0 7743580.0 9479884.0 10998852.0 12265317.0 13276031.0 14046776.0 14603022.0 14973837.0 15188242.0 15273240.0 15252902.0
15 1.0 212.71419404934235 -13.663982081547132 0.18245815877959712 -0.8606773129557865 -0.36024919003462574 -0.0011989210669835937 0.015825798982380835 0.02074792397483047 245882.0 790268.0 1725639.0 2971111.0 4381491.0 5814515.0 7163383.0 8362493.000000001 9380584.0 10210608.0 10860606.0 11346857.0 11689240.0 11908359.0 12023888.0 12053727.0
16 1.0 206.75708958584838 9.843805559055411 0.18245815877959712 -0.8606773129557865 -0.36024919003462574 -0.0011989210669835937 0.015825798982380835 0.02074792397483047 343168.0 1104202.0 2403358.0 4115394.0 6029524.0 7946412.0 9722025.0 11272660.0 12562904.0 13590079.0 14370931.0 14932012.0 15303438.0 15515170.0 15595010.0 15567688.0
17 1.0 235.1522951485681 -38.330726414466646 0.18245815877959712 -0.8606773129557865 -0.36024919003462574 -0.0011989210669835937 0.015825798982380835 0.02074792397483047 65248.0 217061.0 490137.0 871316.0 1324113.0 1806935.0 2284222.0 2730467.0 3130030.0 3475224.0 3764060.0 3998270.0 4181786.0 4319662.0 4417359.0 4480289.0
18 1.0 234.757177200608 37.1834471291362 0.18245815877959712 -0.8606773129557865 -0.36024919003462574 -0.0011989210669835937 0.015825798982380835 0.02074792397483047 334503.0 1083632.0 2368667.0 4067717.0 5971942.0 7882506.0 9655016.0 11205066.0 12496520.0 13526085.0 14310036.0 14874591.0 15249637.0 15464982.0 15548336.0 15524375.0
19 1.0 155.31063675623062 -15.325763519958471 0.18245815877959712 -0.8606773129557865 -0.36024919003462574 -0.0011989210669835937 0.015825798982380835 0.02074792397483047 321095.0 1014432.0 2185719.0 3722138.0 5438066.0 7158524.0 8756666.0 10158075.0 11330469.0 12270331.0 12991399.0 13516301.0 13871067.0 14081823.0 14172984.0 14166400.0
20 1.0 322.75677450638267 -25.101799112539396 0.18245815877959712 -0.8606773129557865 -0.36024919003462574 -0.0011989210669835937 0.015825798982380835 0.02074792397483047 36417.0 139781.0 347481.0 660981.0 1055295.0 1494385.0 1943571.0 2375672.0 2772422.0 3123444.0 3424391.0 3675073.0 3877925.0 4036861.0 4156485.0 4241580.0
21 1.0 132.32227321724275 59.158244620032804 0.18245815877959712 -0.8606773129557865 -0.36024919003462574 -0.0011989210669835937 0.015825798982380835 0.02074792397483047 39207.0 138220.0 325715.0 598423.0 933709.0 1302077.0 1676142.0 2034724.0000000002 2363611.0 2654673.0 2904439.0 3112693.0 3281313.0 3413396.0 3512638.0 3582921.0
22 1.0 156.91137309562566 76.4940441515746 0.18245815877959712 -0.8606773129557865 -0.36024919003462574 -0.0011989210669835937 0.015825798982380835 0.02074792397483047 85959.0 310966.0 739967.0 1360733.0 2114335.0 2927845.0 3736751.0 4494078.0 5170933.0 5753211.0 6237416.0 6626907.0 6929009.0 7152991.0 7308731.0 7405908.0
23 1.0 321.092407805642 -81.71868404028655 0.18245815877959712 -0.8606773129557865 -0.36024919003462574 -0.0011989210669835937 0.015825798982380835 0.02074792397483047 53099.0 214553.0 548909.0 1061776.0 1712029.0 2438265.0 3180884.0 3893196.0 4544049.0 5116062.0 5602324.0 6003090.0 6323066.0 6569407.0 6750342.0 6874296.0
24 1.0 290.22983605659084 -48.12714129064221 0.18245815877959712 -0.8606773129557865 -0.36024919003462574 -0.0011989210669835937 0.015825798982380835 0.02074792397483047 4217.0 17201.0 45243.0 90812.0 152631.0 226979.0 309194.0 394728.0 479717.0 561185.0 637037.0 705945.0 767203.0 820577.0 866171.0 904323.0
25 1.0 253.39989007453187 -27.266513491338614 0.18245815877959712 -0.8606773129557865 -0.36024919003462574 -0.0011989210669835937 0.015825798982380835 0.02074792397483047 45387.0 140863.0 302666.0 518760.0 767063.0 1025279.0 1275809.0 1506883.0 1711847.0 1887873.0 2034724.0000000002 2153765.0 2247252.0 2317856.0 2368352.0 2401437.0
26 1.0 36.0816794324284 56.693966286644525 0.18245815877959712 -0.8606773129557865 -0.36024919003462574 -0.0011989210669835937 0.015825798982380835 0.02074792397483047 43039.0 178179.0 463777.0 908967.0 1481081.0 2127568.0 2795537.0 3442268.0 4038287.9999999995 4566323.0 5018669.0 5394362.0 5696773.0 5931776.0 6106453.0 6228246.0
27 1.0 331.0137409480825 87.38845697579356 0.18245815877959712 -0.8606773129557865 -0.36024919003462574 -0.0011989210669835937 0.015825798982380835 0.02074792397483047 105380.0 391729.0 944976.0 1749579.0 2727012.0 3780266.0 4824127.0 5797187.0 6662252.0 7401723.0 8011894.0 8497925.0 8870021.0 9140774.0 9323440.0 9430899.0
28 1.0 257.1268678376801 84.41490684066332 0.18245815877959712 -0.8606773129557865 -0.36024919003462574 -0.0011989210669835937 0.015825798982380835 0.02074792397483047 130168.0 473930.0 1126008.0 2060063.0 3179796.0 4371848.0 5539782.0 6616351.0 7562652.0 8362010.0 9013048.0 9523817.0 9907454.0 10179256.0 10354836.0 10449048.0
29 1.0 359.5849223644319 72.89070219898684 0.18245815877959712 -0.8606773129557865 -0.36024919003462574 -0.0011989210669835937 0.015825798982380835 0.02074792397483047 101918.0 389987.0 957351.0 1792345.0 2814230.0 3920366.0 5019472.0 6045325.0 6957636.0 7737259.0 8380069.000000001 8891528.0 9282534.0 9566541.0 9757695.0 9869717.0
0 1.0 53.80138967687775 -36.619872288474625 0.18245815877959712 -0.8606773129557865 -0.36024919003462574 -0.0011989210669835937 0.015825798982380835 0.02074792397483047 178620.0 661781.0 1578363.0 2880659.0 4422647.0 6040234.0 7599509.0 9011662.0 10229227.0 11235692.0 12034853.0 12642273.0 13079270.0 13369019.0 13534238.0 13595935.0
1 1.0 312.52538065255715 88.56202381460534 0.18245815877959712 -0.8606773129557865 -0.36024919003462574 -0.0011989210669835937 0.015825798982380835 0.02074792397483047 104520.0 387985.0 935132.0 1730440.0 2696353.0 3737184.0 4768905.0 5730958.0 6586631.0 7318517.0 7922894.0 8404790.0 8774212.0 9043531.0 9225788.0 9333667.0
2 1.0 58.497456483494936 -45.10439260983878 0.18245815877959712 -0.8606773129557865 -0.36024919003462574 -0.0011989210669835937 0.015825798982380835 0.02074792397483047 187937.0 695620.0 1656662.0 3018669.0 4626934.0 6309195.0 7925946.0 9385515.0 10639646.0 11672338.0 12488569.0 13105339.0 13545410.0 13833277.0 13992807.0 14045964.0
3 1.0 221.6014431421839 -70.9368921211982 0.18245815877959712 -0.8606773129557865 -0.36024919003462574 -0.0011989210669835937 0.015825798982380835 0.02074792397483047 65096.0 246002.0 603316.0 1134317.0 1792759.0 2516178.0 3246534.0 3939723.0 4567207.0 5113786.0 5574186.0 5949793.0 6246040.0 6470505.0 6631628.0 6737899.0
4 1.0 44.57519382579895 81.17146998997094 0.18245815877959712 -0.8606773129557865 -0.36024919003462574 -0.0011989210669835937 0.015825798982380835 0.02074792397483047 69023.0 266574.0 661573.0 1252088.0 1986158.0 2793201.0 3607810.0 4380567.0 5079747.0 5688645.0 6201619.0 6620390.0 6951104.0 7202222.0 7383115.0 7503172.0
5 1.0 305.2829625560044 -47.98435401574267 0.18245815877959712 -0.8606773129557865 -0.36024919003462574 -0.0011989210669835937 0.015825798982380835 0.02074792397483047 6884.0 30015.0 82412.0 169837.0 289627.0 433326.0 590320.0 750534.0 905828.0 1050399.0 1180618.0 1294631.0 1391903.0 1472807.0 1538297.0 1589658.0
6 1.0 290.63482514100383 34.15828771399508 0.18245815877959712 -0.8606773129557865 -0.36024919003462574 -0.0011989210669835937 0.015825798982380835 0.02074792397483047 258631.99999999997 835861.0 1832873.0 3165261.0 4677637.0 6216401.0 7665610.0 8953742.0 10046543.0 10936148.0 11631181.0 12149285.0 12512059.0 12741896.0 12860182.0 12886359.0
7 1.0 204.8762659012536 -79.49585538349405 0.18245815877959712 -0.8606773129557865 -0.36024919003462574 -0.0011989210669835937 0.015825798982380835 0.02074792397483047 81495.0 310636.0 763132.0 1432744.0 2258126.0 3159061.0 4062721.0 4915000.0 5681806.0 6345733.0 6901513.0 7351849.0 7704162.0 7968288.0 8154938.0 8274749.0
8 1.0 146.58598700135988 41.52763784294572 0.18245815877959712 -0.8606773129557865 -0.36024919003462574 -0.0011989210669835937 0.015825798982380835 0.02074792397483047 84957.0 273603.0 603264.0 1052909.0 1576817.0 2126223.0 2661332.0 3154879.0 3591136.0 3963256.0 4270518.0 4516025.0 4705018.0 4843719.0 4938585.0 4995860.0
9 1.0 24.900118363849696 68.70963822009114 0.18245815877959712 -0.8606773129557865 -0.36024919003462574 -0.0011989210669835937 0.015825798982380835 0.02074792397483047 65181.0 259312.0 655272.0 1254925.0 2007070.9999999998 2839470.0 3684006.0 4488526.0 5219059.0 5857295.0 6396592.0 6838149.0 7187949.0 7454530.0 7647490.0 7776531.0
10 1.0 251.07435833204292 -40.96135881612675 0.18245815877959712 -0.8606773129557865 -0.36024919003462574 -0.0011989210669835937 0.015825798982380835 0.02074792397483047 26176.0 88530.0 203092.0 366639.0 565363.0 781977.0 1000637.0 1209174.0 1399489.0 1567023.0 1709933.0 1828266.0 1923277.0 1996911.0 2051441.0 2089224.0000000002
11 1.0 163.27536576410478 -21.76975870606286 0.18245815877959712 -0.8606773129557865 -0.36024919003462574 -0.0011989210669835937 0.015825798982380835 0.02074792397483047 336178.0 1087066.0 2373454.0 4072832.0 5976281.0 7885220.0 9655612.0 11203367.0 12492577.0 13520089.0 14302251.0 14865306.0 15239137.0 15453530.0 15536167.0 15511690.0
12 1.0 259.94001580932525 -22.6266870022351 0.18245815877959712 -0.8606773129557865 -0.36024919003462574 -0.0011989210669835937 0.015825798982380835 0.02074792397483047 44856.0 134942.0 283446.0 477745.0 697314.0 922150.0 1136817.0 1331286.0 1500217.0 1641750.0 1756338.0 1845816.0 1912729.0 1959885.0 1990086.0 2005958.0000000002
13 1.0 311.8976373343065 44.781886357223954 0.18245815877959712 -0.8606773129557865 -0.36024919003462574 -0.0011989210669835937 0.015825798982380835 0.02074792397483047 240372.0 838666.0 1923340.0 3414853.0 5136925.0 6906628.0 8582482.0 10075719.0 11342914.0 12373105.0 13175723.0 13771378.0 14185596.0 14444925.0 14574694.0 14597893.0
14 1.0 351.1877418010389 -47.19469634297301 0.18245815877959712 -0.8606773129557865 -0.36024919003462574 -0.0011989210669835937 0.015825798982380835 0.02074792397483047 61841.0 248692.0 632654.0 1217012.0 1952365.0 2767783.0 3595824.0 4384574.0 5100111.0 5724133.0 6250031.0 6679079.0 7017343.0 7273449.0 7457063.0 7577930.0
15 1.0 308.08920326133995 -59.06644217142426 0.18245815877959712 -0.8606773129557865 -0.36024919003462574 -0.0011989210669835937 0.015825798982380835 0.02074792397483047 10881.0 48970.0 136221.0 281960.0 481062.0 718940.0 977870.0 1241399.0 1496453.0 1733828.0 1947828.0 2135569.0 2296231.0 2430418.0 2539634.0 2625901.0
16 1.0 4.21707030660071 -9.127503236207147 0.18245815877959712 -0.8606773129557865 -0.36024919003462574 -0.0011989210669835937 0.015825798982380835 0.02074792397483047 144632.0 556386.0 1361658.0 2532315.0 3943890.0 5447343.0 6916037.0 8262605.000000001 9437614.0 10421055.0 11212846.0 11824911.0 12275428.0 12585003.0 12774325.0 12862835.0
17 1.0 129.592103212211 -35.19568667208249 0.18245815877959712 -0.8606773129557865 -0.36024919003462574 -0.0011989210669835937 0.015825798982380835 0.02074792397483047 295773.0 956430.0 2092924.0 3603019.0 5305837.0 7026074.0 8633998.0 10051709.0 11243855.0 12204610.0 12946157.0 13490176.0 13862197.0 14088149.0 14192440.0 14197026.0
18 1.0 262.7966024726609 61.05404200655744 0.18245815877959712 -0.8606773129557865 -0.36024919003462574 -0.0011989210669835937 0.015825798982380835 0.02074792397483047 260361.99999999997 897171.0 2041315.0 3604101.0 5398563.0 7233693.0 8963557.0 10497913.0 11793789.0 12841684.0 13652870.0 14249810.0 14659714.0 14910561.0 15028855.0 15038523.0
19 1.0 61.78668381411859 -47.20647131718502 0.18245815877959712 -0.8606773129557865 -0.36024919003462574 -0.0011989210669835937 0.015825798982380835 0.02074792397483047 191410.0 706426.0 1679013.0 3054824.0 4676925.0 6371444.0 7998059.0 9464892.0 10723853.0 11759286.0 12576561.0 13193059.0 13631869.0 13917766.0 14074833.0 14125206.0
20 1.0 187.57317823348654 0.4301023480670665 0.18245815877959712 -0.8606773129557865 -0.36024919003462574 -0.0011989210669835937 0.015825798982380835 0.02074792397483047 348725.0 1127563.0 2461121.0 4221030.0 6189533.0 8160361.0 9984533.0 11575671.0 12897483.0 13947577.0 14743607.0 15313297.0 15687964.0 15898683.0 15974230.0 15940156.0
21 1.0 19.561675802131305 79.66504794562746 0.18245815877959712 -0.8606773129557865 -0.36024919003462574 -0.0011989210669835937 0.015825798982380835 0.02074792397483047 81945.0 314721.0 776592.0 1462074.0 2308588.0 3233685.0 4162245.9999999995 5038319.0 5826569.0 6508900.0 7079786.0 7541967.0 7903087.0 8173299.999999999 8363676.999999999 8485215.0
22 1.0 71.99874896270403 24.119585594038938 0.18245815877959712 -0.8606773129557865 -0.36024919003462574 -0.0011989210669835937 0.015825798982380835 0.02074792397483047 14977.0 58267.0 147258.0 284953.0 462669.0 665861.0 879391.0 1090491.0 1289801.0 1471279.0 1631621.0 1769578.0 1885319.0 1979930.0 2055030.0 2112504.0
23 1.0 6.66784600582103 66.11209298324366 0.18245815877959712 -0.8606773129557865 -0.36024919003462574 -0.0011989210669835937 0.015825798982380835 0.02074792397483047 94670.0 367535.0 910896.0 1716952.0 2709475.0 3789168.0 4866527.0 5875850.0 6776592.0 7548957.0 8188045.000000001 8698562.0 9090737.0 9377467.0 9572451.0 9689061.0
24 1.0 285.7311732086714 79.23774408385813 0.18245815877959712 -0.8606773129557865 -0.36024919003462574 -0.0011989210669835937 0.015825798982380835 0.02074792397483047 155762.0 564335.0 1333236.0 2425431.0 3723884.0 5095087.0 6428086.0 7647386.0 8710801.0 9601663.0 10320483.0 10878091.0 11290687.0 11576552.0 11754024.0 11840359.0
25 1.0 80.61288770173685 45.13767513954335 0.18245815877959712 -0.8606773129557865 -0.36024919003462574 -0.0011989210669835937 0.015825798982380835 0.02074792397483047 4442.0 18664.0 50354.0 103222.0 176415.0 265703.0 365295.0 469311.0 572654.0 671385.0 762753.0 845064.0 917468.0 979753.0 1032154.0 1075199.0
26 1.0 124.32660505088496 35.92351084045525 0.18245815877959712 -0.8606773129557865 -0.36024919003462574 -0.0011989210669835937 0.015825798982380835 0.02074792397483047 36397.0 112743.0 241994.0 414426.0 612165.0 817137.0 1015145.0 1196835.0 1357090.0 1493934.0 1607470.0 1699041.0 1770640.0 1824520.0 1862960.0 1888125.0
27 1.0 334.1092656476127 84.23380198876086 0.18245815877959712 -0.8606773129557865 -0.36024919003462574 -0.0011989210669835937 0.015825798982380835 0.02074792397483047 111185.0 414239.0 999873.0 1850771.0 2882707.0 3992238.0 5088983.0 6108264.0 7011340.0 7780329.0 8412026.0 8912513.0 9293075.0 9567383.0 9749689.0 9853747.0
28 1.0 253.5891846924718 88.99214213658229 0.18245815877959712 -0.8606773129557865 -0.36024919003462574 -0.0011989210669835937 0.015825798982380835 0.02074792397483047 105126.0 388565.0 934205.0 1726028.0 2686712.0 3721227.0 4746277.0 5701901.0 6551793.0 7278763.0 7879169.0 8358019.000000001 8725245.0 8993119.0 9174571.0 9282174.0
29 1.0 11.462014631270826 -8.672097119443265 0.18245815877959712 -0.8606773129557865 -0.36024919003462574 -0.0011989210669835937 0.015825798982380835 0.02074792397483047 148658.0 573987.0 1407250.0 2619028.0 4079440.0 5633202.0 7148720.0 8535583.0 9743024.0 10750901.0 11559722.0 12182358.0 12638046.0 12948425.0 13135113.0 13218357.0
0 1.0 59.289896339248585 -77.2434399268425 0.18245815877959712 -0.8606773129557865 -0.36024919003462574 -0.0011989210669835937 0.015825798982380835 0.02074792397483047 118480.0 453864.0 1111946.0 2075059.0 3246341.0 4506002.0 5749615.0 6902954.0 7922075.0 8787180.0 9495296.0 10053961.0 10476501.0 10778813.0 10977324.0 11087784.0
1 1.0 223.73222453991488 -37.29707434070661 0.18245815877959712 -0.8606773129557865 -0.36024919003462574 -0.0011989210669835937 0.015825798982380835 0.02074792397483047 104900.0 349352.0 786647.0 1391378.0 2101287.0 2848227.0 3576142.0 4246677.0 4837915.0 5340574.0 5753997.0 6082835.0 6334632.0 6518189.0 6642536.0 6716324.0
2 1.0 207.80229189750034 -62.57615297620852 0.18245815877959712 -0.8606773129557865 -0.36024919003462574 -0.0011989210669835937 0.015825798982380835 0.02074792397483047 96269.0 347864.0 825906.0 1514717.0 2347223.0 3242038.0 4128214.0 4954848.0 5691195.0 6322732.0 6846390.0 7266397.0 7591127.0 7830916.0 7996653.0 8098934.0
3 1.0 85.64141569482311 -14.852452536717877 0.18245815877959712 -0.8606773129557865 -0.36024919003462574 -0.0011989210669835937 0.015825798982380835 0.02074792397483047 136210.0 441934.0 979286.0 1713288.0 2566651.0 3457018.0 4317862.0 5104542.0 5792307.0 6371471.0 6842483.0 7211910.0 7489551.0 7686500.0 7813952.0 7882507.0
4 1.0 336.3170392529258 -66.36792087481392 0.18245815877959712 -0.8606773129557865 -0.36024919003462574 -0.0011989210669835937 0.015825798982380835 0.02074792397483047 37197.0 155504.0 407744.0 803895.0 1316477.0 1899514.0 2505896.0 3096966.0 3645540.0 4135201.9999999995 4558117.0 4912604.0 5201015.0 5428110.0 5599887.0 5722795.0
5 1.0 221.02774414772256 18.741204723758756 0.18245815877959712 -0.8606773129557865 -0.36024919003462574 -0.0011989210669835937 0.015825798982380835 0.02074792397483047 334155.0 1066830.0 2311637.0 3948345.0 5776953.0 7608731.0 9307181.0 10792691.0 12031251.0 13019850.0 13773958.0 14318456.0 14681719.0 14892075.0 14975883.0 14956650.0
6 1.0 192.827809088985 -21.094549351586267 0.18245815877959712 -0.8606773129557865 -0.36024919003462574 -0.0011989210669835937 0.015825798982380835 0.02074792397483047 295073.0 966636.0 2131319.0 3685994.0 5443552.0 7221397.0 8883984.0 10349767.0 11581666.0 12573476.0 13337833.0 13897307.0 14278484.0 14508363.0 14612349.0 14613279.0
7 1.0 212.36759148764554 71.1694591718778 0.18245815877959712 -0.8606773129557865 -0.36024919003462574 -0.0011989210669835937 0.015825798982380835 0.02074792397483047 175823.0 612851.0 1412595.0 2526900.0 3833016.0 5197202.0 6511442.0 7704207.0 8737049.0 9596269.0 10284481.0 10813854.0 11201324.0 11465478.0 11624671.0 11695994.0
8 1.0 262.8439306260371 84.20304092373033 0.18245815877959712 -0.8606773129557865 -0.36024919003462574 -0.0011989210669835937 0.015825798982380835 0.02074792397483047 131448.0 478806.0 1137702.0 2081292.0 3212029.0 4415257.0 5593581.0 6679201.0 7632993.0 8438288.0 9093835.0 9607863.0 9993708.0 10266847.0 10443057.0 10537333.0
9 1.0 112.30019837265667 8.43928230049599 0.18245815877959712 -0.8606773129557865 -0.36024919003462574 -0.0011989210669835937 0.015825798982380835 0.02074792397483047 84861.0 241763.0 488298.0 799219.0 1140727.0 1482802.0 1803833.0 2090698.9999999998 2337060.0 2541340.0 2704992.0 2831202.0 2923992.0 2987643.0 3026345.0 3043996.0
10 1.0 143.35958239779308 -40.531757423832616 0.18245815877959712 -0.8606773129557865 -0.36024919003462574 -0.0011989210669835937 0.015825798982380835 0.02074792397483047 303812.0 1008993.0 2240874.0 3890277.0 5756069.0 7641678.0 9401592.0 10948884.0 12244686.0 13283324.0 14079210.0 14657198.0 15046229.0 15275485.0 15372281.0 15361061.0
11 1.0 75.54374963104397 16.601475377130626 0.18245815877959712 -0.8606773129557865 -0.36024919003462574 -0.0011989210669835937 0.015825798982380835 0.02074792397483047 25526.0 90128.0 213557.0 394732.0 619266.0 867645.0 1121435.0 1366228.0 1592263.0 1793863.0 1968487.0 2115788.0 2236832.0 2333515.0 2408155.0 2463216.0
12 1.0 67.02948211692102 71.41700848039378 0.18245815877959712 -0.8606773129557865 -0.36024919003462574 -0.0011989210669835937 0.015825798982380835 0.02074792397483047 31557.0 129889.0 338059.0 664238.0 1086466.0 1567825.0 2070315.0 2562532.0 3022143.0 3435387.0 3795393.0 4100272.0000000005 4351461.0 4552420.0 4707699.0 4822298.0
13 1.0 339.9740603942161 -16.787997749565307 0.18245815877959712 -0.8606773129557865 -0.36024919003462574 -0.0011989210669835937 0.015825798982380835 0.02074792397483047 86536.0 329301.0 806450.0 1508831.0 2369943.0 3304797.0 4237351.0 5111930.0 5894126.0 6567007.0 7126179.0 7575361.0 7922980.0 8179772.0 8357220.999999999 8466597.0
14 1.0 266.2382862177435 9.374089804554757 0.18245815877959712 -0.8606773129557865 -0.36024919003462574 -0.0011989210669835937 0.015825798982380835 0.02074792397483047 178635.0 527556.0 1095514.0 1829602.0 2648291.0 3474781.0 4252072.0 4945091.0 5536908.0 6023464.0 6408839.0 6701658.0 6912622.0 7052951.0 7133462.0 7164083.0
15 1.0 176.56517110232414 -41.10250183089374 0.18245815877959712 -0.8606773129557865 -0.36024919003462574 -0.0011989210669835937 0.015825798982380835 0.02074792397483047 262492.0 886360.0 1993319.0 3494777.0 5212370.0 6965860.0 8618136.0 10084534.0 11324719.0 12329720.0 13110059.0 13686796.0 14085500.0 14332513.0 14452842.0 14469104.0
16 1.0 81.86926607039636 -8.020053098995149 0.18245815877959712 -0.8606773129557865 -0.36024919003462574 -0.0011989210669835937 0.015825798982380835 0.02074792397483047 100199.0 329949.0 740008.0 1307787.0 1975926.0 2680647.0 3368784.0 4003513.0 4563507.0 5039541.0 5430737.0 5741415.0 5978744.0 6151150.0 6267300.0 6335503.0
17 1.0 91.56833343734147 -17.69156363167224 0.18245815877959712 -0.8606773129557865 -0.36024919003462574 -0.0011989210669835937 0.015825798982380835 0.02074792397483047 155927.0 498838.0 1093942.0 1898686.0 2826551.0 3787744.0 4711090.0 5549747.0 6278496.0 6888227.0 7380502.0 7763212.0 8047485.999999999 8245660.000000001 8370023.0 8432117.0
18 1.0 20.89049771659522 -45.28557628506522 0.18245815877959712 -0.8606773129557865 -0.36024919003462574 -0.0011989210669835937 0.015825798982380835 0.02074792397483047 126881.0 492562.0 1214759.0 2274088.0 3562112.0 4944870.0 6306084.0 7563725.0 8669871.0 9603612.0 10362703.0 10956427.0 11400297.0 11712475.0 11911526.0 12015116.0
19 1.0 156.3899852009235 1.0559490885555078 0.18245815877959712 -0.8606773129557865 -0.36024919003462574 -0.0011989210669835937 0.015825798982380835 0.02074792397483047 274892.0 853489.0 1822495.0 3090411.0 4508288.0 5935224.0 7267969.0 8444702.0 9437299.0 10240993.0 10865341.0 11327537.0 11647957.0 11847416.0 11945619.0 11960387.0
20 1.0 112.24651751787692 -34.13145132363395 0.18245815877959712 -0.8606773129557865 -0.36024919003462574 -0.0011989210669835937 0.015825798982380835 0.02074792397483047 260241.0 841163.0 1844379.0 3184704.0 4705633.0 6252603.0 7709045.0 9003134.0 10100545.0 10993488.0 11690733.0 12210097.0 12573351.0 12803051.0 12920718.0 12945915.0
21 1.0 250.6836559735654 -22.85372450146545 0.18245815877959712 -0.8606773129557865 -0.36024919003462574 -0.0011989210669835937 0.015825798982380835 0.02074792397483047 61849.0 190394.0 406962.0 695085.0 1025231.0 1367671.0 1698911.0 2003205.0 2271656.0 2500538.0 2689655.0 2841001.0 2957794.0 3043807.0 3102943.0 3138978.0
22 1.0 135.99066214529313 4.494679605767573 0.18245815877959712 -0.8606773129557865 -0.36024919003462574 -0.0011989210669835937 0.015825798982380835 0.02074792397483047 173325.0 516704.99999999994 1078805.0 1807507.0 2621481.0 3443969.0 4218061.0 4908824.0 5499444.0 5985911.0 6372261.0 6667005.0 6880681.0 7024325.0 7108569.0 7143167.0
23 1.0 64.65732392146853 45.10710412721775 0.18245815877959712 -0.8606773129557865 -0.36024919003462574 -0.0011989210669835937 0.015825798982380835 0.02074792397483047 9464.0 42331.0 117370.0 242349.0 412568.0 615320.0 835426.0 1059002.0 1275175.0 1476409.0 1658112.0 1818012.0 1955510.0 2071142.0 2166151.0 2242184.0
24 1.0 8.884342220879242 -29.968656157570443 0.18245815877959712 -0.8606773129557865 -0.36024919003462574 -0.0011989210669835937 0.015825798982380835 0.02074792397483047 124620.0 483691.0 1192892.0 2233331.0 3498647.0 4857349.0 6195267.0 7431834.0 8519962.0 9439071.0 10186901.0 10772506.0 11211052.0 11520313.0 11718462.0 11822798.0
25 1.0 24.20986732676949 76.34857799173744 0.18245815877959712 -0.8606773129557865 -0.36024919003462574 -0.0011989210669835937 0.015825798982380835 0.02074792397483047 73457.0 286052.0 712673.0 1351258.0 2145200.0 3017744.0 3897893.0 4732106.0 5486071.0 6141766.0 6693167.0 7142221.0 7495668.0 7762757.0 7953717.0 8078797.0
26 1.0 244.58139845948423 65.21733843046243 0.18245815877959712 -0.8606773129557865 -0.36024919003462574 -0.0011989210669835937 0.015825798982380835 0.02074792397483047 237799.0 821916.0 1876414.0 3324263.0 4995820.0 6714922.0 8344970.0 9799871.0 11037119.0 12045538.0 12833724.0 13421190.0 13832330.0 14092630.0 14226494.0 14256128.0
27 1.0 163.33086404017632 -81.23574672440486 0.18245815877959712 -0.8606773129557865 -0.36024919003462574 -0.0011989210669835937 0.015825798982380835 0.02074792397483047 108950.0 409920.0 995533.0 1850199.0 2889778.0 4009780.0 5118420.0 6149792.0 7064288.0 7843523.0 8484071.0 8991977.0 9378600.0 9657740.0 9843799.0 9950676.0
28 1.0 193.16851599914 -44.3443456337719 0.18245815877959712 -0.8606773129557865 -0.36024919003462574 -0.0011989210669835937 0.015825798982380835 0.02074792397483047 195657.0 666270.0 1511936.0 2674757.0 4023932.0000000005 5421419.0 6758064.0 7963118.0 8999795.0 9856285.0 10536978.0 11055551.0 11430154.0 11680304.0 11825047.0 11881969.0
29 1.0 322.80166549452315 -9.695607721343649 0.18245815877959712 -0.8606773129557865 -0.36024919003462574 -0.0011989210669835937 0.015825798982380835 0.02074792397483047 73379.0 263502.0 624670.0 1146584.0 1780324.0 2465437.0 3148370.0 3789939.0 4365782.0 4863696.0 5280252.0 5617751.0 5881871.0 6080002.0 6220143.0 6310219.0
0 1.0 356.52202106281356 -71.16698002635466 0.18245815877959712 -0.8606773129557865 -0.36024919003462574 -0.0011989210669835937 0.015825798982380835 0.02074792397483047 61511.0 248666.0 634828.0 1224241.0 1967645.0 2793703.0 3634366.0 4437111.0 5167464.0 5806638.0 6347605.0 6791281.0 7143447.0 7412507.0 7607968.0 7739478.0
1 1.0 78.08291438345061 -27.274321973970522 0.18245815877959712 -0.8606773129557865 -0.36024919003462574 -0.0011989210669835937 0.015825798982380835 0.02074792397483047 179386.0 612120.0 1393255.0 2472538.0 3730889.0 5040679.0 6299677.0 7440578.0 8427438.0 9247674.0 9904066.0 10408383.0 10776873.0 11027324.0 11177296.0 11243138.0
2 1.0 238.70815311603627 43.21755461118286 0.18245815877959712 -0.8606773129557865 -0.36024919003462574 -0.0011989210669835937 0.015825798982380835 0.02074792397483047 325617.0 1067474.0 2350657.0 4056326.9999999995 5974758.0 7904258.0 9697420.0 11267522.0 12576985.0 13621803.0 14418049.0 14992050.0 15373967.0 15593955.0 15680077.0 15657346.0
3 1.0 94.79605562537424 32.49260660570866 0.18245815877959712 -0.8606773129557865 -0.36024919003462574 -0.0011989210669835937 0.015825798982380835 0.02074792397483047 7103.0 24456.0 56057.0 100334.0 153121.0 209863.0 266778.0 321171.0 371338.0 416336.0 455770.0 489606.0 518043.00000000006 541422.0 560157.0 574696.0
4 1.0 7.434359807662325 22.02919714188087 0.18245815877959712 -0.8606773129557865 -0.36024919003462574 -0.0011989210669835937 0.015825798982380835 0.02074792397483047 142957.0 551699.0 1353162.0 2520444.0 3929818.0 5432355.0 6901151.0 8248464.0 9424535.0 10409124.0 11202014.0 11815063.0 12266431.0 12576730.0 12766666.0 12855701.0
5 1.0 273.01631538101094 37.895112490022214 0.18245815877959712 -0.8606773129557865 -0.36024919003462574 -0.0011989210669835937 0.015825798982380835 0.02074792397483047 292978.0 938942.0 2044374.0 3509276.0 5159142.0 6825343.0 8383119.000000001 9757447.0 10914149.0 11847431.0 12568860.0 13099200.0 13462982.0 13685168.0 13789297.0 13796572.0
6 1.0 115.20617429608842 -53.113736347253685 0.18245815877959712 -0.8606773129557865 -0.36024919003462574 -0.0011989210669835937 0.015825798982380835 0.02074792397483047 253425.0 880438.0 2012258.9999999998 3562445.0 5345578.0 7171402.0 8894185.0 10423569.0 11716313.0 12762605.0 13573405.0 14170901.0 14582067.0 14834687.0 14955112.0 14967146.0
7 1.0 138.04700190188328 -28.494339324348218 0.18245815877959712 -0.8606773129557865 -0.36024919003462574 -0.0011989210669835937 0.015825798982380835 0.02074792397483047 305657.0 972332.0 2106093.0 3601418.0 5279153.0 6968073.0 8542601.0 9928007.0 11090936.0 12026573.0 12747419.0 13275042.0 13634619.0 13851619.0 13949957.0 13951114.0
8 1.0 211.79416087929806 31.723646809943318 0.18245815877959712 -0.8606773129557865 -0.36024919003462574 -0.0011989210669835937 0.015825798982380835 0.02074792397483047 337007.0 1098431.0 2410194.0 4148948.0 6100263.0 8059096.0 9876280.0 11464587.0 12786709.0 13839317.0 14639303.0 15213810.0 15593737.0 15809868.0 15890785.0 15861915.0
9 1.0 299.17744388502854 68.26225734563889 0.18245815877959712 -0.8606773129557865 -0.36024919003462574 -0.0011989210669835937 0.015825798982380835 0.02074792397483047 198816.0 714749.0 1673932.0 3018797.0 4596416.0 6239913.0 7815481.0 9235812.0 10455326.0 11459279.0 12252916.0 12852905.0 13281366.0 13562038.0 13718025.0 13770586.0
10 1.0 226.43346369281355 7.86204968905713 0.18245815877959712 -0.8606773129557865 -0.36024919003462574 -0.0011989210669835937 0.015825798982380835 0.02074792397483047 287255.0 901800.0 1937752.0 3297458.0 4819431.0 6350451.0 7778400.0 9036520.0 10094884.0 10948986.0 11609783.0 12096376.0 12431148.0 12636809.0 12734738.0 12744182.0
11 1.0 314.1542359610623 -39.11406282980341 0.18245815877959712 -0.8606773129557865 -0.36024919003462574 -0.0011989210669835937 0.015825798982380835 0.02074792397483047 13678.0 56008.0 146512.0 290539.0 480243.0 700283.0 933752.0 1165891.0 1385625.0 1585674.0 1762002.0 1913038.0 2038939.0 2140972.0 2221047.0 2281392.0
12 1.0 98.47513253362888 -84.55765355892314 0.18245815877959712 -0.8606773129557865 -0.36024919003462574 -0.0011989210669835937 0.015825798982380835 0.02074792397483047 105304.0 402508.0 986956.0 1845673.0 2894825.0 4028580.0 5153285.0 6201351.0 7131949.0 7925942.0 8579527.0 9098625.0 9494632.0 9781470.0 9973707.0 10085420.0
13 1.0 287.29686020852296 37.8606292153584 0.18245815877959712 -0.8606773129557865 -0.36024919003462574 -0.0011989210669835937 0.015825798982380835 0.02074792397483047 272083.0 884929.0 1946021.0 3364257.0 4972234.0 6605050.0 8138909.0 9498114.0 10647079.0 11578432.0 12302273.0 12838128.0 13209536.0 13440700.0 13554591.0 13571998.0
14 1.0 66.8289399501428 -88.58086136848073 0.18245815877959712 -0.8606773129557865 -0.36024919003462574 -0.0011989210669835937 0.015825798982380835 0.02074792397483047 85505.0 331620.0 822592.0 1553199.0 2456378.0 3443360.0 4433183.0 5365615.0 6202748.0 6925343.0 7527746.0 8013213.0 8390248.0 8670011.0 8864592.0 8985948.0
15 1.0 343.0049965099 -22.9177674322208 0.18245815877959712 -0.8606773129557865 -0.36024919003462574 -0.0011989210669835937 0.015825798982380835 0.02074792397483047 79626.0 307805.0 761745.0 1435899.0 2268086.0 3176562.0 4087040.0 4944395.0 5714020.0 6378409.0 6932466.0 7379227.0 7726507.0 7984537.0 8164389.999999999 8277013.999999999
16 1.0 247.4957794996135 5.496698621300723 0.18245815877959712 -0.8606773129557865 -0.36024919003462574 -0.0011989210669835937 0.015825798982380835 0.02074792397483047 202182.0 612060.0 1289473.0 2172073.0 3160312.0 4159709.0000000005 5100065.0 5938223.0 6653361.0 7240462.0 7704464.0 8055858.000000001 8307675.0 8473577.0 8566746.0 8599285.0
17 1.0 77.58276376088104 75.98006311809476 0.18245815877959712 -0.8606773129557865 -0.36024919003462574 -0.0011989210669835937 0.015825798982380835 0.02074792397483047 41410.0 164329.0 417224.0 805301.0 1299637.0 1855838.0 2429869.0 2986307.0 3500641.0 3958342.0 4352718.0 4682639.0 4950589.0 5161185.0 5320124.0 5433472.0
18 1.0 341.0534125760127 -73.89098189407798 0.18245815877959712 -0.8606773129557865 -0.36024919003462574 -0.0011989210669835937 0.015825798982380835 0.02074792397483047 48437.0 198773.0 513858.00000000006 1001471.9999999999 1624002.0 2323186.0 3041485.0 3733197.0 4367389.0 4926442.0 5402997.0 5796793.0 6112044.0 6355469.0 6534935.0 6658568.0
19 1.0 263.1080904372568 -16.930382045708924 0.18245815877959712 -0.8606773129557865 -0.36024919003462574 -0.0011989210669835937 0.015825798982380835 0.02074792397483047 58763.0 171233.0 351440.0 582175.0 838692.0 1098151.0 1343573.0 1564282.0 1754826.0 1913531.0 2041191.0 2140048.0 2213082.0 2263535.0 2294615.0 2309332.0
20 1.0 91.4189913342093 -85.6236240521716 0.18245815877959712 -0.8606773129557865 -0.36024919003462574 -0.0011989210669835937 0.015825798982380835 0.02074792397483047 99875.0 383214.0 942567.0 1767288.0 2778144.0 3873792.0 4963771.0 5982222.0 6888904.0 7664528.0 8304743.0 8814760.0 9205243.0 9489440.0 9681323.0 9794473.0
21 1.0 76.79231185229351 -28.33002281851374 0.18245815877959712 -0.8606773129557865 -0.36024919003462574 -0.0011989210669835937 0.015825798982380835 0.02074792397483047 181838.0 624134.0 1425138.0 2533686.0 3827089.0 5173573.0 6467541.0 7639505.0 8652416.0 9493382.0 10165386.0 10680680.0 11056123.0 11310142.0 11460902.0 11525299.0
22 1.0 186.55225701503878 22.00159059116308 0.18245815877959712 -0.8606773129557865 -0.36024919003462574 -0.0011989210669835937 0.015825798982380835 0.02074792397483047 314556.0 1013837.0000000001 2211431.0 3795661.0 5574345.0 7363634.0 9029097.0 10491268.0 11715217.0 12696561.0 13449308.0 13996977.0 14366764.0 14586025.0 14680342.0 14672615.0
23 1.0 9.238578499631366 -39.767769318852295 0.18245815877959712 -0.8606773129557865 -0.36024919003462574 -0.0011989210669835937 0.015825798982380835 0.02074792397483047 110948.0 433321.0 1074599.0 2021707.0000000002 3180752.0 4432710.0 5672517.0 6824805.0 7844533.0 8711074.0 9420923.0 9981320.0 10405463.0 10709216.0 10909025.0 11020683.0
24 1.0 74.68922715879938 -52.245009061985684 0.18245815877959712 -0.8606773129557865 -0.36024919003462574 -0.0011989210669835937 0.015825798982380835 0.02074792397483047 204888.0 745800.0 1756587.0 3175489.0 4838407.0 6566996.0 8219172.0 9703132.0 10971822.0 12010969.0 12827331.0 13439517.0 13871632.0 14149247.0 14297058.0 14337654.0
25 1.0 152.88676875054225 -69.17341800112314 0.18245815877959712 -0.8606773129557865 -0.36024919003462574 -0.0011989210669835937 0.015825798982380835 0.02074792397483047 170317.0 615400.0 1449501.0 2629172.0 4025468.0 5493415.0 6913866.0 8206782.0 9328353.0 10262216.0 11010284.0 11585287.0 12005435.0 12290922.0 12461795.0 12536774.0
26 1.0 134.7011929203212 13.88524392366152 0.18245815877959712 -0.8606773129557865 -0.36024919003462574 -0.0011989210669835937 0.015825798982380835 0.02074792397483047 128291.99999999999 379615.0 789245.0 1319989.0 1914183.0 2517128.0 3087709.0 3600053.0 4041069.0000000005 4406891.0 4699627.0 4924843.0 5089801.0 5202321.0 5270075.0 5300206.0
27 1.0 166.88715277133184 35.14860106284348 0.18245815877959712 -0.8606773129557865 -0.36024919003462574 -0.0011989210669835937 0.015825798982380835 0.02074792397483047 185291.0 594323.0 1300066.0 2246642.0 3328304.0 4438541.0 5495049.0 6445262.0 7262249.0 7937734.0 8475495.0 8886231.0 9183988.0 9383847.0 9500549.0 9547742.0
28 1.0 99.94633426610349 30.95228530724802 0.18245815877959712 -0.8606773129557865 -0.36024919003462574 -0.0011989210669835937 0.015825798982380835 0.02074792397483047 10645.0 34450.0 75683.0 130857.0 193518.0 257351.0 317676.0 371681.0 418079.0 456623.0 487692.0 511986.99999999994 530336.0 543575.0 552492.0 557790.0
29 1.0 211.24236472494076 80.79498372969132 0.18245815877959712 -0.8606773129557865 -0.36024919003462574 -0.0011989210669835937 0.015825798982380835 0.02074792397483047 133294.0 477945.0 1124924.0 2045605.9999999998 3144686.0 4311615.0 5452981.0 6503903.0 7426970.0 8206238.000000001 8840524.0 9337745.0 9710733.0 9974413.0 10144019.0 10234058.0
0 1.0 310.9880181323633 -89.51342149916951 0.18245815877959712 -0.8606773129557865 -0.36024919003462574 -0.0011989210669835937 0.015825798982380835 0.02074792397483047 78579.0 306431.0 763372.0 1446412.0 2294209.0 3224199.0 4160360.0 5045611.0 5843596.0 6535445.0 7115115.0 7585058.0 7952790.0 8228455.0 8423180.0 8548061.0
1 1.0 42.31146814633191 26.49539770092649 0.18245815877959712 -0.8606773129557865 -0.36024919003462574 -0.0011989210669835937 0.015825798982380835 0.02074792397483047 51249.0 206573.0 527213.0 1017774.0 1638661.0 2331481.0 3039830.0 3719582.0 4341248.0 4888272.0 5353940.0 5738299.0 6045628.0 6282564.0 6456811.0 6576310.0
2 1.0 186.2564785754811 18.070602677575124 0.18245815877959712 -0.8606773129557865 -0.36024919003462574 -0.0011989210669835937 0.015825798982380835 0.02074792397483047 324801.0 1045547.9999999999 2277943.0 3905560.0 5729944.0 7562114.0 9264506.0 10756299.0 12002439.0 12999130.0 13761298.0 14313473.0 14683823.0 14900569.0 14990033.0 14975725.0
3 1.0 47.54451828425519 15.973129794651868 0.18245815877959712 -0.8606773129557865 -0.36024919003462574 -0.0011989210669835937 0.015825798982380835 0.02074792397483047 59113.0 232243.0 582453.0 1110155.0 1769982.0 2498771.0 3237263.0 3940229.0 4578285.0 5135647.0 5606650.0 5992417.0 6298200.0 6531458.0 6700556.0 6813940.0
4 1.0 258.06948522933374 83.29865757124364 0.18245815877959712 -0.8606773129557865 -0.36024919003462574 -0.0011989210669835937 0.015825798982380835 0.02074792397483047 136517.0 495419.0 1173930.0 2142893.0 3301215.0 4531130.0 5733213.0 6838688.0 7808213.0 8625351.0 9289303.0 9808825.0 10197763.0 10472059.0 10647887.0 10740575.0
5 1.0 142.58149301062573 -86.96309879339286 0.18245815877959712 -0.8606773129557865 -0.36024919003462574 -0.0011989210669835937 0.015825798982380835 0.02074792397483047 93152.0 357504.0 880352.0 1653255.0 2603497.0 3636928.0 4668751.0 5636594.0 6501775.0 7245193.0 7861846.0 8355884.0 8736764.0 9016555.0 9208163.0 9324245.0
6 1.0 203.55167226906323 35.36683752626102 0.18245815877959712 -0.8606773129557865 -0.36024919003462574 -0.0011989210669835937 0.015825798982380835 0.02074792397483047 315341.0 1032176.9999999999 2272654.0 3923751.0 5784081.0 7658920.0 9405130.0 10937822.0 12219561.0 13245529.0 14030553.0 14599603.0 14981552.0 15205419.0 15298310.0 15284448.0
7 1.0 65.9807410370683 56.462156946335426 0.18245815877959712 -0.8606773129557865 -0.36024919003462574 -0.0011989210669835937 0.015825798982380835 0.02074792397483047 12094.0 53928.0 149236.0 307922.0 524203.0 782020.0 1061921.0 1345893.0 1619684.0 1873343.0 2100810.0 2299124.0 2467594.0 2607069.0 2719359.0 2806811.0
8 1.0 52.1451933636158 1.7652953918851466 0.18245815877959712 -0.8606773129557865 -0.36024919003462574 -0.0011989210669835937 0.015825798982380835 0.02074792397483047 84509.0 319543.0 779816.0 1455998.0 2284072.0 3182538.0 4078603.0 4919034.0 5670970.0 6318254.0 6856710.0 7289896.0 7625859.0 7874841.0 8047796.999999999 8155474.999999999
9 1.0 175.70026103362363 -29.886323472574354 0.18245815877959712 -0.8606773129557865 -0.36024919003462574 -0.0011989210669835937 0.015825798982380835 0.02074792397483047 309209.0 1023323.9999999999 2268826.0 3935069.0 5818864.0 7721784.0 9497040.0 11057031.0 12362694.0 13408473.0 14209063.0 14789678.0 15179625.0 15408429.0 15503707.0 15490159.0
10 1.0 128.020585625984 52.35122938093289 0.18245815877959712 -0.8606773129557865 -0.36024919003462574 -0.0011989210669835937 0.015825798982380835 0.02074792397483047 30718.0 105721.0 245336.0 445911.0 689982.0 955632.0 1223049.0 1477365.0 1709001.0 1912827.0 2087003.9999999998 2231892.0 2349197.0 2441348.0 2511078.0 2561161.0
11 1.0 338.5555002910127 -72.49627338616357 0.18245815877959712 -0.8606773129557865 -0.36024919003462574 -0.0011989210669835937 0.015825798982380835 0.02074792397483047 44787.0 184849.0 480017.0 939021.0 1527598.0 2191320.0 2875746.0 3537148.0 4145552.0000000005 4683564.0 5143599.0 5524941.0 5831256.0 6068713.0 6244667.0 6366797.0
12 1.0 275.5170913705075 -10.43358520861345 0.18245815877959712 -0.8606773129557865 -0.36024919003462574 -0.0011989210669835937 0.015825798982380835 0.02074792397483047 71135.0 200381.0 400175.0 648062.0 916176.0 1181082.0 1426846.0 1644463.0 1830110.0 1983388.0 2105945.0 2200511.0 2270273.0 2318495.0 2348301.0 2362557.0
13 1.0 269.51890314619703 3.5914274227508827 0.18245815877959712 -0.8606773129557865 -0.36024919003462574 -0.0011989210669835937 0.015825798982380835 0.02074792397483047 140367.0 408583.0 840091.0 1393976.0 2009789.0 2631471.0 3217646.0 3742766.0 4194257.0000000005 4568749.0 4868737.0 5100057.0 5270146.0 5386928.0 5458143.0 5490980.0
14 1.0 325.33910630853603 34.91215396821855 0.18245815877959712 -0.8606773129557865 -0.36024919003462574 -0.0011989210669835937 0.015825798982380835 0.02074792397483047 212633.0 756094.0 1756387.0 3147801.0 4769431.0 6449432.0 8052065.000000001 9490141.0 10719264.0 11726250.0 12517897.0 13112243.0 13532532.0 13803386.0 13948579.0 13989869.0
15 1.0 30.032076759126678 -73.6405682341663 0.18245815877959712 -0.8606773129557865 -0.36024919003462574 -0.0011989210669835937 0.015825798982380835 0.02074792397483047 99039.0 386537.0 960196.0 1811243.0 2858065.0 3994918.0 5127020.0 6185280.0 7127492.0 7933451.0 8598615.0 9128448.0 9534094.0 9829377.0 10028856.0 10146660.0
16 1.0 198.78928917206636 -49.00328972318503 0.18245815877959712 -0.8606773129557865 -0.36024919003462574 -0.0011989210669835937 0.015825798982380835 0.02074792397483047 159419.0 547914.0 1253918.0 2235459.0 3386755.0 4592276.0 5758011.0 6820886.0 7746175.0 8520614.0 9145302.0 9629935.0 9988652.0 10237298.0 10391729.0 10466854.0
17 1.0 210.4113848240768 -16.14571871577739 0.18245815877959712 -0.8606773129557865 -0.36024919003462574 -0.0011989210669835937 0.015825798982380835 0.02074792397483047 244908.0 790721.0 1731613.0 2987170.0 4411150.0 5859620.0 7224181.0 8438025.0 9469128.0 10310063.0 10968772.0 11461612.0 11808654.0 12030738.0 12147789.0 12177952.0
18 1.0 346.2970962770024 22.193041143623518 0.18245815877959712 -0.8606773129557865 -0.36024919003462574 -0.0011989210669835937 0.015825798982380835 0.02074792397483047 175447.0 655225.0 1570501.0 2875703.0 4424961.0 6052994.0 7624307.0 9048704.0 10277741.0 11294335.0 12102021.0 12716321.0 13158635.0 13452293.0 13620195.0 13683535.0
19 1.0 105.17310964531758 69.65294061913514 0.18245815877959712 -0.8606773129557865 -0.36024919003462574 -0.0011989210669835937 0.015825798982380835 0.02074792397483047 28378.0 110675.0 279608.0 539927.0 873703.0 1251925.0 1644987.0 2028535.0000000002 2385352.0 2704968.0 2982311.0 3216207.0 3408048.0 3560766.0 3678093.0 3764062.0
20 1.0 86.69836076956085 21.388710283447764 0.18245815877959712 -0.8606773129557865 -0.36024919003462574 -0.0011989210669835937 0.015825798982380835 0.02074792397483047 17818.0 57826.0 128315.00000000001 225687.0 341186.0 465087.0 589062.0 706983.0 814875.0 910526.0 993034.0 1062404.0 1119221.0 1164416.0 1199092.0 1224415.0
21 1.0 36.10581921557922 -65.9769352317118 0.18245815877959712 -0.8606773129557865 -0.36024919003462574 -0.0011989210669835937 0.015825798982380835 0.02074792397483047 120545.0 465934.0 1147166.0 2146872.0 3364227.0 4673958.0 5966718.0 7164803.0 8222287.0 9118583.0 9850753.0 10426852.0 10860977.0 11169879.0 11370829.0 11480356.0
22 1.0 5.9146666529307135 86.50442390171082 0.18245815877959712 -0.8606773129557865 -0.36024919003462574 -0.0011989210669835937 0.015825798982380835 0.02074792397483047 96555.0 361910.0 878345.0 1633853.0 2556300.0 3554865.0 4548839.0 5479401.0 6310378.0 7024124.0 7616263.0 8090977.000000001 8457402.0 8727093.0 8912361.0 9025270.0
23 1.0 334.6305540451886 66.92143225598872 0.18245815877959712 -0.8606773129557865 -0.36024919003462574 -0.0011989210669835937 0.015825798982380835 0.02074792397483047 151592.0 565070.0 1357464.0 2495477.0 3857576.0 5301841.0 6708996.0 7997284.0 9120721.0 10060918.0 10818133.0 11403852.0 11835405.0 12132389.0 12314469.0 12400130.0
24 1.0 241.16995677272763 0.4897370061583217 0.18245815877959712 -0.8606773129557865 -0.36024919003462574 -0.0011989210669835937 0.015825798982380835 0.02074792397483047 197356.0 601946.0 1274646.0 2154822.0 3143328.0 4145126.9999999995 5089107.0 5931259.0 6650149.0 7240415.0 7706863.0 8059996.999999999 8312939.0 8479483.0 8572942.0 8605539.0
25 1.0 282.6550483283296 76.02263672339393 0.18245815877959712 -0.8606773129557865 -0.36024919003462574 -0.0011989210669835937 0.015825798982380835 0.02074792397483047 172938.0 623411.0 1465829.0 2655261.0 4061158.0 5537431.0 6964399.0 8261926.000000001 9386360.0 10321611.0 11069892.0 11644213.0 12063029.0 12346731.0 12515521.0 12588239.0
26 1.0 101.42283807142167 7.448542876284435 0.18245815877959712 -0.8606773129557865 -0.36024919003462574 -0.0011989210669835937 0.015825798982380835 0.02074792397483047 69291.0 199734.0 406514.0 668961.0 958768.0 1250587.0 1526060.0 1773922.0 1988575.0 2168413.0 2314377.0 2428891.0 2515119.0 2576487.0 2616386.0 2638007.0
27 1.0 211.1076598270776 76.19509222004936 0.18245815877959712 -0.8606773129557865 -0.36024919003462574 -0.0011989210669835937 0.015825798982380835 0.02074792397483047 150987.0 534508.0 1246109.0 2248980.0 3436083.0 4686827.0 5901406.0 7012001.0 7980746.0 8792714.0 9448440.0 9957763.0 10335369.0 10597827.0 10761759.0 10842810.0
28 1.0 23.023895803553206 59.38152634860177 0.18245815877959712 -0.8606773129557865 -0.36024919003462574 -0.0011989210669835937 0.015825798982380835 0.02074792397483047 66459.0 266388.0 675942.0 1297632.0 2078374.9999999998 2942909.0 3820151.0 4655649.0 5413937.0 6075915.0 6634678.0 7091524.0 7452741.0 7727287.0 7925215.0 8056684.000000001
29 1.0 174.82593453646425 84.29155385297352 0.18245815877959712 -0.8606773129557865 -0.36024919003462574 -0.0011989210669835937 0.015825798982380835 0.02074792397483047 101322.0 370647.0 885949.0 1631203.0 2533771.0 3505026.0 4467529.0 5365607.0 6165535.0 6851284.0 7419355.0 7874253.0 8225057.0 8483029.0 8660070.0 8767782.0
0 1.0 351.89825030800085 75.5609059400685 0.18245815877959712 -0.8606773129557865 -0.36024919003462574 -0.0011989210669835937 0.015825798982380835 0.02074792397483047 109912.0 416216.0 1014415.0000000001 1889052.0 2953730.0 4100910.0 5236171.0 6291824.0 7227325.0 8023975.0 8678438.0 9197063.0 9591604.0 9876278.0 10065877.0 10174650.0
1 1.0 315.54188831397266 -83.5139128628575 0.18245815877959712 -0.8606773129557865 -0.36024919003462574 -0.0011989210669835937 0.015825798982380835 0.02074792397483047 56994.0 228652.0 581865.0 1120846.0 1801266.0 2558446.0 3330338.0 4068783.0 4741970.0 5332396.0 5833340.0 6245408.0 6573711.0 6825811.0 7010321.0 7136010.0
2 1.0 121.73722266126443 -58.54103925103081 0.18245815877959712 -0.8606773129557865 -0.36024919003462574 -0.0011989210669835937 0.015825798982380835 0.02074792397483047 236912.0 836038.0 1930888.0 3443792.0 5195785.0 6999357.0 8708798.0 10232402.0 11525157.0 12575563.0 13393184.0 13999135.0 14419611.0 14681852.0 14811846.0 14833162.0
3 1.0 346.16525563493946 -19.95575812178656 0.18245815877959712 -0.8606773129557865 -0.36024919003462574 -0.0011989210669835937 0.015825798982380835 0.02074792397483047 93050.0 357908.0 881382.0 1653739.0 2600975.0 3628325.0 4651124.0 5607651.0 6460094.0 7190220.0 7793771.0 8275459.0 8645126.0 8915066.0 9098284.0 9207447.0
4 1.0 83.41258552963363 81.38568551317573 0.18245815877959712 -0.8606773129557865 -0.36024919003462574 -0.0011989210669835937 0.015825798982380835 0.02074792397483047 60555.0 232456.0 576026.0 1090928.0 1733457.0 2442909.0 3162098.0 3847101.0 4469165.0 5012693.0 5471963.0 5847939.0 6145681.0 6372460.0 6536468.0 6645999.0
5 1.0 341.75477606964535 -35.99479449433267 0.18245815877959712 -0.8606773129557865 -0.36024919003462574 -0.0011989210669835937 0.015825798982380835 0.02074792397483047 55486.0 220894.0 558946.0 1072223.0 1717897.0 2434678.0 3164245.0 3861538.0 4496861.0 5053889.0 5526359.0 5914842.0 6224126.0 6461308.0 6634483.0 6751912.0
6 1.0 338.8959736943395 -61.11582410023181 0.18245815877959712 -0.8606773129557865 -0.36024919003462574 -0.0011989210669835937 0.015825798982380835 0.02074792397483047 37274.0 155620.0 407587.0 802800.0 1313596.0 1894064.0 2497348.0 3085112.0 3630467.0 4117225.9999999995 4537695.0 4890259.0 5177280.0 5403488.0 5574830.0 5697689.0
7 1.0 287.71293144686103 69.53483989558077 0.18245815877959712 -0.8606773129557865 -0.36024919003462574 -0.0011989210669835937 0.015825798982380835 0.02074792397483047 204313.0 728990.0 1699229.0 3054663.0 4640497.0 6289215.0 7867197.0 9287694.0 10505766.0 11507235.0 12297791.0 12894427.0 13319484.0 13596845.0 13749695.0 13799343.0
8 1.0 226.9612572720448 -9.649005213023472 0.18245815877959712 -0.8606773129557865 -0.36024919003462574 -0.0011989210669835937 0.015825798982380835 0.02074792397483047 201783.0 634619.0 1369655.0 2343996.0 3447262.0 4571358.0 5634519.0 6585712.0 7399745.0 8069876.000000001 8601065.0 9004836.0 9295759.0 9489218.0 9600100.0 9642097.0
9 1.0 314.7436679849809 73.41760698377868 0.18245815877959712 -0.8606773129557865 -0.36024919003462574 -0.0011989210669835937 0.015825798982380835 0.02074792397483047 160372.0 587892.0 1397634.0 2551409.0 3924642.0 5374632.0 6782755.0 8068472.0 9187043.0 10121104.0 10871671.0 11450735.0 11875942.0 12167062.0 12343839.0 12424780.0
10 1.0 105.48730242280682 -61.15851606237421 0.18245815877959712 -0.8606773129557865 -0.36024919003462574 -0.0011989210669835937 0.015825798982380835 0.02074792397483047 216714.0 779093.0 1821093.0 3275318.0 4972241.0 6730019.0 8405039.0 9905346.0 11184504.0 12229180.0 13047132.0 13657889.0 14086344.0 14358711.0 14500192.0 14533769.0
11 1.0 305.61967991265055 29.00115207145791 0.18245815877959712 -0.8606773129557865 -0.36024919003462574 -0.0011989210669835937 0.015825798982380835 0.02074792397483047 223648.0 740561.0 1650664.0 2884329.0 4300509.0 5755096.0 7136598.0 8374313.000000001 9432709.0 10301677.0 10987338.0 11504945.0 11874001.0 12115145.0 12248339.0 12291901.0
12 1.0 222.43560909030856 -10.75252449069147 0.18245815877959712 -0.8606773129557865 -0.36024919003462574 -0.0011989210669835937 0.015825798982380835 0.02074792397483047 216097.0 684876.0 1484546.0 2546811.0 3750364.0 4976049.0 6133697.0 7167138.0 8048826.999999999 8771663.0 9341477.0 9771327.0 10077580.0 10277432.0 10387463.0 10422869.0
13 1.0 4.765268793203816 -76.23238157454863 0.18245815877959712 -0.8606773129557865 -0.36024919003462574 -0.0011989210669835937 0.015825798982380835 0.02074792397483047 71229.0 284091.0 718087.0 1374332.0 2195777.0 3102760.0 4020621.0 4892530.0 5681749.0 6368743.0 6946733.0 7417472.0 7787868.0 8067556.0 8267255.0 8397738.0
14 1.0 125.00406645559904 35.363366037450106 0.18245815877959712 -0.8606773129557865 -0.36024919003462574 -0.0011989210669835937 0.015825798982380835 0.02074792397483047 38342.0 118606.0 254265.00000000003 434982.0 641969.0 856319.0 1063234.0 1252992.0 1420294.0 1563105.0 1681547.0 1777030.0 1851637.0 1907721.0 1947659.0 1973712.0
15 1.0 53.330709941339414 -45.46822400295233 0.18245815877959712 -0.8606773129557865 -0.36024919003462574 -0.0011989210669835937 0.015825798982380835 0.02074792397483047 180031.0 673272.0 1614382.0 2955631.0 4546004.0 6214972.0 7823232.0 9278486.0 10531569.0 11565582.0 12384739.0 13005450.0 13450038.0 13742691.0 13907062.0 13964980.0
16 1.0 353.45858033457114 -82.86920593568681 0.18245815877959712 -0.8606773129557865 -0.36024919003462574 -0.0011989210669835937 0.015825798982380835 0.02074792397483047 68564.0 272412.0 687367.0 1314571.0 2099867.0 2967514.0 3846420.0 4682361.0 5440172.0 6101038.0 6658288.0 7113394.0 7472769.0 7745457.0 7941568.0 8071296.999999999
17 1.0 172.2133105343957 -79.21002631507682 0.18245815877959712 -0.8606773129557865 -0.36024919003462574 -0.0011989210669835937 0.015825798982380835 0.02074792397483047 109758.0 411318.0 996366.0 1848567.0 2883828.0 3998223.0 5100676.0 6125875.0 7034620.0 7808750.0 8444933.0 8949216.0 9332910.0 9609746.0 9794047.0 9899636.0
18 1.0 179.06089157951857 -79.00586332797828 0.18245815877959712 -0.8606773129557865 -0.36024919003462574 -0.0011989210669835937 0.015825798982380835 0.02074792397483047 104831.0 393268.0 953937.0 1772380.0 2768896.0 3844132.0 4910464.0 5904617.0 6788216.0 7543094.0 8165423.000000001 8660525.0 9038925.0 9313598.0 9498197.0 9605975.0
19 1.0 230.2101059035405 73.39193234730709 0.18245815877959712 -0.8606773129557865 -0.36024919003462574 -0.0011989210669835937 0.015825798982380835 0.02074792397483047 183329.0 643481.0 1488425.0 2667256.0 4049273.0000000005 5492114.0 6880970.0 8139999.0 9228601.0 10132490.0 10854686.0 11408321.0 11811545.0 12084221.0 12245935.0 12314893.0
20 1.0 132.6904582066623 43.17910520923817 0.18245815877959712 -0.8606773129557865 -0.36024919003462574 -0.0011989210669835937 0.015825798982380835 0.02074792397483047 45048.0 145386.0 322014.0 565407.0 852287.0 1156650.0 1456403.0 1735754.0 1985083.0 2199751.0 2378692.0 2523165.0 2635789.0 2719867.0 2778925.0 2816432.0
21 1.0 49.284097806815616 71.6512242984723 0.18245815877959712 -0.8606773129557865 -0.36024919003462574 -0.0011989210669835937 0.015825798982380835 0.02074792397483047 43453.0 175924.0 451877.0 878354.0 1423631.0 2038002.0 2671846.0 3285210.0 3850541.0 4351667.0 4781335.0 5138594.0 5426553.0 5650681.0 5817603.0 5934298.0
22 1.0 295.9623839499284 31.064816033373845 0.18245815877959712 -0.8606773129557865 -0.36024919003462574 -0.0011989210669835937 0.015825798982380835 0.02074792397483047 243293.0 787135.0 1728810.0 2990804.0 4427536.0 5893819.0 7279176.0 8514743.0 9566881.0 10427089.0 11102706.0 11609849.0 11968587.0 12199911.0 12323974.0 12359186.0
23 1.0 68.34524828499286 5.2091872255589635 0.18245815877959712 -0.8606773129557865 -0.36024919003462574 -0.0011989210669835937 0.015825798982380835 0.02074792397483047 55264.0 198479.0 472458.0 871747.0 1360716.0 1893563.0 2428691.0 2934995.0 3392644.0 3791294.0 4127560.0 4402681.0 4620674.0 4787006.0 4907713.0 4988837.0
24 1.0 184.07483371672416 -35.19965441747191 0.18245815877959712 -0.8606773129557865 -0.36024919003462574 -0.0011989210669835937 0.015825798982380835 0.02074792397483047 266482.0 890899.0 1991299.0 3477552.0 5173235.0 6901460.0 8528218.0 9971014.0 11190705.0 12178774.0 12945718.0 13512307.0 13903702.0 14145810.0 14263224.0 14278189.0
25 1.0 80.75413043090613 89.63320523916121 0.18245815877959712 -0.8606773129557865 -0.36024919003462574 -0.0011989210669835937 0.015825798982380835 0.02074792397483047 97842.0 363614.0 877824.0 1627161.0 2539634.0 3525559.0 4505665.0 5422418.0 6240584.0 6943089.0 7525825.0 7993028.0 8353744.000000001 8619359.0 8801980.0 8913459.0
26 1.0 35.22401441785226 -24.805969390909922 0.18245815877959712 -0.8606773129557865 -0.36024919003462574 -0.0011989210669835937 0.015825798982380835 0.02074792397483047 159224.0 606289.0 1472479.0 2721943.0 4218398.0 5802550.0 7341229.0 8744085.0 9961239.0 10973729.0 11783229.0 12403633.0 12855012.0 13159659.0 13339694.0 13415733.0
27 1.0 310.388946271806 -5.28318914149628 0.18245815877959712 -0.8606773129557865 -0.36024919003462574 -0.0011989210669835937 0.015825798982380835 0.02074792397483047 76471.0 252701.0 569439.0 1011621.0000000001 1536630.0 2095553.0000000002 2646502.0 3159528.0 3616473.0 4008673.0 4334234.0 4595635.0 4797890.0 4947260.0 5050395.0 5113813.0
28 1.0 350.2510160483269 -21.915868513776886 0.18245815877959712 -0.8606773129557865 -0.36024919003462574 -0.0011989210669835937 0.015825798982380835 0.02074792397483047 98290.0 379655.0 936591.0 1758224.0 2764864.0 3854972.0 4938315.0 5949533.0 6848964.0 7617816.0 8252093.0 8757207.0 9143892.0 9425366.0 9615514.0 9727793.0
29 1.0 345.90047690268005 86.31484728038254 0.18245815877959712 -0.8606773129557865 -0.36024919003462574 -0.0011989210669835937 0.015825798982380835 0.02074792397483047 103277.0 385295.0 931731.0 1728114.0 2697169.0 3742826.0 4780387.0 5748615.0 6610268.0 7347584.0 7956653.0 8442425.0 8814916.0 9086555.0 9270462.0 9379412.0
